6.9e-10 1.57812 1.98438 0 201909176 0 201891947 1
6.9e-10 1.71875 2.28125 0 207954181 0 207812329 1
6.9e-10 2.14062 2.54688 0 236158383 0 236027343 0
6.9e-10 1.57812 1.98438 0 202104795 0 202119144 4
6.9e-10 1.28125 1.84375 0 260010633 0 259704594 1
6.9e-10 2.0625 2.46875 0 201444180 0 201404958 9
6.9e-10 2.15625 2.5625 0 225154335 0 225217665 1
6.9e-10 1.1875 1.75 0 227014426 0 226827221 0
6.9e-10 1.67188 2.23438 0 228040842 0 228190572 0
6.9e-10 1.21875 1.78125 0 218315057 0 218178594 0
6.9e-10 1.375 1.9375 0 221599905 0 221597370 0
6.9e-10 1.73438 2.29688 0 203320177 1 203485424 0
6.9e-10 2.14062 2.54688 0 235359458 0 235593730 13
6.9e-10 1.70312 2.26562 0 219177710 0 219013809 0
6.9e-10 1.20312 1.76562 0 224307367 0 224370562 23
6.9e-10 1.57812 1.96875 0 205116588 0 205028954 0
6.9e-10 1.82812 2.39062 0 228013948 0 228030360 1
6.9e-10 1.20312 1.76562 0 224209133 0 224250555 0
6.9e-10 2.125 2.53125 0 241185262 0 241139322 0
6.9e-10 1.34375 1.90625 0 232177022 2 232192503 3
6.9e-10 1.54688 1.95312 0 213484461 18 213409208 4
6.9e-10 1.20312 1.76562 0 222343132 1 222495769 7
6.9e-10 2.14062 2.54688 0 231422392 0 231299790 0
6.9e-10 1.79688 2.35938 0 245198802 0 245433781 0
6.9e-10 1.375 1.9375 0 218488819 0 218537406 0
6.9e-10 1.79688 2.35938 0 245105942 0 245127402 0
6.9e-10 1.70312 2.28125 0 213296523 0 213325143 0
6.9e-10 1.60938 2.01562 0 252939595 0 252758832 0
6.9e-10 1.875 2.4375 0 209606757 0 209907231 0
6.9e-10 1.21875 1.78125 0 216078387 4 216132469 0
6.9e-10 2.10938 2.5 0 250411526 0 250213904 0
6.9e-10 1.8125 2.375 0 239439150 1 239498557 0
6.9e-10 2.14062 2.54688 0 231238064 0 231317862 0
6.9e-10 1.29688 1.85938 0 249544714 1 249612677 0
6.9e-10 1.60938 2.01562 0 256613028 0 256624129 6
6.9e-10 1.29688 1.875 0 248084977 0 248000511 4
6.9e-10 1.65625 2.04688 0 237928448 0 238078068 0
6.9e-10 2.25 2.82812 0 253859740 1 253783275 0
6.9e-10 1.23438 1.79688 0 210185989 6 210095444 1
6.9e-10 1.625 2.03125 0 247434009 7 247411929 0
6.9e-10 1.76562 2.34375 0 254562208 1 254566100 0
6.9e-10 1.6875 2.25 0 225243245 0 225191602 1
6.9e-10 2.07812 2.48438 0 195292075 0 195277134 0
6.9e-10 1.78125 2.34375 0 252481173 0 252612851 0
6.9e-10 1.25 1.8125 0 206167476 0 205988580 0
6.9e-10 1.64062 2.04688 0 242720571 0 242749603 0
6.9e-10 1.59375 2 0 197496399 1 197529106 0
6.9e-10 2.10938 2.51562 0 248938245 2 249033237 0
6.9e-10 2.15625 2.54688 0 229761118 0 229904474 59
6.9e-10 1.65625 2.21875 0 234293771 0 234370656 0
6.9e-10 1.1875 1.75 0 228774633 1 228792826 0
6.9e-10 1.54688 1.95312 0 211698745 3 211748550 0
6.9e-10 1.28125 1.84375 0 257245917 0 257048227 0
6.9e-10 1.73438 2.29688 0 203737927 1 203633362 6
6.9e-10 1.67188 2.23438 0 230955516 2 230988396 0
6.9e-10 1.20312 1.76562 0 226024378 5 225894146 0
6.9e-10 1.29688 1.85938 0 249217129 0 249330296 0
6.9e-10 1.67188 2.23438 0 228036497 0 228121998 3
6.9e-10 1.71875 2.28125 0 213085977 2 213002361 1
6.9e-10 1.1875 1.75 0 229767672 0 229634828 0
6.9e-10 2.26562 2.84375 0 246533615 0 246442710 0
6.9e-10 1.82812 2.39062 0 232554897 0 232588128 0
6.9e-10 1.5625 1.95312 0 211165259 0 211361554 0
6.9e-10 2.20312 2.78125 0 207028242 0 206921383 0
6.9e-10 2.23438 2.79688 0 200048012 16 200299395 0
6.9e-10 1.54688 1.95312 0 214953623 13 214974263 8
6.9e-10 1.54688 1.95312 0 211767165 2 211795482 0
6.9e-10 1.32812 1.89062 0 237017926 26 237240453 0
6.9e-10 1.85938 2.42188 0 220600193 0 220707364 0
6.9e-10 1.34375 1.90625 0 233799261 0 233737083 0
6.9e-10 1.20312 1.76562 0 222975701 0 222999752 0
6.9e-10 1.76562 2.32812 0 255578710 0 255600409 0
6.9e-10 1.25 1.8125 0 206922420 9 206911848 0
6.9e-10 1.625 2.01562 0 251105783 1 251095964 0
6.9e-10 1.26562 1.84375 0 197166762 8 197082871 0
6.9e-10 1.20312 1.78125 0 220410384 0 220329000 0
6.9e-10 1.375 1.9375 0 219170398 0 219484085 0
6.9e-10 1.28125 1.84375 0 258954392 0 258890317 5
6.9e-10 1.625 2.03125 0 249095023 0 249092483 0
6.9e-10 1.5625 1.96875 0 209973095 0 209988785 2
6.9e-10 1.1875 1.75 0 226908145 0 226745644 0
6.9e-10 1.32812 1.89062 0 237218394 12 237272655 0
6.9e-10 2.21875 2.78125 0 206266876 0 206143258 0
6.9e-10 1.64062 2.04688 0 239461561 0 239505380 0
6.9e-10 2.0625 2.46875 0 202258732 0 202342312 0
6.9e-10 1.3125 1.875 0 245754612 13 245867248 0
6.9e-10 1.5625 1.96875 0 207751468 1 207931709 0
6.9e-10 1.26562 1.82812 0 199764013 0 199934231 12
6.9e-10 1.73438 2.29688 0 204195339 5 204059812 0
6.9e-10 1.25 1.8125 0 205858054 3 205806140 0
6.9e-10 1.32812 1.89062 0 238563988 4 238658619 0
6.9e-10 1.67188 2.23438 0 227046402 0 226854418 0
6.9e-10 2.25 2.8125 0 257581176 8 257852694 1
6.9e-10 1.20312 1.76562 0 225688153 0 225699644 1
6.9e-10 1.20312 1.76562 0 222003960 2 221911798 0
6.9e-10 1.67188 2.25 0 225527179 0 225576645 0
6.9e-10 1.875 2.4375 0 212867672 0 212694762 0
6.9e-10 2.07812 2.46875 0 198085870 1 198189114 0
6.9e-10 1.21875 1.78125 0 219084155 0 219187816 9
6.9e-10 1.6875 2.25 0 223770673 0 223789207 0
6.9e-10 1.1875 1.75 0 228048883 0 228092204 0
6.9e-10 2.125 2.53125 0 241225083 0 240892998 0
6.9e-10 1.65625 2.23438 0 231895642 0 232074922 1
6.9e-10 2.20312 2.76562 0 211476019 1 211412774 0
6.9e-10 1.8125 2.375 0 237239199 0 237376004 8
6.9e-10 1.75 2.3125 0 196628600 0 196674347 0
6.9e-10 1.29688 1.85938 0 250672336 0 250494830 7
6.9e-10 1.70312 2.26562 0 217625800 0 217532901 0
6.9e-10 2.17188 2.75 0 218757168 8 218843789 0
6.9e-10 1.20312 1.76562 0 224770920 1 224638314 0
6.9e-10 2.25 2.8125 0 256516404 0 256791095 8
6.9e-10 1.20312 1.76562 0 223854510 37 223937569 0
6.9e-10 1.71875 2.28125 0 211145334 0 211150377 0
6.9e-10 1.28125 1.84375 0 195154378 1 195112880 0
6.9e-10 1.70312 2.26562 0 214029225 0 213738325 0
6.9e-10 1.82812 2.39062 0 232469892 5 232471192 0
6.9e-10 1.20312 1.76562 0 223297490 0 223384855 4
6.9e-10 1.34375 1.90625 0 232017924 9 232055948 0
6.9e-10 1.1875 1.76562 0 226322469 10 226292545 0
6.9e-10 2.23438 2.8125 0 195362286 0 195395311 0
6.9e-10 1.59375 2 0 259787260 1 259603755 12
6.9e-10 1.375 1.9375 0 221371469 0 221529421 50
6.9e-10 1.25 1.8125 0 206973165 0 206971521 0
6.9e-10 1.28125 1.85938 0 255033153 0 254934103 6
6.9e-10 1.3125 1.875 0 245905954 0 245934825 0
6.9e-10 1.5625 1.95312 0 210614755 0 210445720 0
6.9e-10 1.3125 1.875 0 246569653 4 246377303 1
6.9e-10 1.21875 1.78125 0 214985372 0 214981836 0
6.9e-10 1.23438 1.79688 0 212978431 0 212938655 0
6.9e-10 2.26562 2.82812 0 250075015 0 249797273 0
6.9e-10 1.84375 2.40625 0 222151473 0 222326248 0
6.9e-10 1.59375 2 0 196740374 1 196789054 3
6.9e-10 1.21875 1.78125 0 218794224 0 218831520 11
6.9e-10 1.65625 2.21875 0 236418323 0 236416713 0
6.9e-10 1.76562 2.32812 0 195357487 0 195336848 1
6.9e-10 1.64062 2.03125 0 244300108 0 244344285 0
6.9e-10 1.20312 1.76562 0 221665204 0 221529194 1
6.9e-10 1.3125 1.89062 0 241710485 0 241617413 1
6.9e-10 1.60938 2.01562 0 255233551 0 255076241 0
6.9e-10 1.23438 1.79688 0 212036782 5 211916312 6
6.9e-10 1.25 1.8125 0 204030666 0 204147727 0
6.9e-10 1.78125 2.34375 0 253036982 3 253196442 0
6.9e-10 1.75 2.3125 0 201061948 4 201112355 3
6.9e-10 1.625 2.03125 0 247473018 0 247325829 1
6.9e-10 1.60938 2.01562 0 255643461 9 255800464 0
6.9e-10 1.64062 2.03125 0 243846808 0 244005647 1
6.9e-10 1.5625 1.96875 0 207094877 0 207077668 3
6.9e-10 1.26562 1.82812 0 197207716 0 197072706 5
6.9e-10 1.26562 1.82812 0 199400632 0 199386859 1
6.9e-10 1.6875 2.26562 0 219521763 5 219397753 0
6.9e-10 1.79688 2.35938 0 244933495 0 244719036 0
6.9e-10 1.375 1.9375 0 219690229 0 219623500 0
6.9e-10 1.3125 1.875 0 245136651 5 244900662 0
6.9e-10 1.75 2.3125 0 197040786 2 197022433 0
6.9e-10 1.625 2.03125 0 247001504 0 246981790 13
6.9e-10 1.57812 1.98438 0 203349881 5 203418687 2
6.9e-10 1.89062 2.45312 0 206163400 0 205978645 0
6.9e-10 2.21875 2.78125 0 205452784 0 205252392 0
6.9e-10 1.8125 2.375 0 234209584 0 234562182 0
6.9e-10 1.71875 2.28125 0 212420503 0 212259820 0
6.9e-10 1.64062 2.04688 0 238461929 0 238330169 0
6.9e-10 1.6875 2.25 0 223462224 0 223581447 0
6.9e-10 1.84375 2.40625 0 225209356 0 225237130 0
6.9e-10 1.54688 1.95312 0 213112733 5 213054076 0
6.9e-10 2.07812 2.48438 0 197853191 0 197860009 0
6.9e-10 1.54688 1.95312 0 213404764 2 213522242 0
6.9e-10 2.10938 2.51562 0 246057292 1 245676718 1
6.9e-10 1.875 2.4375 0 211503997 0 211390124 0
6.9e-10 1.84375 2.40625 0 223330646 0 223337820 0
6.9e-10 1.1875 1.76562 0 226257362 0 226190489 1
6.9e-10 2.10938 2.5 0 250978734 0 250742152 9
6.9e-10 2.20312 2.76562 0 211620969 0 211557545 6
6.9e-10 1.875 2.4375 0 210309077 4 210287344 0
6.9e-10 2.20312 2.76562 0 211578625 0 211609236 0
6.9e-10 1.26562 1.82812 0 197860793 0 197586104 0
6.9e-10 1.3125 1.875 0 242149165 1 242447995 0
6.9e-10 1.25 1.8125 0 207480912 1 207452398 0
6.9e-10 2.21875 2.78125 0 202042601 0 201956958 4
6.9e-10 1.85938 2.42188 0 215882520 0 215670639 0
6.9e-10 1.875 2.4375 0 210619140 0 210747901 4
6.9e-10 1.29688 1.85938 0 254658976 0 254567673 0
6.9e-10 2.21875 2.78125 0 205863017 0 205817479 0
6.9e-10 1.26562 1.82812 0 198268930 1 198251454 6
6.9e-10 1.20312 1.76562 0 221190323 0 221261411 0
6.9e-10 1.625 2.03125 0 247917887 0 247775515 1
6.9e-10 2.14062 2.54688 0 235849847 0 235710057 0
6.9e-10 1.73438 2.29688 0 202961227 0 203027258 0
6.9e-10 2.14062 2.54688 0 235591343 0 235696943 1
6.9e-10 1.6875 2.25 0 224775922 11 224946665 1
6.9e-10 1.34375 1.90625 0 230303890 0 230185702 0
6.9e-10 1.34375 1.90625 0 229902458 0 229801222 0
6.9e-10 2.10938 2.51562 0 247524144 0 247653509 3
6.9e-10 1.20312 1.78125 0 219788040 0 219823369 0
6.9e-10 1.71875 2.28125 0 209587243 0 209709384 0
6.9e-10 1.5625 1.96875 0 209028120 0 209099823 0
6.9e-10 1.1875 1.75 0 227593344 7 227598873 0
6.9e-10 1.67188 2.25 0 225617924 0 225577489 0
6.9e-10 2.09375 2.5 0 254370192 0 254615948 0
6.9e-10 1.6875 2.25 0 221208715 0 221055307 5
6.9e-10 1.32812 1.90625 0 234992567 0 235033274 0
6.9e-10 1.89062 2.45312 0 208625948 0 208622240 9
6.9e-10 2.21875 2.78125 0 202409979 0 202670798 0
6.9e-10 1.28125 1.84375 0 258894818 6 258682901 0
6.9e-10 1.25 1.8125 0 207133684 0 207138490 0
6.9e-10 1.29688 1.85938 0 249655918 0 249628620 0
6.9e-10 1.34375 1.90625 0 231308516 0 231393954 0
6.9e-10 1.875 2.4375 0 211859020 0 211744516 0
6.9e-10 1.60938 2.01562 0 255706873 0 255664501 0
6.9e-10 1.60938 2.01562 0 257576332 0 257659375 1
6.9e-10 1.60938 2.01562 0 256862911 1 256858780 4
6.9e-10 1.25 1.8125 0 204218346 0 204076946 5
6.9e-10 2.125 2.53125 0 239440275 4 239261008 0
6.9e-10 1.89062 2.45312 0 208314696 0 208336866 0
6.9e-10 2.10938 2.51562 0 246022764 2 245951145 5
6.9e-10 1.1875 1.75 0 228452170 0 228507141 0
6.9e-10 2.14062 2.54688 0 233501732 2 233307240 0
6.9e-10 1.625 2.03125 0 248502943 0 248506598 0
6.9e-10 2.21875 2.78125 0 201843825 1 202002820 0
6.9e-10 1.26562 1.82812 0 198380374 0 198509267 0
6.9e-10 2.15625 2.54688 0 230118549 0 230183135 0
6.9e-10 1.65625 2.21875 0 233784130 0 233832415 0
6.9e-10 1.79688 2.35938 0 244089725 0 244154351 0
6.9e-10 1.375 1.9375 0 219452507 0 219395423 0
6.9e-10 1.26562 1.82812 0 197957158 0 197982634 0
6.9e-10 2.20312 2.76562 0 211297189 2 211250212 0
6.9e-10 1.35938 1.92188 0 227630912 0 227687052 0
6.9e-10 1.73438 2.29688 0 202416171 0 202522343 0
6.9e-10 1.79688 2.35938 0 245139973 0 245243176 0
6.9e-10 1.54688 1.95312 0 213861053 1 213830014 0
6.9e-10 1.71875 2.28125 0 211609867 0 211621466 0
6.9e-10 2.14062 2.53125 0 236743629 0 236852142 0
6.9e-10 2.07812 2.48438 0 195354139 0 195149357 0
6.9e-10 2.1875 2.75 0 216388740 0 216546774 0
6.9e-10 1.3125 1.875 0 243622766 4 243548600 0
6.9e-10 1.59375 2 0 259638887 0 259695518 0
6.9e-10 1.34375 1.90625 0 233156898 1 232955888 0
6.9e-10 1.32812 1.89062 0 235068010 0 235047618 0
6.9e-10 2.10938 2.51562 0 245981115 0 246155195 2
6.9e-10 1.20312 1.76562 0 222123393 1 222215055 0
6.9e-10 1.20312 1.76562 0 225494900 0 225522166 1
6.9e-10 1.34375 1.90625 0 233860461 3 233808632 1
6.9e-10 1.73438 2.29688 0 203152053 0 203194497 0
6.9e-10 2.09375 2.48438 0 257648248 0 257277574 0
6.9e-10 1.64062 2.04688 0 240852898 1 241076119 0
6.9e-10 1.875 2.4375 0 213904968 2 214039808 0
6.9e-10 1.3125 1.875 0 243160496 0 243134851 0
6.9e-10 1.73438 2.3125 0 201962412 0 202078162 7
6.9e-10 1.20312 1.78125 0 220095027 0 220111159 0
6.9e-10 1.71875 2.28125 0 210075574 0 210104922 0
6.9e-10 1.82812 2.40625 0 227371901 27 227234990 0
6.9e-10 1.34375 1.90625 0 233908232 0 234075042 3
6.9e-10 1.21875 1.78125 0 217355046 0 217622753 0
6.9e-10 1.26562 1.82812 0 201722632 0 201749852 2
6.9e-10 1.6875 2.25 0 222722466 0 222676394 13
6.9e-10 1.59375 1.98438 0 199475408 2 199486880 0
6.9e-10 1.70312 2.26562 0 215759296 1 215877776 0
6.9e-10 2.17188 2.73438 0 222370639 0 222198453 0
6.9e-10 1.21875 1.78125 0 215263132 0 215243039 0
6.9e-10 1.35938 1.92188 0 222492983 0 222651587 0
6.9e-10 2.25 2.8125 0 258559355 3 258553240 1
6.9e-10 1.25 1.8125 0 204199141 0 204218967 1
6.9e-10 1.70312 2.26562 0 218754645 0 218780938 0
6.9e-10 1.60938 2.01562 0 252323986 1 252467998 0
6.9e-10 1.25 1.8125 0 202868217 0 202896887 0
6.9e-10 1.29688 1.875 0 247911991 0 247829739 0
6.9e-10 1.34375 1.90625 0 230743524 0 230605834 1
6.9e-10 1.60938 2.01562 0 254924065 0 254973494 0
6.9e-10 1.84375 2.40625 0 226962300 9 226926100 19
6.9e-10 1.625 2.03125 0 247344723 0 247261029 0
6.9e-10 1.29688 1.85938 0 250536657 0 250461776 18
6.9e-10 1.20312 1.76562 0 223726559 0 223770551 0
6.9e-10 1.65625 2.21875 0 236576090 0 236750497 0
6.9e-10 1.73438 2.3125 0 201862667 5 201863275 5
6.9e-10 1.25 1.8125 0 206146876 2 206333653 0
6.9e-10 1.21875 1.78125 0 216134913 0 216034752 0
6.9e-10 1.60938 2.01562 0 252711329 0 252533504 5
6.9e-10 1.32812 1.89062 0 236534030 0 236501378 3
6.9e-10 1.20312 1.76562 0 224525346 0 224523234 0
6.9e-10 1.73438 2.29688 0 205644506 2 205582400 5
6.9e-10 1.28125 1.84375 0 257166831 7 257020480 0
6.9e-10 1.25 1.8125 0 202707890 23 202788316 0
6.9e-10 1.6875 2.25 0 224031006 0 223886769 0
6.9e-10 1.20312 1.76562 0 224556974 0 224446768 0
6.9e-10 1.375 1.9375 0 218440490 0 218508603 0
6.9e-10 1.67188 2.23438 0 227609009 6 227480673 0
6.9e-10 1.57812 1.98438 0 200217966 0 200134152 0
6.9e-10 1.25 1.8125 0 204998702 0 205007178 1
6.9e-10 1.64062 2.03125 0 244105948 5 244142246 0
6.9e-10 1.25 1.8125 0 205199328 0 205092236 0
6.9e-10 2.1875 2.75 0 218498862 1 218346846 0
6.9e-10 1.28125 1.84375 0 257546005 0 257568597 0
6.9e-10 2.09375 2.5 0 255364155 0 255428881 0
6.9e-10 1.26562 1.82812 0 199889718 0 199953701 0
6.9e-10 1.35938 1.92188 0 227196406 0 227214478 0
6.9e-10 1.59375 2 0 195210907 8 195351436 0
6.9e-10 1.23438 1.79688 0 213262799 1 213152982 0
6.9e-10 2.10938 2.51562 0 248369012 0 248355474 0
6.9e-10 1.20312 1.76562 0 224905330 0 225055022 0
6.9e-10 1.25 1.8125 0 206260105 0 206153101 0
6.9e-10 1.28125 1.84375 0 195178523 7 194954471 0
6.9e-10 1.21875 1.78125 0 218442253 0 218326039 2
6.9e-10 1.73438 2.29688 0 206055267 0 206116916 3
6.9e-10 2.07812 2.46875 0 198980153 0 199057324 0
6.9e-10 2.10938 2.5 0 250332289 0 250208753 0
6.9e-10 1.28125 1.84375 0 256880072 0 256852870 6
6.9e-10 1.625 2.03125 0 248380263 11 248498746 0
6.9e-10 2.21875 2.78125 0 205915547 0 205661814 0
6.9e-10 1.25 1.8125 0 205422773 0 205406383 5
6.9e-10 2.09375 2.5 0 254621960 0 254437768 0
6.9e-10 1.875 2.4375 0 212432393 0 212355445 3
6.9e-10 1.89062 2.45312 0 208113560 1 208315445 0
6.9e-10 1.8125 2.39062 0 234273820 0 234122437 0
6.9e-10 1.5625 1.96875 0 209914126 1 209993755 1
6.9e-10 1.625 2.03125 0 245192170 0 245285261 0
6.9e-10 2.0625 2.46875 0 202764343 0 202823969 0
6.9e-10 1.28125 1.84375 0 256151663 3 256192179 7
6.9e-10 1.57812 1.98438 0 202507474 1 202571822 0
6.9e-10 1.54688 1.95312 0 211635378 1 211637046 1
6.9e-10 1.64062 2.04688 0 239702839 0 239751936 3
6.9e-10 1.71875 2.29688 0 207725722 0 207653805 0
6.9e-10 1.8125 2.375 0 238968785 2 238863721 0
6.9e-10 1.71875 2.28125 0 210285660 0 210258793 0
6.9e-10 1.25 1.8125 0 206398468 0 206501102 0
6.9e-10 1.29688 1.85938 0 251476840 10 251588162 0
6.9e-10 1.1875 1.75 0 229225958 8 229043278 0
6.9e-10 1.20312 1.76562 0 225391962 0 225177836 2
6.9e-10 1.23438 1.79688 0 213100216 0 213125177 0
6.9e-10 2.17188 2.5625 0 223724949 1 223691780 2
6.9e-10 1.26562 1.82812 0 198583705 0 198606573 2
6.9e-10 1.1875 1.75 0 229510555 3 229714322 0
6.9e-10 2.0625 2.46875 0 202099073 0 202213289 1
6.9e-10 1.59375 1.98438 0 198936904 1 198956706 0
6.9e-10 1.26562 1.82812 0 200633774 1 200600937 2
6.9e-10 1.84375 2.40625 0 225934459 0 226266247 4
6.9e-10 1.5625 1.96875 0 208483272 0 208597774 6
6.9e-10 1.34375 1.90625 0 230212567 0 230493647 0
6.9e-10 1.875 2.4375 0 209916030 0 209691509 0
6.9e-10 1.20312 1.76562 0 221750632 1 221850166 0
6.9e-10 1.6875 2.25 0 223661135 0 223631266 4
6.9e-10 1.35938 1.92188 0 224052793 0 224091540 0
6.9e-10 1.35938 1.92188 0 224301049 0 224269142 0
6.9e-10 2.10938 2.51562 0 245495121 0 245366100 0
6.9e-10 1.625 2.03125 0 249626450 1 249733806 0
6.9e-10 1.23438 1.79688 0 212974931 0 213037827 0
6.9e-10 1.71875 2.28125 0 208683909 0 208830460 5
6.9e-10 1.29688 1.85938 0 249051333 0 248948049 0
6.9e-10 1.29688 1.85938 0 251438098 0 251586395 0
6.9e-10 1.84375 2.40625 0 224724194 0 224757930 0
6.9e-10 2.20312 2.76562 0 208018172 0 208122655 0
6.9e-10 2.17188 2.73438 0 221361418 1 221226024 2
6.9e-10 1.59375 2 0 198682139 0 198655461 0
6.9e-10 2.0625 2.46875 0 202977095 0 203086216 0
6.9e-10 1.25 1.8125 0 204641523 9 204596946 4
6.9e-10 1.29688 1.85938 0 252459727 0 252667646 12
6.9e-10 2.09375 2.5 0 251628227 0 251640902 0
6.9e-10 1.21875 1.78125 0 216438806 0 216262832 4
6.9e-10 1.84375 2.40625 0 222721808 0 222879800 0
6.9e-10 1.625 2.03125 0 250492554 0 250584954 0
6.9e-10 2.0625 2.46875 0 202425344 0 202546225 0
6.9e-10 1.375 1.9375 0 219845962 0 220010503 0
6.9e-10 1.65625 2.21875 0 233933164 0 233968889 0
6.9e-10 1.59375 2 0 259189405 0 259037429 0
6.9e-10 1.64062 2.04688 0 238722079 0 238751172 1
6.9e-10 1.20312 1.76562 0 220505107 0 220482286 0
6.9e-10 2.23438 2.79688 0 196735343 2 196633963 0
6.9e-10 1.79688 2.35938 0 246428582 0 246405597 0
6.9e-10 1.28125 1.84375 0 196359339 0 196392660 0
6.9e-10 1.23438 1.79688 0 213054348 14 213161746 7
6.9e-10 1.65625 2.23438 0 231948960 0 232184636 1
6.9e-10 2.10938 2.51562 0 246064888 1 246182433 4
6.9e-10 1.20312 1.76562 0 221016782 0 221180142 0
6.9e-10 2.20312 2.76562 0 209286605 0 209231070 0
6.9e-10 1.73438 2.29688 0 207045237 5 206826296 0
6.9e-10 1.23438 1.79688 0 213009468 0 213034743 0
6.9e-10 1.85938 2.42188 0 218148741 1 218159940 0
6.9e-10 1.1875 1.75 0 228604141 1 228641175 4
6.9e-10 1.29688 1.85938 0 254292142 0 254505401 0
6.9e-10 1.84375 2.42188 0 221119904 16 221001486 0
6.9e-10 1.76562 2.32812 0 255227921 0 255236014 0
6.9e-10 1.65625 2.21875 0 232415939 0 232520868 1
6.9e-10 1.26562 1.82812 0 200991599 0 200969598 0
6.9e-10 1.73438 2.29688 0 204515096 0 204655912 2
6.9e-10 1.34375 1.90625 0 230675090 1 230928814 0
6.9e-10 1.32812 1.89062 0 237917706 0 237914160 0
6.9e-10 1.375 1.9375 0 218919382 0 218921278 0
6.9e-10 1.85938 2.42188 0 220326546 0 220342716 0
6.9e-10 1.75 2.3125 0 201492649 0 201420999 1
6.9e-10 1.26562 1.82812 0 201972843 0 202032313 0
6.9e-10 1.5625 1.96875 0 209745070 0 209787988 0
6.9e-10 2.15625 2.5625 0 225335534 7 225608909 1
6.9e-10 1.875 2.4375 0 214350487 8 214249380 0
6.9e-10 1.875 2.4375 0 213780735 1 213864630 0
6.9e-10 1.85938 2.42188 0 219645349 3 219574279 0
6.9e-10 1.32812 1.89062 0 240808166 18 240777943 0
6.9e-10 1.23438 1.79688 0 211225852 0 211291315 0
6.9e-10 1.3125 1.875 0 244672100 0 244770222 2
6.9e-10 1.75 2.32812 0 196438851 0 196524131 0
6.9e-10 1.21875 1.78125 0 214801947 3 214709624 0
6.9e-10 1.26562 1.82812 0 197530165 0 197668402 0
6.9e-10 1.20312 1.76562 0 220627941 0 220624798 2
6.9e-10 1.625 2.01562 0 251506631 1 251795320 0
6.9e-10 2.20312 2.76562 0 211666212 0 211761472 2
6.9e-10 1.8125 2.375 0 234670080 0 234763678 6
6.9e-10 2.17188 2.73438 0 219097006 0 219105030 3
6.9e-10 1.35938 1.92188 0 226372644 5 226405586 0
6.9e-10 1.79688 2.35938 0 244689268 1 244535952 0
6.9e-10 2.07812 2.46875 0 198498765 0 198467635 0
6.9e-10 2.09375 2.5 0 251423910 1 251656670 0
6.9e-10 1.29688 1.85938 0 248881848 18 248909021 0
6.9e-10 1.78125 2.34375 0 251004708 0 251165996 0
6.9e-10 1.78125 2.35938 0 247406888 0 247498471 0
6.9e-10 2.1875 2.76562 0 212850668 1 212827531 0
6.9e-10 1.1875 1.75 0 229463112 0 229486721 2
6.9e-10 2.09375 2.5 0 254218991 2 253964709 6
6.9e-10 1.75 2.3125 0 197540630 2 197473111 14
6.9e-10 1.6875 2.25 0 219849216 0 219774836 3
6.9e-10 1.8125 2.375 0 234400622 0 234478149 0
6.9e-10 2.0625 2.46875 0 202990976 6 203014773 0
6.9e-10 1.82812 2.39062 0 233232704 0 233025727 12
6.9e-10 1.20312 1.76562 0 221131326 7 221056040 0
6.9e-10 1.625 2.03125 0 246754991 0 246744264 6
6.9e-10 1.59375 2 0 197223161 1 197336538 0
6.9e-10 1.21875 1.79688 0 214002605 19 213861433 0
6.9e-10 1.3125 1.875 0 246149680 7 246235541 0
6.9e-10 1.6875 2.25 0 219915801 0 220013639 6
6.9e-10 1.54688 1.9375 0 217316689 0 217185723 0
6.9e-10 1.26562 1.82812 0 200173005 0 200293286 0
6.9e-10 1.1875 1.75 0 229992643 1 230017514 0
6.9e-10 2.26562 2.84375 0 246468730 0 246556674 0
6.9e-10 1.71875 2.28125 0 211616038 0 211763124 0
6.9e-10 2.07812 2.48438 0 197142624 0 197140268 0
6.9e-10 1.60938 2.01562 0 252830802 3 252977783 0
6.9e-10 1.34375 1.90625 0 231805015 0 231693481 4
6.9e-10 1.26562 1.82812 0 201958086 0 201993527 0
6.9e-10 1.28125 1.84375 0 256997576 4 256814867 1
6.9e-10 1.625 2.03125 0 247551191 8 247508545 0
6.9e-10 1.75 2.3125 0 199550641 0 199407189 0
6.9e-10 1.875 2.4375 0 210227022 0 210284687 2
6.9e-10 1.1875 1.75 0 227579696 0 227439397 0
6.9e-10 1.3125 1.875 0 247448437 0 247391805 0
6.9e-10 1.26562 1.82812 0 199727280 0 199567090 0
6.9e-10 1.35938 1.92188 0 223477044 0 223755972 0
6.9e-10 1.64062 2.03125 0 243913316 1 243964191 10
6.9e-10 1.59375 2 0 259444799 0 259254754 1
6.9e-10 1.60938 2.01562 0 256561625 0 256545767 7
6.9e-10 1.54688 1.95312 0 214112527 0 214248223 0
6.9e-10 1.70312 2.26562 0 217932230 1 217892557 0
6.9e-10 1.29688 1.85938 0 252775507 2 252586628 0
6.9e-10 1.5625 1.96875 0 208567853 0 208573151 2
6.9e-10 1.6875 2.25 0 224790043 0 224750973 0
6.9e-10 2.28125 2.84375 0 246057230 1 246148832 0
6.9e-10 1.21875 1.78125 0 217750789 1 217844577 2
6.9e-10 1.78125 2.34375 0 253008107 0 253133571 0
6.9e-10 1.29688 1.85938 0 248956741 0 249019447 0
6.9e-10 1.84375 2.40625 0 226997621 1 227133709 2
6.9e-10 1.65625 2.21875 0 233144922 0 232972264 0
6.9e-10 1.64062 2.04688 0 240072010 0 240043551 0
6.9e-10 2.21875 2.78125 0 205319802 0 205105803 0
6.9e-10 1.20312 1.76562 0 221143974 0 221079544 1
6.9e-10 2.125 2.53125 0 239436656 0 239630509 0
6.9e-10 1.34375 1.90625 0 232738295 0 232666466 0
6.9e-10 1.59375 2 0 195143766 0 195057003 0
6.9e-10 1.6875 2.25 0 221812277 0 221894388 0
6.9e-10 1.21875 1.78125 0 219518460 0 219567394 0
6.9e-10 1.21875 1.79688 0 214345536 0 214253155 0
6.9e-10 1.1875 1.75 0 227633552 4 227555468 3
6.9e-10 1.3125 1.89062 0 241195606 0 241213784 1
6.9e-10 1.67188 2.23438 0 229122702 2 229269229 37
6.9e-10 1.59375 1.98438 0 198767010 0 198873680 1
6.9e-10 1.625 2.03125 0 245253849 0 245071669 4
6.9e-10 1.64062 2.04688 0 239253983 0 239271211 0
6.9e-10 1.60938 2.01562 0 256043284 0 255932246 0
6.9e-10 2.10938 2.51562 0 246349336 0 246700083 0
6.9e-10 1.5625 1.96875 0 209377085 0 209569002 7
6.9e-10 1.79688 2.35938 0 243880547 0 243645216 3
6.9e-10 1.3125 1.875 0 244855179 28 244907282 0
6.9e-10 2.125 2.53125 0 238638265 0 238554990 15
6.9e-10 1.75 2.3125 0 200388536 0 200469965 16
6.9e-10 1.73438 2.29688 0 203765285 0 203820397 0
6.9e-10 1.625 2.03125 0 246269156 0 245975412 0
6.9e-10 1.28125 1.84375 0 258581459 0 258672948 0
6.9e-10 1.23438 1.79688 0 209624822 0 209543756 0
6.9e-10 1.34375 1.90625 0 231447287 0 231564024 0
6.9e-10 1.73438 2.29688 0 206706613 4 206833495 0
6.9e-10 1.85938 2.42188 0 216318413 0 215919589 0
6.9e-10 1.71875 2.29688 0 207537473 0 207476538 0
6.9e-10 1.85938 2.42188 0 220293150 0 220450355 0
6.9e-10 1.26562 1.82812 0 201480148 0 201416047 0
6.9e-10 2.0625 2.46875 0 200661647 0 200630536 0
6.9e-10 2.20312 2.78125 0 207130506 0 206994312 2
6.9e-10 1.32812 1.89062 0 241050093 0 240793191 0
6.9e-10 1.57812 1.98438 0 203216835 0 203157979 0
6.9e-10 1.85938 2.42188 0 220501739 2 220371050 0
6.9e-10 1.79688 2.35938 0 247064282 0 246882804 0
6.9e-10 2.26562 2.82812 0 247375567 0 247222466 0
6.9e-10 2.09375 2.5 0 255166259 0 255327605 2
6.9e-10 1.34375 1.90625 0 231446317 0 231336167 0
6.9e-10 1.21875 1.78125 0 215823415 0 215745146 0
6.9e-10 2.07812 2.48438 0 196399805 2 196324329 0
6.9e-10 1.67188 2.23438 0 231196677 0 231238848 11
6.9e-10 1.35938 1.92188 0 223742357 0 223584961 4
6.9e-10 1.26562 1.82812 0 198036038 3 197986179 0
6.9e-10 1.26562 1.82812 0 201266528 1 201248255 28
6.9e-10 2.14062 2.54688 0 232427929 1 232552801 1
6.9e-10 1.875 2.4375 0 212702356 0 212604490 0
6.9e-10 1.20312 1.76562 0 223198003 1 223361286 0
6.9e-10 1.76562 2.32812 0 258193558 0 258393198 0
6.9e-10 1.23438 1.79688 0 208379358 0 208517928 0
6.9e-10 2.09375 2.5 0 251253769 3 251249541 0
6.9e-10 2.07812 2.48438 0 195391020 2 195259802 7
6.9e-10 2.25 2.8125 0 195237648 0 195158455 0
6.9e-10 1.23438 1.79688 0 212855941 1 212853346 4
6.9e-10 1.65625 2.21875 0 233074165 0 232825144 0
6.9e-10 1.78125 2.34375 0 252683720 0 252829736 0
6.9e-10 1.21875 1.78125 0 215556304 2 215601046 0
6.9e-10 2.21875 2.78125 0 202836623 3 203068247 0
6.9e-10 1.73438 2.29688 0 202501260 0 202370796 3
6.9e-10 1.20312 1.76562 0 224421024 0 224320410 0
6.9e-10 1.6875 2.25 0 220272643 0 220219759 1
6.9e-10 1.35938 1.92188 0 226915794 0 226739853 0
6.9e-10 1.25 1.8125 0 205051219 0 205126997 0
6.9e-10 1.65625 2.21875 0 236683900 0 236509070 0
6.9e-10 1.79688 2.35938 0 241992817 7 241835039 0
6.9e-10 1.60938 2.01562 0 254171789 0 254330520 0
6.9e-10 1.65625 2.21875 0 235709563 0 235616136 0
6.9e-10 1.23438 1.79688 0 212479826 0 212565079 0
6.9e-10 1.89062 2.45312 0 206694896 0 206629472 0
6.9e-10 2.26562 2.82812 0 248915280 0 248800536 2
6.9e-10 1.71875 2.28125 0 210499970 0 210555964 6
6.9e-10 1.5625 1.96875 0 209915395 0 209904581 5
6.9e-10 1.5625 1.96875 0 206768809 0 206844631 0
6.9e-10 1.25 1.8125 0 203624969 0 203593137 0
6.9e-10 1.6875 2.25 0 224880387 0 224768085 3
6.9e-10 1.21875 1.79688 0 214169565 1 214047987 0
6.9e-10 1.35938 1.92188 0 226095867 0 225997115 0
6.9e-10 2.26562 2.82812 0 250200563 0 250343321 0
6.9e-10 1.82812 2.39062 0 232796942 0 232854652 0
6.9e-10 1.85938 2.42188 0 220368797 0 220364794 0
6.9e-10 2.26562 2.82812 0 248030217 0 248181871 0
6.9e-10 1.29688 1.85938 0 253694236 0 253835395 3
6.9e-10 1.64062 2.04688 0 242340227 0 242389729 0
6.9e-10 1.84375 2.40625 0 221736243 0 221463300 0
6.9e-10 1.28125 1.84375 0 257651362 0 257633752 0
6.9e-10 2.26562 2.82812 0 248451471 1 248501626 2
6.9e-10 1.29688 1.85938 0 253590148 0 253470709 0
6.9e-10 2.17188 2.73438 0 219979334 5 219955412 46
6.9e-10 1.26562 1.82812 0 201437074 4 201365588 0
6.9e-10 1.76562 2.32812 0 259214869 0 258879119 2
6.9e-10 2.10938 2.51562 0 244440496 0 244212902 0
6.9e-10 1.65625 2.04688 0 237949722 0 238007993 0
6.9e-10 1.25 1.8125 0 207317027 0 207251924 0
6.9e-10 1.26562 1.82812 0 201571385 1 201487883 0
6.9e-10 1.29688 1.85938 0 252978803 0 252919351 1
6.9e-10 1.20312 1.76562 0 224925787 4 224869950 4
6.9e-10 2.09375 2.5 0 251360449 0 251215163 1
6.9e-10 1.21875 1.78125 0 216251670 0 216259101 0
6.9e-10 1.5625 1.96875 0 210126447 0 210055190 0
6.9e-10 1.65625 2.21875 0 232897860 0 233165835 0
6.9e-10 2.15625 2.5625 0 225133921 0 225327026 0
6.9e-10 1.67188 2.23438 0 229494558 0 229465183 0
6.9e-10 1.76562 2.32812 0 257852365 0 257634863 14
6.9e-10 1.20312 1.76562 0 224269342 1 224253380 0
6.9e-10 1.76562 2.32812 0 195225898 0 195175716 0
6.9e-10 2.07812 2.48438 0 258608130 7 258466133 0
6.9e-10 1.1875 1.75 0 228698372 3 228706010 1
6.9e-10 1.21875 1.78125 0 217971506 0 217911649 0
6.9e-10 1.60938 2 0 258049961 24 257861902 0
6.9e-10 1.54688 1.95312 0 213928976 0 214067372 13
6.9e-10 1.57812 1.98438 0 200714419 0 200708846 2
6.9e-10 1.76562 2.32812 0 195683318 6 195650030 0
6.9e-10 1.64062 2.04688 0 238634829 1 238886149 0
6.9e-10 1.59375 2 0 198074642 3 197997675 9
6.9e-10 1.32812 1.90625 0 234858111 0 234834143 1
6.9e-10 1.35938 1.92188 0 227032823 0 227017617 0
6.9e-10 1.60938 2.01562 0 252612054 0 252602424 0
6.9e-10 1.6875 2.25 0 222205459 0 222174810 0
6.9e-10 2.07812 2.46875 0 199184993 0 199136742 3
6.9e-10 1.21875 1.78125 0 218491253 0 218583802 0
6.9e-10 1.32812 1.89062 0 238096550 0 237982063 0
6.9e-10 1.34375 1.90625 0 231822908 0 231942037 0
6.9e-10 1.78125 2.34375 0 253377434 0 253510563 1
6.9e-10 1.29688 1.85938 0 250903872 4 250958063 13
6.9e-10 1.29688 1.85938 0 248779995 1 248846810 0
6.9e-10 2.09375 2.48438 0 257242742 0 257078787 0
6.9e-10 1.23438 1.79688 0 208836729 0 208805130 0
6.9e-10 1.76562 2.32812 0 256948128 0 256824491 3
6.9e-10 1.54688 1.95312 0 212088975 0 212193512 0
6.9e-10 1.35938 1.92188 0 224211265 0 224288633 0
6.9e-10 1.82812 2.39062 0 230312871 2 230402162 0
6.9e-10 1.75 2.3125 0 198237435 0 198164344 0
6.9e-10 1.28125 1.84375 0 259289007 0 259206216 1
6.9e-10 2.09375 2.5 0 255533449 0 255482782 0
6.9e-10 1.625 2.03125 0 245115150 0 245120921 0
6.9e-10 1.875 2.4375 0 210383798 0 210396340 1
6.9e-10 1.28125 1.84375 0 195366358 0 195321224 0
6.9e-10 1.28125 1.84375 0 258104325 0 258084003 1
6.9e-10 1.84375 2.42188 0 221673919 0 221392378 1
6.9e-10 1.625 2.01562 0 251945606 0 251992170 1
6.9e-10 1.84375 2.40625 0 221559585 0 221645459 0
6.9e-10 1.71875 2.28125 0 210707207 0 210705865 1
6.9e-10 1.85938 2.42188 0 217645587 0 217762575 6
6.9e-10 1.65625 2.21875 0 236692066 0 236630636 0
6.9e-10 2.26562 2.82812 0 250300765 0 250456982 6
6.9e-10 1.59375 1.98438 0 199468430 1 199349825 1
6.9e-10 1.35938 1.92188 0 225753156 0 225704541 11
6.9e-10 1.79688 2.375 0 240656572 3 240630385 0
6.9e-10 1.57812 1.98438 0 201348553 0 201403602 0
6.9e-10 1.65625 2.21875 0 236877786 0 236721201 0
6.9e-10 1.65625 2.21875 0 232758266 0 232865564 0
6.9e-10 2.10938 2.51562 0 249160959 1 249035195 0
6.9e-10 1.60938 2.01562 0 255686911 2 255577508 34
6.9e-10 1.34375 1.90625 0 233971272 0 234057815 5
6.9e-10 1.26562 1.82812 0 198977924 0 198876045 0
6.9e-10 1.67188 2.23438 0 226877792 1 226899631 0
6.9e-10 1.28125 1.84375 0 258507240 14 258660117 0
6.9e-10 1.5625 1.95312 0 210943581 0 210936128 1
6.9e-10 1.20312 1.76562 0 221269766 0 221502271 0
6.9e-10 1.32812 1.89062 0 238572545 0 238460900 5
6.9e-10 1.20312 1.76562 0 225412661 0 225341780 0
6.9e-10 2.17188 2.5625 0 224407530 0 224366101 0
6.9e-10 1.57812 1.98438 0 202706541 35 202888018 14
6.9e-10 1.32812 1.89062 0 240199641 0 240209520 0
6.9e-10 1.21875 1.78125 0 219454828 0 219466407 0
6.9e-10 1.54688 1.9375 0 216958622 0 217105567 0
6.9e-10 1.79688 2.35938 0 246321704 5 246293161 0
6.9e-10 1.54688 1.95312 0 214320922 0 214347559 0
6.9e-10 1.76562 2.32812 0 258996353 0 259006544 0
6.9e-10 1.3125 1.875 0 243560903 0 243611291 0
6.9e-10 1.3125 1.875 0 245339713 0 245238237 6
6.9e-10 1.65625 2.21875 0 236696537 0 236389842 0
6.9e-10 1.65625 2.21875 0 234752346 0 235051910 0
6.9e-10 1.34375 1.90625 0 233649314 13 233554749 2
6.9e-10 1.375 1.9375 0 218895431 8 219054336 0
6.9e-10 1.73438 2.29688 0 202709055 0 202800615 0
6.9e-10 2.10938 2.51562 0 248474563 2 248578563 0
6.9e-10 1.23438 1.79688 0 209462838 0 209514830 0
6.9e-10 2.07812 2.48438 0 198035671 0 198184738 0
6.9e-10 1.59375 2 0 197047696 1 197004389 0
6.9e-10 1.26562 1.82812 0 200240259 0 200174929 0
6.9e-10 1.59375 2 0 198157159 0 198165754 0
6.9e-10 1.20312 1.76562 0 222270116 0 222223366 0
6.9e-10 2.0625 2.46875 0 201393907 0 201483891 0
6.9e-10 1.73438 2.29688 0 206834169 0 206849142 0
6.9e-10 1.54688 1.95312 0 216114662 0 216104430 0
6.9e-10 1.85938 2.42188 0 220637596 0 220405949 0
6.9e-10 1.28125 1.84375 0 257857257 0 257817974 12
6.9e-10 1.28125 1.84375 0 195862360 0 195879081 0
6.9e-10 1.375 1.9375 0 217622688 22 217743028 0
6.9e-10 2.10938 2.51562 0 244851245 1 244842640 1
6.9e-10 1.28125 1.85938 0 255531552 0 255519712 0
6.9e-10 1.84375 2.40625 0 224859719 0 224868716 0
6.9e-10 2.20312 2.76562 0 211540251 0 211648658 3
6.9e-10 1.20312 1.76562 0 222612461 1 222713106 0
6.9e-10 1.59375 2 0 196356865 0 196352758 0
6.9e-10 1.32812 1.89062 0 238642282 0 238615120 0
6.9e-10 2.20312 2.76562 0 209770790 0 209376111 0
6.9e-10 1.8125 2.375 0 235574423 0 235791899 2
6.9e-10 2.09375 2.5 0 251514489 1 251557691 18
6.9e-10 1.375 1.9375 0 219055585 8 219168767 0
6.9e-10 1.5625 1.96875 0 209780124 0 209632181 0
6.9e-10 2.25 2.8125 0 256269863 0 256016616 0
6.9e-10 1.64062 2.04688 0 239989839 0 240024546 0
6.9e-10 1.5625 1.96875 0 210101356 0 210053235 0
6.9e-10 2.14062 2.54688 0 233984663 0 234103853 1
6.9e-10 1.73438 2.29688 0 203255828 0 203357435 0
6.9e-10 1.3125 1.875 0 243408374 0 243398818 0
6.9e-10 1.76562 2.32812 0 258023053 0 257917163 0
6.9e-10 1.26562 1.82812 0 198910690 0 198784207 0
6.9e-10 1.26562 1.82812 0 201352702 0 201346589 3
6.9e-10 2.20312 2.76562 0 211737038 0 211794189 0
6.9e-10 1.375 1.9375 0 217382840 0 217412845 0
6.9e-10 1.8125 2.375 0 239571654 0 239497555 0
6.9e-10 1.89062 2.45312 0 205366495 0 205451935 0
6.9e-10 1.6875 2.25 0 223674397 0 223529051 0
6.9e-10 1.23438 1.8125 0 208236935 0 208382202 0
6.9e-10 2.17188 2.73438 0 219196527 0 218862187 0
6.9e-10 1.5625 1.96875 0 206663918 0 206725692 7
6.9e-10 1.8125 2.375 0 238812119 0 238761046 0
6.9e-10 1.67188 2.23438 0 228866758 0 229010514 3
6.9e-10 1.54688 1.95312 0 215327922 2 215349819 0
6.9e-10 1.60938 2.01562 0 252843751 0 252991044 7
6.9e-10 1.28125 1.84375 0 256066754 0 256087358 6
6.9e-10 1.89062 2.45312 0 205317055 0 205126920 0
6.9e-10 1.25 1.8125 0 207619024 1 207682868 0
6.9e-10 1.8125 2.375 0 239046893 0 239041180 0
6.9e-10 1.1875 1.75 0 229417036 2 229323827 0
6.9e-10 1.34375 1.90625 0 229408828 0 229406694 7
6.9e-10 1.6875 2.25 0 223112266 0 223107716 0
6.9e-10 1.28125 1.84375 0 259298272 0 259016182 0
6.9e-10 1.29688 1.85938 0 252585073 0 252614205 2
6.9e-10 1.625 2.03125 0 246078641 0 245830517 0
6.9e-10 2.17188 2.5625 0 224367689 0 224307195 0
6.9e-10 1.20312 1.76562 0 225243340 0 225309161 0
6.9e-10 2.23438 2.79688 0 196784705 0 196939886 0
6.9e-10 1.89062 2.45312 0 205230398 0 204908574 0
6.9e-10 1.34375 1.90625 0 228819716 4 228765913 0
6.9e-10 1.26562 1.82812 0 197933353 12 197929445 1
6.9e-10 1.54688 1.95312 0 212689425 0 212705220 0
6.9e-10 1.32812 1.89062 0 235697270 0 235672893 0
6.9e-10 1.20312 1.76562 0 224385218 14 224454208 0
6.9e-10 1.76562 2.32812 0 258713967 1 258836898 1
6.9e-10 2.0625 2.46875 0 200332786 0 200419793 0
6.9e-10 1.35938 1.92188 0 223767826 0 223758105 0
6.9e-10 1.3125 1.875 0 242384756 0 242362252 0
6.9e-10 1.625 2.03125 0 246225806 0 246142053 0
6.9e-10 1.5625 1.96875 0 209152913 0 209197849 1
6.9e-10 1.75 2.3125 0 201174670 0 201149050 1
6.9e-10 1.34375 1.90625 0 234462588 1 234408576 0
6.9e-10 1.34375 1.90625 0 230804950 11 230885907 0
6.9e-10 1.21875 1.78125 0 219424633 0 219344375 0
6.9e-10 1.26562 1.82812 0 199039569 0 198984176 0
6.9e-10 1.21875 1.78125 0 216377526 0 216281227 0
6.9e-10 1.64062 2.03125 0 244003856 12 243889059 0
6.9e-10 1.21875 1.78125 0 217277163 0 217344945 0
6.9e-10 1.6875 2.25 0 221223385 3 221210055 0
6.9e-10 1.73438 2.29688 0 202361814 0 202401115 0
6.9e-10 1.34375 1.90625 0 228961483 0 228908781 0
6.9e-10 1.59375 2 0 195215239 18 195189706 4
6.9e-10 1.79688 2.35938 0 243670895 1 243611665 27
6.9e-10 1.85938 2.42188 0 217894000 0 217979872 0
6.9e-10 1.79688 2.375 0 240295775 0 240230010 0
6.9e-10 1.20312 1.76562 0 222005712 3 222008969 0
6.9e-10 2.10938 2.51562 0 247798722 0 247666489 0
6.9e-10 1.29688 1.85938 0 252256398 0 252048876 0
6.9e-10 1.6875 2.25 0 221336689 0 221411514 0
6.9e-10 1.82812 2.39062 0 232043877 0 231979005 0
6.9e-10 1.60938 2 0 258290315 0 258265444 1
6.9e-10 1.70312 2.26562 0 216013774 0 216063520 4
6.9e-10 1.23438 1.79688 0 210043614 0 210085700 6
6.9e-10 1.34375 1.90625 0 231498586 3 231446533 0
6.9e-10 1.23438 1.79688 0 211304649 0 211482278 0
6.9e-10 1.71875 2.28125 0 210923343 0 210865910 0
6.9e-10 1.20312 1.76562 0 220460448 2 220544619 0
6.9e-10 1.65625 2.21875 0 236749759 0 236741550 0
6.9e-10 1.375 1.9375 0 218108364 47 218023539 2
6.9e-10 1.75 2.3125 0 201352082 0 201487681 3
6.9e-10 1.28125 1.84375 0 255906169 0 255812267 0
6.9e-10 1.21875 1.78125 0 215478115 0 215526389 0
6.9e-10 1.28125 1.84375 0 257286477 1 257195152 0
6.9e-10 1.34375 1.90625 0 229890163 0 230027431 0
6.9e-10 1.59375 2 0 197903642 3 198034119 8
6.9e-10 2.1875 2.75 0 217412486 0 217236278 10
6.9e-10 1.35938 1.92188 0 227441847 0 227365342 0
6.9e-10 1.25 1.8125 0 205472075 3 205555980 0
6.9e-10 1.3125 1.875 0 243797596 0 243557460 4
6.9e-10 1.375 1.9375 0 221032726 0 220971359 0
6.9e-10 1.21875 1.78125 0 214441875 2 214306228 0
6.9e-10 2.15625 2.5625 0 229550290 0 229536267 0
6.9e-10 1.32812 1.89062 0 235402631 2 235227388 4
6.9e-10 1.57812 1.96875 0 204706012 0 204847141 0
6.9e-10 1.35938 1.92188 0 224219774 0 224248168 0
6.9e-10 1.625 2.03125 0 249320803 0 249379121 0
6.9e-10 1.35938 1.9375 0 222082256 0 222162374 1
6.9e-10 1.60938 2 0 257685168 0 257715424 3
6.9e-10 2.10938 2.51562 0 246163608 0 246285220 4
6.9e-10 1.35938 1.92188 0 223806404 7 223671352 0
6.9e-10 1.28125 1.84375 0 195708970 14 195514792 7
6.9e-10 1.28125 1.85938 0 255141301 2 255138362 1
6.9e-10 2.14062 2.54688 0 232668784 0 232486714 0
6.9e-10 1.82812 2.39062 0 233663324 0 233524396 0
6.9e-10 2.07812 2.46875 0 198888575 0 198884271 1
6.9e-10 1.84375 2.40625 0 221621598 0 221574844 0
6.9e-10 1.625 2.03125 0 249864013 0 249792969 3
6.9e-10 1.625 2.03125 0 249037516 0 249152308 0
6.9e-10 1.32812 1.89062 0 240943065 0 240999290 0
6.9e-10 1.75 2.3125 0 199825475 0 199750767 0
6.9e-10 1.625 2.03125 0 245898967 1 245781668 0
6.9e-10 2.07812 2.48438 0 196676821 0 196693995 0
6.9e-10 1.875 2.4375 0 213817068 0 213777358 4
6.9e-10 1.3125 1.875 0 246189743 0 246108149 0
6.9e-10 1.28125 1.84375 0 195130260 4 195191669 4
6.9e-10 1.29688 1.85938 0 249819492 1 249887570 0
6.9e-10 1.67188 2.25 0 225875198 1 225740973 0
6.9e-10 1.20312 1.76562 0 224200748 6 224318400 1
6.9e-10 1.57812 1.96875 0 205347120 0 205494477 0
6.9e-10 1.6875 2.25 0 223980736 0 224003095 0
6.9e-10 1.25 1.8125 0 205877912 0 205901317 0
6.9e-10 1.1875 1.75 0 229410248 1 229703087 0
6.9e-10 1.59375 2 0 196050823 5 196076105 0
6.9e-10 1.20312 1.76562 0 224854551 0 225043133 0
6.9e-10 2.14062 2.54688 0 231015173 0 231117240 4
6.9e-10 2.21875 2.79688 0 201165530 0 201085163 1
6.9e-10 1.29688 1.85938 0 252205155 0 252272556 0
6.9e-10 1.23438 1.79688 0 212990376 0 212911000 0
6.9e-10 2.07812 2.48438 0 259313951 0 259483166 1
6.9e-10 1.70312 2.26562 0 216653626 0 216636996 0
6.9e-10 1.25 1.8125 0 207722692 0 207714224 0
6.9e-10 2.21875 2.78125 0 201784823 0 201857563 0
6.9e-10 1.1875 1.75 0 229808233 0 229716596 0
6.9e-10 2.25 2.8125 0 258720770 4 258822411 6
6.9e-10 1.57812 1.98438 0 201560548 26 201621097 7
6.9e-10 1.84375 2.40625 0 224416309 0 224444647 0
6.9e-10 1.23438 1.8125 0 208102985 0 208049959 0
6.9e-10 2.21875 2.78125 0 204855629 0 204971262 0
6.9e-10 2.21875 2.78125 0 203452870 0 203166824 0
6.9e-10 1.79688 2.35938 0 243484254 0 243460191 0
6.9e-10 2.23438 2.79688 0 198445258 0 198345059 12
6.9e-10 1.875 2.4375 0 214462656 0 214692885 13
6.9e-10 1.20312 1.76562 0 220503920 0 220598844 13
6.9e-10 1.34375 1.90625 0 231066574 1 230911023 2
6.9e-10 1.78125 2.34375 0 250424005 3 250314380 0
6.9e-10 1.76562 2.32812 0 259272967 0 259333167 0
6.9e-10 1.32812 1.89062 0 237794867 0 237713496 2
6.9e-10 1.34375 1.90625 0 232931760 0 233017392 0
6.9e-10 2.125 2.51562 0 243473577 0 243612380 2
6.9e-10 1.23438 1.79688 0 211122129 0 211073470 0
6.9e-10 1.25 1.8125 0 207198517 0 207284592 13
6.9e-10 1.32812 1.89062 0 239943382 0 239951355 0
6.9e-10 1.25 1.8125 0 207709171 2 207826253 0
6.9e-10 1.59375 2 0 197961390 0 198046483 0
6.9e-10 1.54688 1.95312 0 214392200 7 214377482 0
6.9e-10 1.25 1.8125 0 203239883 2 203243932 0
6.9e-10 2.0625 2.46875 0 202686165 4 202683841 0
6.9e-10 2.07812 2.48438 0 197291228 0 197514514 10
6.9e-10 2.28125 2.84375 0 244844168 8 244877244 0
6.9e-10 1.32812 1.89062 0 235785126 0 235723155 0
6.9e-10 2.09375 2.5 0 254001710 0 253837676 0
6.9e-10 1.1875 1.75 0 229551934 1 229600530 0
6.9e-10 1.25 1.82812 0 202477316 0 202437076 0
6.9e-10 1.32812 1.89062 0 237974792 0 237937741 0
6.9e-10 1.1875 1.75 0 227775466 0 227558618 0
6.9e-10 1.54688 1.95312 0 214078707 0 214145278 2
6.9e-10 1.75 2.3125 0 201239072 3 201223593 2
6.9e-10 1.60938 2.01562 0 253920340 7 254021522 0
6.9e-10 1.26562 1.82812 0 197565931 0 197502494 2
6.9e-10 1.23438 1.79688 0 210085271 0 209992412 0
6.9e-10 1.25 1.8125 0 206694048 1 206655240 2
6.9e-10 1.5625 1.96875 0 206919248 0 206994445 13
6.9e-10 1.8125 2.375 0 239182648 9 239182124 1
6.9e-10 2.09375 2.5 0 252559967 3 252605096 0
6.9e-10 1.64062 2.03125 0 244498661 0 244392157 1
6.9e-10 1.21875 1.78125 0 218660699 0 218694445 0
6.9e-10 1.73438 2.29688 0 204487800 0 204527148 1
6.9e-10 1.375 1.9375 0 220726182 2 220721238 0
6.9e-10 1.65625 2.04688 0 237683662 5 237593445 0
6.9e-10 1.32812 1.89062 0 238072514 0 237920997 2
6.9e-10 1.25 1.82812 0 202243920 5 202234937 0
6.9e-10 1.64062 2.04688 0 242732990 6 242539093 0
6.9e-10 1.20312 1.76562 0 221745480 0 221750128 0
6.9e-10 1.79688 2.35938 0 246837917 0 246863935 4
6.9e-10 1.64062 2.03125 0 244325494 0 244432509 5
6.9e-10 2.15625 2.5625 0 225257952 7 225168101 0
6.9e-10 2.17188 2.73438 0 222536484 0 222548770 0
6.9e-10 1.28125 1.84375 0 195658698 0 195568573 0
6.9e-10 1.35938 1.92188 0 222950915 1 222937342 0
6.9e-10 1.35938 1.92188 0 224053420 1 224104240 0
6.9e-10 1.26562 1.82812 0 200571444 0 200528668 0
6.9e-10 1.67188 2.23438 0 225848339 0 226045759 0
6.9e-10 1.29688 1.85938 0 254792266 7 254976608 0
6.9e-10 1.54688 1.95312 0 215750873 0 215892890 3
6.9e-10 1.34375 1.90625 0 230826200 0 231038198 0
6.9e-10 1.1875 1.75 0 228196464 0 228085636 0
6.9e-10 1.35938 1.92188 0 227570680 1 227664176 0
6.9e-10 1.29688 1.85938 0 251140501 2 251039667 6
6.9e-10 1.64062 2.04688 0 239653919 0 239735719 0
6.9e-10 1.5625 1.96875 0 208136537 0 208331028 3
6.9e-10 1.64062 2.04688 0 240599420 0 240712606 0
6.9e-10 1.71875 2.28125 0 208401608 3 208463413 0
6.9e-10 1.85938 2.42188 0 220691833 0 220759418 22
6.9e-10 1.21875 1.78125 0 216853785 0 216856489 0
6.9e-10 1.65625 2.21875 0 233485787 0 233516350 0
6.9e-10 1.3125 1.875 0 242723916 3 242684680 0
6.9e-10 1.76562 2.32812 0 195441760 0 195526238 0
6.9e-10 2.26562 2.82812 0 252736454 0 252627445 6
6.9e-10 1.28125 1.84375 0 257007748 2 257062186 0
6.9e-10 1.32812 1.89062 0 239577636 3 239580651 3
6.9e-10 1.73438 2.29688 0 206232086 0 206237473 0
6.9e-10 1.20312 1.76562 0 221261733 0 221281288 0
6.9e-10 1.60938 2 0 257938857 0 257856826 0
6.9e-10 1.20312 1.76562 0 225226058 0 225100146 4
6.9e-10 1.25 1.8125 0 206188312 0 206216073 1
6.9e-10 1.64062 2.03125 0 244191912 0 244296895 0
6.9e-10 1.73438 2.29688 0 204572850 0 204648207 0
6.9e-10 1.54688 1.95312 0 211417924 0 211409016 0
6.9e-10 1.76562 2.32812 0 258012053 4 258016829 0
6.9e-10 1.79688 2.35938 0 243297129 0 243221999 0
6.9e-10 2.28125 2.84375 0 245049305 0 245037047 0
6.9e-10 1.34375 1.90625 0 233707196 0 233611466 0
6.9e-10 1.79688 2.35938 0 241239329 0 241164360 0
6.9e-10 1.34375 1.90625 0 230917966 0 231138338 0
6.9e-10 1.73438 2.29688 0 204301276 0 204207197 0
6.9e-10 1.21875 1.78125 0 217786977 0 217748308 0
6.9e-10 2.125 2.51562 0 243010483 0 243175623 0
6.9e-10 2.125 2.53125 0 238720354 1 238750303 0
6.9e-10 1.1875 1.75 0 227066972 1 227188716 3
6.9e-10 1.3125 1.875 0 243900811 0 243880669 3
6.9e-10 1.73438 2.29688 0 202767106 0 202904490 0
6.9e-10 1.21875 1.78125 0 219389629 0 219352799 0
6.9e-10 2.26562 2.82812 0 250813093 0 250929575 0
6.9e-10 2.10938 2.51562 0 246360616 0 246292346 0
6.9e-10 1.84375 2.40625 0 221550285 0 221654609 0
6.9e-10 1.65625 2.21875 0 234251167 0 234195033 4
6.9e-10 1.1875 1.75 0 227440690 0 227343492 0
6.9e-10 1.60938 2.01562 0 257589628 0 257326789 0
6.9e-10 1.84375 2.40625 0 222405666 0 222348426 0
6.9e-10 1.89062 2.45312 0 207767730 0 207827095 6
6.9e-10 1.375 1.9375 0 220277707 1 220240612 0
6.9e-10 2.20312 2.76562 0 208437794 0 208367197 2
6.9e-10 1.875 2.4375 0 213863650 2 213718934 2
6.9e-10 1.8125 2.375 0 240145430 4 239923730 0
6.9e-10 1.65625 2.21875 0 232597853 0 232475266 5
6.9e-10 2.17188 2.73438 0 221979789 0 222086677 0
6.9e-10 1.34375 1.90625 0 232577665 0 232638213 0
6.9e-10 1.34375 1.90625 0 229099959 0 228989532 0
6.9e-10 2.10938 2.51562 0 248758485 0 248529098 0
6.9e-10 1.54688 1.95312 0 211715186 0 211534594 0
6.9e-10 1.67188 2.23438 0 228763538 0 228834809 0
6.9e-10 1.78125 2.34375 0 251663720 0 251584087 0
6.9e-10 1.71875 2.28125 0 211732461 0 211825244 0
6.9e-10 1.78125 2.34375 0 251454955 2 251462077 0
6.9e-10 1.35938 1.92188 0 227017252 0 227078923 0
6.9e-10 1.57812 1.98438 0 201666025 0 201741435 0
6.9e-10 1.375 1.9375 0 218113485 2 218274164 3
6.9e-10 1.73438 2.29688 0 202887009 0 202969546 3
6.9e-10 1.875 2.4375 0 209852908 0 209870770 2
6.9e-10 1.35938 1.92188 0 224781504 1 224797340 0
6.9e-10 2.10938 2.51562 0 245895742 0 245812718 14
6.9e-10 2.125 2.53125 0 239300940 0 239226959 0
6.9e-10 2.07812 2.48438 0 197155236 0 197083953 0
6.9e-10 2.21875 2.78125 0 205012545 0 205038144 22
6.9e-10 1.8125 2.375 0 236238655 0 236154260 0
6.9e-10 1.70312 2.26562 0 215102929 22 215203511 0
6.9e-10 1.73438 2.29688 0 205874214 0 205791969 0
6.9e-10 1.35938 1.92188 0 224418753 0 224447247 2
6.9e-10 1.625 2.03125 0 247525487 0 247460780 0
6.9e-10 1.85938 2.42188 0 219881676 0 220033819 0
6.9e-10 2.125 2.53125 0 239092046 0 239241777 0
6.9e-10 1.89062 2.45312 0 207504492 0 207549566 0
6.9e-10 1.26562 1.82812 0 198189221 0 198130414 0
6.9e-10 1.21875 1.78125 0 218377430 0 218491964 0
6.9e-10 1.21875 1.78125 0 217754746 0 217706388 0
6.9e-10 1.26562 1.82812 0 197036616 0 197175644 0
6.9e-10 1.79688 2.35938 0 241067368 2 240973560 0
6.9e-10 1.57812 1.96875 0 204779281 0 204698568 0
6.9e-10 1.57812 1.98438 0 200711965 0 200588011 0
6.9e-10 1.6875 2.25 0 224733974 0 224751832 1
6.9e-10 1.78125 2.34375 0 249490679 2 249354928 2
6.9e-10 1.3125 1.875 0 246827660 1 247030232 0
6.9e-10 1.54688 1.9375 0 217050383 0 217117270 0
6.9e-10 2.10938 2.51562 0 245149743 0 245215981 0
6.9e-10 1.20312 1.76562 0 225091875 0 225172268 0
6.9e-10 1.3125 1.875 0 245793425 0 245780431 8
6.9e-10 1.59375 2 0 195776198 4 195747332 0
6.9e-10 2.21875 2.78125 0 203543196 0 203600710 0
6.9e-10 1.89062 2.45312 0 207785890 0 207838625 0
6.9e-10 1.35938 1.92188 0 224197600 1 224115300 0
6.9e-10 1.76562 2.32812 0 255130464 0 255176872 8
6.9e-10 1.625 2.03125 0 244995712 0 245179659 1
6.9e-10 1.73438 2.3125 0 201411708 0 201462878 0
6.9e-10 1.32812 1.89062 0 240799147 2 240899621 0
6.9e-10 1.625 2.01562 0 250645053 0 250609855 0
6.9e-10 1.20312 1.76562 0 221456793 0 221464314 2
6.9e-10 1.35938 1.92188 0 227703277 0 227844885 0
6.9e-10 1.25 1.8125 0 207637654 0 207547199 0
6.9e-10 1.32812 1.89062 0 238233693 0 238347029 1
6.9e-10 1.85938 2.42188 0 216296139 0 216197322 0
6.9e-10 1.65625 2.04688 0 237301039 0 237427400 0
6.9e-10 1.82812 2.39062 0 229507263 79 229569777 0
6.9e-10 1.35938 1.92188 0 225626829 0 225600210 0
6.9e-10 2.25 2.8125 0 259530793 12 259827769 0
6.9e-10 1.28125 1.84375 0 259750252 0 259649063 0
6.9e-10 2.21875 2.78125 0 202031502 0 201906337 0
6.9e-10 1.25 1.8125 0 205844263 0 205779573 0
6.9e-10 1.26562 1.82812 0 201764448 0 201783537 0
6.9e-10 2.25 2.8125 0 256702715 0 256853657 22
6.9e-10 1.20312 1.76562 0 221267531 0 221338384 0
6.9e-10 1.35938 1.92188 0 224757063 0 224746686 0
6.9e-10 1.375 1.9375 0 221224983 0 221427859 0
6.9e-10 1.82812 2.39062 0 232799217 0 232991378 1
6.9e-10 1.875 2.4375 0 211169488 1 211047976 2
6.9e-10 2.10938 2.5 0 250645386 0 250886287 0
6.9e-10 1.75 2.3125 0 201123881 0 201089309 0
6.9e-10 1.26562 1.82812 0 197147579 0 197182200 0
6.9e-10 1.65625 2.21875 0 234137643 0 234235975 0
6.9e-10 1.8125 2.375 0 237109090 0 237127138 3
6.9e-10 1.85938 2.42188 0 220750619 5 220628715 0
6.9e-10 1.34375 1.92188 0 228404591 0 228419726 0
6.9e-10 1.375 1.9375 0 221090506 2 221138239 3
6.9e-10 2.10938 2.51562 0 249248448 0 249657315 0
6.9e-10 1.54688 1.95312 0 215575387 0 215608087 0
6.9e-10 1.35938 1.92188 0 222709634 1 222676024 0
6.9e-10 1.21875 1.79688 0 214214198 0 214189281 0
6.9e-10 1.5625 1.96875 0 206887489 0 206783286 0
6.9e-10 1.5625 1.96875 0 205713613 4 205589556 1
6.9e-10 2.1875 2.75 0 216493898 0 216342785 1
6.9e-10 1.32812 1.89062 0 240460268 1 240319313 0
6.9e-10 1.375 1.9375 0 220097274 67 219934751 0
6.9e-10 1.23438 1.79688 0 210203376 0 210293586 1
6.9e-10 1.3125 1.875 0 241826883 2 241993654 13
6.9e-10 1.67188 2.25 0 225461713 0 225450824 0
6.9e-10 1.64062 2.03125 0 243949806 0 244117671 0
6.9e-10 1.26562 1.82812 0 199910160 0 199957396 3
6.9e-10 2.21875 2.78125 0 206338499 0 206347451 0
6.9e-10 1.28125 1.84375 0 257249776 4 257409956 0
6.9e-10 1.28125 1.84375 0 195531587 3 195585888 1
6.9e-10 2.23438 2.79688 0 200386819 0 200298000 7
6.9e-10 1.35938 1.92188 0 225038984 0 224801810 0
6.9e-10 1.64062 2.04688 0 238770848 0 238870483 0
6.9e-10 2.15625 2.5625 0 225724877 1 225567953 0
6.9e-10 1.57812 1.98438 0 202697477 0 202896988 0
