6.9e-10 23.9531 3.07812 9.92188 41 463615489 52 0
6.9e-10 22.8594 3.375 9.85938 18 0 26 454628483
6.9e-10 23.3906 3.48438 9.96875 33 83225520 17 384810258
6.9e-10 infty 3.40625 9.89062 1343 0 1225 0
6.9e-10 infty 4.03125 9.96875 1141 0 1072 0
6.9e-10 23.7031 2.98438 10 36 0 51 511424275
6.9e-10 infty 3.45312 9.92188 1231 0 1204 0
6.9e-10 infty 2.82812 9.84375 1349 0 1357 0
6.9e-10 infty 2.92188 9.9375 1226 0 1216 0
6.9e-10 infty 2.84375 9.85938 1323 0 1381 0
6.9e-10 infty 3.34375 10 1050 0 1054 0
6.9e-10 infty 2.85938 9.875 1339 0 1262 0
6.9e-10 infty 2.84375 9.85938 1347 0 1396 0
6.9e-10 22.9688 2.98438 10 15 385066505 19 0
6.9e-10 infty 2.98438 10 1128 0 1080 0
6.9e-10 25.3281 3.90625 9.84375 184 409725603 166 0
6.9e-10 27 3.26562 9.9375 951 396851435 893 0
6.9e-10 infty 2.85938 9.875 1299 0 1393 0
6.9e-10 23.2031 2.98438 10 34 0 26 477697847
6.9e-10 25.125 2.89062 9.90625 164 0 175 415724262
6.9e-10 26.0625 3.8125 9.9375 395 406287102 369 0
6.9e-10 infty 2.9375 9.95312 1219 0 1142 0
6.9e-10 22.8281 3.78125 9.90625 23 0 13 485602749
6.9e-10 infty 2.98438 10 1089 0 1069 0
6.9e-10 infty 3.92188 9.85938 1327 0 1362 0
6.9e-10 infty 3.53125 10 1088 112420463 1043 0
6.9e-10 infty 3.0625 9.89062 1255 0 1261 0
6.9e-10 infty 2.9375 9.95312 1118 0 1169 0
6.9e-10 25.6875 3.46875 9.95312 269 417180334 260 0
6.9e-10 infty 3.04688 9.875 1304 0 1337 0
6.9e-10 infty 2.96875 9.98438 1067 0 1046 0
6.9e-10 25.0469 2.82812 9.84375 188 472694127 192 0
6.9e-10 22.0312 3.04688 9.89062 12 0 7 397352130
6.9e-10 infty 3.39062 9.875 1316 0 1286 0
6.9e-10 infty 2.84375 9.85938 1268 0 1395 0
6.9e-10 infty 2.85938 9.875 1334 0 1300 0
6.9e-10 infty 2.875 9.89062 1304 0 1263 0
6.9e-10 infty 3.42188 9.89062 1252 0 1338 0
6.9e-10 infty 3.34375 10 1106 0 1053 0
6.9e-10 infty 3.78125 9.90625 1223 0 1316 0
6.9e-10 23.375 3 9.82812 35 487283210 39 0
6.9e-10 infty 2.96875 9.98438 1125 0 1085 0
6.9e-10 infty 3.85938 9.98438 1068 0 1059 0
6.9e-10 24.9531 3.35938 9.84375 151 409561092 153 0
6.9e-10 infty 2.96875 9.98438 1073 0 1119 0
6.9e-10 infty 2.89062 9.90625 1222 0 1240 0
6.9e-10 24.4062 2.92188 9.9375 59 260493097 65 148561538
6.9e-10 infty 3 9.82812 1430 0 1398 0
6.9e-10 23.4531 3.39062 9.875 24 426776915 19 0
6.9e-10 22.5156 3.57812 9.875 16 51271621 7 385380817
6.9e-10 infty 2.90625 9.92188 1195 0 1219 0
6.9e-10 22.7969 3.04688 9.875 20 509982654 29 0
6.9e-10 infty 2.96875 9.98438 1110 0 1087 0
6.9e-10 infty 3.53125 10 1082 0 1097 0
6.9e-10 infty 3.8125 9.9375 1188 0 1162 0
6.9e-10 24.4375 3.04688 9.875 81 0 72 386375867
6.9e-10 24.0156 3.98438 9.92188 43 0 53 424040741
6.9e-10 23.5469 3.51562 10 25 0 32 499570150
6.9e-10 26.5156 2.85938 9.875 746 0 747 472545147
6.9e-10 infty 3.79688 9.90625 1262 0 1239 0
6.9e-10 infty 2.95312 9.96875 1123 0 1129 0
6.9e-10 infty 3.3125 9.96875 1100 0 1128 0
6.9e-10 infty 3.5 9.98438 1090 0 1115 0
6.9e-10 infty 3.82812 9.9375 1208 0 1193 0
6.9e-10 infty 2.875 9.89062 1280 0 1273 0
6.9e-10 infty 3.92188 9.85938 1338 0 1349 0
6.9e-10 infty 2.90625 9.92188 1160 0 1266 0
6.9e-10 infty 2.82812 9.85938 1363 0 1374 0
6.9e-10 infty 3.32812 9.98438 1106 0 1158 0
6.9e-10 infty 2.95312 9.96875 1220 0 1101 0
6.9e-10 infty 2.92188 9.9375 1196 0 1236 0
6.9e-10 25.0156 4.03125 9.96875 150 495814150 145 0
6.9e-10 infty 3.95312 9.89062 1319 0 1310 0
6.9e-10 infty 2.9375 9.95312 1198 0 1168 0
6.9e-10 26.375 3.54688 9.84375 557 0 591 448375129
6.9e-10 infty 3.3125 9.96875 1105 0 1135 0
6.9e-10 23.5469 4.03125 9.96875 38 493374027 36 0
6.9e-10 infty 2.84375 9.85938 1330 0 1329 0
6.9e-10 22.2812 3 9.84375 10 0 13 481089641
6.9e-10 infty 2.85938 9.875 1325 0 1298 0
6.9e-10 infty 3.29688 9.95312 1111 0 1132 0
6.9e-10 infty 2.96875 9.98438 1083 0 1067 0
6.9e-10 infty 3.4375 9.92188 1267 0 1262 0
6.9e-10 24.6875 3.29688 9.95312 110 471661651 93 0
6.9e-10 infty 3.375 9.84375 1361 0 1343 0
6.9e-10 24.3594 3.03125 9.85938 75 434146336 76 0
6.9e-10 25.3906 2.89062 9.90625 214 494245861 232 0
6.9e-10 infty 3.375 9.85938 1411 0 1473 0
6.9e-10 24.375 2.84375 9.85938 77 0 79 431721071
6.9e-10 23.0625 3.48438 9.96875 13 0 22 443892615
6.9e-10 26.6562 2.875 9.89062 778 0 692 386407382
6.9e-10 24.5156 3.51562 10 80 0 64 462974945
6.9e-10 22.9844 3.0625 9.89062 15 0 20 503575321
6.9e-10 22.3594 3.39062 9.875 11 82239227 13 340532602
6.9e-10 24.9531 3.4375 9.92188 117 0 133 413803415
6.9e-10 22.8906 3.375 9.84375 18 431463689 20 0
6.9e-10 22.0781 3.42188 9.90625 6 360955095 12 124884780
6.9e-10 infty 3.35938 9.82812 1433 0 1415 0
6.9e-10 infty 2.90625 9.92188 1186 0 1195 0
6.9e-10 infty 3.0625 9.90625 1240 0 1241 0
6.9e-10 infty 3.375 9.84375 1383 0 1408 0
6.9e-10 24.4062 3.03125 9.875 65 0 67 408301878
6.9e-10 infty 3.34375 10 1080 0 1114 0
6.9e-10 infty 2.95312 9.96875 1137 0 1126 0
6.9e-10 infty 3.35938 9.82812 1427 0 1441 0
6.9e-10 23.875 2.89062 9.90625 37 390360729 52 0
6.9e-10 24.9844 3.01562 9.85938 145 0 130 390948200
6.9e-10 24.4531 3.42188 9.89062 91 503694843 91 0
6.9e-10 infty 3 9.82812 1390 232786076 1367 0
6.9e-10 infty 3.5 9.96875 1092 0 1095 0
6.9e-10 23.9062 2.96875 9.98438 34 148000459 44 358790207
6.9e-10 infty 3 9.84375 1332 0 1403 0
6.9e-10 infty 2.9375 9.95312 1129 0 1184 0
6.9e-10 24.5469 3.35938 9.84375 90 0 84 439213242
6.9e-10 infty 3 9.84375 1330 0 1457 0
6.9e-10 22.9844 3.29688 9.95312 14 0 23 499751798
6.9e-10 25.5156 3.32812 9.98438 201 0 204 404259945
6.9e-10 24.6719 3.26562 9.92188 123 0 122 473630396
6.9e-10 infty 3.29688 9.95312 1128 0 1168 0
6.9e-10 infty 3.57812 9.875 1340 0 1325 0
6.9e-10 23.9062 3.35938 9.84375 56 502735379 68 0
6.9e-10 infty 4 9.9375 1140 0 1151 0
6.9e-10 infty 3.51562 9.98438 1077 0 1080 0
6.9e-10 infty 3.45312 9.92188 1195 0 1242 0
6.9e-10 26.0625 2.90625 9.92188 360 0 376 404230523
6.9e-10 infty 3.01562 9.85938 1403 0 1363 0
6.9e-10 23.0781 2.875 9.89062 30 146498277 25 287580690
6.9e-10 23.4219 2.98438 10 24 449044223 20 0
6.9e-10 infty 3.26562 9.92188 1197 0 1272 0
6.9e-10 infty 3.78125 9.90625 1292 0 1230 0
6.9e-10 25.0781 4.01562 9.95312 145 0 157 447155290
6.9e-10 infty 3.48438 9.95312 1149 0 1209 0
6.9e-10 26.5 3.40625 9.875 731 0 745 485701189
6.9e-10 24.0312 3.5625 9.85938 52 0 49 410196047
6.9e-10 infty 2.9375 9.95312 1099 0 1139 0
6.9e-10 infty 3.46875 9.95312 1137 0 1172 0
6.9e-10 21.9219 3.90625 9.84375 8 473812488 7 0
6.9e-10 22.1094 2.92188 9.9375 7 187671135 7 276621210
6.9e-10 23.0156 3.5 9.96875 23 481251929 20 0
6.9e-10 infty 3.51562 10 1055 0 1088 0
6.9e-10 22.9219 2.875 9.89062 19 0 13 413537557
6.9e-10 infty 3.9375 9.875 1285 0 1323 0
6.9e-10 infty 2.90625 9.92188 1211 0 1254 0
6.9e-10 25.5625 3.29688 9.95312 261 0 260 504553887
6.9e-10 infty 3.07812 9.92188 1227 0 1274 0
6.9e-10 25.1406 3.3125 9.96875 138 0 159 404315693
6.9e-10 infty 3.59375 9.89062 1271 0 1311 0
6.9e-10 infty 3.0625 9.89062 1287 0 1310 0
6.9e-10 infty 3.39062 9.875 1274 0 1361 0
6.9e-10 infty 3.59375 9.89062 1235 0 1261 0
6.9e-10 infty 3.53125 9.82812 1404 0 1431 0
6.9e-10 25.8281 3.54688 9.84375 309 445809410 342 0
6.9e-10 infty 3.84375 9.95312 1190 0 1125 0
6.9e-10 21.9062 3.04688 9.89062 7 485370486 6 0
6.9e-10 infty 4 9.9375 1212 0 1167 0
6.9e-10 infty 3.53125 10 1063 0 1083 0
6.9e-10 22.75 3 9.82812 11 0 23 410454171
6.9e-10 infty 3.39062 9.875 1281 0 1352 0
6.9e-10 infty 3.3125 9.96875 1155 0 1096 0
6.9e-10 23.5625 2.85938 9.875 36 39856743 43 439075015
6.9e-10 infty 3.35938 9.84375 1384 0 1394 0
6.9e-10 infty 3.95312 9.89062 1348 0 1302 0
6.9e-10 infty 3.53125 9.82812 1464 0 1397 0
6.9e-10 infty 2.90625 9.92188 1169 0 1144 0
6.9e-10 20.5156 3.0625 9.90625 5 809673 2 424705744
6.9e-10 infty 3.28125 9.9375 1233 0 1189 0
6.9e-10 22.8125 3.40625 9.875 19 0 16 489270473
6.9e-10 infty 3.53125 9.82812 1422 0 1346 0
6.9e-10 infty 3.07812 9.90625 1202 0 1256 0
6.9e-10 infty 3.26562 9.92188 1143 0 1220 0
6.9e-10 infty 3.79688 9.92188 1274 0 1220 0
6.9e-10 infty 3.48438 9.95312 1095 0 1142 0
6.9e-10 infty 3.3125 9.96875 1179 0 1103 0
6.9e-10 infty 3.40625 9.875 1318 0 1319 0
6.9e-10 24.5781 3.59375 9.89062 123 0 93 418681916
6.9e-10 infty 3.04688 9.89062 1259 0 1266 0
6.9e-10 infty 2.98438 10 1113 0 1017 0
6.9e-10 24.0469 3.29688 9.95312 57 0 37 402271845
6.9e-10 infty 3.79688 9.92188 1225 0 1209 0
6.9e-10 22.9844 3.5625 9.85938 22 0 31 499098646
6.9e-10 22.5 2.9375 9.95312 8 447886501 12 0
6.9e-10 infty 3.35938 9.84375 1350 0 1369 0
6.9e-10 infty 3.79688 9.92188 1239 0 1180 0
6.9e-10 24.9688 3.46875 9.95312 97 0 106 402281421
6.9e-10 24.125 2.96875 9.98438 47 0 66 472198156
6.9e-10 infty 4.01562 9.95312 1166 0 1172 0
6.9e-10 infty 3.375 9.84375 1360 0 1445 0
6.9e-10 23.9219 3.96875 9.90625 48 494604333 39 0
6.9e-10 infty 3.53125 9.82812 1368 0 1358 0
6.9e-10 24.1875 3.34375 10 59 0 55 427699027
6.9e-10 22.5 3.5625 9.85938 12 450316092 16 0
6.9e-10 infty 2.96875 9.98438 1072 0 1074 0
6.9e-10 24.5 2.89062 9.90625 80 0 100 469893035
6.9e-10 infty 2.9375 9.95312 1147 0 1156 0
6.9e-10 infty 3.03125 9.85938 1299 0 1358 0
6.9e-10 23.5156 3.29688 9.95312 27 388013523 26 0
6.9e-10 23.125 3.46875 9.9375 18 0 19 407745273
6.9e-10 infty 3.03125 9.875 1290 0 1372 0
6.9e-10 infty 3.0625 9.90625 1244 0 1254 0
6.9e-10 infty 2.89062 9.90625 1213 0 1212 0
6.9e-10 infty 3.28125 9.9375 1154 0 1163 0
6.9e-10 24.5781 2.84375 9.85938 116 0 94 417250049
6.9e-10 23.8125 3.92188 9.85938 44 23969596 43 409576702
6.9e-10 22.3594 2.92188 9.9375 7 225794380 10 196832963
6.9e-10 infty 3.35938 9.82812 1362 0 1425 0
6.9e-10 22.4531 3.03125 9.875 9 253974191 16 234457216
6.9e-10 23.875 2.9375 9.95312 33 396171258 36 0
6.9e-10 22.625 3.48438 9.95312 14 0 17 497415669
6.9e-10 infty 3.26562 9.92188 1303 0 1234 0
6.9e-10 infty 3.4375 9.90625 1227 0 1278 0
6.9e-10 22.5625 3.03125 9.875 18 0 7 410366037
6.9e-10 infty 2.98438 10 1080 0 1053 0
6.9e-10 infty 3.46875 9.9375 1150 0 1163 0
6.9e-10 infty 3.26562 9.92188 1186 0 1192 0
6.9e-10 23.9219 2.96875 9.98438 46 492185967 48 0
6.9e-10 infty 3.96875 9.90625 1194 0 1190 0
6.9e-10 infty 3.5625 9.85938 1424 0 1285 0
6.9e-10 infty 2.875 9.89062 1343 0 1247 0
6.9e-10 22.8906 2.875 9.89062 21 0 23 435120485
6.9e-10 22.9219 3.375 9.85938 25 252285816 19 166127309
6.9e-10 infty 2.875 9.89062 1176 0 1275 0
6.9e-10 infty 3.90625 9.84375 1470 0 1399 0
6.9e-10 24.9688 3.5 9.96875 104 0 102 402463323
6.9e-10 21.4375 2.96875 9.98438 2 360347158 1 63308055
6.9e-10 22.4531 3.40625 9.89062 18 380628372 15 106075520
6.9e-10 24.9062 3.07812 9.92188 130 0 127 437239441
6.9e-10 infty 3.04688 9.875 1334 0 1303 0
6.9e-10 infty 3.39062 9.85938 1294 0 1297 0
6.9e-10 24.4688 2.95312 9.96875 82 496908593 72 0
6.9e-10 infty 3.03125 9.875 1375 0 1312 0
6.9e-10 25.7031 3.51562 9.98438 224 9241353 285 394563686
6.9e-10 25.1562 2.875 9.89062 165 0 157 395857434
6.9e-10 23.3438 3.03125 9.85938 27 0 25 509494470
6.9e-10 infty 3.78125 9.90625 1246 0 1246 0
6.9e-10 infty 3 9.82812 1381 0 1352 0
6.9e-10 infty 3.03125 9.85938 1361 0 1330 0
6.9e-10 infty 3.04688 9.89062 1281 0 1267 0
6.9e-10 23.0312 3.96875 9.90625 23 181608832 27 289533728
6.9e-10 infty 3.29688 9.95312 1196 0 1138 0
6.9e-10 24.1875 2.95312 9.96875 59 0 58 435088362
6.9e-10 23.375 2.92188 9.9375 30 486514208 21 0
6.9e-10 21.9062 3.57812 9.875 10 0 8 479886683
6.9e-10 22.0781 3.84375 9.95312 7 0 7 491878535
6.9e-10 infty 2.82812 9.84375 1438 0 1340 0
6.9e-10 24.5625 2.96875 9.98438 72 66265778 78 361135606
6.9e-10 infty 3.03125 9.875 1369 0 1296 0
6.9e-10 infty 3.03125 9.85938 1323 0 1416 0
6.9e-10 23.5156 3.40625 9.875 39 393683089 26 0
6.9e-10 infty 3.375 9.85938 1346 0 1312 0
6.9e-10 27.6094 3.5 9.98438 1082 270620337 1165 0
6.9e-10 infty 3.35938 9.82812 1325 0 1387 0
6.9e-10 infty 2.9375 9.95312 1168 0 1156 0
6.9e-10 25.5625 2.82812 9.84375 338 505304868 343 0
6.9e-10 infty 2.82812 9.84375 1365 0 1370 0
6.9e-10 infty 2.9375 9.95312 1200 0 1159 0
6.9e-10 infty 3.82812 9.9375 1165 0 1246 0
6.9e-10 infty 3.85938 9.98438 1111 0 1111 0
6.9e-10 infty 2.82812 9.84375 1363 0 1349 0
6.9e-10 24.9688 2.875 9.89062 145 0 122 402135487
6.9e-10 infty 3.45312 9.92188 1192 0 1166 0
6.9e-10 infty 3 9.84375 1380 0 1449 0
6.9e-10 infty 2.96875 9.98438 1090 0 1104 0
6.9e-10 infty 3.0625 9.89062 1332 0 1286 0
6.9e-10 infty 3.95312 9.89062 1288 0 1321 0
6.9e-10 21.7188 3 9.84375 7 0 2 484445151
6.9e-10 infty 3.39062 9.875 1326 0 1300 0
6.9e-10 23.4219 3.54688 9.84375 37 445841672 21 0
6.9e-10 infty 2.96875 10 1076 0 1049 0
6.9e-10 infty 2.84375 9.85938 1314 0 1346 0
6.9e-10 infty 3.04688 9.875 1305 0 1290 0
6.9e-10 infty 3.46875 9.95312 1193 0 1186 0
6.9e-10 24.0469 3.9375 9.875 57 403144922 54 0
6.9e-10 25.4062 3 9.84375 239 0 254 477033418
6.9e-10 infty 3.39062 9.85938 1321 0 1338 0
6.9e-10 infty 3.34375 10 1075 0 1043 0
6.9e-10 24.0312 3.875 9.98438 40 412402967 45 0
6.9e-10 infty 3.04688 9.89062 1348 0 1303 0
6.9e-10 20.9219 2.90625 9.92188 3 3549999 1 399075187
6.9e-10 24.1406 3.42188 9.90625 82 462847450 73 0
6.9e-10 infty 3.95312 9.89062 1238 0 1214 0
6.9e-10 24.9219 3.42188 9.89062 155 0 123 436750901
6.9e-10 infty 3.59375 9.89062 1243 0 1343 0
6.9e-10 infty 4.01562 9.95312 1197 0 1135 0
6.9e-10 infty 2.82812 9.84375 1301 0 1372 0
6.9e-10 infty 3.3125 9.96875 1151 0 1118 0
6.9e-10 21.5625 3.84375 9.96875 6 0 4 458462828
6.9e-10 25.5938 3.46875 9.95312 297 0 264 476306013
6.9e-10 infty 3.54688 9.84375 1359 0 1361 0
6.9e-10 infty 2.9375 9.95312 1092 0 1164 0
6.9e-10 27 2.89062 9.90625 911 0 941 393281198
6.9e-10 25.8906 3.0625 9.90625 334 0 264 397133041
6.9e-10 infty 3.51562 9.98438 1105 0 1117 0
6.9e-10 infty 2.90625 9.92188 1237 0 1256 0
6.9e-10 22.8281 2.89062 9.90625 9 408607515 22 71730709
6.9e-10 infty 2.82812 9.84375 1432 0 1471 0
6.9e-10 infty 3.85938 9.98438 1065 0 1084 0
6.9e-10 infty 3.53125 9.82812 1439 0 1388 0
6.9e-10 23.5625 2.90625 9.92188 42 479899738 49 0
6.9e-10 infty 3.90625 9.84375 1332 0 1363 0
6.9e-10 22.4219 3.29688 9.95312 11 510062030 15 0
6.9e-10 infty 3.95312 9.89062 1303 0 1346 0
6.9e-10 22.4844 4.03125 9.96875 13 0 9 458544408
6.9e-10 infty 2.96875 9.98438 1099 0 1092 0
6.9e-10 23.5469 2.85938 9.875 44 488974987 40 0
6.9e-10 infty 2.89062 9.90625 1199 0 1223 0
6.9e-10 22.2656 2.84375 9.85938 9 0 7 483120876
6.9e-10 25.3906 3.53125 9.82812 209 222088543 247 264453520
6.9e-10 infty 2.92188 9.9375 1192 0 1243 0
6.9e-10 24.5 2.89062 9.90625 89 0 83 466706982
6.9e-10 24.6094 2.84375 9.85938 84 398686049 101 0
6.9e-10 infty 3.01562 9.85938 1351 0 1326 0
6.9e-10 infty 3.28125 9.9375 1160 0 1151 0
6.9e-10 21.875 2.90625 9.92188 11 300174993 9 209428306
6.9e-10 23.4688 3.03125 9.85938 32 333528512 35 85444344
6.9e-10 infty 3.375 9.85938 1297 0 1398 0
6.9e-10 infty 3.57812 9.875 1323 0 1312 0
6.9e-10 infty 3 9.84375 1421 0 1404 0
6.9e-10 infty 3.34375 10 1096 0 1149 0
6.9e-10 infty 3.28125 9.9375 1236 0 1207 0
6.9e-10 infty 3.48438 9.96875 1173 0 1132 0
6.9e-10 24.3906 3.5625 9.85938 69 0 76 416574521
6.9e-10 infty 2.9375 9.95312 1207 0 1151 0
6.9e-10 23.5781 3.04688 9.89062 47 0 35 472449848
6.9e-10 24.7969 3 9.82812 119 37190352 100 354287016
6.9e-10 infty 3.53125 9.82812 1390 0 1388 0
6.9e-10 25.4688 2.85938 9.875 232 434718107 238 0
6.9e-10 infty 2.92188 9.9375 1167 0 1229 0
6.9e-10 25.0781 2.84375 9.85938 198 0 173 447134093
6.9e-10 infty 3.79688 9.90625 1197 0 1218 0
6.9e-10 24.0312 2.98438 10 35 0 49 414116241
6.9e-10 infty 2.875 9.89062 1275 0 1312 0
6.9e-10 infty 2.85938 9.875 1255 0 1275 0
6.9e-10 25.6406 3.8125 9.9375 295 442947471 275 0
6.9e-10 infty 3.45312 9.92188 1183 0 1136 0
6.9e-10 infty 2.84375 9.85938 1324 0 1352 0
6.9e-10 infty 3.96875 9.90625 1261 0 1300 0
6.9e-10 infty 2.875 9.89062 1314 0 1304 0
6.9e-10 22.6719 3.875 10 6 456291647 11 0
6.9e-10 infty 2.875 9.89062 1255 0 1254 0
6.9e-10 infty 4.01562 9.95312 1205 0 1130 0
6.9e-10 infty 2.84375 9.85938 1346 0 1341 0
6.9e-10 infty 2.82812 9.84375 1377 0 1337 0
6.9e-10 22.0469 3.45312 9.9375 8 348368765 5 40680744
6.9e-10 23.3281 2.90625 9.92188 17 0 23 395146736
6.9e-10 22.9375 3.32812 9.98438 9 220661857 8 184547978
6.9e-10 25.0625 2.89062 9.90625 171 0 175 467544059
6.9e-10 24.3125 3.39062 9.85938 70 474508079 69 0
6.9e-10 infty 3.39062 9.875 1250 0 1287 0
6.9e-10 infty 3.5625 9.85938 1371 0 1326 0
6.9e-10 22.7344 3.53125 9.82812 17 48497753 18 372751590
6.9e-10 22.4688 3.42188 9.90625 17 291895457 12 182561725
6.9e-10 27.0312 3.53125 10.3438 1319 507495083 1497 0
6.9e-10 infty 3.375 9.85938 1313 0 1393 0
6.9e-10 infty 2.85938 9.875 1280 0 1288 0
6.9e-10 25.0625 3.0625 9.89062 175 0 181 458177615
6.9e-10 23.1719 4.03125 9.96875 24 0 31 502634907
6.9e-10 23.25 3 9.84375 21 446679115 26 0
6.9e-10 infty 3.9375 9.875 1294 0 1352 0
6.9e-10 infty 3.04688 9.89062 1328 0 1320 0
6.9e-10 infty 3.53125 9.82812 1428 0 1402 0
6.9e-10 infty 3.53125 9.82812 1443 0 1398 0
6.9e-10 infty 2.89062 9.90625 1242 0 1223 0
6.9e-10 infty 3.51562 10 1070 0 1086 0
6.9e-10 24.875 2.89062 9.90625 111 0 106 465326138
6.9e-10 infty 2.9375 9.95312 1180 0 1128 0
6.9e-10 23.1094 2.89062 9.90625 17 410297093 22 0
6.9e-10 24.5156 3.07812 9.92188 97 0 82 454260624
6.9e-10 25.0625 3.3125 9.96875 147 0 137 463762591
6.9e-10 24.4219 2.92188 9.9375 74 394693751 53 0
6.9e-10 22.5156 3.03125 9.85938 17 28823366 10 407351399
6.9e-10 24.0625 3.32812 9.98438 41 0 55 395032949
6.9e-10 infty 3.3125 9.96875 1147 0 1150 0
6.9e-10 21.5312 3.45312 9.9375 4 0 10 483549760
6.9e-10 26.0938 2.875 9.89062 410 0 431 391335968
6.9e-10 infty 2.875 9.89062 1253 0 1236 0
6.9e-10 22.3438 3.54688 9.84375 10 0 11 427472750
6.9e-10 infty 3.96875 9.90625 1280 0 1283 0
6.9e-10 25.125 3.26562 9.92188 153 0 152 423873173
6.9e-10 24.5781 3.46875 9.95312 86 0 105 412990597
6.9e-10 22.8125 3.03125 9.85938 21 88955385 24 401480311
6.9e-10 22.9375 2.9375 9.95312 11 32116427 15 371263965
6.9e-10 26.9062 3.95312 9.89062 968 464052655 966 0
6.9e-10 infty 3.5625 9.85938 1343 0 1355 0
6.9e-10 23.1719 2.98438 10 29 267031288 24 235876593
6.9e-10 infty 2.84375 9.85938 1384 0 1263 0
6.9e-10 infty 2.9375 9.95312 1133 0 1186 0
6.9e-10 23.0781 2.875 9.89062 23 436289264 29 0
6.9e-10 infty 3.85938 9.96875 1169 0 1101 0
6.9e-10 infty 2.82812 9.84375 1413 0 1427 0
6.9e-10 24.9375 3.82812 9.9375 118 0 137 422785172
6.9e-10 24.4219 3.39062 9.85938 73 0 78 399428018
6.9e-10 infty 3.95312 9.89062 1280 0 1255 0
6.9e-10 22.9531 2.82812 9.84375 20 0 16 391333951
6.9e-10 infty 3.01562 9.84375 1411 0 1376 0
6.9e-10 23.2969 3.03125 9.85938 16 0 24 412706668
6.9e-10 infty 3.5625 9.875 1354 0 1303 0
6.9e-10 infty 3.51562 9.98438 1068 0 1037 0
6.9e-10 22.9219 2.84375 9.85938 22 211704791 20 204216103
6.9e-10 23.0156 2.85938 9.875 29 480577743 24 0
6.9e-10 infty 3 9.82812 1405 0 1363 0
6.9e-10 infty 4.04688 9.98438 1169 219257419 1116 0
6.9e-10 23.4531 3.42188 9.90625 25 93785230 26 335992598
6.9e-10 26.4531 3.29688 9.95312 511 0 484 393124528
6.9e-10 24.0625 3.5 9.98438 47 396750495 41 0
6.9e-10 infty 2.82812 9.84375 1338 0 1359 0
6.9e-10 24.625 4.01562 9.95312 127 0 103 509640529
6.9e-10 22.9531 3.54688 9.84375 21 396489594 10 0
6.9e-10 infty 2.85938 9.875 1389 0 1313 0
6.9e-10 infty 2.92188 9.9375 1199 0 1190 0
6.9e-10 23.375 3.3125 9.96875 26 0 22 479285598
6.9e-10 infty 2.98438 10 1056 0 1104 0
6.9e-10 25.4375 2.85938 9.89062 236 428553575 248 32309306
6.9e-10 23.4844 2.95312 9.96875 22 125489039 33 281653860
6.9e-10 infty 3.01562 9.85938 1352 0 1329 0
6.9e-10 infty 2.9375 9.95312 1086 0 1144 0
6.9e-10 infty 3.875 9.98438 1049 0 1049 0
6.9e-10 23.5312 2.84375 9.85938 48 0 38 508162749
6.9e-10 23 2.95312 9.96875 18 0 24 493197125
6.9e-10 25.9062 3.57812 9.875 287 0 333 391727153
6.9e-10 infty 3.01562 9.84375 1352 0 1335 0
6.9e-10 22.1094 3.26562 9.92188 10 471218630 9 0
6.9e-10 infty 3.29688 9.95312 1146 0 1149 0
6.9e-10 26.5156 3.32812 9.98438 653 473654973 557 0
6.9e-10 25.4844 3.3125 9.96875 215 429285811 181 0
6.9e-10 25.5781 3.85938 9.98438 256 493547811 272 0
6.9e-10 infty 2.84375 9.85938 1266 0 1378 0
6.9e-10 23.0312 2.85938 9.875 25 466194118 26 0
6.9e-10 infty 3.03125 9.875 1338 0 1317 0
6.9e-10 infty 3.01562 9.85938 1310 0 1422 0
6.9e-10 infty 2.84375 9.85938 1237 0 1424 0
6.9e-10 infty 3.9375 9.875 1329 0 1356 0
6.9e-10 infty 3.04688 9.89062 1321 0 1295 0
6.9e-10 23.4375 3.53125 10 17 0 22 440175598
6.9e-10 24.125 4.01562 9.95312 74 477959181 58 0
6.9e-10 24.9844 3.53125 9.82812 150 0 137 393811781
6.9e-10 21.7188 3.5625 9.85938 7 489275727 7 0
6.9e-10 23.9531 3.79688 9.90625 62 0 65 463559802
6.9e-10 22.9375 3.57812 9.875 20 0 16 403140160
6.9e-10 infty 3.32812 9.98438 1128 0 1100 0
6.9e-10 25.6719 4.01562 9.95312 255 0 315 424236562
6.9e-10 24.2812 3.375 9.84375 73 499830757 77 0
6.9e-10 22.9688 2.89062 9.90625 21 473053188 18 39376564
6.9e-10 infty 2.96875 9.98438 1079 0 1083 0
6.9e-10 infty 3.59375 9.89062 1334 0 1296 0
6.9e-10 infty 3.42188 9.90625 1334 0 1302 0
6.9e-10 infty 3.57812 9.875 1264 0 1281 0
6.9e-10 24.8906 3.5625 9.85938 135 450814852 134 0
6.9e-10 25 3.04688 9.875 190 507141576 179 0
6.9e-10 22.9531 3.42188 9.89062 17 0 21 394963320
6.9e-10 infty 2.9375 9.95312 1167 0 1177 0
6.9e-10 24.4062 3.03125 9.875 63 0 82 404607881
6.9e-10 infty 4 9.9375 1214 0 1229 0
6.9e-10 23.0625 3.51562 9.98438 16 75704677 20 364153242
6.9e-10 26.0312 2.84375 9.85938 447 0 401 425570511
6.9e-10 infty 2.89062 9.90625 1269 0 1228 0
6.9e-10 25.1094 3.46875 9.95312 155 430121341 173 0
6.9e-10 infty 3.3125 9.96875 1130 0 1112 87643928
6.9e-10 25.1406 3.45312 9.9375 168 0 156 411494366
6.9e-10 26.6094 2.9375 9.95312 685 0 666 409180680
6.9e-10 infty 2.9375 9.95312 1144 0 1137 0
6.9e-10 infty 3.42188 9.89062 1288 0 1220 0
6.9e-10 infty 3.89062 9.82812 1435 0 1393 0
6.9e-10 infty 2.82812 9.84375 1328 0 1289 0
6.9e-10 22.3438 2.875 9.89062 11 0 10 429385908
6.9e-10 infty 3.9375 9.875 1357 0 1327 0
6.9e-10 infty 2.9375 9.95312 1144 0 1195 0
6.9e-10 infty 3.51562 10 1074 0 1046 0
6.9e-10 infty 3.79688 9.92188 1189 0 1237 0
6.9e-10 23.9219 3.28125 9.9375 50 0 50 491010140
6.9e-10 infty 3.53125 9.82812 1475 0 1412 0
6.9e-10 infty 3.34375 10 1041 0 1072 0
6.9e-10 24.3594 2.89062 9.90625 86 441760491 81 0
6.9e-10 23.875 3.28125 9.9375 38 0 36 395838416
6.9e-10 infty 3.84375 9.96875 1146 0 1121 0
6.9e-10 23.0625 3.34375 10 19 439672148 17 0
6.9e-10 infty 3.96875 9.90625 1244 0 1281 0
6.9e-10 infty 3.5 9.96875 1122 0 1179 0
6.9e-10 infty 3.84375 9.95312 1146 0 1114 0
6.9e-10 infty 3.5 9.98438 1098 0 1105 0
6.9e-10 25.1719 3.26562 9.92188 151 391872016 162 0
6.9e-10 24.875 3.375 9.85938 134 469737741 129 0
6.9e-10 21.375 2.90625 9.92188 7 448906808 2 17000822
6.9e-10 infty 3.5625 9.85938 1384 0 1323 0
6.9e-10 infty 2.9375 9.95312 1173 0 1226 0
6.9e-10 23.4219 2.96875 9.98438 27 454222484 19 0
6.9e-10 infty 3.28125 9.9375 1186 0 1179 0
6.9e-10 24.0312 3.875 10 43 416455827 41 0
6.9e-10 infty 2.9375 9.95312 1173 0 1099 0
6.9e-10 22.4375 2.875 9.89062 11 451809385 10 50028441
6.9e-10 infty 3.42188 9.89062 1247 0 1314 0
6.9e-10 24.3906 2.9375 9.95312 55 413395308 67 0
6.9e-10 22.8125 3 9.84375 18 107784305 21 384242049
6.9e-10 23.1406 2.9375 9.95312 19 0 21 392634287
6.9e-10 infty 2.84375 9.85938 1240 0 1366 0
6.9e-10 23.0312 3.96875 9.90625 25 471346429 13 0
6.9e-10 infty 3.32812 9.98438 1139 0 1169 0
6.9e-10 26.4844 3.40625 9.89062 720 503279622 725 0
6.9e-10 infty 3.4375 9.90625 1230 0 1238 134791425
6.9e-10 25.0781 2.84375 9.85938 165 445535666 183 0
6.9e-10 24.0156 3.84375 9.95312 41 0 42 424966716
6.9e-10 24.8906 3.04688 9.875 145 450056194 130 0
6.9e-10 26.5312 3.46875 9.9375 655 0 663 465950712
6.9e-10 infty 2.875 9.89062 1236 0 1241 0
6.9e-10 infty 3.90625 9.84375 1428 0 1361 0
6.9e-10 23.8594 2.875 9.89062 44 0 42 407430624
6.9e-10 infty 3.39062 9.875 1343 0 1294 0
6.9e-10 infty 3.46875 9.95312 1198 0 1145 0
6.9e-10 21.8438 3.29688 9.95312 6 0 4 393645800
6.9e-10 24.4688 2.96875 9.98438 84 0 79 492119114
6.9e-10 23.4531 2.90625 9.92188 26 0 26 429204148
6.9e-10 infty 3.07812 9.90625 1308 0 1219 0
6.9e-10 23.9688 3.59375 9.90625 57 61519478 52 392980894
6.9e-10 infty 3.01562 9.85938 1404 0 1390 0
6.9e-10 26.1875 3.45312 9.92188 502 0 521 449769911
6.9e-10 24.9375 2.9375 9.95312 122 0 110 420863833
6.9e-10 infty 3.01562 9.84375 1341 0 1357 0
6.9e-10 infty 2.84375 9.85938 1264 0 1307 0
6.9e-10 infty 2.92188 9.9375 1220 0 1191 0
6.9e-10 infty 3.875 9.98438 1087 0 1087 0
6.9e-10 infty 3.32812 9.98438 1090 0 1096 0
6.9e-10 22.4375 3.07812 9.92188 14 492426344 8 0
6.9e-10 infty 2.96875 9.98438 1079 0 1049 0
6.9e-10 infty 3.01562 9.85938 1397 0 1332 0
6.9e-10 23.5312 3.45312 9.9375 44 512199723 26 0
6.9e-10 infty 3 9.82812 1420 0 1399 0
6.9e-10 23.9375 2.98438 10 36 481559700 54 0
6.9e-10 infty 2.95312 9.96875 1125 0 1109 0
6.9e-10 infty 3.07812 9.92188 1181 0 1244 0
6.9e-10 infty 3.98438 9.92188 1221 0 1173 0
6.9e-10 24.5781 2.92188 9.9375 95 415868695 87 0
6.9e-10 infty 3.35938 9.82812 1478 0 1400 0
6.9e-10 infty 3.32812 9.98438 1069 0 1070 0
6.9e-10 infty 3.35938 9.82812 1416 0 1490 0
6.9e-10 25.0625 3.40625 9.89062 186 0 158 462286118
6.9e-10 23.125 2.96875 9.98438 18 264408178 25 135024785
6.9e-10 21.7812 2.875 9.89062 5 0 10 435151987
6.9e-10 infty 3.54688 9.84375 1366 0 1431 0
6.9e-10 infty 3.40625 9.875 1255 0 1308 0
6.9e-10 infty 3.35938 10.3438 1382 0 1384 0
6.9e-10 infty 3.45312 9.9375 1142 0 1240 0
6.9e-10 25.1094 3.39062 9.875 184 0 163 430098566
6.9e-10 23.9844 3.53125 9.82812 56 0 57 439542641
6.9e-10 21.7344 3.57812 9.875 6 474667877 6 0
6.9e-10 infty 3.42188 9.89062 1220 0 1224 0
6.9e-10 24.4219 3.0625 9.90625 73 393413345 65 0
6.9e-10 infty 2.96875 9.98438 1139 0 1096 0
6.9e-10 22.875 2.96875 9.98438 16 0 12 443030389
6.9e-10 21.9375 2.89062 9.90625 7 286060611 8 176084775
6.9e-10 23.4844 3.9375 9.875 31 0 30 410233057
6.9e-10 26.0938 3.51562 9.98438 338 0 365 389563959
6.9e-10 22.6719 3.34375 10 19 455601567 11 0
6.9e-10 infty 4.03125 9.96875 1187 0 1174 0
6.9e-10 23.5156 3.26562 9.9375 32 165569880 29 226284933
6.9e-10 23.1094 2.95312 9.96875 19 354551864 22 60096977
6.9e-10 23 2.84375 9.85938 22 487574746 27 0
6.9e-10 infty 2.85938 9.875 1338 0 1326 0
6.9e-10 25.7188 4.03125 9.96875 262 0 264 393564656
6.9e-10 23.0938 3.45312 9.92188 26 425072545 25 0
6.9e-10 infty 2.875 9.89062 1256 0 1256 0
6.9e-10 infty 3 9.84375 1382 0 1402 0
6.9e-10 infty 2.85938 9.875 1267 0 1340 0
6.9e-10 24.5312 2.95312 9.96875 72 447985995 92 0
6.9e-10 26.1562 3.78125 9.90625 517 469927827 513 0
6.9e-10 infty 3.45312 9.9375 1171 0 1191 0
6.9e-10 22.125 2.98438 10 8 454576665 16 1485443
6.9e-10 25.6406 4.03125 9.96875 253 0 248 441002886
6.9e-10 22.875 2.875 9.89062 17 0 28 448070903
6.9e-10 24.6406 3.28125 9.9375 123 505137500 103 0
6.9e-10 22.875 3.04688 9.89062 14 0 16 447467139
6.9e-10 23.9219 3.82812 9.95312 57 0 50 492107499
6.9e-10 infty 3.32812 9.98438 1122 0 1107 0
6.9e-10 infty 2.9375 9.95312 1170 0 1164 0
6.9e-10 21.5312 3.28125 9.9375 4 0 7 487733789
6.9e-10 23.0938 3.28125 9.9375 22 395097738 25 29249317
6.9e-10 infty 2.85938 9.875 1309 0 1363 0
6.9e-10 infty 3.35938 9.82812 1345 0 1424 0
6.9e-10 infty 2.82812 9.84375 1337 0 1345 0
6.9e-10 infty 3.01562 9.85938 1386 0 1339 0
6.9e-10 23.6094 2.9375 9.95312 41 0 32 446329905
6.9e-10 25.7812 3.34375 10 343 477333985 332 0
6.9e-10 24 3.0625 9.89062 46 0 46 436861516
6.9e-10 25.9375 3.8125 9.9375 399 0 367 493463803
6.9e-10 23.1719 2.95312 9.96875 25 0 32 505324746
6.9e-10 infty 3.07812 9.92188 1219 0 1230 0
6.9e-10 infty 2.98438 10 1090 0 1022 0
6.9e-10 infty 3.53125 10 1085 0 996 0
6.9e-10 23.0469 3.95312 9.89062 20 0 28 459283121
6.9e-10 infty 3.45312 9.9375 1159 0 1162 0
6.9e-10 infty 2.90625 9.92188 1226 0 1190 0
6.9e-10 24.4688 3.48438 9.96875 78 487000858 95 0
6.9e-10 26.4375 3.45312 9.9375 491 0 516 401174937
6.9e-10 infty 3.3125 9.96875 1123 0 1156 0
6.9e-10 infty 3.8125 9.9375 1242 0 1228 0
6.9e-10 infty 3.0625 9.89062 1248 0 1286 0
6.9e-10 infty 3.34375 10 1081 0 1091 0
6.9e-10 24.1562 4.01562 9.95312 62 456506189 65 0
6.9e-10 infty 3.90625 9.84375 1414 0 1406 0
6.9e-10 infty 3.4375 9.92188 1240 0 1279 0
6.9e-10 23.2812 3.03125 9.875 16 422928809 18 0
6.9e-10 24.0312 3 9.82812 57 415334747 60 0
6.9e-10 infty 3.29688 9.95312 1152 0 1196 0
6.9e-10 26.0156 3.53125 9.82812 474 444579338 481 0
6.9e-10 infty 2.82812 9.84375 1344 0 1351 0
6.9e-10 23.3438 2.84375 9.85938 28 128808627 28 384297800
6.9e-10 infty 3.57812 9.875 1289 0 1368 0
6.9e-10 23.5156 3.3125 9.96875 30 387262188 28 0
6.9e-10 infty 2.82812 9.84375 1377 0 1365 0
6.9e-10 22.4219 3.9375 9.875 13 0 10 505135632
6.9e-10 24.0156 3.42188 9.89062 42 0 49 422391504
6.9e-10 25.6562 2.84375 9.85938 322 436608118 329 0
6.9e-10 23.6406 3.875 10 35 412501565 26 15291867
6.9e-10 infty 2.89062 9.90625 1222 0 1212 0
6.9e-10 24.4688 2.89062 9.90625 88 4831085 96 482705157
6.9e-10 25.4844 3.39062 9.85938 246 0 209 428366149
6.9e-10 infty 3.54688 9.84375 1358 0 1336 0
6.9e-10 infty 2.92188 9.9375 1193 0 1112 0
6.9e-10 infty 3.01562 9.84375 1302 0 1383 0
6.9e-10 23.8438 2.90625 9.92188 38 416747508 38 0
6.9e-10 20.8281 2.89062 9.90625 3 451046728 3 8767852
6.9e-10 23.875 3.0625 9.89062 44 398959329 45 0
6.9e-10 23.5 3.48438 9.95312 23 398515211 31 0
6.9e-10 infty 2.85938 9.875 1369 0 1311 0
6.9e-10 infty 3.57812 9.875 1353 0 1397 0
6.9e-10 infty 3.29688 9.95312 1195 0 1159 0
6.9e-10 infty 2.95312 9.96875 1158 0 1101 0
6.9e-10 infty 2.95312 9.96875 1165 0 1174 0
6.9e-10 infty 2.89062 9.90625 1285 0 1319 0
6.9e-10 infty 3.82812 9.95312 1154 0 1160 0
6.9e-10 22.7344 3.35938 9.82812 10 0 16 416386131
6.9e-10 22.3125 3.40625 9.89062 9 215015890 4 242832810
6.9e-10 24.5781 3.32812 9.98438 79 414466306 87 0
6.9e-10 25.0156 3.48438 9.96875 141 0 142 492492672
6.9e-10 24.9062 3.4375 9.92188 152 0 120 445996889
6.9e-10 infty 3.35938 9.84375 1399 0 1342 0
6.9e-10 27.0156 3.39062 9.875 956 0 1020 389935648
6.9e-10 infty 3 9.82812 1392 0 1436 0
6.9e-10 24.9688 3.57812 9.875 132 0 137 399428369
6.9e-10 23.4375 3.54688 9.84375 38 434946527 25 0
6.9e-10 22.7969 2.84375 9.85938 19 506210982 20 0
6.9e-10 infty 3.32812 9.98438 1097 0 1102 0
6.9e-10 22.4531 3.89062 9.82812 10 482994915 9 0
6.9e-10 infty 3.42188 9.89062 1233 0 1194 0
6.9e-10 infty 3.3125 9.96875 1144 0 1194 0
6.9e-10 25.4844 3.51562 10 207 0 178 424898652
6.9e-10 23.9531 2.89062 9.90625 43 462968624 48 0
6.9e-10 infty 3.375 9.85938 1303 0 1372 0
6.9e-10 infty 3.5625 9.85938 1419 0 1382 0
6.9e-10 infty 3.90625 9.84375 1399 0 1349 0
6.9e-10 infty 3.29688 9.95312 1168 0 1146 0
6.9e-10 24.4375 3.39062 9.85938 97 511581009 90 0
6.9e-10 infty 2.9375 9.95312 1165 0 1176 0
6.9e-10 23.5312 3.95312 9.89062 41 505693584 39 0
6.9e-10 infty 3.04688 9.875 1311 0 1299 0
6.9e-10 23.8906 3.54688 9.84375 67 507519501 63 0
6.9e-10 23.1094 3.28125 9.9375 20 353044425 15 55964558
6.9e-10 23.4844 3.28125 9.9375 29 412504299 22 0
6.9e-10 26.1094 3.54688 9.84375 587 506094594 548 0
6.9e-10 infty 3.92188 9.85938 1371 0 1439 0
6.9e-10 infty 4.03125 9.96875 1115 0 1198 0
6.9e-10 infty 3.39062 9.85938 1316 0 1316 0
6.9e-10 24.0938 2.96875 9.98438 57 497855144 57 0
6.9e-10 infty 3.39062 9.85938 1363 0 1310 0
6.9e-10 23.5625 2.96875 9.98438 33 0 33 487743598
6.9e-10 infty 4.01562 9.95312 1128 230426714 1086 0
6.9e-10 infty 2.96875 9.98438 1119 0 1072 0
6.9e-10 22.9062 3.04688 9.89062 17 62114132 21 359456932
6.9e-10 25.1094 2.92188 9.9375 167 433057154 171 0
6.9e-10 infty 3.03125 9.875 1289 0 1293 0
6.9e-10 infty 4.01562 9.95312 1121 0 1118 0
6.9e-10 infty 3.35938 9.82812 1453 0 1409 0
6.9e-10 infty 3.32812 9.98438 1096 0 1080 0
6.9e-10 23.9844 3.3125 9.96875 46 0 49 443470280
6.9e-10 infty 3 9.82812 1384 0 1431 0
6.9e-10 infty 3.04688 9.875 1276 0 1228 0
6.9e-10 infty 3.0625 9.89062 1307 0 1289 0
6.9e-10 infty 2.85938 9.875 1336 0 1299 0
6.9e-10 23.5156 3.57812 9.875 28 387229239 39 0
6.9e-10 infty 3.46875 9.9375 1189 0 1151 0
6.9e-10 23.2031 3.34375 10 25 0 21 469917814
6.9e-10 23.8438 3.53125 9.82812 43 0 41 416436412
6.9e-10 infty 2.95312 9.96875 1154 0 1050 0
6.9e-10 24.5625 3.01562 9.84375 77 426281372 105 0
6.9e-10 24.0156 3.54688 9.84375 45 426854852 74 0
6.9e-10 infty 3.34375 10 1054 0 1107 0
6.9e-10 infty 2.84375 9.85938 1353 0 1337 0
6.9e-10 infty 2.92188 9.95312 1166 0 1230 0
6.9e-10 infty 3.90625 9.84375 1386 0 1416 0
6.9e-10 infty 3.46875 9.9375 1213 0 1249 0
6.9e-10 22.75 3.01562 9.84375 13 20412985 15 388900557
6.9e-10 infty 2.875 9.89062 1293 0 1318 0
6.9e-10 infty 2.89062 9.90625 1271 0 1337 0
6.9e-10 24.3594 3.92188 9.85938 70 443704925 59 0
6.9e-10 24.1875 3.48438 9.96875 57 338595088 77 89661671
6.9e-10 26.9844 3.92188 9.85938 970 0 1051 406415656
6.9e-10 infty 3.48438 9.96875 1148 0 1196 0
6.9e-10 infty 3.51562 10 1029 0 1103 0
6.9e-10 26.2344 3.3125 9.96875 488 0 509 415890361
6.9e-10 infty 2.92188 9.9375 1149 0 1185 0
6.9e-10 infty 2.96875 9.98438 1057 0 1129 0
6.9e-10 infty 3.34375 10 1060 0 1071 0
6.9e-10 infty 3.03125 9.875 1344 0 1266 0
6.9e-10 25.0938 3.29688 9.95312 159 0 156 442177505
6.9e-10 26.7188 3.40625 9.89062 973 466113480 995 0
6.9e-10 infty 2.82812 9.84375 1383 0 1424 0
6.9e-10 infty 3.8125 9.9375 1213 0 1237 0
6.9e-10 infty 3.51562 9.98438 1108 0 1096 0
6.9e-10 infty 3.84375 9.95312 1142 0 1166 0
6.9e-10 23.4062 3.48438 9.95312 27 0 30 456390240
6.9e-10 23.3281 3.375 9.85938 25 0 24 393173106
6.9e-10 24.1719 2.95312 9.96875 69 0 64 438174226
6.9e-10 24.4844 3.5625 9.85938 117 367242737 94 114596216
6.9e-10 23.8125 2.84375 9.85938 39 429893152 29 0
6.9e-10 infty 3.54688 9.84375 1476 0 1354 0
6.9e-10 21.9062 4.03125 9.96875 7 481545223 3 0
6.9e-10 22.8125 3.35938 9.84375 26 497121887 15 0
6.9e-10 infty 3.04688 9.875 1376 0 1345 0
6.9e-10 24.9844 2.96875 9.98438 98 0 101 391666912
6.9e-10 infty 3.07812 9.92188 1234 0 1186 0
6.9e-10 22.3438 3.85938 9.96875 13 431921044 11 0
6.9e-10 24.1406 2.9375 9.95312 77 464824067 54 0
6.9e-10 infty 3.59375 9.89062 1272 0 1301 0
6.9e-10 infty 3.03125 9.85938 1386 0 1337 0
6.9e-10 infty 3.82812 9.95312 1173 0 1209 0
6.9e-10 infty 3.3125 9.96875 1142 0 1167 0
6.9e-10 infty 3.84375 9.96875 1170 0 1113 0
6.9e-10 infty 3.34375 10 1053 0 1024 0
6.9e-10 22.5781 2.96875 9.98438 7 402267468 12 0
6.9e-10 infty 2.875 9.89062 1278 0 1275 0
6.9e-10 infty 3.3125 9.96875 1072 0 1180 0
6.9e-10 infty 2.98438 10 1063 0 1089 0
6.9e-10 infty 3.4375 9.92188 1174 0 1216 0
6.9e-10 infty 4.03125 9.96875 1083 0 1157 0
6.9e-10 infty 3.4375 9.92188 1229 0 1273 0
6.9e-10 23.3594 3.4375 9.90625 24 0 25 501232359
6.9e-10 22.3281 2.875 9.89062 8 0 8 439304678
6.9e-10 infty 2.9375 9.95312 1130 0 1180 0
6.9e-10 infty 2.84375 9.85938 1362 0 1292 0
6.9e-10 infty 3 9.82812 1376 0 1403 0
6.9e-10 24.4531 3.84375 9.95312 75 186402373 99 321794897
6.9e-10 infty 2.96875 9.98438 1111 0 1104 0
6.9e-10 infty 2.89062 9.90625 1255 0 1280 0
6.9e-10 infty 3.84375 9.96875 1116 0 1080 0
6.9e-10 22 3.04688 9.875 8 0 5 414022238
6.9e-10 21.2188 3.375 9.84375 3 0 4 444289237
6.9e-10 24.9062 3.92188 9.85938 146 0 142 439359044
6.9e-10 infty 2.90625 9.92188 1257 0 1238 0
6.9e-10 infty 3.92188 9.85938 1353 0 1419 0
6.9e-10 infty 3.03125 9.85938 1266 0 1323 0
6.9e-10 infty 3.32812 9.98438 1030 0 1058 0
6.9e-10 22.5781 3.04688 9.89062 9 0 10 400814817
6.9e-10 infty 3.29688 9.95312 1162 0 1125 0
6.9e-10 infty 2.90625 9.92188 1232 0 1238 0
6.9e-10 infty 3.29688 9.95312 1126 0 1144 0
6.9e-10 23.5469 3.85938 9.98438 33 497254056 41 0
6.9e-10 infty 3.84375 9.95312 1194 0 1141 0
6.9e-10 23.625 3.8125 9.9375 31 433784072 37 0
6.9e-10 24.9844 3 9.84375 133 390918006 140 0
6.9e-10 infty 4.01562 9.95312 1166 0 1101 0
6.9e-10 24.5625 3 9.82812 116 421745155 102 0
6.9e-10 23.5781 2.98438 10 38 154930900 24 321081033
6.9e-10 infty 2.89062 9.90625 1278 0 1281 0
6.9e-10 infty 3.39062 9.875 1299 0 1362 0
6.9e-10 infty 3 9.84375 1322 0 1404 0
6.9e-10 infty 3.34375 10 1062 0 1077 0
6.9e-10 27 3.78125 9.90625 965 393472584 981 0
6.9e-10 infty 2.82812 9.84375 1337 0 1402 0
6.9e-10 23.9531 2.92188 9.9375 71 0 49 469699966
6.9e-10 26.125 2.90625 9.92188 520 488739482 505 0
6.9e-10 infty 2.96875 9.98438 1064 0 1103 0
6.9e-10 infty 2.90625 9.92188 1229 0 1163 0
6.9e-10 infty 3.04688 9.89062 1290 0 1237 0
6.9e-10 infty 2.85938 9.875 1303 0 1238 0
6.9e-10 infty 3.0625 9.90625 1240 0 1290 0
6.9e-10 infty 3.3125 9.96875 1134 0 1110 0
6.9e-10 infty 2.98438 10 1018 0 1061 0
6.9e-10 infty 3.5625 9.85938 1405 0 1380 0
6.9e-10 infty 3.34375 10 1015 0 1100 0
6.9e-10 24.1406 2.9375 9.95312 75 0 58 462970424
6.9e-10 infty 3.90625 9.84375 1386 0 1372 0
6.9e-10 25.1719 3.28125 9.9375 157 0 141 391108175
6.9e-10 infty 3.32812 9.98438 1110 0 1099 0
6.9e-10 24.0312 2.98438 10 39 0 39 411658459
6.9e-10 23.4531 2.92188 9.9375 28 428940005 28 0
6.9e-10 infty 3.85938 9.98438 1082 0 1130 0
6.9e-10 25.125 2.98438 10 153 419211971 129 0
6.9e-10 22.4375 3.0625 9.90625 8 186878768 10 305873970
6.9e-10 infty 3.3125 9.96875 1184 0 1187 0
6.9e-10 23.8594 2.85938 9.875 35 23678303 39 382279024
6.9e-10 infty 2.82812 9.84375 1392 0 1368 0
6.9e-10 infty 2.95312 9.96875 1142 0 1120 0
6.9e-10 infty 3.46875 9.95312 1133 0 1193 0
6.9e-10 23.8438 3.79688 9.92188 40 0 41 416507367
6.9e-10 infty 2.92188 9.9375 1171 0 1191 0
6.9e-10 21.5312 3.48438 9.96875 3 0 8 482504180
6.9e-10 24.1562 3.4375 9.92188 80 0 61 446531618
6.9e-10 infty 3.375 9.84375 1357 0 1397 0
6.9e-10 infty 3.34375 10 1071 0 1081 0
6.9e-10 21.8594 2.95312 9.96875 4 120291225 3 270620286
6.9e-10 22.5156 3.54688 9.84375 9 0 14 438377794
6.9e-10 infty 3.5625 9.85938 1354 0 1320 0
6.9e-10 infty 3.35938 9.82812 1404 0 1414 0
6.9e-10 infty 3.39062 9.875 1309 0 1283 0
6.9e-10 infty 3.53125 10 1067 0 1064 0
6.9e-10 infty 2.96875 9.98438 1035 0 1129 0
6.9e-10 infty 2.96875 9.98438 1148 0 1125 0
6.9e-10 22.9219 3.875 10 19 0 11 418717168
6.9e-10 22.7969 2.875 9.89062 17 506164209 19 0
6.9e-10 infty 2.82812 9.84375 1299 0 1387 0
6.9e-10 21.9219 2.875 9.89062 10 0 13 473657389
6.9e-10 infty 3.92188 9.85938 1314 0 1342 0
6.9e-10 23.5312 2.98438 10 34 503064046 33 0
6.9e-10 infty 3.04688 9.89062 1232 0 1269 0
6.9e-10 infty 3.3125 9.96875 1125 0 1165 0
6.9e-10 infty 3.39062 9.85938 1373 0 1388 0
6.9e-10 24.3281 3.59375 9.89062 78 0 87 457954482
6.9e-10 infty 3.8125 9.9375 1225 0 1240 0
6.9e-10 23.5312 3.79688 9.90625 33 0 47 510341636
6.9e-10 infty 3.84375 9.96875 1144 0 1150 0
6.9e-10 24.6406 3.28125 9.9375 138 503328697 102 0
6.9e-10 infty 2.98438 10 1150 0 1050 0
6.9e-10 infty 3 10.3438 1400 0 1410 0
6.9e-10 infty 3.34375 10 987 0 1062 0
6.9e-10 24 3.03125 9.875 55 0 52 427433233
6.9e-10 23.1094 2.95312 9.96875 16 92576702 20 319672432
6.9e-10 24.4531 2.98438 10 75 0 77 505242495
6.9e-10 23.0312 3.34375 10 22 462709111 19 0
6.9e-10 infty 3.32812 9.98438 1100 0 1107 0
6.9e-10 infty 3.96875 9.90625 1241 0 1251 0
6.9e-10 infty 3.5 9.98438 1100 0 1038 0
6.9e-10 23.6406 3.8125 9.92188 38 0 33 422471838
6.9e-10 infty 3.42188 9.90625 1253 0 1267 0
6.9e-10 27.6094 3.90625 9.84375 1391 275400812 1303 0
6.9e-10 infty 3.07812 9.90625 1272 0 1209 0
6.9e-10 23.5469 3.46875 9.9375 39 0 43 491725975
6.9e-10 25.5156 3.5625 9.85938 252 407670728 232 0
6.9e-10 22.3281 2.90625 9.92188 6 440439118 9 0
6.9e-10 infty 3.9375 9.875 1287 0 1245 0
6.9e-10 infty 3.8125 9.92188 1186 0 1176 0
6.9e-10 infty 3.26562 9.92188 1216 0 1186 0
6.9e-10 22.8281 2.89062 9.90625 14 0 10 483323501
6.9e-10 infty 2.96875 9.98438 1112 0 1053 0
6.9e-10 infty 3.34375 10 1081 0 1100 0
6.9e-10 25.1406 3.98438 9.92188 157 0 129 409821883
6.9e-10 infty 3.29688 9.95312 1157 0 1150 0
6.9e-10 infty 3.5625 9.85938 1344 0 1383 0
6.9e-10 infty 3.95312 9.89062 1301 0 1312 0
6.9e-10 24.6562 2.98438 10 108 0 102 492504798
6.9e-10 22.4844 2.90625 9.92188 10 0 9 458140201
6.9e-10 infty 3.51562 9.98438 1040 0 1144 0
6.9e-10 infty 3.35938 9.84375 1403 0 1399 0
6.9e-10 infty 4.01562 9.95312 1116 0 1097 0
6.9e-10 infty 3.875 10 1069 0 1085 0
6.9e-10 infty 2.92188 9.9375 1113 0 1181 0
6.9e-10 infty 3.51562 9.98438 1153 0 1071 0
6.9e-10 23.4844 2.98438 10 26 412019873 31 0
6.9e-10 infty 3.34375 10 1123 0 1032 0
6.9e-10 infty 3.98438 9.92188 1185 0 1277 0
6.9e-10 23.3906 3.45312 9.92188 28 474711443 29 0
6.9e-10 infty 3.39062 9.85938 1300 0 1305 0
6.9e-10 infty 4 9.9375 1143 0 1172 0
6.9e-10 24.4062 2.92188 9.9375 73 404623233 53 0
6.9e-10 infty 2.90625 9.9375 1211 0 1181 0
6.9e-10 infty 2.82812 9.84375 1338 0 1414 0
6.9e-10 infty 3.03125 9.85938 1293 0 1358 0
6.9e-10 infty 3.96875 9.90625 1279 0 1256 0
6.9e-10 22.4375 3.48438 9.95312 15 500218754 10 0
6.9e-10 21.8906 3.53125 10 7 0 7 493429798
6.9e-10 infty 3.51562 10 1080 0 1038 0
6.9e-10 infty 3.5 9.96875 1102 0 1084 0
6.9e-10 infty 2.92188 9.9375 1168 0 1206 0
6.9e-10 infty 2.9375 9.95312 1179 0 1195 0
6.9e-10 infty 3.0625 9.89062 1234 0 1346 0
6.9e-10 infty 2.92188 9.9375 1161 0 1133 0
6.9e-10 24.6562 3.0625 9.90625 120 486287906 136 0
6.9e-10 24.8906 2.82812 9.84375 140 450985712 134 0
6.9e-10 24.875 3.89062 9.82812 154 470085091 130 0
6.9e-10 infty 3.07812 9.92188 1222 0 1221 0
6.9e-10 22 3.07812 9.92188 1 0 10 411341283
6.9e-10 23.0312 2.95312 9.96875 22 0 21 461637965
6.9e-10 27.1094 2.98438 10 1087 0 1090 449602451
6.9e-10 23.5469 3.4375 9.92188 29 97268336 39 394701587
6.9e-10 23.0938 2.90625 9.92188 22 421118854 17 0
6.9e-10 25.2031 3.28125 9.9375 201 498021309 206 0
6.9e-10 infty 3.85938 9.96875 1092 0 1112 0
6.9e-10 22.3281 2.875 9.89062 10 446215622 5 0
6.9e-10 23.5625 2.90625 9.92188 35 0 33 485287273
6.9e-10 infty 3.8125 9.9375 1236 0 1201 0
6.9e-10 infty 3.375 9.85938 1412 0 1329 0
6.9e-10 24.3906 3.45312 9.9375 68 417932415 72 0
6.9e-10 23 3.57812 9.875 27 486476534 31 0
6.9e-10 infty 3.46875 9.9375 1218 0 1154 0
6.9e-10 23.875 3.0625 9.89062 34 393167841 47 0
6.9e-10 infty 3.39062 9.875 1357 0 1355 0
6.9e-10 infty 2.95312 9.96875 1025 0 1093 0
6.9e-10 infty 3.01562 9.85938 1293 0 1365 0
6.9e-10 infty 3.04688 9.89062 1295 0 1356 0
6.9e-10 27.1562 2.92188 9.9375 1131 0 1143 418161388
6.9e-10 infty 2.90625 9.92188 1210 0 1207 0
6.9e-10 24.5156 2.9375 9.95312 75 17231647 79 438728175
6.9e-10 27.5156 3.51562 9.98438 1057 0 1113 316092965
6.9e-10 24.875 2.85938 9.875 130 0 123 459765461
6.9e-10 25.4531 2.96875 9.98438 207 0 190 448213739
6.9e-10 infty 2.85938 9.875 1244 0 1334 0
6.9e-10 infty 3.84375 9.96875 1147 0 1149 0
6.9e-10 26.0469 2.92188 9.9375 354 414138569 382 0
6.9e-10 22.4844 2.84375 9.85938 8 0 21 461201538
6.9e-10 infty 3.57812 9.875 1332 0 1263 0
6.9e-10 25.6719 3.42188 9.89062 303 427625687 299 0
6.9e-10 23.5469 2.90625 9.92188 43 0 27 490582390
6.9e-10 25.0781 2.90625 9.92188 139 0 160 446253668
6.9e-10 infty 3 9.84375 1392 0 1451 0
6.9e-10 24.8281 2.82812 9.84375 148 0 126 497346154
6.9e-10 22.5938 3.34375 10 10 389074534 14 0
6.9e-10 infty 2.875 9.89062 1266 0 1281 0
6.9e-10 22.4844 3.39062 9.875 2 461516955 19 0
6.9e-10 25.5469 3.875 9.98438 196 0 202 389159256
6.9e-10 infty 3.84375 9.96875 1183 0 1147 0
6.9e-10 infty 3.96875 9.90625 1259 0 1227 0
6.9e-10 infty 3.04688 9.875 1348 0 1302 0
6.9e-10 infty 2.98438 10 1102 0 1056 0
6.9e-10 24 3.95312 9.89062 55 428565698 47 0
6.9e-10 infty 3.04688 9.875 1295 0 1284 0
6.9e-10 infty 2.85938 9.89062 1229 0 1300 0
6.9e-10 25.0781 3.39062 9.85938 172 0 170 455740517
6.9e-10 infty 2.85938 9.875 1334 0 1318 0
6.9e-10 infty 3.34375 10 1066 0 1090 0
6.9e-10 infty 3.3125 9.96875 1091 0 1165 0
6.9e-10 infty 2.95312 9.96875 1137 0 1126 0
6.9e-10 infty 3.3125 9.96875 1111 0 1133 0
6.9e-10 24.0156 3.82812 9.9375 45 227367288 43 192852882
6.9e-10 infty 3.35938 9.82812 1470 0 1463 0
6.9e-10 infty 3.46875 9.9375 1161 0 1171 0
6.9e-10 23.2969 2.85938 9.875 18 412423852 18 0
6.9e-10 24.5312 3.28125 9.9375 71 0 93 451026482
6.9e-10 25.3594 3 9.84375 189 391166728 202 0
6.9e-10 infty 3.39062 9.85938 1390 0 1322 0
6.9e-10 infty 3.45312 9.9375 1208 0 1214 0
6.9e-10 infty 2.89062 9.90625 1214 0 1353 0
6.9e-10 23.0781 3.46875 9.9375 20 0 21 437584736
6.9e-10 22.7969 3.0625 9.89062 19 0 25 499728779
6.9e-10 infty 3.28125 9.9375 1230 0 1180 0
6.9e-10 infty 2.9375 9.95312 1212 0 1222 0
6.9e-10 infty 3.03125 9.85938 1313 0 1355 0
6.9e-10 infty 3.32812 9.98438 1123 0 1096 0
6.9e-10 infty 3.03125 9.875 1374 0 1336 0
6.9e-10 23.4375 3.3125 9.96875 21 0 29 438729175
6.9e-10 infty 3 9.84375 1383 0 1327 0
6.9e-10 infty 3.98438 9.92188 1222 0 1262 0
6.9e-10 23.9531 3.35938 9.82812 59 470238653 63 0
6.9e-10 infty 3.84375 9.96875 1130 0 1146 0
6.9e-10 infty 2.90625 9.92188 1250 0 1229 0
6.9e-10 infty 3.84375 9.95312 1137 0 1131 0
6.9e-10 24.6094 4 9.9375 70 393369071 79 0
6.9e-10 infty 3.28125 9.9375 1150 0 1221 0
6.9e-10 21.9375 3.01562 9.85938 10 461080289 6 0
6.9e-10 22.3125 2.82812 9.84375 13 84142995 11 368681510
6.9e-10 infty 3.07812 9.90625 1247 0 1274 0
6.9e-10 infty 3.46875 9.9375 1190 0 1181 0
6.9e-10 24.4219 3.39062 9.875 60 0 98 399546163
6.9e-10 infty 3.375 9.85938 1271 0 1305 0
6.9e-10 infty 3.84375 9.96875 1144 0 1138 0
6.9e-10 22.8594 2.95312 9.96875 11 289239334 24 169233426
6.9e-10 25.7188 3.53125 10 273 388494353 250 0
6.9e-10 25.6562 3.04688 9.875 322 432399073 320 0
6.9e-10 26.6719 2.9375 9.95312 897 497646586 854 0
6.9e-10 infty 3.4375 9.90625 1184 0 1322 0
6.9e-10 infty 3.0625 9.90625 1234 0 1294 0
6.9e-10 infty 3.0625 9.89062 1178 0 1214 0
6.9e-10 23.3281 3 9.82812 33 199507561 20 187644292
6.9e-10 26.0312 3.85938 9.96875 331 0 388 427388512
6.9e-10 23.9219 2.89062 9.90625 57 484375635 55 0
6.9e-10 25.0469 3.57812 9.875 172 473327805 152 0
6.9e-10 infty 2.875 9.89062 1295 0 1325 0
6.9e-10 infty 3.03125 9.875 1337 0 1278 0
6.9e-10 22.7969 3.01562 9.85938 19 0 22 502490019
6.9e-10 23.1719 2.95312 9.96875 24 0 25 504272548
6.9e-10 infty 4.01562 9.95312 1232 0 1160 0
6.9e-10 23.3906 3.28125 9.9375 28 0 26 469276311
6.9e-10 infty 2.85938 9.875 1319 0 1294 0
6.9e-10 infty 2.875 9.89062 1216 0 1242 0
6.9e-10 infty 3.84375 9.96875 1165 0 1159 0
6.9e-10 infty 3.5 9.98438 1100 0 1115 0
6.9e-10 infty 2.82812 9.84375 1346 0 1426 0
6.9e-10 infty 3.5625 9.85938 1295 0 1377 0
6.9e-10 infty 2.90625 9.92188 1213 0 1213 0
6.9e-10 infty 2.96875 9.98438 1029 0 1119 0
6.9e-10 23.0625 3.48438 9.95312 24 0 11 440495377
6.9e-10 25.4688 3.375 9.84375 246 430845979 244 0
6.9e-10 infty 3.01562 9.85938 1373 0 1387 0
6.9e-10 23.6094 3.07812 9.92188 35 431445695 31 14693775
6.9e-10 25.8906 3.4375 9.90625 267 399851451 306 0
6.9e-10 23.0312 3.42188 9.90625 19 460730978 20 0
6.9e-10 22.9219 2.875 9.89062 19 412619347 15 0
6.9e-10 infty 2.84375 9.85938 1347 0 1333 0
6.9e-10 infty 2.96875 9.98438 1080 0 1033 0
6.9e-10 infty 3.03125 9.875 1364 0 1321 0
6.9e-10 24.0312 3.57812 9.875 63 0 56 414797544
6.9e-10 infty 2.82812 9.84375 1329 0 1317 0
6.9e-10 infty 3.35938 9.84375 1345 0 1338 0
6.9e-10 23.1719 2.98438 10 27 499877734 30 0
