6.2e-09 18.6562 2.23438 8.15625 14 252 243768980 11 408 78585714
6.2e-09 18.5938 2.01562 8.15625 11 397 171716319 6 169 100130470
6.2e-09 21.2188 2.73438 8.15625 223 0 0 223 2161 285428177
6.2e-09 19.6094 2.39062 8.15625 34 1518 53648760 29 1252 253014098
6.2e-09 18.125 2.01562 8.15625 7 312 186540201 5 84 169176252
6.2e-09 21.2188 2.32812 8.15625 199 1450 245197026 187 3751 35740545
6.2e-09 21.0469 2.5 8.15625 155 0 0 127 5291 295768755
6.2e-09 infty 2 8.15625 3686 0 0 3512 0 0
6.2e-09 19.1562 2.01562 8.15625 16 853 151800355 8 752 144916735
6.2e-09 23.2188 1.92188 8.15625 3127 14612 295772504 3048 0 0
6.2e-09 20.7812 2.40625 8.15625 160 2250 2399358 160 1933 356130597
6.2e-09 18.6875 2.25 8.15625 13 0 0 9 616 302932847
6.2e-09 20.6562 2.26562 8.15625 113 1918 75969105 116 4775 262587637
6.2e-09 19.9062 2.78125 8.15625 26 0 0 37 1861 321892333
6.2e-09 19.0938 2.39062 8.15625 17 1068 332852436 9 0 0
6.2e-09 18.5469 2.25 8.15625 10 401 285075621 1 251 4708168
6.2e-09 infty 1.92188 8.15625 4200 0 0 4109 0 0
6.2e-09 19.6562 2.75 8.15625 22 4181 238038373 22 1739 47572965
6.2e-09 20.3125 2.03125 8.15625 63 6224 260254865 74 695 97776688
6.2e-09 18.4844 1.9375 8.15625 6 102 310918921 5 1 18678405
6.2e-09 18.5469 2.01562 8.15625 9 67 122155711 5 562 172021236
6.2e-09 18.9531 2.375 8.07812 9 479 330204961 8 221 906124
6.2e-09 22.3125 2.34375 8.15625 822 0 0 815 9969 285510409
6.2e-09 17.7656 2.28125 8.15625 6 25 417730 0 242 291640198
6.2e-09 17.5625 1.9375 8.15625 4 71 319573861 2 0 0
6.2e-09 19.1094 2.26562 8.15625 18 63 90062773 17 187 241038183
6.2e-09 19.2656 1.92188 8.15625 36 69 10012048 26 850 314807193
6.2e-09 20.7344 1.9375 8.15625 111 5604 217860232 119 3997 76031617
6.2e-09 20.6875 2.03125 8.15625 95 7340 322194309 102 0 0
6.2e-09 21.2188 2.4375 8.15625 210 1610 2526155 198 2327 279788789
6.2e-09 18.4844 2.8125 8.15625 5 225 322601058 2 180 6110946
6.2e-09 19.3438 2.51562 8.34375 22 1258 9552366 18 355 271848123
6.2e-09 18.375 2.48438 8.15625 4 103 147395794 4 762 156116846
6.2e-09 19.5469 2.25 8.15625 31 2044 246154068 35 3201 96850790
6.2e-09 19.3906 1.90625 7.92188 30 778 240383585 37 550 111779452
6.2e-09 19.0312 2.01562 8.15625 12 130 9387544 9 408 272121547
6.2e-09 18.8594 2 8.15625 8 0 0 10 0 295903575
6.2e-09 19.0312 2 8.15625 17 22 2174 8 191 283528125
6.2e-09 17.9062 1.98438 8.15625 1 189 301285670 0 41 462635
6.2e-09 18.0781 1.89062 8.15625 6 559 293478818 4 44 2918095
6.2e-09 20.5 2.85938 8.15625 85 1031 315272829 90 1369 23345121
6.2e-09 18.5938 2 8.15625 9 561 259576690 9 350 10858414
6.2e-09 18.7188 2.45312 8.15625 7 147 277709586 14 79 3796859
6.2e-09 22.7188 1.92188 8.15625 1720 0 0 1839 48032 320145975
6.2e-09 17.5 1.98438 8.15625 4 45 89542510 1 121 180597486
6.2e-09 21.2344 2.8125 8.15625 171 16348 278123579 213 0 0
6.2e-09 19.0312 1.95312 8.15625 15 143 283786554 14 407 3386827
6.2e-09 17.5312 1.9375 8.15625 0 19 207533909 3 127 130726840
6.2e-09 21.7969 1.89062 8.15625 426 3630 42734386 400 8994 262728142
6.2e-09 21.4375 1.9375 8.15625 326 3364 334368943 296 2443 5578090
6.2e-09 19.0312 2.39062 8.15625 14 335 280888929 11 142 6507243
6.2e-09 18.1719 2.23438 8.15625 7 46 648276 5 167 328587024
6.2e-09 20.5625 2.53125 8.01562 101 0 296425354 97 53 3968815
6.2e-09 20.375 1.90625 7.90625 87 1381 72166166 89 5850 247391694
6.2e-09 19.7344 1.96875 8.15625 37 1055 327792641 36 0 0
6.2e-09 22.5938 1.85938 8.15625 1112 15126 205187217 1123 12631 93129988
6.2e-09 19.6094 2 8.15625 26 411 189115503 23 763 123233180
6.2e-09 19.7031 2.35938 8.15625 42 1463 343085658 24 0 0
6.2e-09 19 2.375 8.0625 15 216 298283844 14 0 0
6.2e-09 19.0938 2.32812 8.15625 17 0 333689425 12 41 45804
6.2e-09 21.7656 1.90625 8.29688 427 8069 326798488 457 0 0
6.2e-09 20.0781 1.9375 8.15625 51 147 197588915 50 551 108671719
6.2e-09 18.9844 2.32812 8.15625 8 206 1023083 14 84 305553963
6.2e-09 19.0938 1.9375 8.15625 18 197 57903082 17 19 275192039
6.2e-09 17.6406 2.28125 8.15625 2 179 225169564 0 122 50553768
6.2e-09 19.0781 2.51562 8.23438 6 98 344967035 15 14 43633
6.2e-09 19.5 1.9375 8.15625 26 1135 282648679 25 0 0
6.2e-09 19.0938 1.875 8.15625 12 474 337252004 15 0 0
6.2e-09 21.4062 2.375 8.375 324 0 0 303 16072 355164386
6.2e-09 20.125 2.73438 8.15625 60 1734 272337029 51 1015 14684513
6.2e-09 20.0625 1.85938 8.15625 46 192 222390788 42 3031 91634914
6.2e-09 19.5938 1.90625 7.98438 22 1085 263028369 38 705 52184258
6.2e-09 21.3594 2.25 8.15625 298 4715 159034724 308 5305 132251477
6.2e-09 19.5312 2.79688 8.15625 25 1607 186582887 20 329 172119800
6.2e-09 22.25 2 8.15625 866 35699 244548313 896 9219 68921774
6.2e-09 18.6875 2.84375 8.125 7 14 302302121 8 0 0
6.2e-09 20.5312 1.92188 8.15625 93 3028 260403515 101 551 61651593
6.2e-09 19.2969 2.73438 8.15625 21 625 10057578 18 130 297083980
6.2e-09 17.3906 1.95312 8.15625 1 0 49887960 0 37 281492545
6.2e-09 19.1875 2.46875 8.15625 10 288 154518968 10 90 128202182
6.2e-09 22.0781 2.5 8.15625 609 23233 328845288 597 0 0
6.2e-09 20 2.21875 8.04688 54 58 21785 53 21 352610490
6.2e-09 20.6875 2.79688 8.15625 104 2764 317368505 108 353 283809
6.2e-09 19.6562 2.3125 8.15625 33 85 127166727 18 76 158849629
6.2e-09 infty 2.25 8.15625 4154 0 0 4028 0 0
6.2e-09 17.5625 2.48438 8.15625 3 61 535390 5 73 322310650
6.2e-09 19.1406 2.23438 8.15625 20 131 1482531 12 365 304053953
6.2e-09 17.6562 2.04688 8.15625 5 104 77517069 3 217 281407012
6.2e-09 19.3281 2.84375 8.10938 17 1272 286962294 19 184 7928193
6.2e-09 21.3125 2.84375 8.15625 319 0 0 306 0 316012821
6.2e-09 21.0781 2.03125 8.15625 135 0 0 133 8123 277313037
6.2e-09 18.3438 2.375 8.39062 7 171 5087830 7 385 316384615
6.2e-09 infty 2.04688 8.25 4373 51625 132442571 4390 0 0
6.2e-09 18.3125 2.51562 8.39062 4 256 178953958 7 433 159028083
6.2e-09 17.7344 2.26562 8.15625 4 55 1691979 3 61 307804587
6.2e-09 18.5781 1.92188 8.15625 8 467 66596715 5 188 208124856
6.2e-09 18.4531 1.89062 8.23438 10 235 99699112 1 418 250111698
6.2e-09 18.4375 2.26562 8.15625 8 252 77219505 9 67 194427733
6.2e-09 18.0781 2.5625 8.15625 5 627 267022453 7 151 29823017
6.2e-09 19.5781 2.03125 8.15625 28 1306 81263059 25 466 244586513
6.2e-09 21.7812 2.5 8.15625 433 0 318743892 435 0 0
6.2e-09 20.5469 2.29688 8.15625 88 1313 5396638 78 1664 300587790
6.2e-09 18.5156 2.29688 8.15625 9 261 103565001 5 24 207849063
6.2e-09 17.125 1.98438 8.15625 0 31 281034817 3 58 16745671
6.2e-09 21.1094 2.42188 8.15625 251 0 0 227 3775 341985453
6.2e-09 18.0625 1.95312 8.15625 6 79 7709666 6 2 297618441
6.2e-09 19.6875 2.40625 8.15625 27 1675 178974721 29 797 91738200
6.2e-09 19.2188 1.96875 8.15625 16 1268 358926190 28 0 0
6.2e-09 21.2344 2.85938 8.15625 229 9659 240290817 231 0 32749146
6.2e-09 18.0781 2.84375 8.15625 3 360 48765005 3 277 243693029
6.2e-09 21.6875 2.375 8.10938 411 1236 2508600 425 1609 276902139
6.2e-09 infty 2.26562 8.15625 3893 0 0 3967 0 0
6.2e-09 18.5469 2 8.15625 7 56 364800 6 0 292607636
6.2e-09 20.4844 1.90625 7.92188 95 291 11430257 92 8755 336052738
6.2e-09 20.6094 2.01562 8.15625 84 3338 274167643 76 0 0
6.2e-09 18.4062 2.5625 8.15625 4 454 13803864 6 65 274567423
6.2e-09 18.0312 2.32812 8.15625 3 224 322675933 2 28 136920
6.2e-09 19.6719 2.34375 8.15625 28 0 0 32 356 273151728
6.2e-09 22.4844 2.53125 7.92188 1038 0 0 1045 14337 274806570
6.2e-09 19.2969 2.53125 7.95312 15 800 236013667 27 819 75392588
6.2e-09 20.3125 2.45312 8.15625 91 2718 357611641 91 0 0
6.2e-09 22.1875 2.4375 8.15625 845 6085 354665180 919 0 0
6.2e-09 19.0938 2.84375 8.15625 14 159 340481890 21 0 0
6.2e-09 21.2188 2.39062 8.15625 246 390 1032367 253 4490 282326807
6.2e-09 20.1406 2.4375 8.15625 45 101 6175659 38 1476 266560858
6.2e-09 18.1719 2.34375 8.15625 9 212 1274270 3 291 328139495
6.2e-09 19.4688 2.4375 8.15625 20 0 0 25 1662 303385524
6.2e-09 22.2188 1.875 8.15625 809 2055 335996754 789 3715 2813933
6.2e-09 20.4062 2.21875 7.96875 77 1520 301036714 76 0 0
6.2e-09 19.0781 1.9375 8.15625 13 567 14999945 29 2319 332156862
6.2e-09 22.7656 2.26562 8.15625 1622 13813 164482700 1709 33659 124967523
6.2e-09 20.4531 2.54688 8.15625 77 816 265842614 69 882 13604423
6.2e-09 18.9375 2.01562 8.15625 17 151 70681692 12 1252 268625032
6.2e-09 17.3594 2.3125 8.15625 2 194 21923036 0 94 330139396
6.2e-09 18.1875 2.82812 8.375 4 0 0 6 857 319649468
6.2e-09 19.9062 2.78125 8.15625 43 701 61838982 35 825 260461639
6.2e-09 18.9844 2 8.15625 9 522 13632389 14 1383 296713720
6.2e-09 18.5781 2.5 8.15625 5 594 133212938 5 261 142798857
6.2e-09 19.375 2.26562 8.15625 10 576 19085535 14 0 252399953
6.2e-09 19.0312 1.98438 8.15625 11 0 0 9 201 287873254
6.2e-09 22.375 2.01562 8.15625 1076 4370 81454923 1110 19635 251207392
6.2e-09 20.2656 1.875 8.15625 50 0 0 60 2093 288506044
6.2e-09 20.5781 2.26562 8.15625 69 1886 11622344 95 3199 276936662
6.2e-09 21.0469 2.78125 8.15625 162 0 0 134 4792 292464291
6.2e-09 17.9688 2.03125 8.15625 2 139 7494348 1 63 349256062
6.2e-09 21.9375 2.23438 8.15625 595 4031 321412637 544 0 0
6.2e-09 20.3125 1.90625 8.26562 58 2619 269807938 57 0 0
6.2e-09 18.5156 1.875 8.15625 7 68 305332360 4 20 835642
6.2e-09 18.5156 2.4375 8.15625 8 539 109149189 5 237 201335049
6.2e-09 19.6406 2.04688 8.15625 22 1718 175260012 14 2008 112996418
6.2e-09 19.2812 1.85938 8.15625 23 0 0 11 1652 314288101
6.2e-09 18.6406 2.85938 8.15625 6 0 0 7 0 328311561
6.2e-09 18.7812 1.90625 7.90625 11 717 332595746 8 43 7354903
6.2e-09 17.4844 2.53125 8 4 65 273998419 0 76 624994
6.2e-09 18.5938 1.875 8.15625 3 267 13806400 6 61 257037657
6.2e-09 20.5469 2.34375 8.15625 84 2861 309491144 86 0 0
6.2e-09 18.0625 2.29688 8.15625 4 122 298838377 3 0 0
6.2e-09 21.1562 2.40625 8.15625 236 0 0 239 7580 317344753
6.2e-09 18.625 2.8125 8.15625 7 146 336917757 4 0 0
6.2e-09 22.125 2.875 8.15625 771 22532 214431213 614 663 84536392
6.2e-09 19.7812 2.5625 8.15625 37 516 120469618 31 1144 176823165
6.2e-09 19.1094 1.875 8.15625 15 568 113048912 19 791 215419304
6.2e-09 22.8906 2.04688 8.15625 1884 0 0 1938 25444 308876726
6.2e-09 19.5781 1.92188 8.07812 33 1301 325102029 42 0 0
6.2e-09 21.3594 1.98438 8.15625 283 3607 288147436 272 0 0
6.2e-09 19.9219 2.75 8.15625 27 2014 311969695 36 128 1375058
6.2e-09 20.7031 2.5 8.15625 109 3666 306619753 113 0 0
6.2e-09 22.8281 2.54688 8.15625 2208 17960 341688869 2280 0 0
6.2e-09 18.8906 2.01562 8.15625 11 697 270349752 11 20 9549087
6.2e-09 17.5469 2.34375 8.15625 1 88 321424748 4 50 6808649
6.2e-09 20.4062 2.375 8.01562 85 2490 300474691 61 0 0
6.2e-09 17 2.35938 8.34375 2 65 273220986 1 0 14852858
6.2e-09 20.4531 2.73438 8.15625 75 829 277869283 59 33 976
6.2e-09 21.0312 2 8.15625 155 9311 230103376 136 3647 72239481
6.2e-09 19.0938 2.29688 8.15625 17 434 335495907 11 0 0
6.2e-09 18.2031 2 8.15625 6 6 132868 4 602 306652012
6.2e-09 20.5625 2.03125 8.15625 83 882 295968471 82 643 8601643
6.2e-09 19.7188 2.4375 8.15625 41 1542 222073285 36 380 111503232
6.2e-09 19.2031 1.95312 8.15625 19 829 100102771 23 995 177505781
6.2e-09 20.1406 2.78125 8.15625 56 392 272521379 50 0 0
6.2e-09 infty 2 8.15625 3576 0 0 3575 0 0
6.2e-09 19.4688 1.98438 8.15625 22 831 226139117 24 575 78355105
6.2e-09 23.2969 2.73438 8.15625 2890 25856 78849266 2960 12612 179482493
6.2e-09 18.5469 2.73438 8.15625 13 184 279216404 8 9 10714624
6.2e-09 20.625 2.4375 8.15625 97 5709 171908038 126 2568 180246216
6.2e-09 23.1875 2.73438 8.15625 2898 19459 315831928 2914 0 0
6.2e-09 21.3594 2.25 8.15625 300 3410 7991684 297 5507 281592150
6.2e-09 18.625 1.89062 8.21875 12 1269 254425012 10 532 87312782
6.2e-09 22.3906 2.29688 8.15625 1146 7993 279847687 1158 8397 42667504
6.2e-09 18.9531 2.5625 8.15625 11 12 103967 15 5 330864262
6.2e-09 17.9688 1.92188 8.10938 7 81 7742156 6 259 351065650
6.2e-09 23.3438 1.95312 8.15625 3857 113747 312747150 4038 0 0
6.2e-09 18.1094 2.29688 8.15625 1 194 38631836 3 0 239419087
6.2e-09 20.8594 2.89062 8.15625 169 0 308175528 166 0 0
6.2e-09 17.1875 2.40625 8.15625 1 5 356189948 1 60 2935242
6.2e-09 20.2031 2.34375 8.15625 61 763 157800687 57 1107 165814915
6.2e-09 18.1406 2.51562 8.25 4 17 77487044 3 360 265690119
6.2e-09 21.0938 1.9375 8.15625 226 0 0 248 9497 357116416
6.2e-09 19.25 1.90625 8.26562 14 500 15973568 15 359 318245051
6.2e-09 23.2344 2.03125 8.15625 2516 34535 287615071 2504 0 0
6.2e-09 20.7188 2.78125 8.15625 121 418 185961 115 6498 303414062
6.2e-09 19.2031 2.75 8.15625 14 103 16237060 19 114 258340726
6.2e-09 18.7188 1.875 8.15625 9 211 120014429 6 0 163762417
6.2e-09 18.6562 2.26562 8.15625 9 1647 321461404 8 0 0
6.2e-09 20.25 2.78125 8.15625 71 904 263063020 59 2367 36982823
6.2e-09 18.4062 1.9375 8.15625 5 15 224813244 5 69 62239536
6.2e-09 19.625 1.85938 8.15625 25 0 0 30 523 304685957
6.2e-09 17.5156 2.48438 8.15625 1 0 0 3 66 347349412
6.2e-09 20.3125 2.04688 8.26562 62 1628 152535981 64 3926 200493460
6.2e-09 17.6094 2.26562 8.15625 3 105 21922446 1 90 274299486
6.2e-09 19.2656 1.875 8.15625 25 890 61545346 18 365 266800419
6.2e-09 17.5 2.32812 8.15625 1 209 354827820 2 8 188857
6.2e-09 20.0469 1.90625 7.98438 49 1490 57156914 49 1625 272018125
6.2e-09 19.125 1.90625 8.28125 13 156 719588 15 1561 314174197
6.2e-09 infty 2.42188 8.15625 3900 0 0 3851 0 0
6.2e-09 19.7188 2.25 8.15625 37 1071 316463014 32 617 23365322
6.2e-09 18.2969 1.85938 8.15625 6 578 344633454 9 21 186233
6.2e-09 20.0156 2.25 8.15625 48 7796 328250028 61 1243 20853060
6.2e-09 20.6719 1.85938 8.15625 129 4696 170039324 99 1699 156193740
6.2e-09 17.5312 1.92188 8.15625 0 242 328869636 9 63 10890250
6.2e-09 20.1875 1.9375 8.15625 62 54 50750 84 2842 332689515
6.2e-09 18.2188 2.26562 8.15625 3 280 151234257 5 231 147157606
6.2e-09 19.1719 2.85938 8.15625 14 633 108767836 14 35 182900178
6.2e-09 18.1562 1.98438 8.15625 3 136 62099534 11 574 275381031
6.2e-09 18.9062 2.82812 8.35938 12 599 351202243 14 188 1716323
6.2e-09 21.1406 2.40625 8.15625 219 327 220249063 235 4093 105534824
6.2e-09 17.9688 2.8125 8.15625 5 0 97773989 5 124 261277417
6.2e-09 17.5625 2.89062 8.15625 2 0 0 3 83 322733692
6.2e-09 17.625 2.54688 8.15625 2 289 284490229 2 7 16349
6.2e-09 23.0156 1.85938 8.15625 1976 14124 328659356 2045 0 0
6.2e-09 20.0625 2.01562 8.15625 52 460 312519055 44 300 1685014
6.2e-09 17.6562 2.25 8.15625 4 162 352793803 2 0 4896327
6.2e-09 19.75 2.3125 8.15625 36 1269 280362746 34 178 34781641
6.2e-09 18.4375 2.35938 8.15625 1 548 207273295 4 70 62826441
6.2e-09 19.4688 1.95312 8.15625 21 0 0 18 865 303545542
6.2e-09 20.0156 1.9375 8.15625 43 557 4879638 63 2007 344076397
6.2e-09 18.0625 1.98438 8.15625 3 631 298606464 5 4 1015662
6.2e-09 22.125 1.85938 8.15625 647 15305 296157882 630 0 0
6.2e-09 18.5312 2.875 8.15625 11 17 300264896 7 121 2246060
6.2e-09 21.2969 2.01562 8.15625 250 7828 51623016 269 2994 277562462
6.2e-09 21.4375 1.89062 8.15625 258 132 590793 249 8086 339249470
6.2e-09 19.8281 2.5 8.15625 34 3522 168259661 38 2946 105293630
6.2e-09 21.7969 2.48438 8.15625 444 11865 304676484 475 0 0
6.2e-09 21.125 1.92188 8.09375 249 13623 237623764 241 0 96472590
6.2e-09 19.6719 2.51562 8.34375 29 2351 59223291 19 966 219350425
6.2e-09 22.8281 1.96875 8.15625 2095 9818 248810405 2138 6308 96803163
6.2e-09 19.2188 2.4375 8.15625 20 1467 357510625 32 0 0
6.2e-09 19.9062 2.8125 8.15625 37 2248 322088418 28 63 23257
6.2e-09 17.7031 1.875 8.15625 0 89 13510706 2 70 316160259
6.2e-09 19.4375 2.39062 8.15625 18 219 17744972 17 1661 301680955
6.2e-09 17.6719 2.25 8.15625 2 537 347662593 5 0 0
6.2e-09 20.1719 1.95312 8.15625 59 1418 157050010 84 3808 187436198
6.2e-09 17.6875 2.35938 8.26562 3 155 2270345 3 213 331118848
6.2e-09 19.0469 2.375 7.92188 10 211 272272349 10 0 0
6.2e-09 18.6875 2.23438 8.15625 11 144 17014972 10 279 281556065
6.2e-09 22.3125 2.76562 8.15625 863 0 0 846 36346 283233222
6.2e-09 20.3281 2.375 8.40625 81 0 0 69 1671 344536776
6.2e-09 18.1094 2 8.15625 3 199 7813716 3 137 265576516
6.2e-09 18.1406 2.5625 8.15625 7 393 54913818 5 1229 288019287
6.2e-09 19.5781 2.28125 8.15625 27 303 4299060 32 2739 327650827
6.2e-09 18.6094 1.85938 8.15625 13 126 247865447 9 261 101477523
6.2e-09 17.6562 2.375 7.9375 3 82 242663721 1 40 27377554
6.2e-09 22.1875 2.53125 8.15625 989 21788 280022768 1022 2177 72934241
6.2e-09 17.5312 2.21875 8.04688 2 41 265557 2 165 334349121
6.2e-09 20.7812 2.73438 8.15625 169 9173 353790764 170 509 82293
6.2e-09 18.5469 2.89062 8.15625 12 1310 292065549 10 0 0
6.2e-09 19.2344 1.85938 8.15625 19 687 223160347 14 1223 126028970
6.2e-09 17.5156 2.78125 8.15625 3 4 416989 3 179 345353294
6.2e-09 21.7344 2.76562 8.15625 497 7384 186648596 489 9568 160396503
6.2e-09 19.1406 2.04688 8.15625 16 541 312105289 7 0 0
6.2e-09 19.3125 2.89062 8.15625 19 131 296151955 27 185 857171
6.2e-09 16.7344 2.40625 8.15625 2 567 308228143 1 2 37478878
6.2e-09 17.25 1.9375 8.15625 2 24 46589068 0 166 272345670
6.2e-09 16.6875 1.90625 7.92188 0 59 2491873 0 52 282463943
6.2e-09 20.375 1.90625 8.3125 69 0 0 77 1311 320180273
6.2e-09 20.7969 1.9375 8.15625 161 218 176441 191 5481 342937627
6.2e-09 19.7031 2.48438 8.15625 37 442 54872864 40 401 295192243
6.2e-09 22.2656 2.51562 8.20312 770 13889 311587510 750 0 0
6.2e-09 20.1562 2.35938 8.32812 41 682 138516331 39 977 133135475
6.2e-09 18.7188 2.32812 8.15625 5 0 0 7 163 285370425
6.2e-09 18.5781 1.89062 8.15625 3 223 74903109 3 183 199555165
6.2e-09 18.3438 1.90625 8.3125 2 278 22371771 1 7 298591007
6.2e-09 20.5469 1.85938 8.15625 86 1655 229040256 70 247 84052630
6.2e-09 20.0781 2.75 8.15625 46 1825 249536538 49 2427 58034925
6.2e-09 18.5938 2.5 8.15625 5 59 236477185 6 89 34996185
6.2e-09 19.4844 2.51562 8.39062 26 42 16395535 28 195 275223385
6.2e-09 19.5312 2.39062 8.15625 32 1013 257230930 33 615 101151161
6.2e-09 19.0469 2.35938 8.1875 11 609 176764230 13 350 100142881
6.2e-09 18.6406 2.35938 8.21875 8 570 143900238 8 0 184983164
6.2e-09 20.5625 1.89062 8.15625 71 156 299922807 89 0 0
6.2e-09 19 2.26562 8.15625 14 1153 237465483 9 390 60196948
6.2e-09 17.5469 2.39062 8.15625 3 70 2740480 1 625 324275361
6.2e-09 18.6875 2.26562 8.15625 8 24 259608926 12 498 43409198
6.2e-09 20.5469 1.89062 8.15625 84 0 0 67 3673 312088775
6.2e-09 18.2344 2.5625 8.15625 10 70 238419326 6 676 52514605
6.2e-09 17.9062 2.51562 8.25 2 7 98152168 3 290 206634937
6.2e-09 18.2969 2.79688 8.15625 2 448 186630999 9 229 159083437
6.2e-09 18.625 1.9375 8.15625 10 278 321383451 11 21 13381423
6.2e-09 infty 2.25 8.15625 4091 1115 61406694 4196 0 0
6.2e-09 19.1406 2.875 8.15625 12 1174 59970728 20 1331 249948955
6.2e-09 19.7344 2.5 8.15625 23 4880 292479124 32 1062 36644553
6.2e-09 18.25 1.98438 8.15625 8 81 283312022 3 2 2410
6.2e-09 18.5156 1.85938 8.15625 7 920 298356406 7 104 8372161
6.2e-09 21.3906 1.95312 8.15625 314 13444 274071545 297 0 0
6.2e-09 18.4688 1.875 8.15625 6 478 29849665 9 171 308672604
6.2e-09 20.0469 2.32812 8.15625 31 217 86964050 47 259 242379306
6.2e-09 20.1094 2.34375 8.15625 39 168 377029 47 1459 292784323
6.2e-09 19.7812 2.5625 8.15625 35 543 83165994 44 1043 215177923
6.2e-09 19.6406 2.28125 8.15625 23 635 58678290 22 1961 235804977
6.2e-09 18.7344 1.90625 7.95312 10 198 265891831 11 255 10949319
6.2e-09 20.3594 2.3125 8.15625 86 2581 326752730 79 0 0
6.2e-09 17.1875 1.85938 8.15625 2 204 295378955 2 215 62798464
6.2e-09 infty 1.89062 8.15625 3324 0 0 3313 0 0
6.2e-09 20.2812 2.78125 8.15625 61 4567 271642064 73 705 11716503
6.2e-09 20.4219 1.875 8.15625 55 958 291066502 55 781 3741198
6.2e-09 19.0469 1.85938 8.15625 12 1096 275697616 13 42 1467760
6.2e-09 18.6719 2.51562 8.26562 5 338 282736213 4 119 27832024
6.2e-09 21 1.95312 8.15625 166 2786 313764011 159 1787 6637603
6.2e-09 18.5156 1.95312 8.15625 5 112 37150727 8 308 274941838
6.2e-09 19.0781 2.76562 8.15625 13 543 342977225 11 0 0
6.2e-09 20.5312 1.92188 8.10938 98 4133 317476652 94 909 1824605
6.2e-09 20.875 1.89062 8.26562 137 4282 38213285 149 519 260763941
6.2e-09 19.2344 2.40625 8.15625 19 0 0 35 820 342645028
6.2e-09 19.1406 2.04688 8.15625 14 0 0 8 270 313742488
6.2e-09 19.3594 1.95312 8.15625 15 0 0 19 561 279943023
6.2e-09 22.0469 2.375 8.0625 777 7265 123528342 791 10125 225262948
6.2e-09 17.7188 2.40625 8.15625 2 457 191734160 5 132 127360077
6.2e-09 17.875 2.75 8.15625 1 0 0 1 0 323363181
6.2e-09 20.5 2.32812 8.15625 93 562 7375043 72 410 332515560
6.2e-09 23.3594 2.89062 8.15625 3901 0 0 3896 41831 308327613
6.2e-09 21.3594 1.90625 7.92188 267 2917 291734381 239 0 0
6.2e-09 20.0312 2.40625 8.15625 56 608 197180030 56 1056 141279296
6.2e-09 18.5938 1.89062 8.15625 2 0 550736 5 361 270838513
6.2e-09 17.5938 1.89062 8.15625 0 66 42158462 0 204 255898361
6.2e-09 17.8125 1.90625 7.96875 3 283 270303770 2 3 14539
6.2e-09 18.5156 1.85938 8.15625 4 266 31853152 6 221 276245590
6.2e-09 19.75 1.9375 8.15625 41 804 54461561 38 2185 265604576
6.2e-09 18.5938 2.28125 8.15625 4 67 243979330 0 462 26772131
6.2e-09 infty 2.28125 8.15625 3772 5146 1474612 3820 5687 1850911
6.2e-09 20.5469 1.85938 8.15625 77 4991 230954182 95 2633 79892214
6.2e-09 18.0781 2.4375 8.15625 2 201 6442485 3 0 289001880
6.2e-09 18.6719 2.28125 8.15625 10 1163 255319381 10 659 52860655
6.2e-09 17.6094 2.78125 8.15625 2 25 19253096 1 91 276657168
6.2e-09 17.9844 2.04688 8.15625 2 266 333195373 2 108 16492765
6.2e-09 17.2188 1.95312 8.15625 2 169 22587902 3 114 316442363
6.2e-09 17.9688 2.54688 8.15625 6 473 308129787 5 136 48324748
6.2e-09 18.1406 1.95312 8.15625 4 536 340563084 8 106 4887051
6.2e-09 18.9062 2.32812 8.15625 9 242 271800516 13 0 0
6.2e-09 18.6094 2.25 8.15625 13 239 184620796 11 80 159460653
6.2e-09 18.1562 2.03125 8.15625 0 190 19737453 4 134 314891389
6.2e-09 21.75 1.98438 8.15625 473 0 0 499 8511 333573656
6.2e-09 20.1875 2.40625 8.15625 65 3868 185509738 68 1035 147047750
6.2e-09 21.2031 2.85938 8.15625 234 8261 288650665 231 0 0
6.2e-09 infty 2.73438 8.15625 4041 7426 9291816 3916 0 0
6.2e-09 19.0312 2.3125 8.15625 14 113 170534996 14 329 112177429
6.2e-09 17.3906 2.76562 8.15625 2 81 329155820 3 27 1019487
6.2e-09 20.0781 2 8.15625 42 208 30384874 51 143 283151993
6.2e-09 20.6875 2.46875 8.15625 114 1347 318067035 95 0 0
6.2e-09 18.2344 2.35938 8.15625 2 308 66140751 4 761 226588547
6.2e-09 20.7656 2.8125 8.15625 121 1817 274133462 99 518 716189
6.2e-09 18.0469 2.26562 8.15625 5 35 126288 2 193 308644656
6.2e-09 19.0156 1.92188 8.15625 15 106 4044451 14 273 286542836
6.2e-09 18.5469 2.8125 8.15625 2 269 289123212 6 24 957
6.2e-09 18.2656 2.51562 8.375 6 168 171699355 2 0 101369056
6.2e-09 22.5469 1.98438 8.15625 1187 8480 36872103 1127 3382 292380267
6.2e-09 21.2969 2.51562 8.17188 199 1082 4691896 246 2016 321785847
6.2e-09 19.6875 2.85938 8.15625 26 795 16434064 41 1898 341906735
6.2e-09 17.5469 2.25 8.15625 6 28 318166797 4 191 9646520
6.2e-09 18.3281 2.51562 8.29688 5 595 154403564 8 296 174903515
6.2e-09 22.8438 2.29688 8.15625 2082 26744 214833197 2096 19970 116774629
6.2e-09 20.0469 2.01562 8.15625 48 4462 256684170 56 4133 66992590
6.2e-09 23.1094 2.01562 8.15625 1963 0 0 1958 0 274039942
6.2e-09 18.0312 2.54688 8.15625 1 243 231727312 0 209 87208097
6.2e-09 22.5156 2.35938 8.35938 1415 3491 326935759 1321 2654 17850879
6.2e-09 17.9531 2.42188 8.15625 6 148 223231665 2 209 53231932
6.2e-09 20.6562 2.73438 8.15625 100 0 0 100 5072 335270347
6.2e-09 19.4531 2.42188 8.15625 19 520 36298395 20 229 277498619
6.2e-09 20.5 2.21875 8.35938 113 2722 337394962 106 0 0
6.2e-09 18.9375 2.375 8.03125 15 1215 164101924 22 116 170277747
6.2e-09 19.1094 2.375 8.39062 14 106 25221356 18 344 305356768
6.2e-09 18.7188 1.875 8.15625 7 11 266431758 6 421 19071360
6.2e-09 21.3594 1.95312 8.15625 302 2957 178135798 317 8993 111672092
6.2e-09 18.2188 1.89062 8.20312 4 252 3965506 7 98 296207273
6.2e-09 20.0625 2.35938 8.29688 38 2251 294337980 50 434 26397233
6.2e-09 18.9688 1.92188 8.10938 9 0 0 20 1167 314906967
6.2e-09 18.1094 2.01562 8.15625 4 67 218410135 3 152 56721126
6.2e-09 17.5 2.26562 8.15625 3 108 87295213 3 292 266943178
6.2e-09 22.125 2 8.15625 642 12299 236863125 632 9727 64145626
6.2e-09 20.1406 2.5625 8.15625 47 2628 10234227 61 433 261927662
6.2e-09 18.0938 2.29688 8.15625 5 0 0 4 258 286157253
6.2e-09 17.9844 2.35938 8.15625 3 23 12689610 3 160 339498539
6.2e-09 18.2656 2.32812 8.15625 10 164 196124102 6 89 76486161
6.2e-09 22.4062 2.32812 8.15625 1091 0 0 1108 24705 316932437
6.2e-09 18.1875 2.40625 8.15625 6 571 314048052 8 82 1224198
6.2e-09 22.2656 2.875 8.15625 968 28036 272132441 906 13819 34111124
6.2e-09 19.0469 2.4375 8.15625 13 0 0 13 170 279226382
6.2e-09 18.2656 1.96875 8.15625 3 87 9967218 4 117 264373392
6.2e-09 18.1562 2.45312 8.15625 6 4 3917 8 579 339161954
6.2e-09 21.1406 1.92188 8.15625 250 2514 20860561 214 7601 311035431
6.2e-09 19.5625 1.875 8.15625 20 2223 341441938 13 92 519432
6.2e-09 19.8594 2.53125 8.10938 47 976 350729099 34 0 0
6.2e-09 21.0938 2.3125 8.15625 199 6074 326833477 184 5533 28836126
6.2e-09 18.7031 1.90625 8.26562 1 260 147636069 3 27 148640979
6.2e-09 19.4688 2.32812 8.15625 15 98 48144846 22 1982 255138820
6.2e-09 infty 1.9375 8.15625 4154 21716 84153648 4056 48183 101560281
6.2e-09 17.4375 2 8.15625 0 5 1181853 1 249 299557883
6.2e-09 17.5156 2.875 8.15625 1 0 0 2 453 352031993
6.2e-09 17.5 2.32812 8.15625 2 45 311876559 0 10 45047800
6.2e-09 18.5 2.8125 8.15625 4 0 0 6 913 319347462
6.2e-09 22.25 2.51562 8.15625 768 20063 137507355 758 16783 180976093
6.2e-09 17.8281 2.53125 7.90625 2 251 280155843 6 60 65337181
6.2e-09 19.7656 1.98438 8.15625 31 866 43799625 36 1614 262666225
6.2e-09 infty 2 8.15625 3663 0 0 3656 6702 19372771
6.2e-09 20.0469 1.96875 8.15625 56 1491 325098717 53 181 1990348
6.2e-09 19.4219 1.92188 8.14062 23 238 2936027 24 1292 328181707
6.2e-09 17.9844 2.28125 8.15625 6 36 221131629 5 24 122263293
6.2e-09 17.875 2.85938 8.15625 1 0 0 3 5 322873940
6.2e-09 17.3906 2.82812 7.96875 3 75 321167645 2 7 11450489
6.2e-09 infty 2.78125 8.15625 3510 0 0 3548 0 0
6.2e-09 17.2344 1.9375 8.15625 1 3 325595986 0 116 2940214
6.2e-09 18.2969 2.5625 8.15625 6 58 304423195 5 108 39849812
6.2e-09 19.9844 2.8125 8.15625 37 0 279642168 34 0 0
6.2e-09 20.6719 2.73438 8.15625 129 1025 21842086 117 4563 306523838
6.2e-09 19.1875 1.875 8.15625 18 178 825299 13 658 283000987
6.2e-09 19.5625 2.25 8.15625 31 121 339994602 39 25 5731
6.2e-09 19.3125 1.96875 8.15625 20 775 93764219 15 1194 204130125
6.2e-09 19.9219 2.21875 7.92188 40 0 0 48 1894 308149501
6.2e-09 21.7812 2.04688 8.15625 464 3075 69383660 425 13564 246953982
6.2e-09 19.2031 1.90625 8.32812 16 327 272666310 10 184 4286857
6.2e-09 18.0781 2.73438 8.15625 7 124 288984794 2 30 3330981
6.2e-09 23.0469 2.79688 8.15625 1930 242 310502064 1889 0 0
6.2e-09 20.2969 1.89062 8.23438 61 862 257423414 50 642 16323575
6.2e-09 18.0469 1.85938 8.15625 3 175 147590798 5 139 162715141
6.2e-09 18.875 2.5625 8.15625 11 90 16438603 9 357 271043750
6.2e-09 19.7656 2.89062 8.15625 44 693 18346198 46 756 291053199
6.2e-09 18.7812 1.89062 8.15625 14 647 85176552 12 30 250531560
6.2e-09 19.25 2.3125 8.15625 20 1258 250349709 17 1004 85892390
6.2e-09 20.5625 2.34375 8.15625 81 2180 302225322 71 263 114775
6.2e-09 21.0938 2.89062 8.15625 199 1445 77613429 182 1042 277011801
6.2e-09 19.0781 1.89062 8.15625 9 250 181272474 11 303 161846068
6.2e-09 18.0781 2.23438 8.15625 4 365 275941276 6 152 13760849
6.2e-09 19.0625 1.92188 8.10938 27 562 228942566 10 566 130455577
6.2e-09 18.0469 2.73438 8.15625 3 44 301956998 6 382 10432455
6.2e-09 19.0781 1.875 8.15625 9 650 171508532 10 919 177797070
6.2e-09 17.4688 2 8.15625 4 143 252099305 0 27 30532452
6.2e-09 19.2969 2.21875 8.01562 10 598 57355034 13 258 256049788
6.2e-09 23.1094 1.90625 8.39062 2434 0 0 2363 49181 274146494
6.2e-09 19.2031 2.53125 7.96875 13 468 58103194 14 25 221728477
6.2e-09 19.75 2.01562 8.15625 34 1593 120273581 44 236 197536308
6.2e-09 18.6562 2.54688 8.15625 17 697 79310300 11 85 236540759
6.2e-09 18.5625 2.3125 8.15625 5 0 0 6 25 286504216
6.2e-09 21.4531 2.21875 7.92188 307 1167 3255700 303 3863 321168917
6.2e-09 18.0312 1.98438 8.15625 4 233 243056894 4 120 77853075
6.2e-09 20.2656 2.23438 8.10938 57 620 29418013 74 4182 261626251
6.2e-09 17.9531 2.25 8.15625 2 32 237058829 3 151 36344737
6.2e-09 infty 2.5625 8.15625 4050 19107 54119290 3984 0 0
6.2e-09 17.3438 2.5 8.15625 2 74 256906841 1 122 15656146
6.2e-09 17.1406 2.40625 8.15625 0 12 32010867 2 39 258364287
6.2e-09 19.4531 2.375 7.96875 26 1048 306907402 26 166 252702
6.2e-09 18.6719 1.89062 8.21875 8 164 30659979 6 455 277871232
6.2e-09 22.2188 1.875 8.15625 792 4568 335079225 769 2028 2936516
6.2e-09 18.1094 2.4375 8.15625 2 144 115626954 0 123 162902725
6.2e-09 22.8438 2.03125 8.15625 1904 43449 335643996 1889 0 0
6.2e-09 18.1719 2.03125 8.15625 4 158 62966004 1 127 265705719
6.2e-09 18.0938 2.01562 8.15625 3 387 237841493 2 0 46052825
6.2e-09 21.0156 2.53125 7.92188 198 5106 308426436 167 0 0
6.2e-09 19.5625 2.23438 8.15625 23 89 161071556 32 1360 175325779
6.2e-09 20.0781 1.9375 8.15625 43 492 280577177 46 1150 27409710
6.2e-09 18.7969 2.35938 8.35938 12 228 290539532 8 90 33274956
6.2e-09 infty 2.42188 8.15625 3898 6940 1208835 3955 6305 15847276
6.2e-09 17.75 2.21875 8.40625 2 106 298474185 2 17 70557
6.2e-09 18.7188 2.89062 8.15625 7 75 240409867 7 81 45416170
6.2e-09 19.7969 2.34375 8.15625 30 2825 288087263 35 0 0
6.2e-09 18.1875 2.45312 8.15625 4 144 84974025 6 66 234077375
6.2e-09 18.0469 2 8.15625 3 151 310809541 4 58 3565162
6.2e-09 18.3906 1.875 8.15625 4 61 6971551 4 517 289655505
6.2e-09 18.6406 2.01562 8.15625 6 826 29169140 9 665 303664908
6.2e-09 18.8906 2.54688 8.15625 9 465 278772979 7 46 490037
6.2e-09 17 2.73438 8.15625 1 103 119012633 1 93 165412045
6.2e-09 19.5938 2.29688 8.15625 31 315 290992532 26 635 30258628
6.2e-09 19.3281 1.85938 8.15625 21 201 7291282 21 118 282023519
6.2e-09 18.6406 2.23438 8.15625 9 74 326015293 6 0 0
6.2e-09 18.4844 2.03125 8.15625 5 851 65116565 5 0 266312136
6.2e-09 22.8438 2.03125 8.15625 1875 6773 335342274 1831 0 0
6.2e-09 21.7031 1.89062 8.15625 359 0 0 351 11979 275183554
6.2e-09 22.1719 2.8125 8.15625 623 0 0 602 16570 278560857
6.2e-09 17.6562 2.23438 8.15625 1 91 107127956 4 0 248494239
6.2e-09 19.2031 2.375 7.92188 15 321 47499604 14 439 231198712
6.2e-09 21.2656 2.84375 8.15625 307 0 0 319 6976 347679346
6.2e-09 19.1094 2.5 8.15625 15 794 218242543 11 534 113795326
6.2e-09 18.4375 1.89062 8.15625 8 0 479 3 175 270620621
6.2e-09 21.2188 2.46875 8.15625 190 1352 279784818 198 0 0
6.2e-09 17.375 2.03125 8.15625 0 156 131866735 2 194 210629657
6.2e-09 19 1.95312 8.15625 19 583 31937403 14 607 266884058
6.2e-09 19.6562 2.82812 8.28125 18 2102 279094088 21 415 7875784
6.2e-09 17.8594 2.03125 8.15625 3 28 213633 5 379 332646888
6.2e-09 18.7344 1.95312 8.15625 13 88 35742461 5 359 238984217
6.2e-09 23.0781 2.20312 8.32812 2428 45965 295390837 2499 0 0
6.2e-09 20.0938 1.98438 8.15625 41 0 0 44 3121 300276489
6.2e-09 18.9844 1.89062 8.15625 7 710 310509127 10 25 56051
6.2e-09 17.4375 2.5625 8.15625 2 140 299193357 2 0 0
6.2e-09 21.0156 2.3125 8.15625 126 0 0 167 5372 313112874
6.2e-09 20.8438 2.32812 8.15625 138 606 38648799 163 3426 278973520
6.2e-09 19.6875 2.4375 8.15625 47 0 0 44 1827 358813894
6.2e-09 23.6406 2.8125 8.15625 3441 0 0 3355 56636 248037591
6.2e-09 19.5156 2.82812 8.28125 12 0 0 17 1149 277992143
6.2e-09 18.6094 2.42188 8.15625 7 607 343082055 6 30 93168
6.2e-09 infty 2.42188 8.15625 3871 15794 224023990 3781 0 0
6.2e-09 21.0312 2.34375 8.15625 148 294 277594496 126 2652 23167625
6.2e-09 20.8281 2.28125 8.15625 163 27 5311 159 6539 324885684
6.2e-09 18.5781 2.01562 8.15625 4 0 0 7 219 275230638
6.2e-09 18.6875 2.04688 8.15625 3 332 3890877 5 265 294119483
6.2e-09 19.1094 2.42188 8.15625 18 13 105 17 520 330134859
6.2e-09 20.0938 1.92188 8.01562 41 0 0 54 1843 300195832
6.2e-09 18.0469 2.54688 8.15625 1 48 9711035 2 695 295914547
6.2e-09 19.6406 2.48438 8.15625 23 489 87203753 25 1454 203959360
6.2e-09 18.2656 1.9375 8.15625 9 30 793370 4 113 274812311
6.2e-09 17.9688 2.42188 8.15625 2 280 123826338 5 302 233066679
6.2e-09 18.9062 2 8.15625 10 335 271074665 12 0 0
6.2e-09 20.5625 2.375 8.01562 99 0 0 90 1115 300157027
6.2e-09 17.7812 2.21875 8.35938 0 0 0 4 206 286379301
6.2e-09 20.1875 2.01562 8.15625 61 0 0 53 1112 336427880
6.2e-09 19.1406 1.89062 8.1875 15 3252 311876144 15 0 0
6.2e-09 18.2031 1.89062 8.15625 1 287 286194356 5 54 23206683
6.2e-09 18.5938 2.45312 8.15625 6 615 53261374 3 357 306048111
6.2e-09 20.5156 2.28125 8.15625 103 2373 118546241 87 1796 209670044
6.2e-09 19.3281 2.26562 8.15625 23 1211 289588880 27 0 0
6.2e-09 19.6406 2.25 8.15625 31 603 8928065 23 2269 287098064
6.2e-09 19.0312 1.875 8.15625 12 442 284017170 6 0 0
6.2e-09 17.6562 1.95312 8.15625 5 47 4891200 1 76 354131988
6.2e-09 22.125 1.95312 8.15625 727 10272 49475517 696 27211 253554733
6.2e-09 21.0469 2.40625 8.15625 160 5889 287852995 150 0 0
6.2e-09 19.5469 1.95312 8.15625 32 0 16836582 24 2991 333265882
6.2e-09 23.1562 1.90625 8.3125 2414 30648 340197414 2403 0 0
6.2e-09 22.3281 1.92188 8.15625 1000 6067 274930240 973 306 9541
6.2e-09 infty 2.01562 8.15625 3429 0 0 3571 0 0
6.2e-09 17.6094 1.92188 8.15625 0 304 271177928 1 15 20942790
6.2e-09 21.2969 1.96875 8.15625 288 1462 7427173 255 5700 320379655
6.2e-09 17.0625 2.84375 8.15625 0 0 42723901 0 113 296446366
6.2e-09 19.7969 1.875 8.15625 26 231 288281770 39 0 0
6.2e-09 19.625 2.375 8.04688 22 751 274130324 31 596 24069477
6.2e-09 21.7031 2.39062 8.15625 401 7831 36446446 447 3274 239649458
6.2e-09 18.6875 2.73438 8.15625 12 546 266036002 11 139 37054140
6.2e-09 19.2969 1.85938 8.15625 20 0 0 20 1198 305645649
6.2e-09 17.4375 1.96875 8.15625 1 4 304522183 0 17 327900
6.2e-09 18.8906 1.95312 8.15625 7 456 10854618 7 115 266901937
6.2e-09 23.0312 2.46875 8.15625 1952 0 0 1932 57231 321753380
6.2e-09 19.375 2.51562 8.28125 27 1882 15162482 21 196 344130159
6.2e-09 18.8906 2.82812 8.39062 11 109 590436 8 345 277416209
6.2e-09 16.375 2.73438 8.15625 0 13 325156 1 120 286674975
6.2e-09 18.6719 2.01562 8.15625 7 110 183067156 5 458 127355565
6.2e-09 infty 1.96875 8.15625 3995 0 0 3886 0 0
6.2e-09 19 2.51562 8.39062 17 379 298053626 12 0 0
6.2e-09 20.1719 2 8.15625 57 1104 150233775 82 3501 194977724
6.2e-09 19.5312 2.54688 8.15625 25 494 308317898 31 860 48522416
6.2e-09 18.0938 2.46875 8.15625 3 17 51766453 3 79 236354536
6.2e-09 18.2656 2.04688 8.15625 3 276 273117298 3 32 2450114
6.2e-09 17.8125 2.32812 8.15625 2 66 60765137 4 230 210760783
6.2e-09 16.8438 1.90625 8.42188 0 17 268873991 1 39 17630010
6.2e-09 18.1406 2.25 8.15625 3 304 349934559 1 49 40811
6.2e-09 20.5625 2.26562 8.15625 113 3477 95674886 104 4885 201456594
6.2e-09 18.9375 1.89062 8.15625 12 1 340699532 12 0 0
6.2e-09 20.5625 2.5 8.15625 82 3374 98738065 80 8801 198360974
6.2e-09 21.7344 2.34375 8.15625 456 2611 1033202 456 5780 345800812
6.2e-09 18 2.45312 8.15625 4 31 744710 2 0 334251612
6.2e-09 18.625 1.89062 8.25 10 0 0 8 0 336287109
6.2e-09 20.2188 2.25 8.15625 76 2172 321184722 77 0 0
6.2e-09 22.375 1.95312 8.15625 1317 0 0 1299 15260 337193514
6.2e-09 18.5312 1.92188 8.04688 4 205 297884069 11 149 1028779
6.2e-09 23.2969 2.3125 8.15625 2750 0 0 2650 8434 256857620
6.2e-09 19.1719 2.29688 8.15625 14 1993 243433378 12 1127 46413666
6.2e-09 20 2.26562 8.15625 40 1822 269117643 46 131 940018
6.2e-09 19.8125 1.9375 8.15625 49 0 284070545 54 0 0
6.2e-09 22.6562 1.90625 8.29688 1016 4234 17501221 1065 37083 253299061
6.2e-09 17.9375 2.40625 8.15625 3 9 286350453 3 0 0
6.2e-09 19.8438 2.42188 8.15625 57 748 48200282 48 1062 306041185
6.2e-09 18.1875 2.34375 8.15625 2 111 312915212 3 182 5014026
6.2e-09 20.1406 2.3125 8.15625 53 1930 276654541 47 0 0
6.2e-09 20.8594 2.23438 8.15625 166 2904 41384782 161 4069 266761496
6.2e-09 21.3281 2.35938 8.15625 265 2492 292313723 242 361 14273580
6.2e-09 18.1562 2.45312 8.15625 5 35 333802 2 268 338087811
6.2e-09 19.6875 1.98438 8.15625 27 1126 80752307 41 771 272951024
6.2e-09 20.7812 1.9375 8.15625 120 2040 255730116 124 1143 15923740
6.2e-09 23.4375 2.48438 8.15625 3465 41913 263173242 3518 0 0
6.2e-09 18.75 2.01562 8.15625 9 683 355187836 12 17 10513
6.2e-09 19.7031 2.45312 8.15625 37 1329 47749014 24 469 300197865
6.2e-09 17.4688 2.76562 8.15625 0 0 0 2 6 287242301
6.2e-09 19.6719 2.32812 8.15625 28 0 0 26 1752 277041066
6.2e-09 19.75 2.875 8.15625 41 2704 187960815 37 2248 126149207
6.2e-09 20.2031 1.92188 8.04688 78 1653 79725018 79 29 244124937
6.2e-09 20.5 2.35938 8.32812 110 3369 140450835 100 2563 192312182
6.2e-09 20.7031 1.92188 8.01562 139 0 0 132 6177 308504554
6.2e-09 17.625 2.45312 8.15625 1 88 1200832 1 15 279701167
6.2e-09 18.6094 2.875 8.15625 12 373 204139076 11 1131 142550185
6.2e-09 20.75 1.89062 8.21875 101 3105 283329756 107 0 0
6.2e-09 18.9219 2.32812 8.15625 17 591 29128590 11 872 321277131
6.2e-09 19.2031 1.95312 8.15625 19 691 15106165 10 445 263524929
6.2e-09 20.5312 2.03125 8.15625 84 4004 251912240 74 2885 67064202
6.2e-09 17.6562 1.96875 8.15625 2 492 354090436 4 62 1206486
6.2e-09 infty 1.89062 8.15625 3362 0 0 3386 4114 7433302
6.2e-09 19.1875 2.04688 8.25 10 167 1467239 9 1282 284856496
6.2e-09 20.125 1.85938 8.15625 49 0 194859897 44 3424 89326737
6.2e-09 18.4531 1.95312 8.15625 10 201 249700582 11 52 98977331
6.2e-09 18.6094 2 8.15625 3 79 271011767 8 145 72987166
6.2e-09 22.2031 1.9375 8.15625 923 949 196235876 915 1423 146472212
6.2e-09 19.6562 2.23438 8.15625 32 1245 275888814 26 89 4130355
6.2e-09 20.0469 1.95312 8.15625 47 63 1747617 65 6370 323596522
6.2e-09 17.6719 1.85938 8.15625 4 74 311663496 3 51 32168454
6.2e-09 20.8438 2.25 8.15625 170 1103 36301516 174 3466 279485529
6.2e-09 17.625 2.04688 8.26562 1 71 22112239 2 76 266406197
6.2e-09 20.8125 2.375 8.42188 136 481 10296708 119 8704 329780964
6.2e-09 18.7812 2.21875 7.95312 6 198 113212687 13 196 226568934
6.2e-09 19.5312 2.23438 8.15625 24 532 349182591 34 562 5172228
6.2e-09 17.4531 1.85938 8.15625 1 24 291679587 0 35 182705
6.2e-09 18.6094 2.40625 8.15625 12 0 344856304 9 0 0
6.2e-09 17.9531 2.35938 8.15625 4 81 1665679 3 459 273630738
6.2e-09 22.7656 1.92188 8.15625 1674 0 0 1774 16917 293181462
6.2e-09 21.2656 2.35938 8.26562 213 3785 192951492 272 14237 151816765
6.2e-09 17.9844 1.875 8.15625 6 0 0 2 831 348883784
6.2e-09 19.9844 1.85938 8.15625 31 449 18582061 32 0 260668245
6.2e-09 20.8438 2.42188 8.15625 184 0 0 174 911 314670064
6.2e-09 20.6562 2.04688 8.15625 100 4633 334196869 107 0 0
6.2e-09 18.9531 2.04688 8.15625 10 79 6315710 12 268 321639807
6.2e-09 20.5938 2.20312 8.32812 60 78 156882 77 725 285989911
6.2e-09 20.6094 2.3125 8.15625 82 1778 26222495 81 1737 251134367
6.2e-09 20.4688 2.73438 8.15625 71 2591 47845391 72 1699 223538929
6.2e-09 18.7188 1.98438 8.15625 9 453 5843992 10 292 275843962
6.2e-09 20.6094 2.35938 8.23438 85 249 2729794 83 1475 273377166
6.2e-09 18.4219 2.82812 8.34375 3 101 186901248 6 510 86353382
6.2e-09 19.2188 2.26562 8.15625 26 737 6266653 14 988 350811838
6.2e-09 20.4531 2.375 8.40625 78 1769 128757421 72 4454 147676184
6.2e-09 20.1406 2 8.15625 44 0 0 37 881 279584969
6.2e-09 18.0312 2.85938 8.15625 8 96 211969299 2 628 106005959
6.2e-09 18.1406 2.04688 8.15625 9 255 319418060 3 98 27774386
6.2e-09 20.6094 1.98438 8.15625 103 2591 112840506 99 5173 166697503
6.2e-09 18.5469 2.46875 8.15625 8 163 255583805 9 293 37329409
6.2e-09 20.7344 2.48438 8.15625 113 2980 112443358 107 4855 176136719
6.2e-09 21.75 2.5625 8.15625 527 1288 3351216 558 2693 334543436
6.2e-09 20.1719 1.98438 8.15625 71 2830 36727219 82 403 311683058
6.2e-09 20.125 2.54688 8.15625 56 2106 68236055 56 716 217401563
6.2e-09 20 2.54688 8.15625 46 365 2718162 45 658 267084996
6.2e-09 17.6094 2.89062 8.15625 3 102 286466298 1 44 3509174
6.2e-09 infty 2.23438 8.15625 4230 0 0 4268 0 0
6.2e-09 19.75 2.23438 8.15625 56 798 253548782 46 387 66321499
6.2e-09 18.6406 2 8.15625 7 228 326391228 12 196 5212257
6.2e-09 19.0312 2.45312 8.15625 13 183 260410577 10 363 27346988
6.2e-09 18.6562 2.76562 8.15625 12 436 317762301 8 0 0
6.2e-09 20.0469 1.89062 8.1875 52 1202 296271493 45 661 32555890
6.2e-09 18.0156 1.89062 8.15625 3 0 220902537 7 149 108636226
6.2e-09 18.2656 2.39062 8.15625 6 34 3578755 5 136 272334301
6.2e-09 18.2969 1.92188 8.15625 3 887 336326374 3 136 6599739
6.2e-09 19.5 2.03125 8.15625 21 197 5697636 16 703 276396762
6.2e-09 22.6875 2.82812 8.29688 1360 35914 255081386 1372 37117 81891009
6.2e-09 18.1875 2.04688 8.28125 3 761 319226601 4 82 1948817
6.2e-09 18.0625 2.5625 8.15625 2 523 41521284 2 107 260616711
6.2e-09 17.9219 1.96875 8.15625 5 0 0 1 0 293923422
6.2e-09 22.0781 2.48438 8.15625 646 15437 72150699 628 3419 256871736
6.2e-09 20.6719 2.26562 8.15625 126 2740 278148936 115 2064 49532391
6.2e-09 17.9219 2.54688 8.15625 2 88 128801986 0 410 166411722
6.2e-09 18.7812 2.46875 8.15625 14 174 748170 11 452 333821072
6.2e-09 17.875 2.26562 8.15625 3 23 190943362 5 48 131782581
6.2e-09 18.7656 2.23438 8.15625 9 293 45826726 9 1691 298536696
6.2e-09 20.6562 2.04688 8.15625 103 1143 22693657 93 9511 310089599
6.2e-09 18.4531 1.90625 8.26562 5 455 110642137 5 230 241383914
6.2e-09 17.6094 2.3125 8.15625 2 56 67132069 2 49 226804026
6.2e-09 17.5469 1.96875 8.15625 2 201 219802735 3 69 106002776
6.2e-09 21.7344 1.96875 8.15625 526 9227 121921426 464 10424 221473988
6.2e-09 19.8438 2.78125 8.15625 31 1375 271410038 30 110 424001
6.2e-09 18.0781 2.3125 8.15625 2 5 23194009 1 159 271351021
6.2e-09 18.625 2.76562 8.15625 9 263 12603458 4 607 327053549
6.2e-09 18.2656 2.39062 8.15625 4 25 259982883 3 253 14351512
6.2e-09 18.9688 1.85938 8.15625 12 0 0 10 0 318584207
6.2e-09 infty 2.76562 8.15625 3634 10458 16383688 3578 4081 4203751
6.2e-09 19.5781 2.39062 8.15625 28 710 13050590 29 2423 319041849
6.2e-09 18.0781 1.95312 8.15625 3 223 221496188 5 89 75445399
6.2e-09 19.2031 2.34375 8.15625 12 1044 87629348 9 496 185735780
6.2e-09 infty 1.90625 8.34375 4388 21315 201969244 4374 953 1726402
6.2e-09 17.2344 2.51562 8.28125 0 104 328467128 1 34 394087
6.2e-09 18.5312 2.28125 8.15625 9 329 57707731 6 744 245601272
6.2e-09 20.8594 1.98438 8.15625 152 0 0 149 10072 307630523
6.2e-09 19.7188 2.35938 8.29688 21 562 236297367 28 1084 97885357
6.2e-09 19.0469 1.85938 8.15625 13 257 279230942 8 5 173
6.2e-09 infty 2.01562 8.15625 3403 0 0 3443 60141 147604114
6.2e-09 infty 2.8125 8.15625 3382 0 0 3274 37022 184685731
6.2e-09 19.7188 2.04688 8.25 28 3989 337971761 47 228 772961
6.2e-09 18.125 1.92188 8.14062 4 41 140209430 4 464 215100126
6.2e-09 17.6875 2.53125 8.0625 3 256 50891379 1 97 284994258
6.2e-09 17.875 2.375 7.95312 3 56 51806607 2 0 271413819
6.2e-09 17.7344 2.23438 8.15625 3 118 161177961 2 128 145739434
6.2e-09 18.5938 1.95312 8.15625 11 73 5254959 6 34 265093456
6.2e-09 18.8281 2.375 7.98438 15 236 15602882 6 574 291753928
6.2e-09 20.5781 2.76562 8.15625 98 214 31454001 87 173 259953079
6.2e-09 18.0938 1.85938 8.15625 1 544 280824192 2 19 608780
6.2e-09 18.2969 2.32812 8.15625 5 547 174271232 5 60 171160448
6.2e-09 19.0156 1.92188 8.07812 11 75 8473781 14 110 285434627
6.2e-09 19.2812 2.42188 8.15625 19 0 0 20 235 317799375
6.2e-09 17.6406 2.40625 8.15625 1 163 254990114 3 136 21986380
6.2e-09 20.2031 2.34375 8.15625 42 2908 329448443 60 0 0
6.2e-09 18.1094 2.26562 8.15625 4 318 274317710 3 0 0
6.2e-09 20.6562 1.85938 8.15625 124 126 67164 113 9133 333796595
6.2e-09 21.4688 2.04688 8.15625 263 25262 287459010 269 161 33286552
6.2e-09 17.7812 2 8.15625 2 200 173763998 2 194 107729309
6.2e-09 19.5625 1.9375 8.15625 31 0 0 30 1091 342175859
6.2e-09 20.6562 1.85938 8.15625 95 0 0 100 9161 339598575
6.2e-09 19.1406 2.5 8.15625 23 685 290036555 13 486 19477825
6.2e-09 18.9844 1.96875 8.15625 14 116 39364 10 142 313623345
6.2e-09 21.625 2.34375 8.15625 346 0 0 359 23852 316771958
6.2e-09 21.375 1.90625 8.39062 219 4038 95429825 246 9639 184611784
6.2e-09 17.2188 2.76562 8.15625 0 317 338056374 2 28 236894
6.2e-09 18.5 2.25 8.15625 11 845 317065168 4 0 1657489
6.2e-09 17.9219 2.23438 8.15625 2 52 260319595 2 545 35455047
6.2e-09 17.6562 2.42188 8.15625 5 31 153648369 1 235 204588980
6.2e-09 19.875 1.95312 8.15625 30 162 907487 34 2422 341107410
6.2e-09 21.0469 2.89062 8.15625 161 798 296066873 176 0 0
6.2e-09 infty 1.96875 8.15625 3881 0 0 3886 17134 11915341
6.2e-09 18.4844 2.21875 7.90625 9 139 1489671 13 55 327020819
6.2e-09 17.2656 2.26562 8.15625 3 32 56947909 1 51 250639074
6.2e-09 21.5938 2.03125 8.15625 375 11323 229129725 341 2871 110635279
6.2e-09 18.5469 1.92188 8.15625 5 124 48319125 10 294 241531505
6.2e-09 17.5 2.25 8.15625 0 0 271431684 4 0 0
6.2e-09 22.2656 2.04688 8.15625 821 6953 262336802 829 6158 50374064
6.2e-09 18.0938 2.23438 8.15625 6 0 283369056 3 0 0
6.2e-09 17.5781 1.875 8.15625 1 149 186966575 0 189 118744382
6.2e-09 19.0469 2.40625 8.15625 8 364 272853119 8 0 0
6.2e-09 18.1406 2.51562 8.26562 4 315 280559056 6 573 63934045
6.2e-09 19.3906 2.375 8.40625 21 493 34775466 18 1639 310190437
6.2e-09 19.1719 2.3125 8.15625 24 869 9754588 20 978 278891206
6.2e-09 17.5469 1.9375 8.15625 4 179 270540843 1 219 61933996
6.2e-09 18.6406 1.875 8.15625 13 0 0 2 470 330271165
6.2e-09 18.6406 1.89062 8.15625 6 192 5976604 7 365 322885197
6.2e-09 18.8906 2.54688 8.15625 8 1050 278547528 12 54 500562
6.2e-09 21.2344 1.95312 8.15625 210 0 0 232 5373 275428818
6.2e-09 23.0156 2.84375 8.04688 2366 0 0 2423 32412 329791986
6.2e-09 19.2344 2 8.15625 22 999 340936891 28 1089 5788126
6.2e-09 19.0781 2.5625 8.15625 14 1417 38849423 13 1558 306092703
6.2e-09 19.7188 1.98438 8.15625 31 517 329129606 37 986 4674569
6.2e-09 16.9375 2.29688 8.15625 0 10 158149475 0 111 163487439
6.2e-09 18.6094 2.23438 8.15625 10 352 19193176 16 261 329966420
6.2e-09 18.3438 2.21875 8.39062 2 0 0 9 297 315267775
6.2e-09 infty 1.95312 8.15625 3993 0 0 4015 0 0
6.2e-09 20.5469 2.26562 8.15625 108 1183 32033598 82 0 276756086
6.2e-09 20.4844 2.39062 8.15625 95 1918 11578172 89 3333 335969159
6.2e-09 18.3438 2.90625 8.15625 6 17 345283 3 651 323088926
6.2e-09 23.1094 2.5 8.15625 1970 18759 277636726 1955 0 0
6.2e-09 infty 2.82812 7.98438 4168 40794 28045765 4279 0 0
6.2e-09 21.6094 2.3125 8.15625 376 12782 329843502 318 0 0
6.2e-09 19.7812 2.04688 8.26562 37 2865 250654758 25 933 50148036
6.2e-09 19.0156 2.5625 8.15625 12 312 290179816 9 113 4728211
6.2e-09 18.0625 2.35938 8.21875 3 0 0 4 11 300093497
6.2e-09 infty 2.03125 8.15625 3526 0 0 3398 33046 26235685
6.2e-09 19.8125 1.89062 8.20312 35 0 0 32 40 281393335
6.2e-09 17.5781 2.78125 8.15625 2 0 0 2 265 313725834
6.2e-09 21.2812 2.42188 8.15625 267 2891 172884549 304 7446 160805256
6.2e-09 19.0781 2.29688 8.15625 11 430 350892433 7 0 0
6.2e-09 18.0469 2.04688 8.23438 2 59 11347727 5 298 299852816
6.2e-09 19.1875 2.84375 8.15625 18 692 285776725 16 73 289154
6.2e-09 19.25 2.3125 8.15625 20 390 199028446 28 728 137765253
6.2e-09 21.625 2.85938 8.15625 388 4180 318879780 386 0 0
6.2e-09 17.9531 2.375 8 3 85 275350923 0 0 0
6.2e-09 19.5469 2.34375 8.15625 30 329 4467625 11 3119 346203206
6.2e-09 19.0469 1.85938 8.15625 7 539 28830698 6 1072 250363231
6.2e-09 20.0625 1.98438 8.15625 58 0 0 54 2619 320758184
6.2e-09 20.0625 2.84375 8.01562 53 4904 302140953 52 1124 19565375
6.2e-09 22.7969 2.01562 8.15625 1420 14595 276129584 1521 0 0
6.2e-09 18.4688 2.03125 8.15625 5 493 243172479 1 332 91642328
6.2e-09 19.5625 2.03125 8.15625 24 48 9500466 26 439 326676636
6.2e-09 22.1719 2.46875 8.15625 639 4696 277338846 652 0 0
6.2e-09 infty 1.90625 7.95312 4103 53652 126947667 4153 0 0
6.2e-09 17.9531 2.04688 8.15625 2 239 257084440 6 98 16164631
6.2e-09 19.1562 2.03125 8.15625 20 28 127748430 17 28 173979631
6.2e-09 infty 1.89062 8.15625 3412 0 0 3406 0 0
6.2e-09 19 1.875 8.15625 9 145 286609328 10 0 13055406
6.2e-09 20.625 2.23438 8.15625 137 6782 102158476 131 3444 252390678
6.2e-09 18.4219 2.8125 8.15625 3 426 236901380 4 200 40574949
6.2e-09 17.5625 2.375 8.10938 3 180 239304060 2 91 81313331
6.2e-09 19.9062 2.54688 8.15625 42 4948 243668227 33 2861 79100319
6.2e-09 18.5781 2.51562 8.375 5 280 225388102 4 610 54425285
6.2e-09 19.2031 1.89062 8.15625 12 358 246088724 21 982 28487963
6.2e-09 18.2188 2 8.15625 5 103 5005198 2 193 296860041
6.2e-09 18.5 1.85938 8.15625 5 356 307373424 8 11 7932789
6.2e-09 20.5469 2.39062 8.15625 100 3159 296257642 100 632 9662124
6.2e-09 18.5469 2.48438 8.15625 6 64 255807220 3 251 37192401
6.2e-09 19.4844 2.23438 8.15625 20 3212 294692126 23 96 1106633
6.2e-09 20.5469 2.28125 8.15625 90 473 1221107 99 2184 311981011
6.2e-09 19.5 2.40625 8.15625 28 986 282092892 24 0 0
6.2e-09 19.2188 2.8125 8.15625 25 0 0 16 84 355301855
6.2e-09 19.0469 1.85938 8.15625 13 13 30071204 15 56 247480898
6.2e-09 18.8125 2.21875 7.95312 7 174 145648797 8 241 172290323
6.2e-09 19.3125 2.29688 8.15625 20 252 4529724 18 1159 294208554
6.2e-09 20.5312 1.92188 8.15625 91 1091 321655148 96 614 491688
6.2e-09 infty 2.89062 8.15625 3823 0 0 3812 0 0
6.2e-09 18.5469 1.92188 8.09375 12 172 7621222 5 247 284940313
6.2e-09 18.4688 2.75 8.15625 10 0 59637739 6 473 277175157
6.2e-09 infty 2.46875 8.15625 3614 48968 189601774 3637 0 0
6.2e-09 19.5938 2.4375 8.15625 20 376 1470622 16 1606 314813374
6.2e-09 19 1.92188 8.0625 23 96 302195776 13 0 0
6.2e-09 18.0781 1.89062 8.15625 5 114 172750482 2 62 124028099
6.2e-09 18.4688 1.89062 8.15625 8 531 258721406 5 693 78526620
6.2e-09 20.5625 2.90625 8.15625 80 227 24148855 93 1111 275853681
6.2e-09 22.4375 2.82812 8.28125 1030 6364 3579392 1100 1459 298362209
6.2e-09 18.5938 2.73438 8.15625 8 5 65 5 23 270043490
6.2e-09 18.4062 1.85938 8.15625 4 244 288218265 5 99 327938
6.2e-09 18.1094 1.95312 8.15625 2 338 218057996 5 348 60695187
6.2e-09 19.6562 2 8.15625 32 1584 287864576 28 0 0
6.2e-09 18.0938 2.25 8.15625 6 549 287375051 6 0 0
6.2e-09 18.4688 2.5625 8.15625 7 55 5019300 7 111 328339713
6.2e-09 20.3594 2.73438 8.15625 74 2724 215341516 68 0 116964513
6.2e-09 17.8438 2.78125 8.15625 1 3 34101 0 119 340449120
6.2e-09 17.9688 2.4375 8.15625 3 34 10348424 1 112 261649541
6.2e-09 17.3281 2.23438 8.15625 1 25 203270323 0 60 76700395
6.2e-09 19.7188 2.5625 8.15625 40 900 337125107 35 66 14722
6.2e-09 17.4844 1.98438 8.15625 5 184 271165277 2 74 7630609
6.2e-09 18.7031 1.9375 8.15625 6 353 291987297 11 38 14317
6.2e-09 19.8281 1.90625 8.32812 42 784 220205196 29 1146 56190609
6.2e-09 17.6406 1.85938 8.15625 4 191 39192958 1 134 235312402
6.2e-09 22.0938 2.23438 8.15625 787 0 0 716 5662 314675057
6.2e-09 18.0781 2.29688 8.15625 5 123 41228704 6 138 251190161
6.2e-09 17.4062 1.85938 8.15625 3 187 287586664 1 43 33558120
6.2e-09 19.5781 2.73438 8.15625 29 1039 325111532 22 0 0
6.2e-09 18.5938 2 8.15625 6 1594 346837938 6 560 6757421
6.2e-09 19.9844 2.40625 8.15625 53 437 259808419 49 1244 19253964
6.2e-09 18.9844 2.23438 8.15625 14 86 10668567 6 356 297301835
6.2e-09 17.4531 2.5 8.15625 0 67 6706773 1 0 283004322
6.2e-09 19.5156 2.03125 8.15625 23 0 0 13 2249 275343683
6.2e-09 19.5625 2.39062 8.15625 30 472 230817429 41 1050 101932322
6.2e-09 20.8594 1.95312 8.15625 158 0 0 190 4248 305040308
6.2e-09 19.7031 2.03125 8.15625 39 701 1932847 21 26 344206555
6.2e-09 20.6719 2.39062 8.15625 128 1336 168272223 126 2113 155235342
6.2e-09 17.7031 1.90625 8.35938 4 16 6874077 0 124 320582006
6.2e-09 18.2812 2.25 8.15625 5 239 55191441 8 356 300050207
6.2e-09 20.2344 1.98438 8.15625 61 4122 309436747 70 374 1364936
6.2e-09 20.8906 2.84375 8.15625 119 1248 20508902 118 4215 274843102
6.2e-09 18.9844 2.73438 8.15625 16 118 313811805 13 0 0
6.2e-09 18.375 2.51562 8.26562 3 164 256663498 3 26 44342730
6.2e-09 19.2812 2.39062 8.15625 18 403 314405395 19 14 13809
6.2e-09 19.0938 2.73438 8.15625 15 1462 50883905 20 407 283074417
6.2e-09 22.25 2.34375 8.15625 823 24149 318619401 797 0 0
6.2e-09 19.1094 2.42188 8.15625 23 843 292128464 12 1450 33517967
6.2e-09 infty 2.32812 8.15625 3457 49658 125953052 3421 12557 3910241
6.2e-09 19.2656 2.5 8.15625 19 213 10720180 20 5078 316213139
6.2e-09 20.0781 2.4375 8.15625 58 1089 17007243 63 1085 295173530
6.2e-09 17.6875 2.3125 8.15625 1 213 338687632 1 13 1072724
6.2e-09 19.3906 2.51562 8.375 25 18 228078906 22 1330 122765827
6.2e-09 19.0469 2.01562 8.15625 8 0 0 10 0 279431730
6.2e-09 22.3438 1.89062 8.23438 774 20723 269684557 738 0 0
6.2e-09 21.6875 1.9375 8.15625 421 0 0 367 28076 281762003
6.2e-09 19.5625 1.96875 8.15625 27 0 0 36 559 340046752
6.2e-09 20.4062 2.01562 8.15625 70 4618 292135815 54 2422 12302534
6.2e-09 18.5469 2.54688 8.15625 11 311 11905569 5 268 278343708
6.2e-09 18.5156 1.9375 8.15625 8 795 54288276 5 943 259080926
6.2e-09 20.2812 1.875 8.15625 66 2102 60104982 54 4182 222228865
6.2e-09 17.1094 2.48438 8.15625 3 108 312039842 1 25 2008385
6.2e-09 19.7344 2.26562 8.15625 33 0 2992291 48 651 320308425
6.2e-09 20.25 2.73438 8.15625 62 0 0 67 3079 302755214
6.2e-09 19.3125 2.4375 8.15625 19 771 51555584 23 2704 247541566
6.2e-09 19.2969 2.01562 8.15625 20 753 21179027 16 0 287896268
6.2e-09 23.5625 1.96875 8.15625 3793 73701 224977514 3872 42619 59742413
6.2e-09 19.0938 2.25 8.15625 13 67 3529 10 1707 341784446
6.2e-09 18.0469 2.32812 8.15625 6 17 47509088 4 18 265709039
6.2e-09 17.1406 2.42188 8.15625 2 82 235247847 2 74 58110437
6.2e-09 19.5781 2.3125 8.15625 17 0 0 33 529 331432728
6.2e-09 19.0469 2.25 8.15625 12 692 183558243 17 620 96312598
6.2e-09 19.625 2.01562 8.15625 27 180 6521057 22 732 297801633
6.2e-09 22.2344 2.28125 8.15625 905 2873 328705849 893 2570 2524530
6.2e-09 18.9688 2 8.15625 13 360 311612787 14 413 10662845
6.2e-09 19.7812 2.54688 8.15625 38 71 23533324 47 2691 277650024
6.2e-09 19.9844 2.48438 8.15625 31 2704 263207764 32 407 16078554
6.2e-09 23.0781 2.45312 8.15625 2079 49869 233682135 2173 15830 60244728
6.2e-09 19.5469 2.40625 8.15625 27 76 344499105 30 0 0
6.2e-09 18.1719 2.28125 8.15625 5 270 128214534 4 156 197427895
6.2e-09 18.0469 2.85938 8.15625 4 674 222705004 5 46 83360670
6.2e-09 17.9375 1.92188 8.15625 4 243 248776734 2 125 39342036
6.2e-09 19.1094 2.45312 8.15625 21 2603 150527393 16 619 180435741
6.2e-09 18.4844 2.48438 8.15625 2 313 152853066 7 4 171834476
6.2e-09 20.9219 2.20312 8.32812 138 591 3303741 147 4071 271340491
6.2e-09 18.4688 1.95312 8.15625 6 340 5657348 9 790 333870799
6.2e-09 infty 2.28125 8.15625 3742 0 0 3759 16603 22548981
6.2e-09 20.7969 2.3125 8.15625 163 6273 271920397 143 2557 70492913
6.2e-09 20.2188 2.40625 8.15625 69 842 315503421 88 0 0
6.2e-09 17.3438 1.95312 8.15625 2 70 136968070 1 19 135213544
6.2e-09 23.6406 2.53125 7.92188 4337 38126 241374870 4274 0 0
6.2e-09 18.5156 2.03125 8.15625 6 80 24792493 5 0 287080855
6.2e-09 17.4375 1.92188 8.03125 1 19 346096 2 224 304473473
6.2e-09 19.5156 2.34375 8.15625 19 945 268337688 19 199 5922997
6.2e-09 18.5312 2.78125 8.15625 6 137 91113601 9 273 213551281
6.2e-09 19.6875 2.42188 8.15625 31 0 0 37 4931 357699226
6.2e-09 18.4688 1.95312 8.15625 10 306 141428229 10 432 198802233
6.2e-09 17.4844 2.39062 8.15625 1 144 199448511 5 274 73580075
6.2e-09 19.5625 2.8125 8.15625 33 404 84632653 29 308 252553277
6.2e-09 18.6719 1.95312 8.15625 3 743 172556223 10 366 140451712
6.2e-09 18.2031 2.39062 8.15625 7 65 12479566 6 137 299497286
6.2e-09 17.8438 2.78125 8.15625 0 236 136463513 2 29 206471923
6.2e-09 20.2812 2.39062 8.15625 94 1486 116612568 84 249 165392862
6.2e-09 21.5156 1.90625 8.34375 319 16044 268459682 327 3285 24078838
6.2e-09 18.7812 2.42188 8.15625 11 121 612194 16 1009 336890874
6.2e-09 18.5625 2.46875 8.15625 7 225 286104578 11 0 0
6.2e-09 22.0938 1.875 8.15625 618 1236 232847 647 1778 320498761
6.2e-09 17.5625 1.875 8.15625 4 202 319801361 6 0 0
6.2e-09 17.5 2.23438 8.14062 2 93 66335798 2 100 206021353
6.2e-09 17.1719 2.78125 8.15625 1 33 267296192 2 27 5892738
6.2e-09 20.0625 2.40625 8.15625 58 0 0 56 5311 321041987
6.2e-09 18.9375 2.32812 8.15625 14 633 53774224 8 872 284157963
6.2e-09 17.9844 2.03125 8.15625 7 3 240 0 169 344278411
6.2e-09 18.7188 2.90625 8.15625 12 4 69667620 7 218 210992608
6.2e-09 19.1875 2.45312 8.15625 12 0 0 14 45 285211350
6.2e-09 18.0781 2.04688 8.15625 1 0 0 6 280 292399233
6.2e-09 infty 2.21875 7.95312 4223 6668 240199979 4318 0 0
6.2e-09 17.4844 1.875 8.15625 1 91 25180796 2 12 251839659
6.2e-09 17.3281 2.85938 8.15625 2 59 267860445 1 13 11741995
6.2e-09 21.7812 1.95312 8.15625 515 0 192067425 497 6777 124917366
6.2e-09 17.7031 1.9375 8.15625 1 256 149242569 2 94 174799632
6.2e-09 19.1719 2.5 8.15625 19 1724 245786142 10 226 49956154
6.2e-09 18.9688 2.75 8.15625 11 0 311891746 10 144 8200846
6.2e-09 18.6094 2 8.15625 9 102 52433231 13 336 294885231
6.2e-09 19.0156 2.3125 8.15625 9 1019 28785076 13 62 264443860
6.2e-09 17.5781 1.98438 8.15625 3 93 308685644 2 0 0
6.2e-09 20.0781 2.28125 8.15625 51 1012 304263964 50 2160 8595353
6.2e-09 17.1875 2.73438 8.15625 4 16 348809890 2 136 6705671
6.2e-09 17.7188 1.92188 8.15625 3 4 263791 5 10 316852149
6.2e-09 18.7812 2.82812 8.375 6 976 341422012 10 0 0
6.2e-09 21.1406 2.03125 8.15625 172 2970 68284074 193 1869 263294873
6.2e-09 18.7344 2.73438 8.15625 6 17 40058 14 382 273118775
6.2e-09 19.4531 1.85938 8.15625 19 1475 235598123 16 1032 78399650
6.2e-09 17.875 2.51562 8.15625 2 0 292336082 3 86 28824288
6.2e-09 18.375 1.89062 8.15625 4 87 8335787 1 149 295288496
6.2e-09 17.5781 1.92188 8.15625 4 558 308341588 1 27 3718450
6.2e-09 18.125 2.54688 8.15625 8 163 309738044 4 200 43557847
6.2e-09 19.5312 2.21875 8.40625 30 0 0 37 1542 354982432
6.2e-09 infty 2.04688 8.28125 4326 6816 23074165 4406 34201 179642399
6.2e-09 20.8906 2.51562 8.23438 120 5958 290348877 116 387 2294460
6.2e-09 19.6406 2.35938 8.25 27 753 49750754 31 1144 242651535
6.2e-09 20.1094 1.9375 8.15625 45 1598 210636832 59 2159 80041904
6.2e-09 23.0781 2.5 8.15625 1797 0 0 1896 22069 292443200
6.2e-09 18.0469 2.42188 8.15625 3 86 88546192 2 80 224431504
6.2e-09 19.1406 1.98438 8.15625 18 1077 310897509 21 0 20118
6.2e-09 20.3281 2.04688 8.21875 78 3478 348585481 70 392 229071
6.2e-09 18.7812 1.90625 7.92188 7 0 243271077 10 441 91421806
6.2e-09 18.1406 2.54688 8.15625 4 102 228543751 7 371 117522215
6.2e-09 22.0781 2.21875 8.09375 781 0 0 760 12710 325812539
6.2e-09 21.4219 2.21875 8.34375 286 2290 9208388 333 1635 338090326
6.2e-09 infty 2.84375 8.15625 4123 0 0 4128 45259 49520346
6.2e-09 18.7812 2.21875 7.98438 7 681 340370968 10 0 0
6.2e-09 18 2.5 8.15625 2 115 87983656 0 202 247886546
6.2e-09 18.1875 2.51562 8.25 5 107 4394043 3 672 315699235
6.2e-09 infty 1.98438 8.15625 3773 0 0 3699 19241 34359328
6.2e-09 18.5938 2.5 8.15625 14 79 331865882 5 164 23608712
6.2e-09 19.6562 2.48438 8.15625 28 24 276050513 26 1163 4362608
6.2e-09 21.1094 2.23438 8.14062 226 0 0 259 3535 350941740
6.2e-09 17.2031 2.03125 8.15625 0 44 2775605 3 176 344716080
6.2e-09 21.5625 1.95312 8.15625 392 0 0 398 18073 353182563
6.2e-09 18.1562 1.96875 8.15625 8 245 252082002 4 36 87269498
6.2e-09 infty 2.34375 8.15625 3417 0 0 3491 852 241756
6.2e-09 19 2 8.15625 14 416 10650239 8 311 291993377
6.2e-09 21.8125 2.23438 8.10938 565 0 0 543 9250 297845703
6.2e-09 22.1719 2.29688 8.15625 699 6849 10311982 672 8964 263773853
6.2e-09 17.4375 2.28125 8.15625 5 162 297562011 1 3 586106
6.2e-09 22.1719 2.34375 8.15625 617 14180 274258091 652 1970 1512731
6.2e-09 18.4844 2.40625 8.15625 8 302 298952031 4 325 31502974
6.2e-09 19.0781 2.76562 8.15625 26 19 560166 9 479 344000047
6.2e-09 17.1719 1.89062 8.15625 0 183 228357282 0 12 45400854
6.2e-09 17.7031 1.98438 8.15625 4 6 130770612 2 80 194461556
6.2e-09 17.7031 1.85938 8.15625 0 141 756007 3 144 324931074
6.2e-09 19.8281 1.89062 8.15625 30 1200 274456251 34 0 0
6.2e-09 21.3438 2.01562 8.15625 272 5327 298357046 250 345 1726114
6.2e-09 19.6406 2.32812 8.15625 23 227 1949999 40 1029 287903625
6.2e-09 18.4688 2.21875 8.42188 6 11 82547 5 267 336526645
6.2e-09 17.6562 1.9375 8.15625 2 67 221080965 3 52 49698511
6.2e-09 18 1.875 8.15625 6 0 172649977 3 196 165634099
6.2e-09 19.6875 1.9375 8.15625 24 2204 244256453 36 1157 27156264
6.2e-09 17.6562 2.04688 8.29688 2 41 251993410 0 13 19039418
6.2e-09 18.0781 2.42188 8.15625 5 678 292873025 7 0 0
6.2e-09 18.1406 2.26562 8.15625 5 47 189638451 6 573 161685651
6.2e-09 20.6094 2.01562 8.15625 79 4277 279484842 80 0 0
6.2e-09 21.6562 1.92188 8.15625 436 249 522604 395 10750 303250915
6.2e-09 infty 2.03125 8.15625 3400 30710 176700723 3488 27976 34458119
6.2e-09 infty 2.42188 8.15625 3901 0 0 3866 0 0
6.2e-09 20.4844 2.5625 8.15625 96 4046 251265963 87 808 98637638
6.2e-09 18.5312 1.85938 8.15625 5 92 297432716 7 0 0
6.2e-09 20.0312 1.96875 8.15625 51 2398 339949879 43 0 0
6.2e-09 19.2969 2.375 7.92188 23 746 309807449 15 186 4110382
6.2e-09 16.9531 2.01562 8.15625 0 58 42796646 1 87 263472313
6.2e-09 21.0938 2.5 8.15625 146 4552 185329058 131 2267 85827999
6.2e-09 19.5156 2.04688 8.15625 26 453 269471610 28 349 4704773
6.2e-09 19.875 2.51562 8.34375 40 291 174820508 43 949 161408321
6.2e-09 18.2969 2.29688 8.15625 6 98 75981665 4 0 270725144
6.2e-09 19.7969 2.39062 8.15625 38 1674 287508473 28 188 1059614
6.2e-09 21.1875 2.5 8.15625 170 3970 304430985 174 0 0
6.2e-09 18.9844 2.89062 8.15625 10 511 85588542 9 215 220173490
6.2e-09 17.2344 1.9375 8.15625 2 194 123509236 4 130 200711113
6.2e-09 18.25 2.39062 8.15625 4 13 166061605 3 122 114661859
6.2e-09 20.5938 2.01562 8.15625 103 1515 49472387 83 6557 230433862
6.2e-09 20.125 2.01562 8.15625 44 348 165895874 49 1493 117433916
6.2e-09 20.7188 2.04688 8.20312 91 403 4924519 105 4456 296897824
6.2e-09 infty 2.21875 8.04688 4312 66121 144516997 4265 6778 1873504
6.2e-09 19.6094 1.85938 8.15625 31 2837 274208330 23 454 39345925
6.2e-09 20.6406 2.28125 8.15625 127 14741 258947270 113 1298 86745880
6.2e-09 17.7344 2.04688 8.29688 3 244 238705851 3 122 72765595
6.2e-09 17.3594 1.9375 8.15625 3 57 351414716 2 0 0
6.2e-09 23.5156 2.78125 8.15625 3430 0 0 3479 42934 312305517
6.2e-09 19.0781 1.90625 7.9375 19 649 16501038 13 3227 329032630
