6.2e-09 19.1875 2.46875 8.5625 0 12 20956586 0 17 310806761
6.2e-09 17.2188 2.4375 8.8125 0 0 257201 0 0 290551286
6.2e-09 18.8906 2.79688 8.5625 0 4 171911300 0 3 151074752
6.2e-09 18.2812 2.75 8.8125 0 0 20947619 0 10 293997442
6.2e-09 19.5625 2.375 8.5625 0 20 122588413 0 2 176234612
6.2e-09 18.3906 2.48438 8.5625 0 1 335440662 0 0 5964462
6.2e-09 infty 2.32812 8.5625 392 0 0 397 0 0
6.2e-09 19.1875 2.32812 8.5625 0 10 3371521 0 11 327547210
6.2e-09 21.5625 3.03125 8.5625 0 92 7381863 0 602 320958486
6.2e-09 19.1094 3.28125 8.5625 0 3 33480433 0 4 252151065
6.2e-09 19.5781 2.89062 8.64062 0 2 61515145 0 10 230286610
6.2e-09 21.1094 3 8.5625 0 91 317779227 0 0 0
6.2e-09 18.5156 2.5625 8.5625 0 1 359320051 0 0 259605
6.2e-09 18.8594 2.29688 8.51562 0 19 9842990 0 3 333070728
6.2e-09 18.0938 2.4375 8.78125 0 2 294313256 0 8 38151191
6.2e-09 20.5312 2.76562 8.5625 0 9 5256058 0 119 280109648
6.2e-09 20.5781 2.96875 8.5625 0 8 5423230 0 95 344836123
6.2e-09 18.4844 3.01562 8.5625 0 27 283715691 0 1 66812
6.2e-09 19.6562 2.5 8.5625 0 0 1164148 0 49 336766770
6.2e-09 20.6094 2.32812 8.5625 0 131 90822382 0 60 236721145
6.2e-09 21.4219 2.78125 8.5625 0 20 189955475 0 86 127555000
6.2e-09 19.625 3 8.5625 0 40 353080289 0 0 0
6.2e-09 23.2656 2.48438 8.5625 1 571 110270060 1 1578 235085594
6.2e-09 22 2.35938 8.5625 0 58 112322231 0 524 239733398
6.2e-09 22.6719 2.89062 8.5625 0 1419 320918181 1 0 0
6.2e-09 20.4531 2.375 8.5625 0 73 334066664 0 0 0
6.2e-09 18.9688 2.28125 8.60938 0 0 327474612 0 4 40792804
6.2e-09 19.1719 2.32812 8.5625 0 45 231570686 0 3 109893156
6.2e-09 21.2812 2.4375 8.34375 0 0 0 0 33 305100622
6.2e-09 20.4688 3.25 8.5625 0 0 0 0 63 324349634
6.2e-09 17.5781 2.3125 8.5625 0 16 307012307 0 1 45311828
6.2e-09 18.0469 2.40625 8.5625 0 9 357971146 0 0 1393984
6.2e-09 21.0156 2.25 8.5625 0 153 352813796 0 35 19563575
6.2e-09 20.3906 2.51562 8.5625 0 166 221629175 0 31 151580792
6.2e-09 18.4844 2.28125 8.60938 0 15 33544649 0 11 251743270
6.2e-09 17.4531 2.32812 8.5625 0 0 0 0 0 336223331
6.2e-09 24.1406 2.29688 8.40625 1 1557 294238618 1 0 0
6.2e-09 18.6562 2.39062 8.5625 0 20 19634526 0 0 348022481
6.2e-09 19.5156 2.89062 8.5625 0 35 22238899 0 1 304415003
6.2e-09 19.4844 2.53125 8.5625 0 10 318077892 0 1 30098801
6.2e-09 19.1719 2.23438 8.5625 0 3 22151604 0 19 319004308
6.2e-09 20.3594 3.01562 8.5625 0 108 285295888 0 3 11837231
6.2e-09 20.25 2.54688 8.5625 0 37 351406935 1 37 6460340
6.2e-09 25.6094 2.26562 8.5625 13 1963 355550088 8 0 0
6.2e-09 18.5 2.26562 8.5625 0 0 368392461 0 1 2212003
6.2e-09 18.5938 2.54688 8.5625 0 6 3025769 0 12 309990860
6.2e-09 18.3125 2.39062 8.5625 0 0 182464986 0 1 112027030
6.2e-09 19.1406 3.26562 8.5625 0 0 0 0 3 360498538
6.2e-09 20.1875 2.28125 8.32812 0 69 74777971 0 11 228405413
6.2e-09 19.5156 2.46875 8.5625 0 1 29834178 0 11 296411543
6.2e-09 18.6406 2.23438 8.5625 0 0 13558236 0 4 272296391
6.2e-09 20.5156 2.3125 8.5625 0 81 286549921 0 47 8891501
6.2e-09 22.625 2.9375 8.5625 2 247 268240621 0 316 79993070
6.2e-09 19.0469 2.42188 8.5625 0 31 35719911 0 10 287429686
6.2e-09 21.625 3.25 8.5625 0 96 9899997 0 161 283035956
6.2e-09 19.8594 2.3125 8.5625 0 20 285970031 0 24 24613183
6.2e-09 19.5938 2.5625 8.5625 0 10 260006317 0 20 26095888
6.2e-09 20.6094 2.85938 8.5625 0 74 333084651 0 0 0
6.2e-09 18 2.51562 8.5625 0 33 240899955 0 0 51247289
6.2e-09 23.0156 2.82812 8.5625 0 1218 306859833 0 0 0
6.2e-09 19.1719 2.53125 8.5625 0 11 80003606 0 0 261758493
6.2e-09 23.8125 2.96875 8.5625 2 845 299815178 0 0 0
6.2e-09 20.1875 2.3125 8.5625 0 54 49651098 0 7 249276077
6.2e-09 23.2812 2.54688 8.5625 0 0 0 0 89 331812784
6.2e-09 18.9844 2.40625 8.5625 0 0 347136483 0 12 10867674
6.2e-09 21.4219 2.54688 8.5625 0 13 589319 0 173 319608553
6.2e-09 19.0625 3.26562 8.5625 0 61 316356632 0 8 528549
6.2e-09 17.9688 2.75 8.6875 0 25 280238333 0 1 28136002
6.2e-09 19.2656 2.73438 8.5625 0 13 34970731 0 0 257731821
6.2e-09 21.0312 2.35938 8.5625 0 0 292877218 0 34 68054276
6.2e-09 21.1094 2.26562 8.5625 0 147 70467107 0 104 247179129
6.2e-09 19.625 2.39062 8.5625 0 35 229241526 0 9 127035626
6.2e-09 18.5625 3.26562 8.5625 0 0 327084527 0 0 0
6.2e-09 18.5938 2.29688 8.53125 0 3 294942874 0 5 17751123
6.2e-09 18.3594 2.45312 8.5 0 13 348122909 0 10 12659221
6.2e-09 20.5781 2.78125 8.5625 0 76 43672422 0 100 303893904
6.2e-09 19.0156 2.35938 8.5625 0 0 186383326 0 0 155618617
6.2e-09 18.4531 2.90625 8.67188 0 27 304695292 0 0 1141128
6.2e-09 20.4531 2.45312 8.5625 0 0 0 0 49 334240799
6.2e-09 20.0781 2.48438 8.5625 0 9 171547870 0 62 200503128
6.2e-09 18.875 2.25 8.5625 0 0 314010357 0 1 14542297
6.2e-09 18.7812 2.51562 8.5625 0 0 246397238 0 1 53290632
6.2e-09 18.7656 2.5625 8.5625 0 0 205315 0 22 306454707
6.2e-09 19.9531 2.85938 8.5625 0 17 341648694 0 17 10206574
6.2e-09 17.5625 2.32812 8.5625 0 1 1496683 0 17 363436131
6.2e-09 19.5781 2.82812 8.5625 0 1 206752457 0 20 87567205
6.2e-09 19 2.34375 8.5625 0 21 158535537 0 14 192539466
6.2e-09 20.9844 3.07812 8.5625 0 0 260425223 0 63 34579129
6.2e-09 20.8906 2.29688 8.45312 0 371 329920999 0 10 26184858
6.2e-09 23.2656 2.90625 8.73438 0 0 0 0 1042 341792240
6.2e-09 18.6406 2.73438 8.5625 0 0 142262553 0 2 141951862
6.2e-09 17.8906 2.35938 8.5625 0 0 3399836 0 13 357979547
6.2e-09 18.9062 3.26562 8.5625 0 16 279333753 0 10 36862752
6.2e-09 20.0469 2.23438 8.5625 0 0 0 0 24 291497211
6.2e-09 20.0625 2.46875 8.5625 0 0 0 0 62 287087378
6.2e-09 20.0469 2.46875 8.5625 0 13 295368334 0 0 0
6.2e-09 21.4844 2.25 8.5625 0 21 61672040 0 66 223686307
6.2e-09 18.1719 2.4375 8.75 0 0 285226700 0 0 0
6.2e-09 19.0938 2.25 8.5625 0 4 25363175 0 6 268231501
6.2e-09 19.0781 2.92188 8.5625 0 14 303689848 0 9 949636
6.2e-09 19.375 2.28125 8.71875 0 40 312418037 0 0 0
6.2e-09 23.5625 3.03125 8.5625 3 328 357305295 1 0 0
6.2e-09 18.3906 2.46875 8.5625 0 2 177522309 0 7 158298002
6.2e-09 17.5469 3.04688 8.65625 0 0 420465 0 9 280981524
6.2e-09 18.8594 3.03125 8.5625 0 0 0 0 9 344258885
6.2e-09 17.9219 2.34375 8.5625 0 6 165380187 0 0 169535993
6.2e-09 19.9219 2.48438 8.5625 0 0 0 0 47 370703407
6.2e-09 20.5312 2.53125 8.5625 0 44 87761477 0 46 199377756
6.2e-09 21.9375 2.85938 8.5625 0 235 288392460 0 68 7610047
6.2e-09 24.7344 2.25 8.5625 3 782 2790182 3 5996 314727878
6.2e-09 20.5469 2.25 8.5625 0 22 352307352 0 46 17514466
6.2e-09 18.8594 2.39062 8.5625 0 1 341846976 0 0 0
6.2e-09 19.9844 2.26562 8.5625 0 0 12674 0 34 330458411
6.2e-09 18.625 2.98438 8.5625 0 0 96484443 0 0 200397261
6.2e-09 20.875 2.73438 8.5625 0 6 84987 0 61 366789541
6.2e-09 19.6875 3.28125 8.5625 0 0 0 0 86 315233679
6.2e-09 21.9844 2.35938 8.5625 0 385 357447644 0 0 0
6.2e-09 infty 2.5 8.5625 395 0 0 397 0 0
6.2e-09 18.8594 2.28125 8.78125 0 6 168023270 0 5 173930999
6.2e-09 22.5312 3 8.5625 0 0 0 0 398 313232184
6.2e-09 20.8906 3.0625 8.32812 1 72 21244825 0 21 332425101
6.2e-09 23.0469 2.34375 8.5625 1 31 127606008 0 264 160005069
6.2e-09 19.0469 2.92188 8.5625 0 9 32272971 0 14 289723513
6.2e-09 19.6875 2.96875 8.5625 0 0 316232058 0 0 0
6.2e-09 18.2812 2.5 8.5625 0 22 34626843 0 11 280642894
6.2e-09 19.0781 2.45312 8.5625 0 3 65995 0 18 306333693
6.2e-09 21.0625 2.29688 8.4375 0 156 309630373 0 170 34926482
6.2e-09 20.9531 2.84375 8.5625 0 101 171332808 0 50 139018988
6.2e-09 19.9844 2.29688 8.51562 0 0 0 0 19 327069271
6.2e-09 21.875 2.82812 8.5625 0 16 420798 0 239 329583552
6.2e-09 17.5781 2.78125 8.5625 0 1 2772715 0 6 351380959
6.2e-09 22.0781 2.9375 8.5625 0 144 302101044 0 33 1010908
6.2e-09 21.6719 2.8125 8.5625 0 180 22120166 0 371 331481109
6.2e-09 22.1094 2.32812 8.5625 0 10 26953920 0 330 256086537
6.2e-09 25.1406 3.04688 8.5625 4 3285 349098128 5 0 0
6.2e-09 19.5156 3.04688 8.64062 0 8 310281291 0 0 12955924
6.2e-09 19.1094 3.04688 8.64062 0 1 36240338 0 25 256580325
6.2e-09 17.7188 3.26562 8.5625 0 14 263939102 0 0 105713504
6.2e-09 18.7969 2.82812 8.5625 0 3 290581628 0 3 46377
6.2e-09 22.0469 2.25 8.5625 0 303 318202982 0 0 0
6.2e-09 25.5781 2.79688 8.5625 10 0 0 16 4283 372370759
6.2e-09 20.5781 2.76562 8.4375 0 0 625 0 13 352362693
6.2e-09 20.0938 2.46875 8.5625 0 82 201541199 0 12 155767926
6.2e-09 19.0938 2.42188 8.5625 0 6 282742856 0 1 15603052
6.2e-09 19.1562 3.01562 8.5625 0 0 32086170 0 13 320821433
6.2e-09 20.6094 2.89062 8.5625 0 151 328732082 0 0 1692
6.2e-09 18.3281 2.3125 8.5625 0 9 9397965 0 27 275918942
6.2e-09 20.5 2.4375 8.73438 0 36 116000797 0 138 191309629
6.2e-09 20.0625 2.96875 8.5625 0 53 242901190 0 13 38067250
6.2e-09 19.6094 2.42188 8.5625 0 2 1268218 0 30 367316289
6.2e-09 18.5312 2.26562 8.5625 0 0 0 0 23 350414886
6.2e-09 21.125 2.375 8.5625 0 99 18659505 0 79 291431621
6.2e-09 19.2969 2.96875 8.5625 0 2 108952 0 24 368857910
6.2e-09 18.1562 2.25 8.5625 0 1 231165269 0 3 62589813
6.2e-09 20.4219 2.5 8.5625 0 45 192667950 0 38 158055922
6.2e-09 19.2344 2.82812 8.5625 0 0 0 0 4 310705447
6.2e-09 21.4844 2.82812 8.5625 0 158 374182615 0 0 0
6.2e-09 19.9688 2.26562 8.5625 0 12 59919601 0 25 274861636
6.2e-09 18.9375 2.51562 8.5625 0 4 4730302 0 18 292274837
6.2e-09 19.4219 2.35938 8.5625 0 4 39253 0 1 286312643
6.2e-09 21.0156 2.3125 8.5625 0 18 31615718 0 90 250084960
6.2e-09 18.125 2.95312 8.5625 0 0 158357532 0 0 150683058
6.2e-09 21.2188 2.25 8.5625 0 5 341503624 0 17 2500683
6.2e-09 20 3.0625 8.6875 0 37 298956572 0 0 22296624
6.2e-09 17.3281 2.78125 8.5625 0 2 312700590 0 0 0
6.2e-09 18.8594 2.45312 8.375 0 23 339278024 0 0 1911637
6.2e-09 25.625 3.04688 8.5625 7 0 0 14 2151 350135281
6.2e-09 18.5938 2.375 8.5625 0 0 302243930 0 0 8976675
6.2e-09 20.4219 2.5625 8.5625 0 39 216696333 0 31 136704550
6.2e-09 20.9688 2.26562 8.5625 0 85 185554776 0 126 120753582
6.2e-09 22.5156 2.32812 8.5625 0 0 0 0 792 321886105
6.2e-09 18.8594 2.23438 8.5625 0 1 185038 0 7 345882753
6.2e-09 17.5469 2.26562 8.5625 0 5 187964178 0 9 184486141
6.2e-09 20.625 2.28125 8.76562 0 31 59704628 0 15 260761074
6.2e-09 19.3594 2.89062 8.5625 0 23 64751727 0 28 262010283
6.2e-09 19.5469 2.39062 8.5625 0 0 0 0 31 310717701
6.2e-09 19.9062 2.4375 8.34375 0 30 215911720 0 4 67402856
6.2e-09 18.875 2.35938 8.5625 0 0 170056669 0 38 159884576
6.2e-09 18.375 2.46875 8.5625 0 0 3467414 0 2 347377661
6.2e-09 19.4375 2.25 8.5625 0 0 371338205 0 5 2400638
6.2e-09 20.7969 3.0625 8.39062 0 29 136768798 0 34 174613325
6.2e-09 20.3594 3.01562 8.5625 0 57 258778022 0 19 36035188
6.2e-09 19.7344 2.48438 8.5625 0 45 18930737 0 7 271940812
6.2e-09 23.0781 3.0625 8.6875 0 0 0 1 761 365354365
6.2e-09 20.4531 2.23438 8.5625 0 23 50399186 0 56 276024214
6.2e-09 19.1719 2.26562 8.5625 0 5 330833739 0 20 12884860
6.2e-09 20.4375 2.8125 8.5625 0 3 1653398 0 51 340644612
6.2e-09 21.0625 2.40625 8.5625 0 72 340490409 0 0 0
6.2e-09 20.6719 2.23438 8.5625 0 0 0 0 15 292956712
6.2e-09 20.1562 2.3125 8.5625 0 32 310220763 0 31 6139169
6.2e-09 21.7656 2.5625 8.5625 0 41 218763751 0 332 79243544
6.2e-09 21.7656 2.28125 8.70312 0 91 10483746 0 49 286326652
6.2e-09 17.375 2.40625 8.5625 0 6 76993798 0 7 210353741
6.2e-09 20.1875 2.35938 8.5625 0 56 230931334 0 16 70725786
6.2e-09 19.2812 2.875 8.5625 0 2 59107054 0 6 226119151
6.2e-09 20.5312 2.54688 8.5625 0 0 280133971 0 0 10412430
6.2e-09 19.25 2.45312 8.45312 0 2 194135050 0 24 103762295
6.2e-09 18.25 2.5625 8.5625 0 7 49521750 0 5 282267625
6.2e-09 19.7344 2.53125 8.5625 0 18 57506845 0 34 232727100
6.2e-09 21.5781 2.84375 8.5625 0 0 0 0 289 318214809
6.2e-09 19.4688 2.42188 8.5625 0 2 20677887 0 15 331050813
6.2e-09 19.5781 3.25 8.5625 0 0 0 0 15 291373321
6.2e-09 19.0938 2.82812 8.5625 0 2 144954327 0 38 155333073
6.2e-09 17.9688 3.25 8.5625 0 5 133908234 0 0 174729663
6.2e-09 20.2344 3 8.5625 0 27 341120160 0 58 25321923
6.2e-09 20.9219 3.26562 8.5625 0 152 331680178 0 40 1544721
6.2e-09 23.5938 2.3125 8.5625 1 848 334767684 0 0 0
6.2e-09 19.5625 2.46875 8.5625 0 0 0 0 2 296587136
6.2e-09 22.1094 2.32812 8.5625 0 264 184610486 0 424 99806604
6.2e-09 26.5938 2.26562 8.5625 32 13696 334685885 45 0 0
6.2e-09 21.2812 3.26562 8.5625 0 0 0 0 348 303455685
6.2e-09 20.8594 2.25 8.5625 0 52 283129274 0 0 0
6.2e-09 22.5938 2.82812 8.5625 0 219 39228352 0 677 242379806
6.2e-09 19.5938 3.03125 8.5625 0 7 8103627 0 0 275001822
6.2e-09 19.8281 2.96875 8.5625 0 7 3969834 0 38 324896263
6.2e-09 18.1562 2.375 8.5625 0 9 167717696 0 0 125392604
6.2e-09 22.6094 2.25 8.5625 0 1060 361018817 0 0 0
6.2e-09 20.875 2.4375 8.67188 0 161 363297261 0 15 4082744
6.2e-09 18.2344 2.45312 8.42188 0 0 63379662 0 5 270473583
6.2e-09 17.4531 2.48438 8.5625 0 0 0 0 11 336979676
6.2e-09 22.7344 2.39062 8.5625 1 0 0 0 848 285438795
6.2e-09 19.9219 2.54688 8.5625 0 19 3222643 0 7 369968966
6.2e-09 24.0469 3 8.5625 2 1386 157505078 3 757 192019624
6.2e-09 19.6719 2.26562 8.5625 0 21 243524323 0 12 84791273
6.2e-09 19.7656 2.25 8.5625 0 2 169734579 0 20 202463747
6.2e-09 20.625 3.04688 8.625 0 70 7147908 0 49 313840702
6.2e-09 18.7188 3.26562 8.5625 0 5 281513171 0 12 53806772
6.2e-09 18.6875 2.4375 8.32812 0 0 266542561 0 4 81822646
6.2e-09 20.1406 2.82812 8.5625 0 32 1853558 0 3 325665805
6.2e-09 17.9531 2.35938 8.5625 0 8 141939594 0 0 176841622
6.2e-09 18.6094 2.875 8.5625 0 39 305741603 0 0 0
6.2e-09 21.3281 2.32812 8.5625 0 0 268959342 0 192 14913490
6.2e-09 18.7344 2.25 8.5625 0 12 77417380 0 19 248873788
6.2e-09 18.6094 2.5625 8.5625 0 8 252805100 0 7 51955221
6.2e-09 18.9219 2.82812 8.5625 0 7 14889483 0 11 293041910
6.2e-09 24.0781 2.79688 8.5625 1 92 2637706 3 3863 322435117
6.2e-09 19.9375 2.82812 8.5625 0 23 113953814 0 38 243655103
6.2e-09 19.5312 3.07812 8.5625 0 0 1425767 0 8 313409717
6.2e-09 20.5781 2.54688 8.5625 0 155 100760304 0 59 248048331
6.2e-09 20.2031 2.84375 8.5625 0 5 189022820 0 36 101938771
6.2e-09 19.8125 2.4375 8.65625 0 19 39532942 0 4 294923824
6.2e-09 16.8125 2.29688 8.5625 0 3 337721428 0 0 3217
6.2e-09 22.6719 2.84375 8.5625 1 109 315493837 0 82 4277177
6.2e-09 19 2.29688 8.5 0 29 335932443 0 18 14260598
6.2e-09 19.0938 2.75 8.78125 0 16 228566934 0 8 67455173
6.2e-09 19.0938 2.73438 8.5625 0 13 296656289 0 0 132855
6.2e-09 19.0312 2.73438 8.5625 0 14 177183525 0 25 159177774
6.2e-09 20.6406 2.25 8.5625 0 95 187097965 0 83 125054846
6.2e-09 20.5156 2.32812 8.5625 0 30 206057075 0 4 87561737
6.2e-09 21.0156 2.98438 8.5625 0 109 26342393 0 114 347319808
6.2e-09 21.8594 2.29688 8.39062 0 168 87394338 0 191 250094444
6.2e-09 19.2188 2.9375 8.5625 0 14 31883845 0 18 282987993
6.2e-09 18.7812 2.8125 8.5625 0 0 0 0 10 298510530
6.2e-09 24.1562 3.07812 8.46875 3 0 0 1 1061 286693685
6.2e-09 18.8594 2.32812 8.5625 0 4 231325054 0 14 110955597
6.2e-09 19.9062 2.73438 8.5625 0 28 354296310 0 12 19519957
6.2e-09 19.2031 2.875 8.5625 0 9 255039138 0 19 67709933
6.2e-09 19.5781 2.89062 8.5625 0 23 288128699 0 0 224242
6.2e-09 19.0156 2.95312 8.5625 0 2 123680751 0 0 216153567
6.2e-09 19.6406 2.34375 8.5625 0 16 346767538 0 0 0
6.2e-09 20.4219 2.48438 8.5625 0 64 199245331 0 38 150500971
6.2e-09 19.6406 2.35938 8.5625 0 25 55767858 0 38 286512264
6.2e-09 22.6719 2.875 8.5625 0 0 0 0 123 321090464
6.2e-09 20.7031 2.82812 8.5625 0 3 345581932 0 19 25576453
6.2e-09 18.375 2.54688 8.5625 0 1 1366851 0 7 346704756
6.2e-09 18.5938 2.53125 8.5625 0 38 262191899 0 6 48926241
6.2e-09 20.4531 2.46875 8.5625 0 100 196518163 0 140 132646316
6.2e-09 infty 2.89062 8.5625 319 0 0 342 0 0
6.2e-09 17.9531 2.29688 8.46875 0 1 313895987 0 5 5257860
6.2e-09 18.0938 2.51562 8.5625 0 0 703804 0 7 325777849
6.2e-09 20.1094 2.48438 8.5625 0 25 346673006 0 0 0
6.2e-09 19.4688 2.3125 8.5625 0 38 307161062 0 16 43189531
6.2e-09 18.5781 2.76562 8.5625 0 27 315952293 0 3 4834962
6.2e-09 18.0312 2.34375 8.5625 0 8 304702917 0 6 65397304
6.2e-09 19.7031 2.375 8.5625 0 64 307033002 0 0 0
6.2e-09 24.3281 2.28125 8.8125 2 0 0 1 2358 367516218
6.2e-09 20.1562 2.28125 8.82812 0 107 143812645 0 0 177896851
6.2e-09 21.625 2.8125 8.5625 0 0 0 0 29 289153665
6.2e-09 21.7969 2.78125 8.5625 1 0 0 0 153 282941671
6.2e-09 22 2.29688 8.5625 0 171 131873997 1 383 217331663
6.2e-09 23.7031 2.92188 8.5625 1 120 307258684 1 216 56187414
6.2e-09 18.9531 3.03125 8.5625 0 0 0 0 9 289451996
6.2e-09 19.0938 2.25 8.5625 0 0 0 0 25 297257338
6.2e-09 18.6875 2.35938 8.5625 0 11 345765422 0 3 4732750
6.2e-09 19.5156 2.79688 8.5625 0 22 47806444 0 20 274386781
6.2e-09 18.4531 2.34375 8.5625 0 22 218826169 0 3 85464397
6.2e-09 infty 2.40625 8.5625 300 0 0 345 0 0
6.2e-09 19.7969 2.73438 8.5625 0 13 229938826 0 3 121774578
6.2e-09 20.5 2.35938 8.5625 0 35 15061576 0 4 283921315
6.2e-09 19.9062 2.40625 8.5625 0 19 49293147 0 29 234458169
6.2e-09 19 2.82812 8.5625 0 13 133132455 0 26 216938247
6.2e-09 19.9688 2.95312 8.5625 0 0 0 0 38 336086452
6.2e-09 20.5625 2.35938 8.5625 0 57 351056284 0 8 5199548
6.2e-09 18.6719 2.84375 8.5625 0 1 342039470 0 1 16386385
6.2e-09 infty 2.78125 8.5625 441 0 0 401 24727 63761145
6.2e-09 19.3906 2.79688 8.5625 0 0 19240643 0 12 290857998
6.2e-09 17.9844 2.32812 8.5625 0 3 304524242 0 0 86333
6.2e-09 18.375 2.375 8.5625 0 6 345252666 0 1 1903028
6.2e-09 17.875 3.04688 8.5625 0 2 364485621 0 0 483040
6.2e-09 18.1406 2.35938 8.5625 0 3 68048758 0 3 230356197
6.2e-09 19.4531 2.78125 8.5625 0 0 0 0 0 370317985
6.2e-09 19.0625 2.39062 8.5625 0 2 269331398 0 6 48773528
6.2e-09 21.125 2.3125 8.5625 0 251 290836371 0 29 16231607
6.2e-09 21.8281 2.4375 8.71875 0 86 135846810 1 137 221953217
6.2e-09 17.5156 2.48438 8.5625 0 1 216532902 0 0 82646113
6.2e-09 22.1094 2.25 8.5625 0 187 144660067 0 288 139310748
6.2e-09 19.9375 2.95312 8.5625 0 36 120376223 0 22 235454311
6.2e-09 18.8438 2.82812 8.5625 0 7 19504923 0 23 336055285
6.2e-09 20.0938 2.375 8.5625 0 14 273612033 0 72 83424335
6.2e-09 18.9531 2.35938 8.5625 0 4 250641344 0 21 33539943
6.2e-09 20.3438 3.28125 8.5625 0 78 60215009 0 73 245090846
6.2e-09 24.4219 3.26562 8.5625 4 2335 181967118 1 1568 133501513
6.2e-09 19.125 2.23438 8.5625 0 0 300810828 0 31 71217138
6.2e-09 19.4375 2.40625 8.5625 0 77 235366568 0 0 46573747
6.2e-09 17.7969 2.29688 8.4375 0 3 77219035 0 0 242204003
6.2e-09 20.2812 2.3125 8.5625 0 24 819792 0 44 342356901
6.2e-09 19.125 3.03125 8.5625 0 1 32336531 0 25 250872509
6.2e-09 21.1094 3.04688 8.5625 0 0 303480869 0 75 13538077
6.2e-09 19.3125 2.25 8.5625 0 15 191102977 0 0 166505128
6.2e-09 19.9062 3.04688 8.5625 0 8 284928930 0 0 0
6.2e-09 22.5625 2.8125 8.5625 1 313 297036490 0 0 0
6.2e-09 21.5625 2.53125 8.5625 0 0 0 0 152 328952452
6.2e-09 18.5781 2.40625 8.5625 0 0 0 0 0 320287187
6.2e-09 19.1875 2.26562 8.5625 0 41 334641807 0 0 0
6.2e-09 18.5156 2.84375 8.5625 0 7 12868755 0 12 346628479
6.2e-09 18.4062 2.73438 8.5625 0 1 18133588 0 0 312461778
6.2e-09 18.5 2.8125 8.5625 0 9 154221782 0 4 217149213
6.2e-09 19.3594 2.8125 8.5625 0 0 7467736 0 7 320779354
6.2e-09 19.9844 2.39062 8.5625 1 64 88495765 0 93 235798500
6.2e-09 19.4844 2.5 8.5625 0 0 280088962 0 22 66612719
6.2e-09 18.6406 3.25 8.5625 0 2 4722623 0 2 281602134
6.2e-09 18 2.375 8.5625 0 0 2385462 0 0 286061173
6.2e-09 24.5312 2.3125 8.5625 3 0 0 3 1762 340649529
6.2e-09 21.2656 2.73438 8.5625 0 52 3301996 0 187 312466203
6.2e-09 23.3438 2.48438 8.5625 1 1151 297080223 1 54 133767
6.2e-09 19.3125 2.25 8.5625 0 0 8452427 0 5 348078226
6.2e-09 19.5938 2.26562 8.5625 0 0 0 0 0 373964972
6.2e-09 22.7344 2.34375 8.5625 1 16 35280 2 484 287877821
6.2e-09 18.3906 2.3125 8.5625 0 7 10171526 0 10 326900037
6.2e-09 19.9844 2.46875 8.5625 0 0 0 0 25 327657514
6.2e-09 20.1719 2.375 8.5625 0 40 222573416 0 12 88763524
6.2e-09 17.9844 2.85938 8.5625 0 10 300521573 0 0 0
6.2e-09 19.3594 2.32812 8.5625 0 50 324466801 0 0 695829
6.2e-09 23.5938 2.98438 8.5625 0 0 0 0 364 338168492
6.2e-09 18.0625 2.48438 8.5625 0 5 11762915 0 2 337940887
6.2e-09 20.9531 2.23438 8.5625 0 0 48489749 0 145 263158474
6.2e-09 21.2969 2.25 8.5625 0 63 291973278 0 146 10532597
6.2e-09 20.9531 2.48438 8.5625 0 49 313291862 0 38 2856615
6.2e-09 19.3906 2.89062 8.5625 0 3 306339802 0 3 353841
6.2e-09 22.1094 2.4375 8.67188 0 138 283023993 0 0 0
6.2e-09 21.6875 2.46875 8.5625 0 10 344940531 0 0 0
6.2e-09 20.5625 2.53125 8.5625 0 27 15442640 0 110 342369486
6.2e-09 19.9219 2.40625 8.5625 0 0 147265 0 31 371967946
6.2e-09 21.9375 3.28125 8.5625 0 0 0 0 175 293169640
6.2e-09 infty 2.89062 8.5625 358 0 0 395 2321 8463973
6.2e-09 18.4531 2.3125 8.5625 0 2 24598277 0 9 275380019
6.2e-09 19.2656 2.46875 8.5625 0 3 209532 0 19 292846477
6.2e-09 20.5781 2.46875 8.5625 0 67 81429549 0 74 269048879
6.2e-09 21.5312 2.73438 8.5625 0 85 91844314 0 331 253142512
6.2e-09 18.9844 2.35938 8.5625 0 0 354399008 0 10 6128033
6.2e-09 19.9688 2.3125 8.5625 0 45 319071012 0 2 23099535
6.2e-09 19.0625 2.48438 8.5625 0 0 110501 0 0 315404339
6.2e-09 23.8594 2.375 8.5625 1 0 0 1 0 365357534
6.2e-09 22.125 2.29688 8.48438 1 964 366917498 0 0 0
6.2e-09 19.4062 2.96875 8.5625 0 0 302282541 0 0 0
6.2e-09 19.8438 2.48438 8.5625 0 8 11832068 0 15 309795437
6.2e-09 17.875 2.32812 8.5625 0 0 263980575 0 9 107117121
6.2e-09 20.0156 2.9375 8.5625 0 3 307669666 0 3 204697
6.2e-09 19.9844 2.8125 8.5625 0 24 202312447 0 32 126941762
6.2e-09 18.1875 2.39062 8.5625 0 4 15282888 0 8 352852033
6.2e-09 18.8594 2.46875 8.5625 0 3 141927248 0 5 204592430
6.2e-09 18 2.3125 8.5625 0 4 277597792 0 0 14824529
6.2e-09 19.0469 2.375 8.5625 0 1 22241990 0 0 300257506
6.2e-09 18.6875 2.75 8.73438 0 19 351792820 0 10 3474081
6.2e-09 18.1406 3.0625 8.73438 0 0 389700 0 22 301223882
6.2e-09 20.125 2.42188 8.5625 0 236 213431869 0 0 128387956
6.2e-09 22.9531 2.92188 8.40625 0 162 135608431 0 930 208158220
6.2e-09 22.0469 2.76562 8.46875 0 323 322243879 0 0 0
6.2e-09 22.5 2.54688 8.5625 0 40 9947534 0 406 317097690
6.2e-09 20.2969 2.76562 8.42188 0 105 333722767 0 0 0
6.2e-09 18.6719 3.28125 8.5625 0 0 269657 0 3 360089361
6.2e-09 18.3594 2.79688 8.5625 0 12 358670663 0 5 2528500
6.2e-09 22.8281 2.46875 8.5625 1 28 217956482 0 55 109256301
6.2e-09 23.75 2.25 8.5625 1 0 0 1 2708 339870428
6.2e-09 19.0625 3.01562 8.5625 0 0 175047242 0 0 138165121
6.2e-09 19.875 2.84375 8.5625 0 0 301911745 0 0 0
6.2e-09 21.4062 2.5 8.5625 0 144 161456012 1 89 167517482
6.2e-09 20.4531 2.54688 8.5625 0 43 142929347 0 24 189591602
6.2e-09 23.6875 2.23438 8.5625 1 0 0 0 1017 285224187
6.2e-09 19.9531 3.04688 8.59375 0 0 250733598 0 12 93906598
6.2e-09 22.3906 2.73438 8.5625 0 0 0 0 408 306774888
6.2e-09 18.6094 2.5 8.5625 0 0 86526044 0 4 215053751
6.2e-09 20.3906 3.25 8.5625 0 0 9 0 21 371536170
6.2e-09 21.2656 2.96875 8.5625 0 0 0 0 131 313520114
6.2e-09 20.8594 2.76562 8.40625 0 12 541544 0 95 280231340
6.2e-09 18.875 2.45312 8.53125 0 0 27954282 0 12 301117489
6.2e-09 20.4531 2.375 8.5625 0 37 20250709 0 0 309186211
6.2e-09 19.9375 3.04688 8.5625 0 36 349726201 0 9 3037089
6.2e-09 19.9688 2.375 8.5625 0 5 336998819 0 28 3298786
6.2e-09 20.0781 2.48438 8.5625 0 23 41587240 0 1 328433860
6.2e-09 18.8281 2.39062 8.5625 0 4 185728956 0 26 177517102
6.2e-09 19.3438 2.34375 8.5625 0 23 334936928 0 0 0
6.2e-09 20.9844 2.8125 8.5625 0 59 293365973 0 0 0
6.2e-09 18.7656 2.54688 8.5625 0 14 251049017 0 11 56479622
6.2e-09 19.0469 2.32812 8.5625 0 4 2640959 0 7 323656072
6.2e-09 19.1719 3.03125 8.5625 0 0 313184447 0 12 27130411
6.2e-09 19.9531 2.98438 8.5625 0 18 342607678 0 26 5727799
6.2e-09 18.75 2.26562 8.5625 0 0 315830057 0 2 187562
6.2e-09 20.5312 2.46875 8.5625 0 33 282051734 0 4 1547914
6.2e-09 19.4375 2.34375 8.5625 0 10 281060116 0 0 0
6.2e-09 18.6875 3.03125 8.5625 0 0 349774010 0 0 824581
6.2e-09 23.9844 2.75 8.78125 1 846 291979306 3 0 0
6.2e-09 19.9219 2.51562 8.5625 0 13 82260758 0 70 282651165
6.2e-09 19.875 2.85938 8.5625 0 0 157368 0 75 301850049
6.2e-09 20.7656 2.4375 8.32812 0 0 328075505 0 0 1383882
6.2e-09 18.5469 2.48438 8.5625 0 2 337924517 0 2 5545194
6.2e-09 19.6719 2.875 8.5625 0 23 199583164 0 24 128628639
6.2e-09 19.5625 2.82812 8.5625 0 0 0 0 26 300580063
6.2e-09 21 2.23438 8.5625 0 86 67871622 0 62 221422368
6.2e-09 19.2188 2.5 8.5625 0 0 295117407 0 14 24560754
6.2e-09 22.5156 2.4375 8.65625 1 518 313040891 0 156 12656620
6.2e-09 20.2812 2.75 8.79688 0 10 52234930 0 69 291467553
6.2e-09 19.3906 2.84375 8.5625 0 19 308332172 0 0 2279
6.2e-09 19.7188 2.53125 8.5625 0 10 902022 0 18 296550046
6.2e-09 19.4062 2.34375 8.5625 0 0 240951014 0 3 58451153
6.2e-09 19.6562 3.28125 8.5625 0 58 77049449 0 5 255326716
6.2e-09 19.5781 2.46875 8.5625 0 2 25688 0 13 291347958
6.2e-09 21.1719 2.5625 8.5625 0 50 49240970 0 34 323601096
6.2e-09 20.0781 3.28125 8.5625 0 0 4973408 0 110 358401041
6.2e-09 18.6719 2.26562 8.5625 0 8 18986728 0 8 338593057
6.2e-09 23.0625 2.5625 8.5625 2 351 14009481 0 553 356252611
6.2e-09 20.9375 2.5 8.5625 0 153 197264736 1 99 130145915
6.2e-09 25.3906 2.46875 8.5625 18 2858 101893087 9 4427 195213258
6.2e-09 22.3594 2.78125 8.5625 0 489 321352827 0 181 2698294
6.2e-09 21.5781 2.96875 8.5625 0 122 42718859 0 79 270939537
6.2e-09 21.6719 2.4375 8.34375 0 151 99660728 0 183 259054560
6.2e-09 19.3438 2.375 8.5625 0 26 322033483 0 0 16949968
6.2e-09 18.8906 2.45312 8.45312 0 29 304115355 0 1 18811830
6.2e-09 19.9062 2.34375 8.5625 0 76 103622525 0 12 181124028
6.2e-09 23.5469 2.875 8.5625 1 0 0 0 1438 370380095
6.2e-09 19.5625 2.25 8.5625 0 39 294355322 0 11 1861272
6.2e-09 20.1406 2.48438 8.5625 0 20 10551407 0 82 314743581
6.2e-09 19.125 2.53125 8.5625 0 12 6839600 0 10 366017793
6.2e-09 18.4062 2.78125 8.5625 0 32 267217928 0 0 59823138
6.2e-09 18.1406 2.26562 8.57812 0 0 265029917 0 6 35611338
6.2e-09 23.6562 2.96875 8.5625 0 1733 221285358 0 732 81295378
6.2e-09 19.0156 2.79688 8.5625 0 13 338182210 0 0 0
6.2e-09 24.2188 2.4375 8.73438 0 459 36568647 3 829 300330965
6.2e-09 19.25 2.46875 8.5625 0 8 5890466 0 8 295434017
6.2e-09 20.1719 2.82812 8.5625 0 5 802289 0 33 307310569
6.2e-09 17.2812 2.90625 8.39062 0 2 526106 0 8 346892227
6.2e-09 20.1719 2.28125 8.75 0 39 296132487 0 11 11100144
6.2e-09 20.2188 2.32812 8.5625 0 81 285851779 0 0 0
6.2e-09 20.5156 2.46875 8.5625 0 15 28989858 0 34 263778316
6.2e-09 19.8906 3.26562 8.5625 0 0 25029 0 9 293828381
6.2e-09 21.0312 2.98438 8.5625 0 60 95865638 0 229 270883759
6.2e-09 19.2188 2.53125 8.5625 0 0 313909683 0 12 1085763
6.2e-09 infty 2.76562 8.5625 425 0 0 449 0 0
6.2e-09 18.1875 2.3125 8.5625 0 10 109692032 0 4 256689598
6.2e-09 19.375 2.28125 8.73438 0 0 311987764 0 5 3907751
6.2e-09 17.9531 2.84375 8.5625 0 5 292564557 0 6 23116380
6.2e-09 21.5781 2.26562 8.5625 0 108 319571926 0 6 280708
6.2e-09 18.7188 2.75 8.34375 0 18 56606955 0 15 272476456
6.2e-09 18.9844 2.95312 8.5625 0 4 5185497 0 41 355210806
6.2e-09 20.5469 2.32812 8.5625 0 86 366765470 1 0 875782
6.2e-09 23.1094 2.42188 8.5625 0 986 243151941 0 1530 104374983
6.2e-09 21.125 2.9375 8.5625 0 57 226989662 0 75 82733367
6.2e-09 19.0469 2.375 8.5625 0 3 16329501 0 17 305320446
6.2e-09 18.4688 2.53125 8.5625 0 1 252891668 0 11 39442149
6.2e-09 20.2812 2.25 8.5625 0 6 1511182 0 53 341817663
6.2e-09 18.0156 2.79688 8.5625 0 25 250139745 0 1 36820148
6.2e-09 21.9219 2.73438 8.5625 0 0 0 0 73 303539202
6.2e-09 20.4375 2.39062 8.5625 0 68 315965480 0 4 27566754
6.2e-09 18.9688 2.73438 8.5625 0 6 359007324 0 9 9664467
6.2e-09 18.5312 2.375 8.5625 0 16 273789139 0 0 74785973
6.2e-09 20.8594 2.34375 8.5625 0 138 280982375 0 0 0
6.2e-09 19.4531 2.78125 8.5625 0 15 365955247 0 0 0
6.2e-09 20.5469 2.51562 8.5625 0 14 10304692 0 146 357963326
6.2e-09 19.9844 2.25 8.5625 0 0 0 0 7 324335217
6.2e-09 19.8438 2.375 8.5625 0 11 7983142 0 5 313210465
6.2e-09 17.4688 2.5625 8.5625 0 0 308903311 0 0 20450872
6.2e-09 19.9219 2.5 8.5625 0 42 177141930 0 57 194582655
6.2e-09 20.4688 2.5 8.5625 0 14 10202514 0 96 313220293
6.2e-09 21.125 2.46875 8.5625 0 232 242412853 0 22 65407056
6.2e-09 19.7031 3.0625 8.34375 0 12 6425818 0 10 300853089
6.2e-09 21.6719 2.78125 8.5625 0 211 210062463 0 79 142389332
6.2e-09 19.4844 2.26562 8.5625 0 0 204923519 0 5 145008957
6.2e-09 22.6406 2.76562 8.48438 1 1392 340411035 0 0 0
6.2e-09 18.5781 2.48438 8.5625 0 24 251197315 0 2 70275013
6.2e-09 19.4062 2.89062 8.5625 0 33 94223309 0 2 205445585
6.2e-09 19.3906 2.54688 8.5625 0 0 0 0 16 310273097
6.2e-09 19.0156 2.28125 8.6875 0 10 183902449 0 4 162170646
6.2e-09 18.3281 2.76562 8.5 0 13 266731724 0 0 15743995
6.2e-09 18.9688 2.3125 8.5625 0 0 280524921 0 2 1617417
6.2e-09 20.5 3 8.5625 0 35 13867506 0 143 293278528
6.2e-09 18.0938 2.28125 8.60938 0 6 246499819 0 0 81845575
6.2e-09 17.8125 2.75 8.78125 0 3 258138109 0 0 49776491
6.2e-09 18.4844 2.26562 8.5625 0 3 269211559 0 6 15464902
6.2e-09 19.0625 2.75 8.70312 0 7 254778700 0 5 55747816
6.2e-09 20.5 2.53125 8.5625 0 136 300008427 0 0 0
6.2e-09 18.5312 3.01562 8.5625 0 7 322729940 0 14 29141641
6.2e-09 19.875 3.04688 8.5625 0 26 286646263 0 10 15501615
6.2e-09 22.7969 2.8125 8.5625 1 0 0 0 361 338327818
6.2e-09 23.6094 2.32812 8.5625 1 566 32584869 0 1218 292592009
6.2e-09 19.2969 2.84375 8.5625 0 3 261011821 0 26 107943338
6.2e-09 19.7344 2.4375 8.8125 0 49 277694262 0 3 12566318
6.2e-09 19.9219 2.35938 8.5625 0 3 912048 0 73 371855192
6.2e-09 23.6562 2.875 8.5625 2 1622 299246570 2 0 0
6.2e-09 18.9688 2.54688 8.5625 0 1 280987606 0 0 632849
6.2e-09 18.7031 2.40625 8.5625 0 4 3014601 0 2 337334682
6.2e-09 20.3906 2.78125 8.5625 0 40 26403579 0 7 345113588
6.2e-09 21.875 2.51562 8.5625 0 133 285363699 0 125 45204379
6.2e-09 20.7656 2.4375 8.60938 0 78 224958873 0 61 106850393
6.2e-09 18.25 2.8125 8.5625 0 1 3488592 0 1 329618566
6.2e-09 19.9688 2.51562 8.5625 0 56 251288483 0 50 90207383
6.2e-09 17.875 2.34375 8.5625 0 0 0 0 15 366324943
6.2e-09 19.5625 2.95312 8.5625 0 16 299879838 0 6 1274487
6.2e-09 21.6562 2.92188 8.5625 0 317 367093042 0 8 3780413
6.2e-09 18.875 2.28125 8.32812 0 25 331049157 0 0 0
6.2e-09 18.4531 2.45312 8.45312 0 1 166724957 0 3 139184067
6.2e-09 19.5156 2.75 8.71875 0 8 75820440 0 4 251175304
6.2e-09 19.0469 2.45312 8.54688 0 5 319029148 0 2 1652939
6.2e-09 20.5625 2.26562 8.5625 0 1 160808 0 0 358960655
6.2e-09 18.5625 3 8.5625 0 11 283344846 0 10 47364092
6.2e-09 21 2.73438 8.625 0 29 291246958 0 0 0
6.2e-09 20.2969 2.28125 8.75 0 24 14678123 0 61 317009352
6.2e-09 22.3125 2.40625 8.5625 0 366 333715566 0 154 20672510
6.2e-09 21.875 2.28125 8.67188 0 0 0 0 139 326469064
6.2e-09 18.5938 2.4375 8.70312 0 2 4978731 0 6 309548894
6.2e-09 18.375 2.79688 8.5625 0 14 1724270 0 0 347424883
6.2e-09 21.5781 2.9375 8.5625 0 0 0 0 124 320274560
6.2e-09 17.5 2.73438 8.5625 0 0 240374519 0 0 66803897
6.2e-09 21.1875 2.89062 8.5625 0 0 0 0 12 360754882
6.2e-09 18.4062 2.76562 8.46875 0 3 332973003 0 0 183359
6.2e-09 20.6562 2.75 8.67188 0 113 216330888 0 82 87235586
6.2e-09 19.1719 2.8125 8.5625 0 0 92720 0 0 344784574
6.2e-09 21.7031 2.46875 8.5625 0 126 294530617 0 26 42370950
6.2e-09 18.2969 3.01562 8.5625 0 0 38395126 0 15 266604059
6.2e-09 23.5625 3.25 8.5625 1 0 0 0 861 358605518
6.2e-09 17.75 2.46875 8.5625 0 0 30175003 0 10 319800654
6.2e-09 19.5625 2.40625 8.5625 0 34 293133907 0 1 4156427
6.2e-09 19.2031 3.0625 8.70312 0 51 312519846 0 15 10190503
6.2e-09 19.4375 2.51562 8.5625 0 5 282870924 0 0 0
6.2e-09 19.3281 2.34375 8.5625 0 11 298026226 0 29 47306439
6.2e-09 20.5625 2.34375 8.5625 0 20 39855957 0 88 319028685
6.2e-09 23.6094 2.78125 8.5625 1 749 330057729 1 0 0
6.2e-09 18.0938 2.95312 8.5625 0 11 271023291 0 16 55747945
6.2e-09 17.5312 2.32812 8.5625 0 0 25278581 0 0 267564988
6.2e-09 18.4375 2.89062 8.5625 0 30 313983668 0 0 7769
6.2e-09 18.8438 2.4375 8.64062 0 10 317717133 0 30 37242030
6.2e-09 19.4062 2.78125 8.5625 0 8 255245251 0 15 40708735
6.2e-09 19.5469 2.39062 8.5625 0 1 173287614 0 7 133686992
6.2e-09 18.7812 2.73438 8.5625 0 2 6658648 0 1 292559262
6.2e-09 24.1719 2.29688 8.46875 2 3292 366031775 4 0 0
6.2e-09 19.4531 3.28125 8.5625 0 1 205922397 0 36 154381301
6.2e-09 18.8125 2.96875 8.5625 0 1 135039887 0 12 147419161
6.2e-09 19.9531 3.26562 8.5625 0 43 128116688 0 50 224190404
6.2e-09 17.2812 2.28125 8.75 0 0 199643 0 0 344543454
6.2e-09 20.1094 2.42188 8.5625 0 48 262525713 0 32 86793285
6.2e-09 22.2812 2.40625 8.5625 0 201 26282057 0 561 339565275
6.2e-09 23.0625 2.42188 8.59375 0 900 284473131 0 0 0
6.2e-09 21.5938 3.28125 8.5625 0 57 307782988 0 0 0
6.2e-09 17.5625 2.92188 8.5625 0 7 359011377 0 1 9347972
6.2e-09 18.4219 2.3125 8.5625 0 7 74533221 0 8 242950874
6.2e-09 21.4219 2.5 8.5625 0 95 174266414 0 166 142153475
6.2e-09 22.5469 2.29688 8.5625 0 0 0 1 63 304933748
6.2e-09 18.7969 2.375 8.5625 0 0 277521169 0 1 12142953
6.2e-09 19.5312 3.03125 8.5625 0 0 5615916 0 16 309447062
6.2e-09 22.5938 2.25 8.5625 0 906 368355552 0 0 0
6.2e-09 18.4531 2.35938 8.5625 0 0 0 0 13 299010165
6.2e-09 18.6562 2.40625 8.5625 0 16 369952010 0 5 23898
6.2e-09 18.5 2.78125 8.5625 0 0 243914144 0 7 37809582
6.2e-09 23.2188 2.42188 8.5625 0 205 2825308 0 356 370103820
6.2e-09 22.5312 2.32812 8.5625 0 309 275065056 0 40 38799025
6.2e-09 21.5781 2.84375 8.5625 0 21 3387271 1 239 316673524
6.2e-09 19.25 2.4375 8.35938 0 5 100885 0 0 301358197
6.2e-09 18.3281 2.51562 8.5625 0 10 228358847 0 9 58768362
6.2e-09 18.8281 2.90625 8.78125 0 6 164389495 0 20 200273355
6.2e-09 19.5156 2.54688 8.5625 0 18 269465036 0 27 59176166
6.2e-09 19.7969 2.26562 8.5625 0 2 292686742 0 1 57217389
6.2e-09 18.0156 3.26562 8.5625 0 0 307 0 26 287705992
6.2e-09 19.3906 2.3125 8.5625 0 36 309481831 0 2 977642
6.2e-09 19.5 2.5 8.5625 0 8 337560801 0 6 1676114
6.2e-09 19.4375 3.07812 8.5625 0 21 285298351 0 0 0
6.2e-09 18.1406 2.46875 8.5625 0 1 232348702 0 0 68396853
6.2e-09 18.875 2.40625 8.5625 0 49 329663131 0 4 1410678
6.2e-09 18.7031 2.28125 8.67188 0 15 91521967 0 7 252683286
6.2e-09 22.1562 3.07812 8.5625 0 39 94666997 0 461 250406002
6.2e-09 23.1719 2.29688 8.46875 1 0 0 1 1299 304100707
6.2e-09 21.8281 2.32812 8.5625 0 84 111866512 0 36 248886834
6.2e-09 17.9375 2.5 8.5625 0 3 331186725 0 0 949
6.2e-09 19.9219 2.39062 8.5625 0 12 363564476 0 32 4853115
6.2e-09 19.3125 2.25 8.5625 0 11 357425940 0 0 1124540
6.2e-09 20.5469 2.76562 8.5625 0 0 0 0 69 281978913
6.2e-09 19.3438 2.73438 8.59375 0 9 331651486 0 0 4601220
6.2e-09 20.5781 2.26562 8.5625 0 80 354924085 0 0 0
6.2e-09 19.6719 2.26562 8.5625 0 6 5259207 0 0 322036826
6.2e-09 18.4844 2.85938 8.5625 0 26 250790230 0 2 37501670
6.2e-09 20.7656 3.07812 8.4375 0 30 29915317 0 31 305989017
6.2e-09 19.4062 2.3125 8.5625 0 19 293722207 0 0 1998437
6.2e-09 19.3906 2.79688 8.5625 0 55 261284522 0 6 43992433
6.2e-09 19.4375 2.42188 8.5625 0 19 48476777 0 35 236702141
6.2e-09 19.8594 2.85938 8.5625 0 17 277445632 0 0 33943585
6.2e-09 18.9062 2.34375 8.5625 0 20 303128804 0 5 11398656
6.2e-09 22.0312 2.8125 8.5625 0 403 270397420 0 146 59662582
6.2e-09 20.9844 2.375 8.5625 0 8 5747909 0 169 290745141
6.2e-09 18.5 2.375 8.5625 0 8 291017456 0 6 78219432
6.2e-09 19.1562 3.01562 8.5625 0 4 455834 0 28 353596052
6.2e-09 20.0312 2.82812 8.5625 1 0 0 0 0 302765609
6.2e-09 20.0625 2.5625 8.5625 0 19 284424074 0 13 751518
6.2e-09 19.9844 2.26562 8.5625 0 75 324648351 0 22 2592674
6.2e-09 18.0938 2.5625 8.5625 0 2 193305480 0 3 133123959
6.2e-09 20.5938 2.51562 8.5625 0 69 229673636 0 37 109892639
6.2e-09 18.8438 2.73438 8.5625 0 0 339138807 0 11 15960935
6.2e-09 20.4062 2.32812 8.5625 0 69 343687423 0 2 21196413
6.2e-09 18.2031 2.32812 8.5625 0 4 225384221 0 5 137391893
6.2e-09 18.6094 2.28125 8.73438 0 0 0 0 21 306212846
6.2e-09 21.4531 2.46875 8.5625 0 185 111514652 0 83 189076595
6.2e-09 25.2812 2.95312 8.5625 12 0 0 11 7180 362217357
6.2e-09 21.2656 2.54688 8.5625 0 122 62880724 0 237 250719432
6.2e-09 17.8438 2.84375 8.5625 0 14 232603800 0 0 56210289
6.2e-09 23.0312 2.85938 8.5625 1 1251 254058094 0 114 40984080
6.2e-09 18.6094 3 8.5625 0 10 301178895 0 0 292717
6.2e-09 20.5156 2.42188 8.5625 0 56 296392171 0 3 5134
6.2e-09 21.4375 2.4375 8.75 0 171 62466812 0 272 243962070
6.2e-09 17.9062 3.25 8.5625 0 7 889126 0 0 344338614
6.2e-09 23.375 2.98438 8.5625 0 675 195459901 0 624 89176380
6.2e-09 19.9531 2.25 8.5625 0 46 48709538 0 2 302730160
6.2e-09 20.5312 3.28125 8.5625 0 21 4393292 0 53 285874381
6.2e-09 infty 2.46875 8.5625 419 0 0 422 0 0
6.2e-09 22.9688 2.84375 8.5625 1 0 0 1 323 333724720
6.2e-09 19.2031 3.28125 8.5625 0 0 306928342 0 7 13703806
6.2e-09 20.6406 2.95312 8.5625 0 96 122883014 0 0 187678901
6.2e-09 21.0625 2.42188 8.5625 0 107 236831471 0 62 107592663
6.2e-09 20.0625 2.51562 8.5625 0 69 251699218 1 1 29677772
6.2e-09 20.8594 3.28125 8.5625 0 73 276492602 0 16 6348987
6.2e-09 18.3906 2.40625 8.5625 0 5 104404903 0 1 230273609
6.2e-09 20.9062 2.53125 8.5625 1 106 152908871 0 58 191874783
6.2e-09 23.5469 2.26562 8.5625 1 1685 364665714 1 0 0
6.2e-09 18.9219 2.26562 8.5625 0 23 115848918 0 2 185637803
6.2e-09 20.5469 2.73438 8.5625 0 3 9314373 0 152 357097423
6.2e-09 21.4844 2.26562 8.5625 0 104 280817597 0 4 1268825
6.2e-09 19.2031 2.26562 8.5625 0 45 322052717 0 3 1212319
6.2e-09 18 2.39062 8.5625 0 2 250543002 0 0 45924611
6.2e-09 21.7344 3.01562 8.5625 0 18 287220478 0 132 31889338
6.2e-09 20.1562 2.76562 8.5625 0 45 60219466 0 4 261477697
6.2e-09 19.8438 2.29688 8.5625 0 78 63553349 0 10 257580425
6.2e-09 21.9688 3.25 8.5625 0 383 363400707 0 0 0
6.2e-09 18.8906 2.34375 8.5625 0 20 256707764 0 15 66252101
6.2e-09 20.5312 2.76562 8.53125 0 0 0 0 112 287079178
6.2e-09 infty 2.89062 8.5625 353 0 0 327 0 0
6.2e-09 17.4844 2.28125 8.70312 0 3 231178502 0 0 86270175
6.2e-09 19.9531 2.34375 8.5625 0 42 264773895 0 2 83334073
6.2e-09 22.1719 3.28125 8.5625 0 242 335558046 0 0 0
6.2e-09 21.0469 2.48438 8.5625 0 256 348487541 0 0 0
6.2e-09 19.3438 2.76562 8.39062 0 0 176555306 0 29 154828745
6.2e-09 18.9375 2.34375 8.5625 0 0 0 0 13 295747072
6.2e-09 21.8594 3 8.5625 0 0 132412871 1 182 207577618
6.2e-09 20.5312 2.34375 8.5625 0 75 102620068 0 6 183246722
6.2e-09 18.1719 2.5625 8.5625 0 0 160933176 0 0 121840356
6.2e-09 17.5312 2.4375 8.65625 0 0 256309 0 0 290715322
6.2e-09 18.7812 2.96875 8.5625 0 0 8614039 0 0 289019149
6.2e-09 20.0156 2.96875 8.5625 0 18 13173234 0 5 293541180
6.2e-09 19.9531 2.5 8.5625 0 39 339316319 0 21 7319930
6.2e-09 19.5938 2.40625 8.5625 0 24 321793941 0 0 51005589
6.2e-09 25.2031 3.03125 8.5625 10 1426 36039714 12 2743 278760064
6.2e-09 19.6562 2.42188 8.5625 0 13 336169410 0 3 24923
6.2e-09 22.4844 3 8.5625 0 0 0 0 591 337259276
6.2e-09 22.6719 2.79688 8.5625 0 0 0 0 417 323531120
6.2e-09 19.5312 2.8125 8.5625 0 9 29792055 0 19 290568195
6.2e-09 21.6406 2.82812 8.5625 0 251 279357079 0 11 2674665
6.2e-09 21.2656 2.4375 8.6875 0 36 5740244 0 160 312460482
6.2e-09 19.5 2.54688 8.5625 0 11 312397201 0 15 20499249
6.2e-09 18.0469 3 8.5625 0 0 23352254 0 0 333911760
6.2e-09 20.7188 2.79688 8.5625 0 0 0 0 149 361750761
6.2e-09 20.7031 2.9375 8.5625 0 90 373924993 1 0 0
6.2e-09 19.0156 2.54688 8.5625 0 14 342466954 0 0 411752
6.2e-09 18.7031 2.28125 8.625 0 1 73457 0 6 338984280
6.2e-09 20.1094 2.34375 8.5625 0 0 0 0 4 348509472
6.2e-09 20.9375 2.26562 8.5625 0 90 75261498 0 74 246756954
6.2e-09 20.5312 2.40625 8.5625 0 93 166821343 0 54 117256827
6.2e-09 18.4531 2.82812 8.5625 0 0 171033912 0 2 127868488
6.2e-09 21.8594 2.53125 8.5625 0 272 320463306 0 24 19623222
6.2e-09 21.2031 2.82812 8.5625 1 245 242198552 0 201 109145837
6.2e-09 19.4531 2.26562 8.5625 0 14 7040446 0 7 353233356
6.2e-09 20.6719 3.03125 8.5625 0 0 0 0 0 294436588
6.2e-09 21.4062 2.3125 8.5625 0 55 3717538 0 430 325272902
6.2e-09 19.1562 2.29688 8.5 0 3 150340124 0 30 199665724
6.2e-09 19.5938 2.25 8.5625 0 45 372734707 0 0 28007
6.2e-09 18.3594 2.48438 8.5625 0 8 63186162 0 7 297242711
6.2e-09 23.4375 2.5625 8.5625 1 0 0 0 664 337794274
6.2e-09 18.9688 2.34375 8.5625 0 0 12103 0 45 372814015
6.2e-09 20 2.3125 8.5625 0 59 203004151 0 45 116097226
6.2e-09 19.5469 2.53125 8.5625 0 7 90728634 0 7 221268317
6.2e-09 20.125 2.32812 8.5625 0 35 332390522 0 4 2466209
6.2e-09 20.9375 2.3125 8.5625 0 35 7196225 0 57 315292663
6.2e-09 18.8594 2.3125 8.5625 0 0 28404716 0 9 312949284
6.2e-09 18.3125 2.39062 8.5625 0 7 276016110 0 0 20436690
6.2e-09 23.3125 2.98438 8.5625 0 225 43206827 0 516 270292755
6.2e-09 19.5781 2.8125 8.5625 0 9 156084077 0 27 134501723
6.2e-09 24.4844 2.54688 8.5625 3 3728 371930471 2 0 0
6.2e-09 19.0625 2.23438 8.5625 0 1 80578500 0 2 232609936
6.2e-09 18.1094 2.46875 8.5625 0 1 272155386 0 0 44389634
6.2e-09 22.5312 2.40625 8.5625 0 412 311304496 1 0 0
6.2e-09 18.4688 2.39062 8.5625 0 1 40659210 0 0 256267171
6.2e-09 20.6719 2.3125 8.5625 0 112 127465277 0 41 165495316
6.2e-09 19.3281 2.54688 8.5625 0 0 346079946 0 0 3108484
6.2e-09 18.3906 2.76562 8.5625 0 17 318713183 0 0 24023786
6.2e-09 19.4688 2.375 8.5625 0 18 341202426 0 13 14201798
6.2e-09 20.4062 2.25 8.5625 0 85 79328243 0 120 280842346
6.2e-09 18.5625 2.84375 8.5625 0 0 164100945 0 0 169576492
6.2e-09 18.3594 3.25 8.5625 0 4 261372847 0 3 100561955
6.2e-09 19.5156 2.85938 8.5625 0 0 324032845 0 0 0
6.2e-09 20.4688 2.8125 8.5625 0 66 308367797 0 23 14379456
6.2e-09 19.2188 2.48438 8.5625 0 22 37974347 0 21 281624738
6.2e-09 23.625 2.46875 8.5625 1 0 0 1 1495 315746936
6.2e-09 18.5781 2.28125 8.625 0 14 98631647 0 1 218282597
6.2e-09 20.8594 2.32812 8.5625 0 118 282053092 0 34 275353
6.2e-09 20.4531 2.23438 8.5625 0 11 305183551 0 52 28044497
6.2e-09 18.4688 2.53125 8.5625 0 2 20509499 0 33 271486982
6.2e-09 18.5938 2.28125 8.625 0 6 43118178 0 0 271818729
6.2e-09 17.8125 2.25 8.5625 0 1 252609642 0 0 60283947
6.2e-09 18.5 2.76562 8.5625 0 22 304702863 0 0 66974891
6.2e-09 23.3125 2.4375 8.34375 0 0 0 0 208 320464218
6.2e-09 17.9844 3 8.5625 0 1 21189550 0 1 279828289
6.2e-09 25.5312 2.53125 8.5625 7 5142 308852518 6 0 0
6.2e-09 20.125 2.32812 8.5625 0 15 27517891 0 73 309581262
6.2e-09 21.375 2.5 8.5625 0 114 342719377 2 48 5317885
6.2e-09 22.125 2.26562 8.5625 0 57 24258137 0 239 347623070
6.2e-09 17.9844 2.46875 8.5625 0 4 103406938 0 6 201458461
6.2e-09 20.6406 2.90625 8.76562 0 24 316516993 0 0 0
6.2e-09 21.3438 2.46875 8.5625 0 0 0 0 260 368555567
6.2e-09 19.6094 3.26562 8.5625 0 8 7327436 0 54 361065581
6.2e-09 18.2344 2.54688 8.5625 0 4 5154284 0 10 337421096
6.2e-09 19.8594 2.29688 8.42188 0 0 309407494 0 0 19393
6.2e-09 19.7969 2.40625 8.5625 0 18 12025947 0 24 338303202
6.2e-09 19.0156 2.46875 8.5625 0 6 83616050 0 10 263312837
6.2e-09 19.2812 2.3125 8.5625 0 17 1425405 0 45 283231382
6.2e-09 20.9688 2.98438 8.5625 0 76 13044321 0 64 289773045
6.2e-09 18.6094 2.39062 8.5625 0 0 251483741 0 1 49536980
6.2e-09 20.4219 2.29688 8.54688 0 14 1540114 0 50 352768051
6.2e-09 18.7969 2.5 8.5625 0 9 266161349 0 6 23975278
6.2e-09 19.9531 2.79688 8.5625 0 35 141223114 0 77 206540788
6.2e-09 19.9531 3.01562 8.5625 0 13 242305553 0 43 105253736
6.2e-09 17.7969 2.29688 8.5625 0 7 715996 0 0 318753971
6.2e-09 21.7969 2.25 8.5625 0 73 224035557 0 448 58950255
6.2e-09 20.8125 2.34375 8.5625 0 130 308957369 0 4 50673
6.2e-09 18.1094 2.75 8.70312 0 4 215607946 0 7 101350807
6.2e-09 23.0312 2.95312 8.5625 0 869 295501724 1 24 10305
6.2e-09 20.1719 2.42188 8.5625 0 17 16948460 0 18 290492038
6.2e-09 20.125 2.51562 8.5625 0 53 324655115 0 16 15086127
6.2e-09 20.4062 2.35938 8.5625 0 20 86659475 0 48 278381985
6.2e-09 19.6094 2.54688 8.5625 0 0 254251136 0 1 112410799
6.2e-09 19.5469 2.26562 8.57812 0 1 197512765 0 0 110569418
6.2e-09 17.6719 2.46875 8.5625 0 0 215709162 0 0 82465856
6.2e-09 18.625 2.85938 8.5625 0 8 194975721 0 0 98411481
6.2e-09 21.1406 2.4375 8.75 0 0 0 0 140 295948308
6.2e-09 23.4219 2.84375 8.5625 0 1594 347374850 0 0 0
6.2e-09 18.3594 2.40625 8.5625 0 0 13809439 0 4 345032230
6.2e-09 20.2812 2.875 8.5625 0 58 343984431 0 0 0
6.2e-09 19.5469 2.8125 8.5625 0 13 290938178 0 0 19510318
6.2e-09 18.0312 2.25 8.5625 0 0 362520757 0 3 9419763
6.2e-09 21.9531 3.01562 8.5625 0 160 284444964 0 0 0
6.2e-09 19.875 2.92188 8.4375 0 17 303812100 0 0 0
6.2e-09 17.8438 2.29688 8.39062 0 8 248858239 0 5 41172506
6.2e-09 22.1875 2.73438 8.5625 0 248 323861431 0 99 5245146
6.2e-09 19.9375 2.4375 8.65625 0 3 359507450 0 0 125867
6.2e-09 19.9219 3.26562 8.5625 0 27 118739680 0 13 254356851
6.2e-09 19.9062 2.46875 8.5625 0 14 7517228 0 13 274508029
6.2e-09 19.6406 2.75 8.71875 0 0 0 0 12 348199051
6.2e-09 18.9531 3.0625 8.39062 0 40 285284197 0 0 0
6.2e-09 19.5 2.96875 8.5625 0 27 306783746 0 4 24791672
6.2e-09 22.4844 2.42188 8.5625 1 780 257612317 0 138 84440301
6.2e-09 18.5312 3.01562 8.5625 0 20 346622484 0 0 0
6.2e-09 20.7812 2.45312 8.42188 0 106 320493371 0 14 1467548
6.2e-09 18.25 2.73438 8.5625 0 9 332530560 0 0 0
6.2e-09 17.75 2.73438 8.5625 0 0 335207678 0 2 14423416
6.2e-09 19.4062 2.46875 8.5625 0 55 82572677 0 3 214782008
6.2e-09 19.9062 2.35938 8.5625 0 27 265737475 0 0 17513762
6.2e-09 19.1875 2.23438 8.5625 0 1 209571397 0 16 123676571
6.2e-09 23.6719 3.26562 8.5625 0 470 251402309 3 824 41886011
6.2e-09 19.0156 2.35938 8.5625 0 0 29314975 0 9 314078744
6.2e-09 20.0625 2.875 8.5625 0 23 14404974 0 14 269063038
6.2e-09 18.8125 2.29688 8.40625 0 2 1354640 0 0 280367739
6.2e-09 20.0469 2.73438 8.5625 0 19 293543387 0 0 0
6.2e-09 18.8594 2.42188 8.5625 0 0 339961986 0 0 4159652
6.2e-09 21.7969 2.82812 8.5625 0 133 281882066 1 0 0
6.2e-09 21.1562 2.29688 8.5625 0 53 32505331 0 135 257259213
6.2e-09 19.9844 2.85938 8.5625 0 0 0 0 59 327282261
6.2e-09 20.0938 2.78125 8.5625 0 30 119790687 0 50 240070408
6.2e-09 19.4688 2.42188 8.5625 0 0 262097 0 46 352463685
6.2e-09 24.1562 2.82812 8.5625 2 128 506656 3 2499 286206681
6.2e-09 19.1406 2.375 8.5625 1 6 357756993 0 0 2760739
6.2e-09 20.9688 2.45312 8.54688 0 143 298559212 0 0 4508253
6.2e-09 21.9219 2.40625 8.5625 0 0 0 0 89 301777829
6.2e-09 infty 3.01562 8.5625 384 0 0 339 0 0
6.2e-09 20.0312 2.76562 8.5625 0 0 0 0 42 299942942
6.2e-09 19.9688 2.78125 8.5625 0 28 53571911 1 41 288142702
6.2e-09 19.5938 3.25 8.5625 0 0 30203980 0 11 252953896
6.2e-09 24.5312 2.78125 8.5625 4 2565 343221008 6 0 0
6.2e-09 23.0156 2.25 8.5625 1 127 262115762 1 611 42846371
6.2e-09 19.0938 2.53125 8.5625 0 0 0 0 9 295541457
6.2e-09 19.0781 2.78125 8.5625 0 4 291726709 0 8 16660561
6.2e-09 21.7344 2.40625 8.5625 0 557 319290962 0 0 0
6.2e-09 18.0312 2.25 8.5625 0 0 1081397 0 0 365089045
6.2e-09 20.0625 2.875 8.5625 0 12 78501290 0 24 207414738
6.2e-09 23.75 2.51562 8.5625 0 3776 328582308 1 179 5392027
6.2e-09 20.4531 2.42188 8.5625 0 0 0 0 0 333904205
6.2e-09 19.2188 2.34375 8.5625 0 19 189679914 0 27 124037444
6.2e-09 21.1719 2.25 8.5625 1 0 0 0 53 282246706
6.2e-09 19.7812 2.98438 8.5625 0 6 106584578 0 42 254328074
6.2e-09 19.6719 2.42188 8.5625 0 3 28092382 0 27 299841330
6.2e-09 18.4062 2.375 8.5625 0 5 304394485 0 0 24111873
6.2e-09 20.3594 2.3125 8.5625 0 1 18777692 0 0 277557985
6.2e-09 18.875 2.8125 8.5625 0 3 334966652 0 0 0
6.2e-09 19.0469 2.5625 8.5625 0 6 2238936 0 11 320994302
6.2e-09 20.3906 2.8125 8.5625 0 91 336563334 0 32 36473895
6.2e-09 19.125 2.5 8.5625 0 0 381322 0 17 280994773
6.2e-09 18.5312 2.40625 8.5625 0 6 271135657 0 9 82740378
6.2e-09 17.4219 2.26562 8.5625 0 0 29736645 0 0 321879942
6.2e-09 19.0625 2.39062 8.5625 0 1 2389369 0 12 313178045
6.2e-09 20.6562 2.90625 8.73438 0 54 300427720 0 0 0
6.2e-09 20.0625 2.42188 8.5625 0 42 277273054 0 12 10231155
6.2e-09 20.0781 2.25 8.5625 0 7 368718173 0 0 0
6.2e-09 20.5156 2.98438 8.5625 0 26 12880397 0 91 284671505
6.2e-09 20.9688 2.8125 8.5625 0 21 16760417 2 120 284359998
6.2e-09 17.4219 2.5 8.5625 0 7 9148887 0 9 347712178
6.2e-09 19.4844 2.5 8.5625 0 18 349022098 0 0 0
6.2e-09 20.0625 2.54688 8.5625 0 14 272746745 0 5 8961890
6.2e-09 21.1094 2.25 8.5625 0 148 302412408 0 84 12266985
6.2e-09 18.9531 2.375 8.5625 0 0 62106761 0 4 228432710
6.2e-09 19.4375 2.32812 8.5625 0 23 284734707 0 0 0
6.2e-09 19.5781 3.23438 8.5625 0 21 18225041 0 10 275930723
6.2e-09 19.0156 2.34375 8.5625 0 11 341484392 0 0 0
6.2e-09 23.4219 2.84375 8.5625 0 542 113341167 1 73 235751813
6.2e-09 18.5312 2.34375 8.5625 0 7 191794811 0 3 155157616
6.2e-09 22.0625 2.40625 8.5625 0 200 280110878 0 143 31426969
6.2e-09 19.1719 2.39062 8.5625 0 6 277389410 0 1 62680256
6.2e-09 18.5938 2.84375 8.5625 0 12 302313210 0 1 10014196
6.2e-09 20.9531 2.25 8.5625 0 17 175791580 0 113 138268496
6.2e-09 19.4219 2.39062 8.5625 0 8 6582469 0 29 286032808
6.2e-09 24.125 2.95312 8.5625 1 0 0 2 2962 302878884
6.2e-09 18.8906 2.84375 8.5625 0 6 3500254 0 0 319749822
6.2e-09 19.5469 2.48438 8.5625 0 32 302356440 0 7 4251618
6.2e-09 20.6562 2.375 8.5625 0 60 306243491 1 0 0
6.2e-09 20.9688 2.45312 8.375 0 27 244590478 0 287 62634426
6.2e-09 20.5781 2.875 8.5625 0 0 0 0 121 346385669
6.2e-09 20.6719 2.26562 8.5625 0 279 194382581 0 98 98469583
6.2e-09 20.9688 2.3125 8.5625 0 70 250671821 0 52 54997963
6.2e-09 17.9688 2.46875 8.5625 0 0 306472168 0 0 145243
6.2e-09 20.6094 2.23438 8.5625 0 0 0 0 30 329109456
6.2e-09 19.0156 2.40625 8.5625 0 8 338634571 0 0 5501090
6.2e-09 17.8594 2.25 8.5625 0 7 75259663 0 5 209846852
6.2e-09 18.9688 3.01562 8.5625 0 21 282027216 0 0 0
6.2e-09 18.1094 2.3125 8.5625 0 6 122885402 0 0 197121086
6.2e-09 19.9219 2.39062 8.5625 0 34 368204222 0 10 1561816
6.2e-09 19.9531 2.5625 8.5625 0 1 3278648 0 80 344956954
6.2e-09 20.1406 2.25 8.5625 0 3 161031 0 0 326121747
6.2e-09 20.8125 3.07812 8.42188 0 2 101886173 0 111 205536837
6.2e-09 25.2188 2.51562 8.5625 11 0 0 4 3008 305472386
6.2e-09 22.0312 2.26562 8.5625 0 301 324777286 0 63 2016736
6.2e-09 22.7188 2.23438 8.5625 0 0 0 0 200 297731862
6.2e-09 21.7031 2.54688 8.5625 0 90 338311073 0 0 0
6.2e-09 17.9688 2.4375 8.60938 0 1 307969046 0 0 488704
6.2e-09 17.5469 2.40625 8.5625 0 1 278974723 0 0 2414096
6.2e-09 18.7031 3.0625 8.71875 0 27 167946925 0 20 174852235
6.2e-09 19.9062 2.34375 8.5625 0 91 283992598 0 0 0
6.2e-09 17.6562 2.75 8.8125 0 0 292280853 0 1 12778714
6.2e-09 18.6719 2.4375 8.32812 0 6 346876608 0 9 17531116
6.2e-09 19.5781 2.25 8.5625 0 33 290486438 0 4 4436565
6.2e-09 20.0469 3.01562 8.5625 0 12 295076765 0 0 6357
6.2e-09 21.1719 2.51562 8.5625 1 194 143585068 0 216 229940257
6.2e-09 20.4531 2.35938 8.5625 0 168 229328796 0 34 101447394
6.2e-09 20.3906 2.29688 8.5625 0 17 90063777 0 7 283121372
6.2e-09 18.3594 2.32812 8.5625 0 23 155749136 0 2 204690586
6.2e-09 17.9688 2.45312 8.48438 0 2 180630628 0 9 128190216
6.2e-09 19.8125 2.45312 8.45312 0 30 102053636 0 10 233578237
6.2e-09 18.6875 2.98438 8.5625 0 32 350199505 0 0 277445
6.2e-09 22.0469 2.25 8.5625 0 0 0 0 304 318540211
6.2e-09 24.2812 2.89062 8.59375 2 4568 299375003 2 0 0
6.2e-09 18.8281 2.89062 8.5625 0 11 5624287 0 3 361529520
6.2e-09 20.0469 2.28125 8.625 0 85 289182148 0 0 0
6.2e-09 19.7969 2.28125 8.8125 0 13 349261713 0 0 0
6.2e-09 24.6562 2.48438 8.5625 5 6147 214329566 5 539 151643137
6.2e-09 22.4219 2.76562 8.45312 0 0 0 0 215 288377818
6.2e-09 19.8125 2.78125 8.5625 0 5 5287355 0 46 332843671
6.2e-09 17.7969 2.92188 8.5625 0 4 321763189 0 0 478589
6.2e-09 18.4219 2.42188 8.5625 0 1 313124636 0 1 4015657
6.2e-09 20.1094 2.92188 8.5625 0 113 347554145 0 0 0
6.2e-09 22.2812 2.73438 8.5625 0 160 5597354 0 128 363646673
6.2e-09 21.1094 2.28125 8.65625 0 41 92707720 0 54 221528047
6.2e-09 19.4219 2.26562 8.5625 0 1 239072481 0 1 47506590
6.2e-09 20.2188 3.03125 8.5625 0 4 206165142 0 67 79512036
6.2e-09 18.5781 2.39062 8.5625 0 0 0 0 32 319268148
6.2e-09 23.0781 2.25 8.5625 0 146 10991110 0 1089 352529941
6.2e-09 23 2.48438 8.5625 2 767 264347992 0 542 48190156
6.2e-09 20.6094 2.75 8.64062 0 73 242800293 0 49 92657761
6.2e-09 19.9375 3.07812 8.54688 0 83 360235871 1 0 0
6.2e-09 19.4531 2.5625 8.5625 0 13 172623919 0 14 196164208
6.2e-09 19.5312 2.32812 8.5625 0 23 74375058 0 5 245039001
6.2e-09 21.5469 2.95312 8.5625 0 196 227329343 0 104 112626101
6.2e-09 19.8438 2.98438 8.5625 0 3 134724329 0 64 187156690
6.2e-09 19.8125 2.4375 8.34375 0 82 300815044 0 38 40457880
6.2e-09 19.4375 2.85938 8.5625 0 9 2104053 0 17 372207720
6.2e-09 19.4688 2.39062 8.5625 0 48 272251310 0 3 78916113
6.2e-09 20.6875 2.79688 8.5625 0 0 0 0 90 286484140
6.2e-09 18.0938 2.5 8.5625 0 11 272452110 0 0 56768070
6.2e-09 18.8438 2.46875 8.5625 0 9 351865909 0 0 292294
6.2e-09 19.4531 2.39062 8.5625 0 11 279517068 0 10 87624218
6.2e-09 19.0469 2.79688 8.5625 0 10 323230537 0 0 0
6.2e-09 20.9688 2.9375 8.5625 0 118 305765996 0 0 0
6.2e-09 18.3906 2.76562 8.5625 0 6 332905187 0 13 5672759
6.2e-09 17.4531 2.3125 8.5625 0 1 322714043 0 2 9753028
6.2e-09 20.2656 2.48438 8.5625 0 3 195215124 0 32 158059850
6.2e-09 23.2812 3.01562 8.5625 0 0 0 0 374 332014696
6.2e-09 20.375 2.48438 8.5625 0 3 388444 0 87 287868798
6.2e-09 19.2344 3.26562 8.5625 0 11 159301264 0 6 151301120
6.2e-09 20.9219 3.26562 8.5625 1 86 190759845 0 10 143243705
6.2e-09 18.7031 2.96875 8.5625 0 3 64408052 0 25 275795313
6.2e-09 20.4375 2.32812 8.5625 0 102 336782986 0 29 6531136
6.2e-09 18.5938 2.23438 8.5625 0 0 312204698 0 6 1081320
6.2e-09 infty 2.4375 8.65625 332 0 0 365 0 0
6.2e-09 20.9844 2.32812 8.5625 0 30 32414007 0 183 267942803
6.2e-09 18.0312 2.34375 8.5625 0 0 8672893 0 4 358580184
6.2e-09 20.4688 2.45312 8.5625 0 0 134921739 0 133 186693081
6.2e-09 19.4219 2.29688 8.4375 0 40 45702032 0 31 247260631
6.2e-09 18.5 2.5 8.5625 0 4 284367672 0 3 81669156
6.2e-09 25.6562 2.9375 8.5625 16 0 0 17 4771 331456261
6.2e-09 18.5156 2.98438 8.5625 0 0 346014016 0 0 11871031
6.2e-09 19.5781 2.28125 8.6875 0 35 236328178 0 34 56263691
6.2e-09 18.6719 2.95312 8.5625 0 12 353179911 0 8 3805883
6.2e-09 20.4375 2.34375 8.5625 0 6 340722112 0 0 0
6.2e-09 19.875 2.78125 8.5625 0 0 0 0 47 301127260
6.2e-09 16.6562 3.0625 8.39062 0 0 12306553 0 0 327760072
6.2e-09 25.125 2.46875 8.5625 10 9231 363944687 7 0 0
6.2e-09 19.9062 3.07812 8.51562 0 30 188455059 0 43 93260608
6.2e-09 19.4375 2.5625 8.5625 0 0 5376 0 6 281408988
6.2e-09 19.6875 2.75 8.65625 0 82 41976233 0 27 273324850
6.2e-09 21.5312 2.78125 8.5625 0 122 348840886 0 0 0
6.2e-09 18.4375 2.8125 8.5625 0 0 242400188 0 0 67727322
6.2e-09 19.6094 2.375 8.5625 0 38 361868496 0 11 1878376
6.2e-09 20.4375 2.78125 8.5625 0 78 38918927 0 38 297005993
6.2e-09 18.125 2.39062 8.5625 0 13 70415610 0 12 239602757
6.2e-09 18.9062 2.48438 8.5625 0 6 312980564 0 1 2182454
6.2e-09 17.0156 2.92188 8.5625 0 0 289262214 0 1 28931111
6.2e-09 18.9688 2.48438 8.5625 0 43 373319465 0 0 778024
6.2e-09 20.5 2.89062 8.5625 0 29 303448320 0 3 3752594
6.2e-09 18.1094 2.26562 8.5625 0 1 321435764 0 0 0
6.2e-09 20.4062 2.34375 8.5625 0 0 0 0 44 359227735
6.2e-09 23.3906 2.3125 8.5625 2 4 4791932 1 1719 363827473
6.2e-09 19.375 2.78125 8.5625 0 22 72070510 0 18 244591389
6.2e-09 20.6094 2.25 8.5625 0 3 323377469 0 54 7699570
6.2e-09 18.6094 2.85938 8.5625 0 0 305593770 0 0 0
6.2e-09 18.0312 2.78125 8.5625 0 11 370198463 0 0 0
6.2e-09 19.5312 2.95312 8.5625 0 32 318682576 0 0 0
6.2e-09 19.5 2.39062 8.5625 0 0 0 0 9 338604945
6.2e-09 18.1094 2.73438 8.5625 0 0 182944601 0 1 133992188
6.2e-09 18.6719 2.34375 8.5625 0 13 133168787 0 0 227076932
6.2e-09 19.2812 2.4375 8.73438 0 22 284249791 0 0 0
6.2e-09 18.375 2.46875 8.5625 0 0 136372914 0 2 213305220
6.2e-09 19.0156 2.23438 8.5625 0 11 125193484 0 13 215536709
6.2e-09 20.3906 2.25 8.5625 0 45 213707586 0 0 158183726
6.2e-09 22.1094 2.39062 8.5625 0 146 286371403 0 3 8558
6.2e-09 20.5156 2.54688 8.5625 0 69 82463421 0 102 215259047
6.2e-09 17.8125 2.78125 8.5625 0 26 311905625 0 0 37921
6.2e-09 20.875 2.46875 8.5625 0 91 363673047 0 0 0
6.2e-09 23.2344 2.25 8.5625 1 0 0 0 153 360890649
6.2e-09 18.5156 2.46875 8.5625 0 0 251294423 0 33 111505280
6.2e-09 24.7031 2.4375 8.70312 1 1739 335965757 2 0 0
6.2e-09 16.9219 3.29688 8.5625 0 0 3734058 0 7 278586461
6.2e-09 20.9688 3.07812 8.5625 0 68 301894441 0 0 0
6.2e-09 19.0469 2.5625 8.5625 0 3 296379421 0 21 29100565
6.2e-09 21.125 2.42188 8.5625 0 0 0 0 159 308833154
6.2e-09 infty 3 8.5625 365 0 0 373 0 0
6.2e-09 20.3438 2.28125 8.76562 0 30 272664319 0 5 32814234
6.2e-09 18.3281 2.5625 8.5625 0 1 137375933 0 4 151187940
6.2e-09 18.6094 2.73438 8.5625 0 0 103076 0 2 302880341
6.2e-09 17.6719 2.26562 8.5625 0 1 296292749 0 0 513080
6.2e-09 20.2344 2.25 8.5625 0 0 333863951 0 29 35866929
6.2e-09 20.6406 2.4375 8.75 0 23 302015868 0 39 9670696
6.2e-09 19.5 2.39062 8.5625 0 4 331721393 0 14 4015360
6.2e-09 18.4844 2.46875 8.5625 0 1 2581566 0 12 280551642
6.2e-09 20.0938 2.39062 8.5625 0 25 22896399 0 28 335066211
6.2e-09 18.6875 2.29688 8.48438 0 9 339789275 0 11 14475641
6.2e-09 19.5312 2.92188 8.5 0 41 317536276 0 0 0
6.2e-09 19.7812 2.51562 8.5625 0 32 360412926 0 0 0
6.2e-09 22.2031 2.28125 8.8125 0 0 0 1 180 323508710
6.2e-09 25.6562 2.5625 8.5625 10 0 0 10 5939 328093295
6.2e-09 24 2.78125 8.5625 1 0 0 4 1228 288283522
6.2e-09 19.9375 2.46875 8.5625 0 3 98304 0 83 352697674
6.2e-09 19.3125 2.46875 8.5625 0 21 1113132 0 8 354418929
6.2e-09 20.3906 2.42188 8.5625 0 10 179548168 0 39 101194077
6.2e-09 22.75 2.84375 8.5625 0 455 370483333 0 0 0
6.2e-09 19.2188 2.51562 8.5625 0 0 0 0 2 314033051
6.2e-09 18.7969 2.9375 8.5625 0 2 200953 0 17 290891789
6.2e-09 20.625 2.73438 8.59375 0 28 319824433 0 23 819860
6.2e-09 19.4062 2.82812 8.5625 0 44 276860240 0 15 21099285
6.2e-09 24.8125 2.40625 8.5625 3 895 36825905 4 2909 324897895
6.2e-09 18.5156 2.875 8.5625 0 9 365065718 0 0 0
6.2e-09 18.4688 2.40625 8.5625 0 3 169625260 0 3 128539158
