6.2e-09 20.5 2.04688 8.14062 42 644 311169499 50 124 14121698
6.2e-09 21.875 2.75 8.14062 269 11565 314278765 277 2005 2968204
6.2e-09 infty 1.90625 8.14062 2911 0 0 2938 17408 243295234
6.2e-09 20.0938 2.21875 8.14062 34 351 13080032 46 184 341035171
6.2e-09 20.4688 1.89062 8.14062 62 288 194082932 56 108 145594275
6.2e-09 20.2031 1.90625 8.14062 38 1021 125522425 30 1362 172265488
6.2e-09 21.2656 2.28125 8.14062 130 905 376672434 152 0 0
6.2e-09 23.5 1.9375 8.14062 1262 11624 282634130 1126 181 31175
6.2e-09 19.5156 2.26562 8.14062 17 0 219248156 14 240 77009650
6.2e-09 19.9844 2.03125 8.14062 35 168 102587602 28 391 218614058
6.2e-09 20.0625 2.42188 8.14062 44 706 373783234 32 182 2379243
6.2e-09 infty 2.26562 8.14062 2744 4532 17385386 2710 4431 135383110
6.2e-09 19.7812 1.85938 8.14062 38 0 304270479 37 1199 32017113
6.2e-09 20.5625 2.78125 8.03125 58 274 268363992 59 453 24847958
6.2e-09 19.4688 1.89062 8.14062 22 201 322281548 16 95 4667363
6.2e-09 23.125 2.46875 7.92188 1026 0 0 1098 8016 293935159
6.2e-09 20.7656 1.85938 8.14062 90 1615 140489631 86 1533 224113942
6.2e-09 20.9844 1.85938 8.14062 111 681 328429949 96 409 10499281
6.2e-09 20.7031 1.95312 8.14062 48 291 298036153 65 351 5318810
6.2e-09 19.9219 1.84375 8.14062 33 0 0 29 895 360013720
6.2e-09 23.6406 2.21875 8.14062 1615 10172 75848065 1646 8078 223019935
6.2e-09 20.0938 2.35938 8.14062 42 0 0 41 873 361572758
6.2e-09 infty 1.9375 8.14062 2758 30677 44627777 2807 0 0
6.2e-09 22.2656 2.26562 8.14062 361 423 158158926 362 5987 138163735
6.2e-09 20.9844 2.26562 8.14062 72 0 0 84 1661 339273402
6.2e-09 19.125 2.875 8.14062 14 626 284034195 14 97 42422983
6.2e-09 19.625 2.26562 8.14062 20 0 149704454 17 126 177474795
6.2e-09 22.2188 2.45312 8.28125 353 2131 298444706 369 2393 25238020
6.2e-09 21.3125 2.85938 8.14062 184 2260 97539235 152 1789 249155555
6.2e-09 21.125 2.29688 8.21875 92 683 356009950 107 152 325622
6.2e-09 19.9688 2.40625 8.14062 27 126 335423230 26 0 0
6.2e-09 19.5312 1.92188 8.14062 18 229 83518222 19 175 203930830
6.2e-09 20.5938 2.25 8.14062 82 0 0 66 1315 369203727
6.2e-09 21.6875 2.79688 8.14062 258 1467 331978134 247 977 663596
6.2e-09 22.5 1.92188 8.14062 491 0 0 489 3376 357040167
6.2e-09 infty 2.84375 8.14062 2979 0 0 2991 7691 42284859
6.2e-09 21.625 2.26562 8.14062 207 1926 338949872 178 3387 30874743
6.2e-09 22.8125 2.5 8.14062 743 6572 17377440 752 8017 264140482
6.2e-09 20.1094 2.26562 8.14062 42 360 153078110 35 0 193833205
6.2e-09 infty 2.75 8.14062 2701 11838 56964972 2669 11427 15701142
6.2e-09 23.2969 2.32812 8.14062 1362 8874 294232098 1446 3659 2206448
6.2e-09 23.6406 1.96875 8.14062 1589 2529 296520991 1501 0 0
6.2e-09 21.4219 2.25 8.14062 111 1829 22193857 108 0 269230070
6.2e-09 infty 1.875 8.14062 3110 0 0 3195 0 0
6.2e-09 20.0938 2 8.14062 45 563 358122152 50 755 3938902
6.2e-09 22.2656 2.46875 8.14062 488 4658 297635397 422 0 0
6.2e-09 21.1406 2.79688 8.14062 142 1274 348751752 124 0 0
6.2e-09 21.0625 2.04688 8.14062 92 544 11637747 97 1613 288981050
6.2e-09 22 2.04688 8.14062 296 1556 323328290 285 1817 25603086
6.2e-09 21.1406 2.01562 8.14062 142 0 0 122 3827 350960429
6.2e-09 19.9375 1.98438 8.39062 33 2 331468355 28 413 19536264
6.2e-09 20.1562 2.01562 8.14062 40 494 169405768 40 529 154762504
6.2e-09 20.5938 2.85938 8.14062 58 0 0 77 132 368449892
6.2e-09 20.1406 2.21875 8.14062 41 383 297413024 41 111 32814277
6.2e-09 19.0625 1.85938 8.14062 12 10 95243276 13 0 266625610
6.2e-09 20.8594 2.45312 8.39062 58 543 287223946 92 656 29846388
6.2e-09 22.5781 2.79688 8.14062 645 2058 140000150 587 6072 168852867
6.2e-09 19.6562 1.85938 8.14062 27 219 313987302 19 247 1640434
6.2e-09 20.7344 1.95312 8.14062 66 2174 183246634 54 433 104713295
6.2e-09 21.7969 1.85938 8.14062 328 1920 363589400 325 1360 1790081
6.2e-09 infty 2.3125 8.14062 3338 0 0 3366 15508 198056177
6.2e-09 20.0781 2.04688 8.14062 44 83 370657810 38 4 108087
6.2e-09 infty 1.98438 8.34375 3425 18466 181932288 3397 0 0
6.2e-09 20.75 2.28125 8.14062 80 31 84774097 69 2826 292330644
6.2e-09 20.6719 2.45312 8.17188 65 1380 74295586 61 1067 243929851
6.2e-09 20.5938 1.92188 8.14062 69 380 76162008 72 2380 293699346
6.2e-09 22.7031 2.5625 8.14062 716 10688 336019287 720 0 0
6.2e-09 20.4844 2.01562 8.14062 59 1016 163891043 70 196 166307718
6.2e-09 22.0938 1.92188 8.14062 266 875 22099733 291 693 271142808
6.2e-09 23.7188 1.90625 8.14062 2128 15703 268331871 2272 15462 73385499
6.2e-09 21.25 2.25 8.14062 109 2024 90674761 104 0 199134317
6.2e-09 22.5 2.23438 8.14062 533 897 657439 555 12145 356023579
6.2e-09 20.4375 1.92188 8.14062 47 53 283124 62 136 358701185
6.2e-09 23.4844 2 8.07812 1448 6870 288779708 1378 490 648573
6.2e-09 infty 2.79688 8.14062 3389 0 0 3289 1797 3325836
6.2e-09 22.7344 2.35938 8.14062 713 336 4433391 707 12471 316081517
6.2e-09 infty 2.73438 8.14062 2849 2276 103175 2821 0 0
6.2e-09 21.3125 2.23438 8.14062 158 5208 98215041 173 1230 248149740
6.2e-09 21.5312 2.26562 8.14062 151 525 300698864 161 1830 21518108
6.2e-09 infty 1.85938 8.14062 3246 3912 225652 3261 6725 65795113
6.2e-09 21.9375 2.34375 8.14062 230 387 648898 242 1986 291487887
6.2e-09 21.1406 1.95312 8.14062 133 20 326867897 128 434 21751892
6.2e-09 21.6094 2.51562 8.14062 230 1800 334294017 201 4440 39622502
6.2e-09 22.0781 2.3125 8.10938 297 2044 258595633 308 0 47173037
6.2e-09 infty 1.92188 8.14062 2792 0 0 2953 15016 24812404
6.2e-09 20.6406 2.89062 8.14062 80 796 18695536 76 1503 325152401
6.2e-09 infty 2.25 8.14062 2857 6840 22329537 2812 12417 60449414
6.2e-09 infty 2.54688 8.14062 2984 0 0 2994 0 0
6.2e-09 20 2.48438 8.14062 24 284 33462543 24 183 281234081
6.2e-09 24.0312 1.82812 7.96875 2426 8362 80585351 2562 20496 193090555
6.2e-09 22.1094 2.82812 8.14062 301 972 3759517 279 10453 283377255
6.2e-09 19.5625 2.34375 8.14062 33 82 40705662 20 107 332073984
6.2e-09 19.5312 2.75 8.14062 14 430 292710859 13 0 0
6.2e-09 infty 2.46875 7.96875 3337 43153 147713129 3290 20191 34879897
6.2e-09 21.5938 2.375 8.14062 172 2365 206643585 151 559 80133287
6.2e-09 23.6875 2.75 8.14062 1586 0 0 1567 12960 274299582
6.2e-09 infty 2.39062 8.14062 2860 5513 16428801 2802 22479 80657080
6.2e-09 23.5156 2.5 8.14062 1238 0 0 1361 12098 276947234
6.2e-09 23.1719 2.3125 8.14062 1390 15195 358375545 1387 830 6599179
6.2e-09 22.125 2.76562 8.26562 253 6076 232013313 248 1446 51558089
6.2e-09 22.0625 1.84375 8.14062 357 1709 184296475 341 3197 126075214
6.2e-09 20.75 2.34375 8.14062 100 1927 218481234 105 1459 158530580
6.2e-09 21.9219 2.26562 8.14062 206 2489 14104010 202 0 286402114
6.2e-09 21.7188 1.9375 8.14062 210 882 11454223 202 3925 300057294
6.2e-09 22.4375 2.85938 8.14062 407 0 0 372 5626 299613092
6.2e-09 20.5156 2.28125 8.14062 39 194 38950979 36 3020 272918258
6.2e-09 21.6406 2.01562 8.14062 263 3866 223686941 235 893 136285066
6.2e-09 20.2344 1.9375 8.14062 58 0 28714656 35 1311 347988697
6.2e-09 22.1406 1.84375 8.14062 430 1591 90314842 467 5412 272863337
6.2e-09 infty 2.82812 8.14062 3118 17452 207846138 3030 0 0
6.2e-09 20.0625 1.96875 8.14062 24 225 23610187 28 790 263248044
6.2e-09 22.0156 1.9375 8.14062 269 422 338706074 292 0 0
6.2e-09 22.625 2.4375 8.14062 471 3390 235180317 454 341 54147664
6.2e-09 19.9062 2.46875 8.01562 28 494 7576492 26 1591 364469027
6.2e-09 22.6094 2 8.14062 559 2614 8144786 573 113 291914458
6.2e-09 19.2656 1.90625 8.14062 20 0 0 23 401 336956704
6.2e-09 23.1562 2.73438 8.14062 846 1472 31764844 881 9814 246876297
6.2e-09 infty 1.84375 8.03125 3318 12278 4766990 3402 0 0
6.2e-09 20.6719 1.96875 8.14062 61 638 303359426 63 600 20305797
6.2e-09 19.4844 2.5625 8.14062 17 240 35842988 12 977 277463083
6.2e-09 20.8906 2.8125 8.14062 79 0 251617795 63 0 48018599
6.2e-09 20.4062 1.9375 8.14062 39 0 0 35 101 285745955
6.2e-09 20.2969 2.75 8.14062 44 363 335833630 48 0 0
6.2e-09 infty 2.28125 8.14062 2656 1380 286355 2671 29221 209743195
6.2e-09 infty 2.04688 8.14062 3015 2765 112645530 3115 6819 51318137
6.2e-09 20.8438 2.42188 8.14062 82 1703 313749166 87 343 5408639
6.2e-09 20.5156 1.95312 8.14062 52 927 316587347 60 0 0
6.2e-09 20.9844 2.35938 8.14062 91 1318 334343224 86 125 8543708
6.2e-09 21.8594 1.9375 8.14062 227 3221 333364654 237 345 526532
6.2e-09 22.1719 2.48438 8.14062 434 1933 130358542 468 240 220401884
6.2e-09 23.6875 2.75 8.14062 1506 16877 180310409 1520 10624 96265220
6.2e-09 21.25 2.84375 8.14062 124 871 289355374 123 0 0
6.2e-09 19.5781 1.96875 8.14062 27 316 347581559 18 88 6770837
6.2e-09 23.75 2.35938 8.14062 2273 524 64168 2373 11399 329825390
6.2e-09 20.8281 1.85938 8.14062 97 355 224748662 98 2099 104021707
6.2e-09 infty 2.42188 8.14062 2667 44825 134527023 2702 0 0
6.2e-09 21.0781 2 8.10938 111 1182 289810173 107 717 634338
6.2e-09 21.1562 2.45312 8.375 107 788 5062085 112 1793 335220619
6.2e-09 21.875 1.82812 7.90625 261 2939 323547655 265 0 0
6.2e-09 22.6719 1.875 8.14062 781 9415 320181629 727 6408 37790259
6.2e-09 infty 2.875 8.14062 2852 0 0 2728 6774 11494699
6.2e-09 20.9375 2.39062 8.14062 92 2243 324098439 83 0 44364937
6.2e-09 19.875 2.25 8.14062 19 418 114692903 15 0 178333588
6.2e-09 22.3906 2.3125 8.03125 432 1166 323204250 462 0 0
6.2e-09 20.9062 2.78125 8 78 496 268965476 85 1110 18118457
6.2e-09 19.9844 1.82812 7.90625 34 0 102976 24 533 319153141
6.2e-09 infty 2.35938 8.14062 3115 272 2418267 3075 15075 207518255
6.2e-09 22.7344 2.79688 8.14062 778 3166 321469737 777 768 1032359
6.2e-09 21.9688 2.23438 8.14062 272 3399 315703176 248 342 53763148
6.2e-09 20.6875 2.25 8.14062 65 258 966679 72 78 311657966
6.2e-09 20.6406 2.25 8.14062 69 9 342163243 71 122 536887
6.2e-09 21.5469 1.90625 8.14062 179 679 316700254 148 0 0
6.2e-09 19.3125 1.82812 7.9375 15 71 29518620 20 30 287052663
6.2e-09 20.8125 1.85938 8.14062 104 0 0 99 2713 337073372
6.2e-09 20.125 1.89062 8.14062 49 537 12799504 38 491 330844010
6.2e-09 infty 1.82812 8.3125 3480 3869 5096480 3471 5735 131686750
6.2e-09 22.5781 2.375 8.14062 506 3872 154386798 602 10637 154020007
6.2e-09 20.1094 2.79688 8.14062 35 572 9872285 35 136 342564126
6.2e-09 20.0469 2.76562 8.25 13 148 15890918 23 112 274948956
6.2e-09 21.0625 2.53125 8.14062 91 266 135740700 100 3110 158015760
6.2e-09 21.1406 2.04688 8.14062 126 467 349525545 132 13 288
6.2e-09 19.5938 2.51562 8.14062 26 1498 350102777 17 0 0
6.2e-09 21.5469 2.23438 8.14062 184 3798 316572110 161 0 0
6.2e-09 21.5938 2.46875 8.14062 174 0 0 196 2698 287676573
6.2e-09 20.125 1.9375 8.14062 33 212 178066249 42 391 163199687
6.2e-09 20.5 1.875 8.14062 59 0 0 66 553 325357652
6.2e-09 infty 2.5 8.14062 3218 0 0 3155 20424 25062265
6.2e-09 21.0156 2.29688 7.92188 111 733 6167468 104 126 313006391
6.2e-09 21.7812 1.98438 8.29688 251 1186 335261677 265 3340 39917962
6.2e-09 21 2.78125 8.01562 110 0 0 99 3206 329377437
6.2e-09 19.6719 1.875 8.14062 19 67 272019929 22 110 33388257
6.2e-09 21.2656 2.8125 8.14062 191 412 155397260 145 2126 216654842
6.2e-09 24.2344 2.82812 8.14062 3078 6034 31736984 3205 43529 226800191
6.2e-09 20.7344 1.875 8.14062 66 0 243314114 74 352 43122117
6.2e-09 19.4688 2.39062 8.14062 22 502 304468363 19 195 18573876
6.2e-09 21.1094 1.89062 8.14062 126 3165 287055169 115 173 80664866
6.2e-09 infty 2.39062 8.14062 2861 3771 761449 2828 0 0
6.2e-09 infty 2.5625 8.14062 2686 0 0 2743 3189 81168836
6.2e-09 21.1875 1.85938 8.14062 128 879 281681567 135 1801 40029958
6.2e-09 infty 1.90625 8.14062 2942 0 0 2983 19123 67548961
6.2e-09 infty 2.25 8.14062 2895 10305 87400503 2930 0 0
6.2e-09 infty 2 8.14062 3207 13898 10147236 3367 0 0
6.2e-09 21.5469 2.42188 8.14062 184 327 768810 162 2306 308835640
6.2e-09 23.2812 1.85938 8.14062 1279 0 0 1419 25768 302041721
6.2e-09 20.9688 2 8.14062 102 459 192939502 112 145 156305418
6.2e-09 21.1875 1.95312 8.14062 108 0 0 113 3437 321620644
6.2e-09 infty 2.5 8.14062 3100 13702 34311937 3211 12589 83804680
6.2e-09 20.7031 1.85938 8.14062 79 692 82180934 69 947 219748412
6.2e-09 23.625 1.875 8.14062 1741 14056 300805596 1722 0 0
6.2e-09 21.1562 1.85938 8.14062 139 1624 334932948 144 9 4701188
6.2e-09 22.0312 1.84375 8.0625 314 2322 9163930 328 9077 318156626
6.2e-09 infty 1.9375 8.14062 2710 0 0 2877 12829 40811664
6.2e-09 19.5312 2.01562 8.14062 16 28 2583625 16 663 286457550
6.2e-09 19.1562 2.23438 8.14062 14 285 48360333 13 433 258935542
6.2e-09 21 1.84375 8.03125 115 1524 327817834 109 416 443819
6.2e-09 20.6719 1.95312 8.14062 67 429 325099053 73 0 0
6.2e-09 infty 2.40625 8.14062 2772 26333 52476414 2812 0 0
6.2e-09 19.9062 1.90625 8.14062 36 3 76780 32 444 370771003
6.2e-09 19.9688 2 8.01562 31 291 15587044 36 800 313371797
6.2e-09 21.2344 2.51562 8.14062 130 4430 284516735 126 762 12225277
6.2e-09 infty 2.76562 8.21875 2705 27530 129317336 2634 4143 31059418
6.2e-09 21.2656 1.84375 8.14062 177 1373 345819470 156 510 28190331
6.2e-09 22.7812 1.90625 8.14062 698 1893 278026584 757 4697 22046900
6.2e-09 23.6094 2.21875 8.14062 1690 11463 187408307 1695 27958 126013333
6.2e-09 24.1562 1.95312 8.14062 2755 16532 295084243 2652 0 0
6.2e-09 21.5156 2.84375 8.14062 184 7943 151202550 169 286 177675908
6.2e-09 22.4375 1.95312 8.14062 385 2037 114606305 381 1086 183802155
6.2e-09 21.7344 2.375 8.14062 228 1319 303760545 232 0 0
6.2e-09 infty 2.35938 8.14062 3172 0 0 3043 0 0
6.2e-09 21.125 2.32812 8.14062 134 408 347338025 139 309 10252500
6.2e-09 18.5469 2.4375 8.14062 12 107 359933507 5 32 496627
6.2e-09 21.5312 2.39062 8.14062 155 1305 178085061 172 4421 147147141
6.2e-09 infty 2 8.10938 3398 0 0 3336 638 8241
6.2e-09 infty 1.875 8.14062 3146 0 0 3096 22637 48684311
6.2e-09 22.1094 2.26562 8.14062 268 3137 267956274 250 2722 23918091
6.2e-09 19.9531 2.39062 8.14062 31 271 36490600 27 892 305989268
6.2e-09 23.2656 2 8.04688 1350 1394 309760309 1425 0 0
6.2e-09 20.5469 1.8125 8.25 42 1205 143819894 41 484 155569280
6.2e-09 22.1875 1.875 8.14062 396 2620 228719851 403 6520 105217854
6.2e-09 infty 2.28125 8.14062 2662 13901 6887495 2651 1459 13594745
6.2e-09 22.5625 1.95312 8.14062 513 19328 319623143 513 0 0
6.2e-09 20.7812 2.23438 8.14062 101 2556 222376168 87 507 130777775
6.2e-09 21.8906 1.98438 8.26562 279 1173 227458093 266 219 84845419
6.2e-09 20.875 2 8.125 95 1535 308607653 59 0 0
6.2e-09 20.3125 2.39062 8.14062 58 354 111936965 45 182 215737766
6.2e-09 21.0781 2 8 103 54 289187546 130 658 2475738
6.2e-09 21.0469 2.03125 8.14062 90 534 289245810 82 1390 13959493
6.2e-09 20.0938 1.875 8.14062 37 93 343590381 50 226 12191283
6.2e-09 23.8438 1.9375 8.14062 2119 0 0 2125 40732 277130381
6.2e-09 20.4375 1.875 8.14062 48 385 353740874 61 749 5902466
6.2e-09 23.6875 1.96875 8.14062 1507 6266 21369722 1479 17222 249079152
6.2e-09 20.9062 2.375 8.14062 72 671 275975967 59 1594 17072934
6.2e-09 21.7344 2.34375 8.14062 238 2949 301748646 223 0 0
6.2e-09 20.6719 2.39062 8.14062 72 112 319019753 72 0 0
6.2e-09 22.1719 2.79688 8.14062 437 2914 81142210 435 4134 261817457
6.2e-09 21.5938 1.96875 8.1875 149 2528 145283246 149 2148 142721441
6.2e-09 21.8594 1.9375 8.14062 217 312 279308462 210 1478 54566038
6.2e-09 21.6094 1.9375 8.14062 163 808 254177310 166 117 28167287
6.2e-09 23.9688 2 8.07812 2497 16694 256219781 2564 10067 48014488
6.2e-09 19.5312 2.01562 8.14062 20 448 153234420 21 230 140398835
6.2e-09 22.4844 2 8.14062 592 1438 38380570 562 11317 329072695
6.2e-09 23.1875 2.39062 8.14062 1220 18789 358537900 1212 907 97361
6.2e-09 20.7031 2.32812 8.14062 67 1399 116697042 88 2053 185807883
6.2e-09 22.4844 2.78125 7.96875 597 1465 150272534 609 2098 218048614
6.2e-09 20.6406 2.01562 8.14062 69 1063 33343752 73 100 304398153
6.2e-09 20.1875 1.84375 8.14062 44 333 211697018 63 457 94617984
6.2e-09 19.9531 2.3125 8.14062 34 586 335124306 26 0 6735972
6.2e-09 22.1875 1.96875 8.20312 339 0 0 373 525 334668495
6.2e-09 21.5781 1.84375 8.14062 196 2430 278518859 181 1040 18882186
6.2e-09 19.6406 1.89062 8.14062 18 726 307015630 20 549 14367329
6.2e-09 infty 2.29688 8.25 2643 11662 174342116 2486 9047 11306571
6.2e-09 19.2812 2.04688 8.14062 14 103 247227979 12 106 82784790
6.2e-09 20.9531 2.78125 8.39062 100 214 13901952 112 2764 344651471
6.2e-09 infty 2.03125 8.14062 3280 0 0 3265 11833 83895641
6.2e-09 21.0469 1.84375 8.14062 95 206 580106 114 1650 306292423
6.2e-09 23.7344 2.28125 8.14062 1945 9458 74832154 2016 9428 266250151
6.2e-09 21.1875 1.85938 8.14062 128 1350 18219939 126 1837 302976613
6.2e-09 20.25 2.28125 8.14062 60 537 11227392 42 167 361069248
6.2e-09 infty 2 8.10938 3391 12776 23918617 3409 25710 26417899
6.2e-09 21.6094 2.4375 8.14062 164 1179 273957912 134 477 8418771
6.2e-09 23.3281 1.82812 7.89062 1027 2455 280683931 1067 0 0
6.2e-09 20.9219 1.95312 8.14062 72 693 1686533 53 875 281699481
6.2e-09 23.1875 2.28125 8.14062 1132 0 0 1088 11071 353485003
6.2e-09 22.6406 2.01562 8.14062 573 6509 249619487 575 1380 34081686
6.2e-09 22.4375 2.03125 8.14062 412 3835 22337649 430 6772 276237375
6.2e-09 20.0312 2.21875 8.14062 30 0 0 35 213 299072004
6.2e-09 22.2969 2.54688 8.14062 504 195 329996941 519 5937 42244031
6.2e-09 20.0156 2.03125 8.14062 32 828 297957531 21 454 12101103
6.2e-09 21.2969 1.89062 8.14062 184 5901 217660902 185 1446 138029649
6.2e-09 23.5156 1.92188 8.14062 1182 19487 106377197 1202 8402 170102817
6.2e-09 24.1875 2.5 8.14062 3142 16888 185134007 3318 8425 94541010
6.2e-09 20.6562 2.5 8.14062 76 11 5898543 75 875 320564504
6.2e-09 20.0938 1.95312 8.14062 37 876 347540048 42 59 7436825
6.2e-09 18.8281 2.78125 8.375 7 22 297787781 8 47 1056986
6.2e-09 20.1094 1.95312 8.14062 37 602 100842929 39 93 250395082
6.2e-09 20.0781 1.84375 8.0625 40 869 228027041 47 462 140210325
6.2e-09 20.0938 1.9375 8.14062 54 958 339296482 35 646 14766484
6.2e-09 20.7188 2.01562 8.14062 72 379 297348790 95 64 448875
6.2e-09 20 1.96875 8.14062 33 1499 300621292 22 127 10385158
6.2e-09 19.4375 2.46875 8.09375 24 26 218581 17 257 342349464
6.2e-09 infty 2.21875 8.14062 3070 0 0 3019 36816 227198896
6.2e-09 21.6562 1.96875 8.14062 216 690 12527379 208 4218 339445318
6.2e-09 22.2812 1.90625 8.14062 404 0 0 405 1074 289812551
6.2e-09 22.2188 2.84375 8.14062 417 5577 180466426 425 787 136302276
6.2e-09 23.6875 1.875 8.14062 1812 6313 11249075 1802 12896 258757073
6.2e-09 21.1719 1.875 8.14062 124 19 332729330 121 0 0
6.2e-09 21.7188 2.5 8.14062 234 0 0 261 2077 309593631
6.2e-09 19.5781 2.21875 8.14062 14 403 18534876 20 292 336688319
6.2e-09 20.7188 1.89062 8.14062 80 0 0 86 488 299429752
6.2e-09 19.6719 1.95312 8.14062 11 270 305776319 15 0 0
6.2e-09 21.5781 2.73438 8.14062 156 2748 147135607 159 2311 151865049
6.2e-09 20.625 1.92188 8.14062 70 196 81223588 70 0 268114369
6.2e-09 infty 1.98438 8.3125 3507 0 0 3478 35084 142691600
6.2e-09 21.7812 2.26562 8.14062 289 1167 8000020 236 1278 367395867
6.2e-09 19.75 2.5625 8.14062 31 51 131377 24 785 357857624
6.2e-09 20.3906 2.29688 8.35938 42 146 11773644 41 14 275828958
6.2e-09 22.5781 1.90625 8.14062 511 0 0 563 4338 311952649
6.2e-09 22.0938 2.01562 8.14062 323 901 6729812 324 4307 290375489
6.2e-09 24.1406 2.5 8.14062 3148 0 0 3192 54281 304155251
6.2e-09 19.4375 2.45312 8.40625 26 709 49484133 19 182 291137387
6.2e-09 20.1406 2 8.125 31 63 833233 47 897 332943673
6.2e-09 19.4688 1.92188 8.14062 16 318 147090260 14 423 178111089
6.2e-09 infty 2.42188 8.14062 2822 16064 8432863 2672 7101 29760683
6.2e-09 20.1094 2.03125 8.14062 37 140 97851735 43 698 252264222
6.2e-09 22.7188 2.04688 8.14062 696 4720 188786729 708 3086 136599200
6.2e-09 21.5781 2.75 8.14062 157 6393 294327377 149 0 0
6.2e-09 23.5312 2.82812 8.14062 1796 25726 357631565 1735 0 0
6.2e-09 19.8281 2.82812 8.14062 21 155 145451711 26 599 173071088
6.2e-09 infty 2.4375 8.14062 2713 0 0 2778 8674 41684754
6.2e-09 21.3281 2.46875 7.92188 155 543 41227925 171 3681 296590107
6.2e-09 infty 2.39062 8.14062 2910 11496 47632125 2899 0 0
6.2e-09 20.3906 2 8.14062 28 92 441706 57 66 292718625
6.2e-09 20.5938 1.89062 8.14062 58 1781 86599518 70 1543 282932802
6.2e-09 21.0625 2.54688 8.14062 105 740 300130553 90 0 0
6.2e-09 21.7969 1.82812 7.96875 237 5700 360213369 260 2071 7506500
6.2e-09 19.25 1.84375 8.14062 21 110 334687892 18 630 13080088
6.2e-09 21.3281 2.35938 8.14062 167 628 3124813 194 2085 334477170
6.2e-09 21.7031 1.89062 8.14062 221 3843 168664099 214 3606 149843354
6.2e-09 22.0625 2.79688 8.14062 355 4580 305006741 358 538 8718951
6.2e-09 21.4688 1.84375 8.14062 204 7311 358357409 182 0 0
6.2e-09 22.3594 1.82812 8.3125 443 11743 49158709 472 10851 284832492
6.2e-09 infty 2.28125 8.14062 2740 6439 2995320 2720 0 0
6.2e-09 infty 1.92188 8.14062 2892 3072 315659 2853 0 0
6.2e-09 23.6562 2.01562 8.14062 1753 4743 223674686 1868 7024 65117516
6.2e-09 infty 1.98438 8.3125 3394 0 0 3397 25193 219493619
6.2e-09 23.2188 2.89062 8.14062 1176 0 0 1130 6834 337665268
6.2e-09 20.0312 1.875 8.14062 30 0 105237502 25 362 195696241
6.2e-09 23.1719 1.90625 8.14062 1237 8565 278498973 1337 10274 82483113
6.2e-09 24.2344 1.84375 8.10938 3373 2470 12288738 3358 21841 248043634
6.2e-09 20.6406 2.39062 8.14062 69 1101 151102711 71 123 187330051
6.2e-09 23.8438 1.90625 8.14062 2233 718 15792 2196 9238 277503199
6.2e-09 19.6562 2.39062 8.14062 15 75 10944916 20 558 305542838
6.2e-09 20.375 2.3125 7.95312 48 452 151358167 46 327 143244397
6.2e-09 22.2656 2.03125 8.14062 409 4442 69890924 453 4069 224964755
6.2e-09 19.625 1.89062 8.14062 26 116 8215413 14 366 325040991
6.2e-09 19.6875 1.89062 8.14062 18 67 1311811 21 761 298366646
6.2e-09 19.375 1.82812 7.92188 18 54 277064757 24 907 97407198
6.2e-09 21.1562 2.34375 8.14062 126 2949 336624906 107 0 0
6.2e-09 20 1.98438 8.3125 20 98 10458079 27 269 307486092
6.2e-09 20.7031 1.82812 8 89 1017 13005360 81 0 289985172
6.2e-09 infty 2.34375 8.14062 3258 0 0 3190 5954 21736187
6.2e-09 20.7344 2.46875 8.14062 83 1143 16314405 80 1111 273605113
6.2e-09 infty 1.98438 8.32812 3515 0 0 3493 26750 201476274
6.2e-09 22.3125 2.5 8.14062 567 1670 207188843 583 749 157534262
6.2e-09 23.7188 1.9375 8.14062 2164 13847 292075380 2068 3493 55363401
6.2e-09 22.1094 2.54688 8.14062 294 0 0 284 12594 292625621
6.2e-09 20.1094 2.51562 8.14062 49 453 297318351 43 645 48402198
6.2e-09 19.7188 2.40625 8.14062 19 388 298817776 34 360 78652678
6.2e-09 21.2188 2.32812 8.14062 134 942 304888625 139 124 38079
6.2e-09 20.0625 1.82812 7.9375 49 115 348963285 56 487 26850881
6.2e-09 20.8906 2.40625 8.14062 67 315 301522792 76 0 0
6.2e-09 24.1875 1.95312 8.14062 2783 0 0 2695 37796 277960804
6.2e-09 22.7031 2.21875 8.14062 685 992 165452060 731 3553 170607247
6.2e-09 21.6875 2.5 8.14062 234 1369 161664252 244 2037 165084013
6.2e-09 23.2969 1.89062 8.14062 1259 1420 238136459 1318 22536 58379975
6.2e-09 22.75 2.35938 8.14062 717 0 0 743 14065 310319400
6.2e-09 21.9531 2.42188 8.14062 203 2593 283970310 229 258 80000
6.2e-09 infty 2.4375 8.14062 2711 9106 129120374 2686 9075 115338183
6.2e-09 23.2031 1.92188 8.14062 1181 6626 316789020 1225 9480 25097508
6.2e-09 20.7656 2.73438 8.14062 81 2050 168777175 108 1213 196636029
6.2e-09 20.1875 1.85938 8.14062 38 559 303059462 42 76 4056403
6.2e-09 19.9844 1.84375 8.14062 35 667 13660541 34 1628 308538980
6.2e-09 20.0625 2.375 8.14062 36 337 76557601 46 2588 296777824
6.2e-09 22.8281 2.28125 8.15625 858 9913 364767582 847 0 0
6.2e-09 20.1406 2.45312 8.17188 36 263 98080229 36 1147 231267577
6.2e-09 infty 2.25 8.14062 2790 0 0 2806 0 0
6.2e-09 23.1094 2.21875 8.14062 963 0 0 941 9396 307096933
6.2e-09 23.3438 2.35938 8.14062 1755 461 44371 1679 2288 364231898
6.2e-09 infty 2.79688 8.14062 3384 1225 43366 3363 18543 161086124
6.2e-09 23.4219 1.96875 8.14062 1143 0 0 1154 290 323502422
6.2e-09 infty 2.875 8.14062 2867 3040 6361318 2949 0 0
6.2e-09 infty 2.46875 8.01562 3259 0 0 3430 0 0
6.2e-09 22.2031 1.95312 8.14062 364 8686 309309545 353 327 20829172
6.2e-09 20.5625 1.95312 8.14062 44 2474 289046386 41 0 3570
6.2e-09 19.25 2.01562 8.14062 18 33 227400 23 276 347569655
6.2e-09 infty 1.84375 8.04688 3368 0 0 3352 13262 170668900
6.2e-09 20.6094 2.34375 8.14062 64 2312 336889354 61 952 19665766
6.2e-09 21.8281 2.25 8.14062 297 17 6860179 299 3267 337323684
6.2e-09 21.4375 1.82812 8.29688 205 2239 13631709 192 1045 360647106
6.2e-09 22.5 2.28125 8.15625 506 632 360623573 488 0 0
6.2e-09 infty 2.35938 8.14062 2973 0 0 2969 14181 9089531
6.2e-09 22.2969 2.39062 8.14062 535 4964 58229725 539 8005 315784062
6.2e-09 22.9688 2.75 8.14062 684 2872 291065960 591 0 0
6.2e-09 22.5312 1.85938 8.14062 584 1507 49568263 566 6239 289640096
6.2e-09 20.6406 2.42188 8.14062 51 1111 333528071 64 290 7675563
6.2e-09 22.5781 1.875 8.14062 550 3594 176529463 536 3098 132781794
6.2e-09 18.9844 2.48438 8.14062 7 292 300435914 18 0 4041867
6.2e-09 21.5781 2.04688 8.14062 157 6478 293304455 158 0 0
6.2e-09 22.2031 2.48438 8.14062 444 3438 207831820 435 2877 122656045
6.2e-09 20.0156 2.28125 8.14062 19 585 68159827 20 538 239027055
6.2e-09 24.1562 1.89062 8.14062 2952 1551 504598 3094 33675 291533138
6.2e-09 20.0938 1.96875 8.14062 38 423 12850517 38 256 341786329
6.2e-09 18.4531 2.48438 8.14062 10 113 43283780 7 335 274923666
6.2e-09 23.3281 1.82812 8.35938 1098 0 0 1053 7662 283512373
6.2e-09 22.2969 2.34375 8.14062 568 3036 335499374 533 1133 35796861
6.2e-09 19.8594 1.82812 8.26562 28 227 129216798 28 79 167216064
6.2e-09 infty 2.85938 8.14062 3039 0 0 2961 13241 193953411
6.2e-09 22.5156 1.85938 8.14062 610 9797 334366772 581 2629 14313464
6.2e-09 21.1562 2.21875 8.14062 113 180 2292128 123 826 336286549
6.2e-09 23.1562 1.95312 8.14062 854 0 0 858 21272 284410185
6.2e-09 23.0781 2.28125 8.14062 865 908 320450167 796 0 0
6.2e-09 21.2031 2.40625 8.14062 119 3297 204371083 118 859 111153673
6.2e-09 21.8125 2.45312 8.20312 232 1630 356910212 291 0 0
6.2e-09 infty 2.34375 8.14062 3255 2005 4836439 3125 14849 29369145
6.2e-09 21.5 1.90625 8.14062 153 845 342329529 162 134 76806
6.2e-09 21.4219 2.34375 8.14062 147 0 291637759 120 0 0
6.2e-09 20.5781 1.84375 8.04688 70 3737 366238914 74 260 9592729
6.2e-09 21.3438 2.25 8.14062 166 394 8347208 167 2043 319775551
6.2e-09 infty 2.23438 8.14062 2951 7889 247725440 2894 0 0
6.2e-09 infty 2.40625 8.14062 2800 0 0 2755 56748 247806203
6.2e-09 19.5938 2.25 8.14062 19 238 466400 19 214 346281924
6.2e-09 19.7031 2.23438 8.14062 26 280 197830895 19 0 93115730
6.2e-09 20.4688 2.75 8.14062 40 403 41462903 35 938 297955646
6.2e-09 20.0781 2.39062 8.14062 31 98 349612883 43 521 16034111
6.2e-09 20.4688 2.35938 8.14062 54 1048 265913586 51 0 74065047
6.2e-09 21.4844 2.73438 8.14062 133 505 282497306 150 1138 69361446
6.2e-09 20.1094 1.85938 8.14062 40 2002 303357957 42 388 44790499
6.2e-09 19.7656 1.9375 8.14062 26 215 312446931 25 164 34529145
6.2e-09 23.9688 2.3125 8.03125 2486 25764 306318729 2623 0 0
6.2e-09 23.3125 2.79688 8.14062 1389 20604 213496767 1368 12471 75356387
6.2e-09 21.1719 2.34375 8.14062 133 0 328509854 138 283 64425
6.2e-09 20.8281 2.8125 8.14062 103 556 328053405 98 6 16620
6.2e-09 20.5469 1.85938 8.14062 68 233 702288 55 1217 300893679
6.2e-09 19.9531 1.82812 8 27 1520 334902595 26 742 1540848
6.2e-09 infty 1.875 8.14062 3086 0 0 3167 11927 15863486
6.2e-09 23.8281 2.42188 8.14062 2062 0 0 2075 7161 286198530
6.2e-09 23.6719 2.40625 8.14062 1571 22545 253219539 1560 4493 29961822
6.2e-09 20.0938 1.89062 8.14062 42 34 855574 36 0 355644656
6.2e-09 20.4062 1.98438 8.34375 57 43 3341194 67 268 370533334
6.2e-09 20.7812 1.98438 7.95312 90 434 1137498 82 269 359290963
6.2e-09 infty 2.46875 7.95312 3276 0 0 3419 0 0
6.2e-09 23.1875 2.82812 8.14062 1313 3509 84534113 1320 11737 266297003
6.2e-09 21.0781 2.34375 8.14062 92 3670 285621944 83 0 6673831
6.2e-09 infty 1.98438 7.92188 3491 0 0 3381 20171 142758265
6.2e-09 24.125 1.89062 8.14062 3063 22813 240449128 3164 33781 67684802
6.2e-09 20.4531 2.82812 8.14062 64 822 187323700 46 1063 165079273
6.2e-09 21.5312 2.01562 8.14062 160 2693 225446524 190 2995 96300329
6.2e-09 22.1094 2.39062 8.14062 298 1126 42078257 273 5045 247132335
6.2e-09 19.75 2.03125 8.14062 37 454 347540349 29 476 7637207
6.2e-09 22.6875 2.375 8.14062 695 852 313588341 730 3661 28582391
6.2e-09 21.2656 2.76562 8.34375 102 569 25293920 110 1406 260298300
6.2e-09 20.2344 2.54688 8.14062 57 1237 329147014 53 173 46475561
6.2e-09 20.4375 2.75 8.14062 53 290 356534936 46 495 1398021
6.2e-09 infty 1.84375 8.14062 3351 0 0 3227 0 0
6.2e-09 21.5938 1.84375 8.09375 171 3627 151607197 167 2035 138914659
6.2e-09 19.7031 2.5625 8.14062 26 325 286781103 23 116 485688
6.2e-09 20.75 2.4375 8.15625 84 220 376429636 94 131 459210
6.2e-09 23.8125 2.39062 8.14062 2169 11724 296287316 2175 0 0
6.2e-09 infty 2.45312 8.1875 2590 0 0 2649 0 0
6.2e-09 23.9062 2.35938 8.14062 3090 19370 323224453 3137 4074 12024001
6.2e-09 infty 2.23438 8.14062 2982 0 0 2878 25263 255565219
6.2e-09 infty 2.26562 8.14062 2760 15145 56611063 2781 10119 157534970
6.2e-09 20.5781 2.29688 8.34375 40 28 25404543 43 1537 259661236
6.2e-09 20.3906 2 8.14062 39 120 51862 39 738 292830504
6.2e-09 21.3906 2.375 8.14062 127 0 0 126 3588 308508897
6.2e-09 24.1406 2.3125 8.04688 3410 49911 299604909 3302 0 0
6.2e-09 22.5156 1.90625 8.14062 533 4265 320884162 539 1393 28497351
6.2e-09 22.625 2.34375 8.14062 556 4923 169238704 549 6310 116155503
6.2e-09 20.0625 2.46875 8.10938 29 991 285419932 39 54 576079
6.2e-09 19.8906 1.95312 8.14062 16 0 172436800 30 291 114226110
6.2e-09 21.5625 2.26562 8.14062 147 5926 308049395 131 51 15510
6.2e-09 20.2344 1.9375 8.14062 58 717 55683139 61 395 318358537
6.2e-09 22.6562 2.29688 8.26562 643 379 12881310 583 8886 355771993
6.2e-09 21.6094 1.89062 8.14062 264 0 0 232 631 373480503
6.2e-09 20.5 2.39062 8.14062 50 602 19656823 51 1831 304513433
6.2e-09 20.8125 2.76562 8.1875 86 0 0 85 2697 335330880
6.2e-09 infty 2.51562 8.14062 2977 12884 13544431 3166 3682 1165685
6.2e-09 19.6406 2.01562 8.14062 37 654 311628882 32 275 10605016
6.2e-09 21.1094 2 8.04688 144 0 346472599 150 776 21569472
6.2e-09 22.6406 2.46875 8.04688 572 2830 280599910 638 0 0
6.2e-09 22.7969 2.3125 8.14062 848 28429 242380981 801 4023 42712744
6.2e-09 22.3125 2.53125 8.14062 568 777 426055 543 3913 364234921
6.2e-09 23.0312 2.53125 8.14062 906 0 0 945 14183 349200792
6.2e-09 20.2188 1.95312 8.14062 42 466 245449488 42 1043 45754720
6.2e-09 22.2344 2.25 8.14062 376 8154 309602456 387 0 0
6.2e-09 20.8281 1.98438 8.23438 83 3694 241325177 95 23 85096706
6.2e-09 infty 1.92188 8.14062 2920 950 37570994 2967 14251 80510495
6.2e-09 20.4062 1.89062 8.14062 53 664 19813949 44 949 264810700
6.2e-09 infty 1.95312 8.14062 2711 0 0 2698 11035 10542015
6.2e-09 23.7812 1.98438 8.23438 1940 0 0 1920 6673 313614801
6.2e-09 22.7969 2.84375 8.14062 733 0 0 735 7635 288058195
6.2e-09 20.5469 1.85938 8.14062 55 1174 133257133 60 761 162001882
6.2e-09 20.0156 2.46875 8.09375 37 136 39931452 35 144 266505917
6.2e-09 21.4844 2.28125 8.14062 155 1485 318088312 139 2052 29902676
6.2e-09 21.0469 2.4375 8.14062 100 439 232902044 92 190 70759467
6.2e-09 21 2.54688 8.14062 92 0 0 95 640 333457496
6.2e-09 23.2344 2.32812 8.14062 1321 7095 330430748 1409 0 0
6.2e-09 19.5625 2.85938 8.14062 18 883 370727698 18 0 0
6.2e-09 21.3125 2.76562 8.375 141 710 13175712 136 1924 338120488
6.2e-09 21.8125 1.89062 8.14062 300 4 302304096 328 3772 52622413
6.2e-09 20.8594 2.29688 8.29688 60 1906 32692103 76 141 281226522
6.2e-09 21.6562 2.46875 8.14062 250 1136 57598973 258 3064 294034694
6.2e-09 19.4219 1.9375 8.14062 10 1106 345958707 18 129 3613555
6.2e-09 20.1875 1.9375 8.14062 33 1270 242728997 45 255 60901667
6.2e-09 21.4688 1.98438 7.90625 182 615 97884836 203 414 259988084
6.2e-09 20.1094 1.90625 8.14062 40 359 1135752 38 1396 351152424
6.2e-09 21.1094 1.96875 8.14062 119 4670 365185024 115 0 0
6.2e-09 20.9688 1.875 8.14062 116 1597 349279754 114 112 826265
6.2e-09 22.1562 2.3125 8.14062 438 9471 354315460 449 163 89167
6.2e-09 infty 1.95312 8.14062 2727 4804 52664290 2762 15168 11444089
6.2e-09 19.9531 2.39062 8.14062 27 72 323182653 22 383 19492190
6.2e-09 21.0625 1.84375 8.01562 98 255 2508513 93 2223 293290556
6.2e-09 19.5469 1.90625 8.14062 10 359 283719703 21 51 2063421
6.2e-09 20.25 1.89062 8.14062 51 473 66828734 67 0 297723586
6.2e-09 23.0781 1.95312 8.14062 883 6303 307535543 837 0 12236119
6.2e-09 infty 2.73438 8.14062 2717 6619 50041075 2734 0 2198950
6.2e-09 21.8125 1.82812 8.39062 222 1667 358354018 246 0 0
6.2e-09 infty 2.42188 8.14062 2635 5283 72168367 2791 50088 150156830
6.2e-09 21.3281 2.26562 8.14062 157 0 2748944 159 0 331881255
6.2e-09 infty 1.9375 8.14062 2729 0 0 2761 0 0
6.2e-09 20.6875 1.92188 8.14062 73 462 3245314 71 790 308839767
6.2e-09 22.6562 1.85938 8.14062 725 6237 367554649 725 0 0
6.2e-09 21.0312 2.48438 8.14062 111 86 27941429 95 3409 281854704
6.2e-09 23.0625 2.26562 8.14062 905 9103 331444766 894 1634 532307
6.2e-09 19.4062 2.78125 8.10938 15 0 0 20 96 359173271
6.2e-09 21.4844 1.82812 8.32812 192 7597 103707659 187 3810 242911467
6.2e-09 21.25 1.92188 8.14062 110 2668 287224853 124 534 271577
6.2e-09 20.7344 1.82812 8.3125 53 48 416892 49 792 291990684
6.2e-09 23.1094 2.42188 8.14062 804 0 0 858 5650 301082060
6.2e-09 21.0781 2.40625 8.14062 91 122 290318787 82 0 0
6.2e-09 20.2656 2.73438 8.14062 49 983 17212973 37 1402 336938077
6.2e-09 24.1875 1.82812 8.39062 2614 5024 279969229 2571 4257 3525048
6.2e-09 19.3906 2.45312 8.375 17 289 287157180 10 232 78566886
6.2e-09 infty 1.9375 8.14062 2795 8050 6678496 2778 0 0
6.2e-09 20.1562 1.90625 8.14062 44 26 316976961 46 105 8832823
6.2e-09 20.75 2.84375 8.14062 92 147 225772273 99 663 146411155
6.2e-09 infty 2.40625 8.14062 2856 13994 140314235 2846 0 0
6.2e-09 20.0156 2.26562 8.14062 27 0 0 28 1223 309250393
6.2e-09 20.0156 2.39062 8.14062 27 10 9158 25 354 302634295
6.2e-09 infty 2.21875 8.14062 3038 14445 29168719 2990 0 0
6.2e-09 21.2812 2.53125 8.14062 150 1597 362407176 176 0 0
6.2e-09 18.5 2.28125 8.14062 5 32 291705857 5 15 1319413
6.2e-09 20.1406 2.32812 8.14062 34 244 23062369 52 172 312048301
6.2e-09 21.0781 2.8125 8.14062 102 1959 225220396 75 0 62932677
6.2e-09 20.0156 1.89062 8.14062 25 761 299583773 26 211 4360013
6.2e-09 22.125 1.85938 8.14062 422 7107 109444657 398 8539 263329134
6.2e-09 22.6719 2.32812 8.14062 763 2220 358649810 754 0 0
6.2e-09 18.5 1.92188 8.14062 7 3 15531 4 82 294303292
6.2e-09 19.4688 1.85938 8.14062 24 717 273998001 20 305 50843602
6.2e-09 20.4844 2.23438 8.14062 51 503 219086927 49 17 111635004
6.2e-09 20.7969 1.82812 8.35938 87 791 347382129 75 321 4205124
6.2e-09 19.4844 2 8.10938 21 343 315925837 20 18 42549
6.2e-09 20.9688 2.78125 8.0625 131 457 2426796 102 0 343611740
6.2e-09 24.0781 2.3125 8 3383 9572 330906328 3377 10016 8648654
6.2e-09 20.5781 1.875 8.14062 69 1017 313443195 84 394 62183515
6.2e-09 19.5781 2.40625 8.14062 21 28 9201079 17 267 354203735
6.2e-09 21.6406 2.73438 8.14062 230 716 281246385 180 3868 73618977
6.2e-09 21.2969 1.9375 8.14062 158 738 215758669 146 74 140169171
6.2e-09 23.2812 2.5625 8.14062 1292 6832 293569705 1173 811 11921351
6.2e-09 infty 1.875 8.14062 3163 0 0 3288 32453 214517022
6.2e-09 20.5625 1.84375 8.09375 61 138 2162571 54 358 286201481
6.2e-09 20.8594 1.84375 8.14062 71 1504 316646587 73 307 663714
6.2e-09 23.1719 2.01562 8.14062 1368 5097 361204352 1298 0 0
6.2e-09 19.7344 2.29688 8.34375 24 0 366527637 21 15 3007
6.2e-09 23.2344 2.35938 8.14062 1341 39790 327312806 1317 1481 3686961
6.2e-09 20.7969 1.95312 8.14062 85 0 100433983 90 2200 252423569
6.2e-09 20.2031 1.89062 8.14062 40 1110 200880907 40 837 93596971
6.2e-09 20.2031 1.84375 8.14062 48 0 0 48 1254 299367958
6.2e-09 23.0469 2.03125 8.14062 1040 10728 270527377 996 4850 66152737
6.2e-09 23.8594 1.95312 8.14062 2086 20165 107821288 2058 9606 161862228
6.2e-09 21.0469 1.84375 8.04688 113 861 93577995 107 2254 214953583
6.2e-09 23.1406 1.90625 8.14062 951 3201 287394062 887 198 45574
6.2e-09 19.5781 1.82812 7.96875 25 354 280951671 30 1173 74834908
6.2e-09 20.0312 2.04688 8.14062 43 0 0 29 0 299497914
6.2e-09 20.1719 1.89062 8.14062 40 831 290465913 49 354 22584851
6.2e-09 21.3125 1.92188 8.14062 166 715 51865002 145 2725 295161915
6.2e-09 21.375 1.98438 8.39062 135 798 213303329 135 2876 102718463
6.2e-09 23.7812 1.9375 8.14062 2078 20562 309911954 2090 0 0
6.2e-09 24.0312 2 8 2556 7105 270493983 2555 0 0
6.2e-09 21.3594 1.84375 8.14062 178 0 64361245 169 1971 254732346
6.2e-09 20.1094 2.26562 8.14062 35 221 124303514 35 0 226555615
6.2e-09 infty 2.4375 8.14062 2642 18284 57904072 2743 22774 17043411
6.2e-09 19.1094 1.84375 8.0625 21 161 330723251 14 0 0
6.2e-09 20.5938 1.82812 7.96875 74 1140 166852337 73 777 198675429
6.2e-09 20.7188 2.35938 8.14062 81 414 14830530 83 223 283686147
6.2e-09 19.4844 1.84375 8.14062 15 420 41128800 21 207 271125689
6.2e-09 22.7812 2.04688 8.14062 707 12124 253104156 716 3106 40249121
6.2e-09 infty 2.23438 8.14062 3075 0 0 2921 2707 6506425
6.2e-09 20.7656 2.84375 8.14062 105 2554 365355895 92 0 0
6.2e-09 23.4844 2.04688 8.14062 1325 8608 279827956 1322 3201 9771989
6.2e-09 19.6094 2.23438 8.14062 22 211 342463450 21 0 0
6.2e-09 21.5781 2.04688 8.14062 187 226 62717 180 3247 299788513
6.2e-09 20.6562 2.01562 8.14062 78 903 94136412 76 620 234311015
6.2e-09 21.4375 2.78125 8.09375 134 1708 234500095 133 1553 50854513
6.2e-09 19.2031 2.04688 8.14062 14 31 45768 16 205 283253082
6.2e-09 20.2812 2.21875 8.14062 57 406 344978918 40 0 0
6.2e-09 21.0312 2.04688 8.14062 95 2452 315776095 94 3 46958
6.2e-09 23.125 2.48438 8.14062 1044 15078 276953468 1005 3370 19566226
6.2e-09 21.0625 2.4375 8.14062 80 111 131718718 79 2327 169243779
6.2e-09 20.7188 1.875 8.14062 79 712 268799995 86 0 25590214
6.2e-09 19.8281 2.78125 7.95312 33 0 0 34 1825 317758591
6.2e-09 22.5625 2.53125 8.14062 539 0 0 571 3235 321357531
6.2e-09 21.5469 2.32812 8.14062 188 1189 10123881 174 2461 304357339
6.2e-09 24.2188 2.42188 8.14062 2709 3034 11009204 2830 11077 257110812
6.2e-09 22.6875 2.82812 8.14062 716 0 0 777 12932 344728980
6.2e-09 21 1.9375 8.14062 78 770 38640901 84 1124 292989301
6.2e-09 21.2031 2.21875 8.14062 111 1913 249471620 125 230 61112428
6.2e-09 23.1562 2.04688 8.14062 966 11679 274252426 1011 2284 5770861
6.2e-09 20.1094 2.35938 8.14062 44 312 1734603 39 847 346820300
6.2e-09 19.5469 2.03125 8.14062 16 62 82116709 16 442 204393735
6.2e-09 19.0625 2.5 8.14062 13 176 240959506 14 266 119384871
6.2e-09 22.3281 2.73438 8.14062 503 3909 132325826 414 2455 222193104
6.2e-09 20.6875 1.875 8.14062 65 117 299640306 92 161 14541654
6.2e-09 20.2344 2.29688 8.34375 43 759 12706999 42 1622 362155759
6.2e-09 22.1875 1.96875 8.21875 343 1923 5561267 334 2256 330933894
6.2e-09 infty 1.85938 8.14062 3256 0 0 3343 0 0
6.2e-09 20.5312 1.98438 7.90625 63 356 293642918 50 863 8298663
6.2e-09 20.2656 2.32812 8.14062 63 979 184876782 48 921 172100023
6.2e-09 infty 2.875 8.14062 2837 0 0 2790 0 0
6.2e-09 21.6562 1.89062 8.14062 229 497 22590458 226 2804 324723956
6.2e-09 infty 2.3125 7.96875 3393 0 0 3396 621 1224283
6.2e-09 22.2812 1.90625 8.14062 374 387 4913665 386 10669 284483063
6.2e-09 22.2031 2.23438 8.14062 375 1218 3238661 359 3216 325412116
6.2e-09 20.7656 2.32812 8.14062 88 867 366025880 129 0 0
6.2e-09 22.9375 2.45312 8.35938 799 0 0 835 9962 301175338
6.2e-09 18.9688 2.85938 8.14062 10 337 240868815 14 326 76609365
6.2e-09 20.9531 2.39062 8.14062 87 0 0 85 1693 358317374
6.2e-09 23.8438 2.29688 8.29688 1931 3979 24370582 1921 23381 254938524
6.2e-09 20.375 2.28125 8.14062 29 108 299422903 42 20 1006618
6.2e-09 24.2188 2.34375 8.14062 3277 0 0 3195 18212 267352074
6.2e-09 21.1094 1.85938 8.14062 144 1297 40601068 124 936 328301507
6.2e-09 23.3281 1.90625 8.14062 1217 8024 19875466 1301 7623 258033159
6.2e-09 19.5625 2.53125 8.14062 23 358 17008862 27 216 355355787
6.2e-09 21.7344 2.23438 8.14062 189 454 292131489 228 628 14152859
6.2e-09 20.6875 1.90625 8.14062 62 14 113 70 2368 314173887
6.2e-09 19.625 2.78125 8.125 15 677 334459057 24 0 0
6.2e-09 20.4219 1.90625 8.14062 44 0 0 49 973 372108871
6.2e-09 23.0156 2.48438 8.14062 1090 0 0 1037 8245 359253067
6.2e-09 20.6875 2.4375 8.14062 58 705 307214276 67 682 9372239
6.2e-09 infty 2 8.03125 3227 0 0 3350 6358 22817338
6.2e-09 24.0312 2.46875 8.03125 2524 1842 8072059 2506 2681 266244891
6.2e-09 23.25 1.875 8.14062 1361 5845 74446259 1416 19403 243796657
6.2e-09 21.5781 2.40625 8.14062 156 623 295800201 147 139 1558505
6.2e-09 22.1406 2.82812 8.14062 433 7213 370002786 422 0 0
6.2e-09 20.7812 2.29688 8.3125 68 394 272920820 87 33 87602096
6.2e-09 20.25 1.89062 8.14062 53 694 14036853 47 105 352589713
6.2e-09 19.9688 1.98438 8.375 27 120 307703831 26 332 22549657
6.2e-09 22.0156 2.875 8.14062 297 4293 39181362 265 4261 300616750
6.2e-09 24.1562 2.51562 8.14062 3166 0 0 3105 2067 299043902
6.2e-09 infty 2.85938 8.14062 2832 0 0 2959 3338 3100560
6.2e-09 23.4062 2.29688 7.89062 1510 1825 330645325 1425 0 0
6.2e-09 infty 2.28125 8.14062 2678 0 0 2712 36492 27095867
6.2e-09 22.0156 2.32812 8.14062 311 5521 334123259 316 277 4429515
6.2e-09 21.5625 2.8125 8.14062 174 899 4378385 192 4008 303944937
6.2e-09 23.8906 2.53125 8.14062 2948 507 344056016 3048 0 0
6.2e-09 20.1406 1.875 8.14062 38 292 316653178 41 397 13910925
6.2e-09 18.9375 2.21875 8.14062 5 119 37470676 13 518 295426868
6.2e-09 19.875 1.84375 8.14062 19 171 2905282 34 327 290931639
6.2e-09 23.7344 1.84375 8.14062 2390 15191 340746549 2503 0 0
6.2e-09 19.9844 2.3125 8.125 37 92 233917829 33 1385 87499147
6.2e-09 22.7031 2.375 8.14062 710 8516 336857374 712 1581 3934689
6.2e-09 21.0312 2.03125 8.14062 93 267 16030621 102 1208 301192678
6.2e-09 20.0781 2.5 8.14062 34 0 0 35 204 368510143
6.2e-09 18.625 2.21875 8.14062 8 31 2499149 7 426 312255695
6.2e-09 22.5469 2.75 8.14062 438 1574 321250361 442 4213 9840240
6.2e-09 23.3125 1.98438 8.29688 1100 9654 252594750 1109 3879 38204496
6.2e-09 22.2031 1.90625 8.14062 429 1556 3041213 385 0 327786545
6.2e-09 19.625 2.53125 8.14062 26 50 167861635 25 333 163041392
6.2e-09 infty 1.95312 8.14062 2810 0 13377159 2739 5002 7684671
6.2e-09 21.2344 1.82812 8.3125 90 251 181903730 96 355 117005832
6.2e-09 19.9844 2.375 8.14062 26 355 325958990 37 0 0
6.2e-09 22.1719 2.46875 7.98438 441 310 85028293 469 2092 257629667
6.2e-09 23.0938 2.3125 8 1057 5422 78010558 1042 13410 233994683
6.2e-09 19.5781 2.79688 8.14062 24 109 114641834 25 136 247912015
6.2e-09 23.2344 2.29688 8.32812 1105 6558 240813095 1142 16783 89731667
6.2e-09 22.8281 1.85938 8.14062 988 2637 2591115 941 5154 361584018
6.2e-09 22.2188 1.84375 8.04688 454 5857 294690131 431 2001 23211737
6.2e-09 19.5469 2.45312 8.21875 11 190 109958743 15 52 174777512
6.2e-09 20.5938 2.48438 8.14062 76 398 359295842 82 645 11434414
6.2e-09 21.7031 2.25 8.14062 207 53 11313 238 7766 320062135
6.2e-09 24.0938 2.54688 8.14062 2897 9466 247259124 2902 12360 83370030
6.2e-09 20.7031 1.82812 7.9375 53 0 0 40 279 308883604
6.2e-09 21.9844 2 8.14062 340 703 5491172 289 2677 352769209
6.2e-09 21.4844 1.89062 8.14062 173 2025 88717340 165 5980 261770260
6.2e-09 22.2656 2.73438 8.14062 375 751 221092355 391 3032 76807014
6.2e-09 infty 2 8.14062 3361 0 0 3304 3907 47311298
6.2e-09 19.625 2.26562 8.14062 20 424 257065509 13 197 73034929
6.2e-09 23.0938 2.51562 8.14062 996 8402 311132410 995 1503 28184
6.2e-09 19.0625 1.84375 8.09375 9 295 360024154 14 3 413746
6.2e-09 21.1875 1.90625 8.14062 116 77 324274717 130 282 171889
6.2e-09 20.1719 2.35938 8.14062 40 1405 310082350 31 40 4550824
6.2e-09 22.6406 1.95312 8.14062 696 0 82173715 631 1959 289228723
6.2e-09 22.125 1.82812 7.96875 351 5064 282255933 334 0 0
6.2e-09 21.6406 2.21875 8.14062 233 2927 210126814 191 2076 150667986
6.2e-09 23.375 1.98438 8.23438 1511 0 0 1511 26345 343707801
6.2e-09 19.6719 1.92188 8.14062 19 131 37596860 21 1093 265949001
6.2e-09 21.2344 1.85938 8.14062 143 1255 251179618 133 848 47319391
6.2e-09 infty 2.45312 8.17188 2588 3441 65347069 2701 0 0
6.2e-09 20.1562 1.84375 8.14062 35 614 101160769 41 945 217294355
6.2e-09 20.1562 1.98438 8.25 36 447 262310175 33 137 57316700
6.2e-09 23.8438 2.26562 8.14062 2126 0 0 2112 10819 277544757
6.2e-09 22.1719 2.03125 8.14062 442 4501 319540748 429 5350 24046984
6.2e-09 23.875 1.82812 8.34375 2004 0 0 1918 12032 269233052
6.2e-09 23.5938 2.48438 8.14062 1806 1249 320376374 1817 0 0
6.2e-09 21.3281 2.76562 8.32812 146 503 168573829 144 1264 173975110
6.2e-09 21.5938 2.54688 8.14062 168 588 287726834 181 466 834445
6.2e-09 19.4375 2.03125 8.14062 21 83 194477294 13 192 147844279
6.2e-09 infty 1.9375 8.14062 2764 0 0 2772 0 0
6.2e-09 infty 2.29688 8.25 2600 2591 31596650 2620 16596 204655811
6.2e-09 infty 2.54688 8.14062 2940 19541 97584330 2865 2259 2867647
6.2e-09 23.2031 2.48438 8.14062 1326 24767 225460756 1417 8569 116533430
6.2e-09 22.4844 1.85938 8.14062 572 3424 10309774 569 522 358451605
6.2e-09 21.6094 1.96875 8.14062 218 1691 345273206 195 2150 29174686
6.2e-09 20.2656 2.5625 8.14062 51 0 0 47 0 357641552
6.2e-09 19.7969 1.98438 7.96875 28 76 333830998 34 203 259485
6.2e-09 infty 1.82812 7.90625 3371 0 0 3407 0 0
6.2e-09 infty 1.98438 7.89062 3433 0 0 3552 1916 11617123
6.2e-09 22.6562 2.76562 8.14062 637 4473 11410054 636 8611 358096857
6.2e-09 20.6719 1.85938 8.14062 65 1974 322304118 76 0 0
6.2e-09 23.9844 2.34375 8.14062 2306 15874 198286054 2436 10175 100144333
6.2e-09 23.9375 1.90625 8.14062 2943 0 0 2967 42750 316347397
6.2e-09 21.6562 1.96875 8.17188 186 2234 59071553 219 12228 283974637
6.2e-09 22.6875 2.75 8.14062 610 9177 315894054 653 6011 27675831
6.2e-09 19.7812 2.875 8.14062 25 184 94623506 30 340 241829857
6.2e-09 infty 2.45312 8.25 2622 0 0 2565 2706 1474318
6.2e-09 20.2344 2.79688 8.14062 59 330 53248953 51 1754 321690510
6.2e-09 22.9844 2.25 8.14062 641 445 281992059 694 0 0
6.2e-09 infty 2.46875 8.125 3413 0 0 3300 0 0
6.2e-09 23.6406 2.84375 8.14062 1643 6969 255309476 1652 0 40361976
6.2e-09 23.7656 2.5625 8.14062 2082 14 20726 2130 5453 319076970
6.2e-09 infty 2.34375 8.14062 3144 3351 5162827 3122 0 0
6.2e-09 20.7188 1.92188 8.14062 79 620 3375117 89 0 295418099
6.2e-09 23.1406 2.32812 8.14062 1020 9558 288489989 1063 0 0
6.2e-09 20.0156 2.48438 8.14062 32 808 24222001 44 597 285739540
6.2e-09 21.7969 1.82812 7.98438 253 3251 9139031 251 2833 361362756
6.2e-09 21.1562 2.03125 8.14062 121 206 198100 131 2606 338888794
6.2e-09 21.2344 2.3125 7.98438 101 869 8462839 135 955 292520769
6.2e-09 19.5156 2.04688 8.14062 20 20 17355317 17 1330 278415400
6.2e-09 21.3594 1.82812 7.96875 125 3096 297690394 126 735 25500148
6.2e-09 20.0156 1.85938 8.14062 32 679 304307384 28 174 4461277
6.2e-09 21.8906 1.98438 7.89062 272 8499 309240183 264 0 0
6.2e-09 19.6094 2.28125 8.14062 24 82 42523158 24 431 294163036
6.2e-09 22.4219 2.29688 7.89062 427 0 0 498 4761 302806734
6.2e-09 infty 2.46875 8.09375 3320 0 0 3290 28055 109567558
6.2e-09 infty 1.90625 8.14062 2929 8982 59076349 2966 0 0
6.2e-09 infty 2.34375 8.14062 3174 8884 27056383 3246 0 0
6.2e-09 20.6875 2.85938 8.14062 65 483 175908436 71 231 136962370
6.2e-09 infty 1.89062 8.14062 3058 11237 15255280 2973 0 0
6.2e-09 21.1875 2.29688 8.25 127 785 29864229 124 1123 289657743
6.2e-09 20.6875 2.01562 8.14062 65 261 264542773 78 385 49904803
6.2e-09 19.9062 2.03125 8.14062 28 598 21731490 34 674 349380525
6.2e-09 19.6562 2.39062 8.14062 17 1636 306601540 15 208 6125734
6.2e-09 19.5 2.23438 8.14062 23 369 188041160 17 320 117961931
6.2e-09 20.5156 2.4375 8.14062 51 24 3738 44 2369 310966374
6.2e-09 20.6875 1.85938 8.14062 68 522 49015188 76 1751 261967578
6.2e-09 24.1094 2.35938 8.14062 3015 0 318374850 3036 0 0
6.2e-09 infty 2.51562 8.14062 3079 0 0 2989 6929 8423042
6.2e-09 22 1.84375 8.01562 294 2881 349082368 343 0 0
6.2e-09 23.6875 2.5625 8.14062 1601 3094 231421810 1560 24922 41156599
6.2e-09 20.125 1.98438 8.26562 33 1054 212259888 43 247 126983411
6.2e-09 19.4844 2.4375 8.14062 17 95 77915265 11 489 233545595
6.2e-09 19.4688 1.90625 8.14062 24 189 27150309 20 470 295977129
6.2e-09 infty 2.40625 8.14062 2872 0 0 2890 4437 87329856
6.2e-09 infty 2 8.14062 3323 0 0 3262 0 0
6.2e-09 21.9688 2.76562 8.35938 337 536 110803948 338 2490 256727997
6.2e-09 infty 1.98438 8.23438 2570 0 0 2590 10548 23698057
6.2e-09 23.5625 2.5625 8.14062 1613 19804 339621975 1669 1694 1581229
6.2e-09 20.3594 1.89062 8.14062 37 440 298786398 35 733 11002271
6.2e-09 21.1094 2.3125 8.14062 145 0 0 124 906 364542487
6.2e-09 22.7031 2.54688 8.14062 681 0 0 694 12079 334280415
6.2e-09 21.1406 1.82812 8.26562 103 2133 12341676 109 1829 334261938
6.2e-09 22.1562 1.96875 8.14062 374 1331 357753558 345 220 11965
6.2e-09 20.4844 2.26562 8.14062 35 0 0 40 801 330584938
6.2e-09 24.0312 1.98438 7.96875 2634 20142 245171370 2557 16493 27782029
6.2e-09 20.375 2.28125 8.14062 34 378 301282399 34 0 0
6.2e-09 20.125 1.95312 8.14062 43 1846 258606868 38 993 77859765
6.2e-09 20.2188 1.875 8.14062 38 0 0 50 863 290534238
6.2e-09 19.625 2.34375 8.14062 17 142 26685895 26 10 303813482
6.2e-09 21.0625 2.03125 8.14062 93 0 0 86 3467 298778239
6.2e-09 21.5781 1.90625 8.14062 195 252 83103 173 1481 300324990
6.2e-09 infty 1.82812 8.28125 3349 9704 106651108 3356 5471 19364655
6.2e-09 24.0938 1.95312 8.14062 2694 9151 231253539 2721 12855 99547994
6.2e-09 23.1562 1.875 8.14062 989 4664 10682866 952 6809 273734176
6.2e-09 19.1406 1.92188 8.14062 7 0 0 11 224 312034754
6.2e-09 infty 2.03125 8.14062 3101 14101 37758074 3046 15982 53544590
6.2e-09 20.3281 2.51562 8.14062 57 680 160507969 53 1225 159493566
6.2e-09 20.8281 2.45312 8.32812 84 553 266872686 88 1420 65056045
6.2e-09 20.5938 2.5625 8.14062 72 330 1679305 68 318 362341429
6.2e-09 19.1094 2.51562 8.14062 12 27 50732134 11 111 282035956
6.2e-09 20.1562 2.35938 8.14062 35 755 225533074 34 1817 95418616
6.2e-09 23.2969 2.03125 8.14062 1300 10663 277818212 1318 3767 15839670
6.2e-09 22.0312 1.95312 8.14062 264 2704 10935081 277 2052 317461444
6.2e-09 19.5625 2.03125 8.14062 26 0 312936644 19 451 50995868
6.2e-09 infty 2.85938 8.14062 2931 0 0 2893 0 0
6.2e-09 20.9844 2.73438 8.14062 67 588 341065896 87 0 0
6.2e-09 22.2031 2.28125 8.14062 343 4177 49498452 356 798 282116214
6.2e-09 20.5469 2.32812 8.14062 55 0 0 61 1730 300960741
6.2e-09 19.9531 2.3125 8 34 30 186758809 28 282 154324559
6.2e-09 20.6719 1.92188 8.14062 73 524 107113448 61 1993 210934603
6.2e-09 21.5781 1.89062 8.14062 170 1979 80856947 179 2614 212643033
6.2e-09 19.1094 1.95312 8.14062 15 79 334876867 11 3 15154
6.2e-09 20.2969 1.82812 8.28125 51 481 169689406 46 628 168531376
6.2e-09 20.4219 2.39062 8.14062 35 230 54852461 49 1485 313635856
6.2e-09 23.25 2.28125 8.15625 1114 17239 315109512 1161 1354 790449
6.2e-09 19.6562 2.42188 8.14062 25 0 0 19 129 314186442
6.2e-09 22.2656 2.76562 8.35938 382 0 0 325 2925 299869959
6.2e-09 23.2812 1.96875 8.14062 1161 15415 303860699 1115 0 0
6.2e-09 21.6562 1.9375 8.14062 224 1505 345033402 197 0 0
6.2e-09 19.75 1.89062 8.14062 25 0 254322242 33 72 100242607
6.2e-09 23.0469 2.82812 8.14062 927 8134 17329004 946 7893 322452641
6.2e-09 21.6562 2.21875 8.14062 238 3441 299344130 208 4815 47606713
6.2e-09 20.9531 1.90625 8.14062 103 1060 359775982 90 0 0
6.2e-09 20.4844 1.95312 8.14062 38 10 583673 52 315 330579385
6.2e-09 infty 2.5625 8.14062 2731 9670 187738939 2840 4778 6626381
6.2e-09 infty 2.3125 8.09375 3345 12860 147574213 3323 0 0
6.2e-09 22.2031 1.85938 8.14062 436 0 309740669 435 466 22225641
6.2e-09 21.7031 2.42188 8.14062 222 981 53314272 221 6449 265429319
6.2e-09 21.9375 1.875 8.14062 231 877 48035396 229 5495 244134012
6.2e-09 24.125 2.5625 8.14062 2808 4326 12396743 2765 5375 298382806
6.2e-09 19.75 2.01562 8.14062 36 344 97595378 36 263 260498711
6.2e-09 20.7188 1.89062 8.14062 59 1281 61308871 65 1330 236045425
6.2e-09 21.1875 1.89062 8.14062 108 1035 287969779 123 2551 30620169
6.2e-09 22.2656 2.85938 8.14062 401 1902 297925813 404 0 0
6.2e-09 22.5469 2.4375 8.14062 438 870 570601 504 29 327768061
6.2e-09 22.2031 1.875 8.14062 440 4047 329826756 419 0 0
6.2e-09 24.0469 1.90625 8.14062 2221 0 0 2150 8828 266441609
6.2e-09 21.0312 1.89062 8.14062 85 518 37194173 102 1932 276571448
6.2e-09 22.4688 2.40625 8.14062 402 1049 14419922 359 4457 269651158
6.2e-09 infty 2.375 8.14062 3081 0 0 3071 3868 2462045
6.2e-09 19.5625 1.95312 8.14062 15 311 342742782 23 106 22473011
6.2e-09 23.8125 2.23438 8.14062 2174 0 0 2110 33226 296040382
6.2e-09 21.0469 2.84375 8.14062 92 1757 301761006 97 0 0
6.2e-09 23.1094 2.39062 8.14062 895 2172 292105036 915 852 12821941
6.2e-09 18.625 2.54688 8.14062 7 0 0 12 0 317518867
6.2e-09 18.7969 1.82812 7.9375 10 103 41657075 6 0 274485015
6.2e-09 22.5938 2.28125 8.14062 465 10070 256660832 483 2259 46121801
6.2e-09 19.0781 2.23438 8.14062 8 161 251259645 15 617 98348200
6.2e-09 19.5781 1.90625 8.14062 29 476 89761883 15 133 264732908
6.2e-09 20.1094 1.98438 8.35938 34 1110 350014406 37 16 52899
6.2e-09 21.3281 2.5 8.14062 168 3612 335850637 190 294 70651
6.2e-09 20.0469 1.85938 8.14062 33 0 0 36 808 291848694
6.2e-09 infty 2.28125 8.14062 2631 1756 2147183 2634 17151 43264631
6.2e-09 19.3125 2.3125 7.95312 15 122 125892 13 205 311636067
6.2e-09 20.4844 2.53125 8.14062 50 420 166106385 51 0 165332185
6.2e-09 19.5469 2.375 8.14062 15 748 284355170 22 196 297687
6.2e-09 19.3594 1.82812 8.375 13 320 67544596 14 33 225164098
6.2e-09 20.25 1.84375 8.07812 55 537 262581843 55 148 101028124
6.2e-09 21.1719 2.85938 8.14062 125 788 324934792 138 334 3178477
6.2e-09 20.1875 1.85938 8.14062 37 237 88277546 49 508 214807338
6.2e-09 22.3906 2.03125 8.14062 443 6667 43040453 428 7769 281607459
6.2e-09 23.3281 1.85938 8.14062 1384 22363 277114655 1369 0 0
6.2e-09 21.3281 2.46875 8.125 189 273 128007771 180 4456 207792997
6.2e-09 20.6562 1.9375 8.14062 76 0 0 63 332 329808723
6.2e-09 20.3438 1.82812 8.26562 43 1978 318102375 40 0 0
6.2e-09 20.5156 1.89062 8.14062 50 113 4428096 63 1052 305791932
6.2e-09 infty 2.51562 8.14062 3112 0 0 3170 5290 642071
6.2e-09 19.4688 1.95312 8.14062 17 602 324872201 27 251 1447438
6.2e-09 20.5781 2.4375 8.14062 49 611 285673290 54 55 272113
6.2e-09 20.1094 1.9375 8.14062 39 554 344717267 35 189 4921456
6.2e-09 20.0938 2.42188 8.14062 31 1068 204218540 35 95 156149185
6.2e-09 22.1406 2.34375 8.14062 409 0 0 449 5168 367453140
6.2e-09 19.4375 2.45312 8.375 18 422 136322684 14 446 203593293
6.2e-09 22.3594 1.875 8.14062 543 8449 268720316 542 2605 66278918
6.2e-09 infty 2.875 8.14062 2784 1565 2922359 2824 0 0
6.2e-09 19.7188 2.04688 8.14062 33 101 350195431 30 6 25530142
6.2e-09 19.5781 1.96875 8.14062 19 576 310584790 21 368 43619759
6.2e-09 22.3438 2.42188 8.14062 509 2314 131510063 444 2865 211324161
6.2e-09 infty 1.84375 8.14062 3391 0 0 3321 11034 196281834
6.2e-09 20.125 1.95312 8.14062 41 121 112405664 43 0 225222431
6.2e-09 22.2031 1.92188 8.14062 395 6053 134634062 397 4245 193207062
6.2e-09 23.0469 2.5 8.14062 1024 9270 204477294 1031 10901 132360496
6.2e-09 21.6562 2.39062 8.14062 224 5225 335685315 202 1649 9995084
6.2e-09 20.5625 1.95312 8.14062 45 202 281249546 45 208 7413766
6.2e-09 19.9375 1.89062 8.14062 34 1093 350249435 34 0 0
6.2e-09 20.6719 1.96875 8.14062 49 0 0 52 712 318688852
6.2e-09 21.625 1.82812 8.26562 186 5345 71516599 188 887 298736705
6.2e-09 infty 2.82812 8.14062 3102 25029 128011527 3157 85 10558708
6.2e-09 23.125 2.53125 8.14062 971 3534 295799031 1004 2716 744380
6.2e-09 infty 1.84375 8.0625 3310 0 0 3263 0 0
6.2e-09 21.9531 2.46875 7.95312 248 2075 221504446 250 365 62063546
6.2e-09 23.75 1.90625 8.14062 2168 33060 331764190 2230 0 0
6.2e-09 20.0156 2.3125 8.125 39 999 261718916 28 353 43789017
6.2e-09 23.0938 2.82812 8.14062 975 20393 315606991 986 0 0
6.2e-09 22.0938 1.90625 8.14062 315 1047 255728365 305 5068 39466157
6.2e-09 23.4062 1.95312 8.14062 1556 4995 242905605 1591 3263 82833554
6.2e-09 20.2812 1.84375 8 50 473 333601596 37 1031 19745882
6.2e-09 22.5625 2.28125 8.17188 430 3628 324709515 475 0 0
6.2e-09 19.5938 2.48438 8.14062 13 380 321722856 23 375 27141921
6.2e-09 infty 2.42188 8.14062 2733 0 0 2691 29234 153083397
6.2e-09 20.1562 2.45312 8.26562 39 1400 322975123 41 0 0
6.2e-09 20.8125 1.96875 8.21875 80 1479 283727805 66 3884 54312311
6.2e-09 19.0156 1.85938 8.14062 8 376 227657614 13 40 63067117
6.2e-09 infty 1.92188 8.14062 2981 0 0 2916 0 0
6.2e-09 infty 2.03125 8.14062 3267 0 0 3162 11647 78012353
6.2e-09 21.0938 2.39062 8.14062 95 539 32931430 87 0 252859327
6.2e-09 21.7344 2.29688 8.25 212 829 135199152 179 1265 170035045
6.2e-09 22.6719 1.875 8.14062 737 1749 336725902 773 4453 21299991
6.2e-09 21.2656 2.29688 7.9375 110 896 124498316 110 1856 159746867
6.2e-09 22.5625 2.23438 8.14062 531 324 279149928 520 2620 43865576
6.2e-09 20.7031 2.48438 8.14062 65 457 39457215 79 0 266954493
6.2e-09 19.1719 1.9375 8.14062 7 20 119618846 8 0 177039717
6.2e-09 19.75 2.32812 8.14062 35 230 9353451 39 672 346896638
6.2e-09 20.0469 2.875 8.14062 28 84 58714847 19 838 230638409
6.2e-09 infty 2.35938 8.14062 3041 0 0 3098 4347 52122440
6.2e-09 21.7344 1.875 8.14062 219 1332 223556987 239 0 78291821
6.2e-09 20.5625 1.85938 8.14062 52 616 220809057 50 311 70605482
6.2e-09 22.8125 1.85938 8.14062 787 13243 183153270 777 1425 96324673
6.2e-09 infty 2.32812 8.14062 3233 0 0 3329 1242 182111861
6.2e-09 infty 1.96875 8.14062 2597 12483 51067579 2590 6885 8115066
6.2e-09 24 1.96875 8.14062 2030 10912 289782920 1992 0 0
6.2e-09 20.6406 1.875 8.14062 63 569 8742763 70 693 330661664
6.2e-09 infty 2.01562 8.14062 3163 687 64462689 3320 6603 111853094
6.2e-09 22.0781 1.84375 8.14062 341 1702 276272814 353 908 28890157
6.2e-09 22.5781 1.82812 7.95312 666 3006 45160846 638 14392 263590731
6.2e-09 19.2344 2.29688 8.1875 12 0 0 15 74 360478254
6.2e-09 22.6094 1.875 8.14062 553 2670 288366805 574 292 9995071
6.2e-09 infty 2.375 8.14062 2873 13242 10589592 3122 7297 3683543
6.2e-09 23.125 2.46875 8.07812 1016 5151 17939914 985 9702 281722290
6.2e-09 20.3438 1.85938 8.14062 55 495 316702770 52 77 1363353
6.2e-09 20.6406 1.85938 8.14062 92 1929 248699075 91 713 92838263
6.2e-09 22.9844 1.9375 8.14062 656 5160 282420241 678 0 0
6.2e-09 20.4531 2.39062 8.14062 49 319 3445354 45 412 349726198
6.2e-09 22.3125 2.45312 8.21875 427 0 0 466 2268 365602148
6.2e-09 20.2812 2.25 8.14062 47 1077 91303292 45 151 255986797
6.2e-09 22.6875 1.95312 8.14062 669 959 780671 618 0 347481650
6.2e-09 22.2031 2.23438 8.14062 381 1318 210920773 380 4839 114445165
6.2e-09 20.7812 1.85938 8.14062 97 958 277058910 99 1315 78416265
6.2e-09 19.9844 1.96875 8.17188 26 358 176237716 33 405 149427702
6.2e-09 21.8906 2.45312 8.32812 242 2856 25173755 245 80 286665234
6.2e-09 20.9688 2.54688 8.14062 93 399 829499 73 0 348852636
6.2e-09 22.0781 1.84375 8.10938 353 1649 307088761 330 0 0
6.2e-09 20.7031 1.90625 8.14062 64 1035 46795830 71 1831 257212962
6.2e-09 23.1875 2.73438 8.14062 1162 1976 354985189 1156 0 0
6.2e-09 20.2031 1.84375 8.14062 50 26 34044334 41 2566 264414697
6.2e-09 22.875 2.29688 7.9375 793 6114 93937799 786 6859 242761627
6.2e-09 infty 2.5625 8.14062 2859 0 0 2798 3367 9615820
6.2e-09 23.7031 1.90625 8.14062 2129 18142 295501492 2193 4628 59208976
6.2e-09 23.7344 1.82812 8.32812 1935 5163 24427189 1901 37990 316400780
6.2e-09 20.1719 2.25 8.14062 28 1313 316931881 29 0 0
6.2e-09 23.2031 1.90625 8.14062 1146 9618 274260816 1255 6840 73027774
6.2e-09 20.1562 2.375 8.14062 35 661 1837680 24 134 323248790
6.2e-09 19.6562 2.53125 8.14062 18 188 61193528 26 235 255455182
6.2e-09 22.6094 1.92188 8.14062 504 2677 193994775 562 5689 103414021
6.2e-09 21.0625 1.90625 8.14062 97 218 58677329 92 3448 235340375
6.2e-09 20.4375 2.42188 8.14062 51 841 124473946 53 93 234994314
6.2e-09 19.5469 2 8.125 14 0 48127934 24 512 236138835
6.2e-09 19.8906 1.89062 8.14062 11 317 63864129 31 184 221428349
6.2e-09 20.875 2.3125 7.98438 86 66 26078001 75 1405 276828956
6.2e-09 22.6406 2.82812 8.14062 728 6132 10329308 714 22403 361050786
6.2e-09 21.8125 1.84375 8.07812 344 2123 353748591 327 0 0
6.2e-09 19.9844 1.85938 8.14062 28 1307 320570630 30 35 3501901
6.2e-09 19.5469 2.26562 8.14062 12 73 264359511 14 69 20909672
6.2e-09 22.5156 2.5625 8.14062 531 2162 81994489 507 678 265504981
6.2e-09 22.9688 2.875 8.14062 660 492 289926503 726 0 0
6.2e-09 21.0625 1.9375 8.14062 82 1449 34923673 78 352 260808045
6.2e-09 21.2656 2.28125 8.14062 143 473 375009507 143 0 0
6.2e-09 infty 1.85938 8.14062 3215 3815 35223963 3207 0 0
6.2e-09 20.3281 2.42188 8.14062 46 0 0 48 0 318836464
6.2e-09 20.9844 2.82812 8.14062 71 0 0 98 2938 341667040
6.2e-09 20.5312 1.90625 8.14062 56 82 344763 40 269 305177082
6.2e-09 22.5938 2.26562 8.14062 513 0 0 458 8247 301053867
6.2e-09 20.7344 2.85938 8.14062 72 230 238120461 77 454 49973136
6.2e-09 18.4375 2.46875 7.96875 3 17 322343292 7 0 52097
6.2e-09 21.2344 1.98438 7.89062 117 5110 294022006 123 77 5791585
6.2e-09 19.3125 2.29688 7.90625 11 210 311969785 15 105 369206
6.2e-09 21.0469 2.48438 8.14062 105 1551 67938481 106 2890 238273065
6.2e-09 20.6562 1.96875 8.21875 64 553 328891224 58 23 804
6.2e-09 infty 1.875 8.14062 3127 13106 41213673 3149 0 0
6.2e-09 22.2188 2.53125 8.14062 382 912 314628166 363 127 2067716
6.2e-09 20.2344 2.45312 8.20312 55 2692 333415941 38 634 41856692
6.2e-09 22.5625 2.32812 8.14062 551 11880 309682625 568 3341 13643567
6.2e-09 20.6875 2.26562 8.14062 56 1284 158819273 62 0 156912484
6.2e-09 20.625 1.95312 8.14062 66 0 0 54 1736 350349693
6.2e-09 21.125 2.32812 8.14062 118 0 325586248 145 597 29626892
6.2e-09 infty 2.26562 8.14062 2786 22367 227757170 2801 2493 2369869
6.2e-09 21.2031 1.85938 8.14062 131 406 386362 115 4182 314032878
6.2e-09 20.75 2.53125 8.14062 89 921 372459475 112 368 3009902
6.2e-09 infty 1.84375 8.14062 3300 8625 31357140 3303 15484 44423374
6.2e-09 22.2031 2.82812 8.14062 372 5212 31826290 411 9854 298169393
6.2e-09 20.0625 2 8.01562 28 81 1582798 28 419 282542799
6.2e-09 20.5938 2.73438 8.14062 67 2110 72385114 82 1584 298211097
6.2e-09 22.1719 2.82812 8.14062 421 1887 63868528 434 699 282116800
6.2e-09 23.2969 1.96875 8.15625 1133 8983 182528000 1163 9565 113493256
6.2e-09 19.6719 2.375 8.14062 12 228 257220045 25 124 46254499
6.2e-09 24.0156 2.48438 8.14062 2490 8561 41596516 2430 6022 241744024
6.2e-09 19.1406 1.92188 8.14062 20 82 2864515 12 244 308355876
6.2e-09 22.6094 2.01562 8.14062 547 6844 185740634 619 2067 112595451
6.2e-09 23.2188 2.25 8.14062 1165 6885 145934347 1198 4493 191782640
6.2e-09 19.5781 2.84375 8.14062 19 1431 358831560 24 64 61690
6.2e-09 22.1719 2.40625 8.14062 363 6 188668914 402 2164 161396797
6.2e-09 22.6094 1.85938 8.14062 553 380 709372 530 162 294845949
6.2e-09 20.5312 1.90625 8.14062 49 1205 303506785 44 841 5885620
6.2e-09 20.3281 2.73438 8.14062 56 1928 302350148 41 852 17012464
6.2e-09 23.1875 1.89062 8.14062 1330 2931 313622537 1284 6191 44240421
6.2e-09 20.7188 2.32812 8.14062 100 1277 272209969 83 48 22959196
6.2e-09 22.0938 1.84375 8.10938 328 0 0 363 1512 296036009
6.2e-09 infty 2.73438 8.14062 2755 0 0 2864 8055 63968086
6.2e-09 21.5156 1.82812 7.95312 189 2163 43838518 183 2099 289230596
6.2e-09 20.125 2.21875 8.14062 42 628 90119651 37 555 251941680
6.2e-09 22.6875 2.78125 8.125 825 7353 86200719 765 14584 256289725
6.2e-09 20.5469 2.23438 8.14062 54 637 2509005 52 1734 296948265
6.2e-09 21.0781 2.25 8.14062 94 0 0 67 139 288639026
6.2e-09 19.5469 2.01562 8.14062 20 57 2460134 24 130 371361967
6.2e-09 20.2969 1.85938 8.14062 49 1028 188603653 45 1192 149904541
6.2e-09 22.6406 2.03125 8.14062 561 0 0 553 2688 283159702
6.2e-09 20.1562 2.23438 8.14062 42 640 53348505 48 228 270363907
6.2e-09 infty 1.96875 8.14062 2764 1069 123886095 2658 5790 20349913
6.2e-09 20 1.85938 8.14062 31 370 98715149 26 466 212839554
6.2e-09 20.0781 2.53125 8.14062 41 61 870936 44 323 368974106
6.2e-09 23.125 2.04688 8.14062 1000 13145 291796433 980 2245 4669102
