10.7305 2.34375 0 0.000600207 15722037
10.543 2.35547 0 0.000638277 15360428
10.6055 2.37891 0 0.000563397 14645463
10.6172 2.29688 0 0.000747146 17131199
10.75 2.26172 0 0.000597679 18417556
10.7969 2.33594 0 0.000525476 15862089
10.6797 2.33984 0 0.000666494 15736456
10.6719 2.32812 0 0.000690757 16202769
10.625 2.42578 0 0.000554486 13351660
10.7578 2.26953 0 0.000583927 18131755
10.8398 2.29688 0 0.000491234 17188216
10.5078 2.39062 0 0.000678382 14276913
10.5703 2.375 0 0.000600137 14675956
10.5898 2.46484 0 0.000586763 12377803
10.5703 2.45703 0 0.000611671 12517056
10.8516 2.34375 0 0.000502606 15669833
10.6719 2.33594 0 0.000679504 15911910
10.7695 2.26172 0 0.000575162 18483075
10.8438 2.32031 0 0.000490502 16419944
10.5 2.36719 0 0.000681549 14979482
10.75 2.25 0 0.000574288 18841409
10.6758 2.3125 0 0.000668585 16602399
10.6758 2.41016 0 0.000490641 13747718
10.7266 2.30469 0 0.000620963 16865896
10.5742 2.39453 0 0.000598827 14166450
10.7852 2.34766 0 0.000557506 15518656
10.5664 2.39453 0 0.000617626 14166199
10.5781 2.39062 0 0.000613737 14276599
10.5742 2.39453 0 0.000588217 14127556
10.75 2.30859 0 0.000596913 16778203
10.707 2.32422 0 0.000637189 16268258
10.7344 2.34375 0 0.000609291 15625861
10.7305 2.31641 0 0.000610487 16504420
10.7891 2.34375 0 0.000547848 15678402
10.6758 2.28516 0 0.000676006 17585396
10.7422 2.32031 0 0.000596234 16351655
10.7656 2.30469 0 0.000581503 16939971
10.625 2.37109 0 0.000552289 14830072
10.7852 2.34766 0 0.00055404 15574839
10.5273 2.42969 0 0.000665483 13223464
10.7188 2.30859 0 0.000604174 16769105
10.7148 2.27344 0 0.000630584 18045991
10.7188 2.32422 0 0.000611716 16235859
10.5547 2.375 0 0.000627867 14724698
10.6094 2.40234 0 0.000569697 13970821
10.5938 2.39453 0 0.0005855 14167939
10.5898 2.35938 0 0.000594836 15247258
10.7305 2.25 0 0.000605591 18835670
10.6953 2.34766 0 0.000636023 15545938
10.7812 2.32812 0 0.000556562 16181300
10.543 2.35156 0 0.000650336 15374058
10.6914 2.39453 0 0.000479367 14168792
10.5781 2.375 0 0.000600455 14697730
10.4648 2.35547 0 0.00074192 15357389
10.7656 2.34766 0 0.000573414 15573494
10.7305 2.21875 0 0.00061002 20032202
10.7148 2.32031 0 0.000634961 16467563
10.8047 2.30469 0 0.000514302 16877984
10.5625 2.43359 0 0.000624655 13106836
10.5508 2.35156 0 0.000631099 15410438
10.7734 2.29297 0 0.000568651 17344324
10.5625 2.41016 0 0.000631286 13706387
10.5664 2.36328 0 0.000605576 15063287
10.75 2.31641 0 0.000575946 16544108
10.7617 2.30078 0 0.0005832 17099544
10.8164 2.3125 0 0.00052373 16644495
10.7109 2.34375 0 0.000631476 15622500
10.582 2.39453 0 0.000602631 14136850
10.7344 2.34766 0 0.000599083 15506654
10.6641 2.42578 0 0.000516334 13281318
10.793 2.34766 0 0.000550952 15490823
10.6992 2.40234 0 0.000488928 13985874
10.8594 2.19141 0 0.000634914 21122780
10.6367 2.42578 0 0.000545108 13343855
10.5391 2.37891 0 0.000638089 14658174
10.6641 2.38672 0 0.000503535 14426752
11.0117 2.26953 0 0.000482051 18095394
10.6719 2.40234 0 0.000509392 13960658
10.582 2.39844 0 0.000603472 14107703
10.6562 2.35938 0 0.000534193 15208947
10.6133 2.36328 0 0.000558696 15097073
10.7031 2.26172 0 0.000628559 18386314
10.6953 2.25 0 0.000645913 18913048
10.7656 2.31641 0 0.000559851 16502641
10.7812 2.34375 0 0.000556 15642238
10.5586 2.36719 0 0.000597985 14956272
10.7422 2.34375 0 0.000616851 15689961
10.6523 2.41016 0 0.00051667 13707317
10.4844 2.37891 0 0.000728326 14659409
10.707 2.30469 0 0.000636288 16957310
10.7344 2.34766 0 0.000614781 15495665
10.582 2.35938 0 0.000604416 15156297
10.5273 2.35547 0 0.000648894 15349411
10.75 2.3125 0 0.000580663 16629481
10.6133 2.37891 0 0.000559878 14649939
10.6602 2.33984 0 0.000692901 15824411
10.7227 2.39844 0 0.000475241 14097115
10.6133 2.35938 0 0.000563624 15196753
10.5391 2.42578 0 0.000645342 13344052
10.6367 2.27344 0 0.000727598 18003163
10.7422 2.41016 0 0.00043731 13696660
10.5742 2.35938 0 0.00061107 15211188
10.5664 2.39453 0 0.000612065 14194571
10.7344 2.33203 0 0.000625823 16037744
10.6094 2.35938 0 0.000558805 15139100
10.5156 2.37109 0 0.000685587 14857390
10.8086 2.30859 0 0.000533928 16788557
10.7422 2.32812 0 0.000594844 16150753
10.5664 2.41016 0 0.000621599 13724582
10.7344 2.24219 0 0.000602712 19160321
10.707 2.31641 0 0.000623908 16583449
10.6992 2.30469 0 0.000627485 16981287
10.7539 2.34375 0 0.000588278 15613939
10.7305 2.28125 0 0.000605111 17714994
10.6992 2.29688 0 0.000637097 17196633
10.5586 2.35938 0 0.000606796 15186471
10.7539 2.30078 0 0.00057809 17035417
10.7734 2.29688 0 0.00057445 17170248
10.707 2.30859 0 0.000634631 16837181
10.6367 2.28125 0 0.000731941 17788266
10.4688 2.36719 0 0.000726211 14943604
10.668 2.31641 0 0.000674117 16520874
10.7305 2.28906 0 0.000605971 17425860
10.7812 2.30469 0 0.00056614 16873798
10.9805 2.24219 0 0.000515563 19155834
10.7461 2.34375 0 0.000580184 15715060
10.5859 2.39062 0 0.000591467 14321191
10.4531 2.33203 0 0.000752627 16023321
10.7695 2.34375 0 0.000565237 15669103
10.4961 2.39062 0 0.00069768 14245419
10.6211 2.35938 0 0.000562376 15220139
10.6445 2.32812 0 0.00071466 16109484
10.7109 2.32031 0 0.000645491 16424168
10.5195 2.41406 0 0.000665712 13619886
10.6562 2.37109 0 0.000521468 14808831
10.7148 2.3125 0 0.000620744 16625013
10.4531 2.37109 0 0.000751068 14875174
10.7383 2.28906 0 0.000583608 17479962
10.5312 2.39062 0 0.00065541 14324236
10.7773 2.28516 0 0.000566161 17597925
10.7891 2.32031 0 0.000545164 16362508
10.6914 2.30859 0 0.000627659 16798840
10.5977 2.36719 0 0.000589266 15002840
10.7227 2.30469 0 0.000615845 16879490
10.582 2.39844 0 0.000590716 14057815
10.6562 2.36719 0 0.00051596 14957211
10.6211 2.38672 0 0.000558698 14364935
10.6953 2.31641 0 0.000637657 16595800
10.6484 2.31641 0 0.000710459 16509852
10.75 2.30859 0 0.000586262 16740355
10.6094 2.40234 0 0.000572495 13923863
10.8125 2.34766 0 0.000526901 15596202
10.5039 2.35156 0 0.000681708 15390179
10.5273 2.35156 0 0.000653163 15370988
10.375 2.45312 0 0.000646075 12630086
10.6016 2.39844 0 0.000572383 14050485
10.5078 2.39062 0 0.000669467 14330422
10.8516 2.33203 0 0.00048742 16018865
10.6016 2.38281 0 0.000554974 14508679
10.7734 2.34766 0 0.000560589 15496268
10.7695 2.32031 0 0.000570974 16430676
10.6016 2.39844 0 0.000570737 14085946
10.5352 2.42188 0 0.000659925 13435548
10.8164 2.29688 0 0.000515603 17164656
10.7422 2.26562 0 0.000601558 18308139
10.5469 2.35547 0 0.000636151 15339897
10.6445 2.33203 0 0.000713554 16057424
10.5078 2.36719 0 0.000687754 15005586
10.8398 2.32422 0 0.000506809 16321863
10.5625 2.36719 0 0.000603187 14941398
10.7031 2.28125 0 0.000650435 17716484
11.0625 2.29688 0 0.000468758 17242566
10.5 2.39062 0 0.000695334 14299169
10.7344 2.29297 0 0.000613066 17383067
10.6367 2.35938 0 0.000549 15197767
10.6562 2.40234 0 0.00052054 13909765
10.7422 2.31641 0 0.000584416 16497229
10.543 2.36719 0 0.000625018 14927733
10.7188 2.33594 0 0.000635932 15859211
10.7617 2.34375 0 0.000571579 15635756
10.7539 2.29688 0 0.000574839 17218315
10.5781 2.44922 0 0.000610812 12754966
10.5391 2.34766 0 0.000632165 15491053
10.707 2.26172 0 0.000638035 18418149
10.6367 2.39062 0 0.00054946 14223009
10.7695 2.30078 0 0.000567804 17013701
10.707 2.3125 0 0.000629812 16666895
10.5312 2.34766 0 0.00063696 15519409
10.5352 2.39453 0 0.000644334 14223075
10.8086 2.33594 0 0.000539789 15932710
10.6914 2.32031 0 0.000643232 16360318
10.6367 2.375 0 0.000544109 14786846
10.4844 2.35547 0 0.000695418 15303350
10.7305 2.26953 0 0.000617937 18114955
10.6172 2.43359 0 0.000562042 13120986
10.8242 2.31641 0 0.000518234 16590381
10.6211 2.36328 0 0.000550653 15015152
10.832 2.28906 0 0.00050488 17491143
10.4844 2.35156 0 0.0007103 15392596
10.668 2.30859 0 0.00066737 16745653
10.5352 2.39453 0 0.000657748 14137104
10.7461 2.29688 0 0.000593243 17139613
10.9336 2.21484 0 0.00056661 20170674
10.4766 2.36328 0 0.000722118 15026937
10.5625 2.41016 0 0.000625653 13784613
10.5586 2.39453 0 0.00062289 14215547
10.6094 2.41406 0 0.000561904 13612764
10.6836 2.29297 0 0.000669313 17298247
10.7656 2.34766 0 0.000573315 15543423
10.5547 2.37891 0 0.000627746 14623941
10.4648 2.38672 0 0.000721603 14331175
10.6992 2.30078 0 0.000632774 17085840
10.5977 2.36719 0 0.000580219 14979233
10.582 2.375 0 0.00058464 14681858
10.8242 2.32031 0 0.000500148 16401213
10.5938 2.41406 0 0.000589414 13620226
10.4609 2.33984 0 0.000738176 15749231
10.6914 2.33984 0 0.000637604 15735572
10.4648 2.35547 0 0.000728469 15261366
10.7695 2.34375 0 0.000567617 15607310
10.8047 2.28516 0 0.000536449 17578765
10.8008 2.32422 0 0.000539894 16321972
10.7109 2.33984 0 0.000643479 15849653
10.5469 2.41797 0 0.000645605 13500121
10.5898 2.37109 0 0.000585585 14806857
10.8242 2.32031 0 0.000499175 16461373
10.6445 2.40234 0 0.000542131 13922587
10.5508 2.35938 0 0.000636337 15222176
10.543 2.35547 0 0.000627869 15331404
10.75 2.30469 0 0.000582582 16955759
10.707 2.28906 0 0.000639801 17409424
10.7422 2.24219 0 0.000592877 19140054
10.5859 2.41406 0 0.000583786 13681423
10.5234 2.40625 0 0.000671308 13883158
10.7266 2.33203 0 0.000614718 16023410
10.5156 2.39062 0 0.00066012 14218791
10.6562 2.32812 0 0.000708062 16135238
10.5117 2.37109 0 0.000675331 14887052
10.8047 2.34766 0 0.000531745 15602626
10.3711 2.46094 0 0.000642039 12472531
10.7188 2.30078 0 0.000626121 17002160
10.6992 2.34766 0 0.000633207 15570786
10.6992 2.33984 0 0.000637061 15845750
10.8398 2.32812 0 0.000481884 16112165
10.2891 2.40234 0 0.000753708 14002417
10.6289 2.41406 0 0.000550006 13606120
10.6445 2.29688 0 0.00068968 17190923
10.543 2.41016 0 0.000633856 13755917
10.5938 2.38281 0 0.000565119 14503270
10.625 2.38281 0 0.00055101 14518823
10.6289 2.35156 0 0.000545394 15392775
10.7578 2.30469 0 0.00057917 16860814
10.582 2.44531 0 0.000599841 12765705
10.7812 2.29688 0 0.000558576 17125986
10.6797 2.375 0 0.000524081 14734662
10.6992 2.28906 0 0.000643722 17451697
10.5898 2.42578 0 0.000587642 13309392
10.6641 2.35938 0 0.00050449 15240394
10.6133 2.39844 0 0.000558757 14095859
10.5664 2.38672 0 0.000629024 14376101
10.4961 2.41016 0 0.000693749 13699256
10.6914 2.37109 0 0.000483842 14895348
10.8164 2.30469 0 0.000522706 16962158
10.7539 2.29688 0 0.000567791 17174720
10.6016 2.35938 0 0.000575106 15211157
10.6172 2.32812 0 0.000755208 16173312
10.5977 2.42188 0 0.000582215 13471202
10.7852 2.30859 0 0.000552866 16801900
10.7852 2.30469 0 0.000551077 16884994
10.7773 2.33203 0 0.000551988 16024125
10.5547 2.37891 0 0.000621265 14573880
10.7578 2.32031 0 0.000582465 16456155
10.6797 2.31641 0 0.000660064 16499752
10.8164 2.28125 0 0.000528845 17693831
10.7891 2.30078 0 0.000557163 17115535
10.7422 2.34766 0 0.000590336 15526475
10.5547 2.41016 0 0.000616712 13743861
10.6641 2.33594 0 0.000686117 15951958
10.75 2.33594 0 0.000589589 15937782
10.6133 2.42188 0 0.000558747 13406165
10.7461 2.25391 0 0.000572764 18732552
10.5898 2.36328 0 0.000584671 15120897
10.6094 2.35156 0 0.000563902 15470798
10.5352 2.38672 0 0.000646966 14409702
10.625 2.35938 0 0.000536394 15147305
10.5078 2.37891 0 0.000679772 14620797
10.75 2.29297 0 0.000581031 17372509
10.9727 2.25391 0 0.000525824 18699052
11.0117 2.24219 0 0.000508841 19124057
10.5664 2.42578 0 0.000615458 13316288
10.8281 2.28125 0 0.000508764 17782434
10.6875 2.26562 0 0.000658346 18320564
10.6094 2.44531 0 0.000568465 12803041
10.6172 2.37109 0 0.000552917 14899470
10.7773 2.33203 0 0.000573583 16008929
10.6094 2.45312 0 0.000561896 12660982
10.7383 2.32422 0 0.000596465 16340357
10.7969 2.34375 0 0.000536318 15625648
10.3633 2.45312 0 0.000655955 12567648
10.7031 2.32812 0 0.00062881 16169527
10.8242 2.3125 0 0.00050628 16619356
10.7539 2.27734 0 0.000578588 17857249
10.5664 2.38281 0 0.000613524 14553032
10.5547 2.36328 0 0.000597309 15045083
10.5977 2.32031 0 0.000766103 16451101
10.6016 2.36328 0 0.000578711 15119187
10.5781 2.35547 0 0.000606377 15287648
10.6445 2.38281 0 0.000526147 14511675
10.7969 2.32031 0 0.000541646 16458770
10.5312 2.35156 0 0.000646139 15386044
10.6992 2.32812 0 0.000646949 16217995
10.7773 2.30859 0 0.000546199 16763650
10.5781 2.37109 0 0.000601475 14810238
10.75 2.33984 0 0.000586668 15755781
10.9375 2.37891 0 0.000429243 14627096
10.5859 2.39062 0 0.000595318 14302700
10.7852 2.31641 0 0.000548003 16604832
10.5508 2.39453 0 0.000645707 14118125
10.7148 2.26172 0 0.000622871 18442069
10.7266 2.34766 0 0.000607855 15515424
10.7578 2.27344 0 0.000569059 17978007
10.5352 2.36328 0 0.000628501 15053588
10.8047 2.28125 0 0.000531802 17767618
10.7812 2.32031 0 0.000553634 16413228
10.7656 2.26172 0 0.000562967 18392056
10.6797 2.34375 0 0.000651155 15712563
10.6836 2.33984 0 0.000667231 15815267
10.6016 2.35938 0 0.000570668 15230130
10.7617 2.33984 0 0.000571992 15770041
10.7031 2.33984 0 0.00062766 15806706
10.7266 2.26172 0 0.000622544 18357672
10.5273 2.37891 0 0.000665709 14610284
10.7891 2.33984 0 0.000541607 15829684
10.5352 2.42188 0 0.00064136 13372890
10.7539 2.32031 0 0.000575463 16440478
10.6914 2.32812 0 0.000646518 16199478
10.7969 2.34766 0 0.000537606 15570259
10.6289 2.375 0 0.000548289 14683683
10.6953 2.29297 0 0.00065767 17317633
10.7656 2.32031 0 0.000571425 16466671
10.5508 2.35938 0 0.00061892 15178778
10.5078 2.34766 0 0.000673395 15493466
11.1328 2.18359 0 0.000535325 21491758
10.5508 2.38281 0 0.000640317 14476863
10.4844 2.37109 0 0.00070187 14894216
11.0078 2.26562 0 0.000509255 18240389
10.7148 2.33984 0 0.000626679 15772483
10.668 2.31641 0 0.00068459 16563671
10.7969 2.34375 0 0.000545008 15706975
10.6172 2.39062 0 0.000556985 14311624
10.6914 2.32031 0 0.000659962 16429360
10.7539 2.26562 0 0.000592824 18336274
10.7148 2.23828 0 0.000614354 19324875
10.625 2.35938 0 0.000542215 15235915
10.5312 2.37109 0 0.000639541 14879287
10.7305 2.30859 0 0.000597053 16796689
10.7422 2.23438 0 0.000599223 19522032
10.8008 2.30859 0 0.000549481 16750964
10.8281 2.34375 0 0.000522077 15722468
10.6875 2.39844 0 0.000480626 14036863
10.6523 2.27344 0 0.000689064 17981024
10.8164 2.3125 0 0.000521235 16677733
10.7031 2.32812 0 0.000648327 16201583
10.7227 2.32812 0 0.000621026 16126603
10.7617 2.35156 0 0.000571002 15480636
10.5625 2.39844 0 0.000598389 14113232
10.9531 2.23828 0 0.000526721 19299333
10.5664 2.37109 0 0.000608607 14844409
10.5156 2.42578 0 0.00067667 13288371
10.6055 2.4375 0 0.000562534 12995092
10.7773 2.32031 0 0.000558189 16435116
10.6602 2.29688 0 0.000690989 17159506
10.5234 2.35156 0 0.000661015 15365637
10.5938 2.42969 0 0.000584697 13170275
10.4883 2.36719 0 0.000709815 15014804
10.5391 2.35938 0 0.000632396 15197997
10.5586 2.39844 0 0.000636376 14114124
10.6992 2.34766 0 0.000631507 15592885
10.6406 2.30469 0 0.000704411 16944328
10.5273 2.34766 0 0.000648348 15519271
10.7422 2.32031 0 0.000598829 16385682
10.7031 2.33203 0 0.000640935 16004297
10.4219 2.34375 0 0.000785885 15683369
10.7734 2.33984 0 0.000578573 15834586
10.7305 2.25 0 0.000602591 18870085
10.6836 2.33984 0 0.000670539 15747531
10.5312 2.4375 0 0.00065014 13007967
10.7891 2.30078 0 0.000547889 17015007
10.7305 2.30859 0 0.000600232 16741987
10.5 2.34766 0 0.000695591 15579363
10.6016 2.38281 0 0.000577045 14536783
10.7109 2.33203 0 0.000613506 16058660
10.5312 2.35938 0 0.000644609 15179795
10.7734 2.32812 0 0.000565605 16198123
10.7656 2.28125 0 0.000580661 17782011
10.5742 2.35547 0 0.000607034 15311256
10.5977 2.375 0 0.000576201 14749477
10.7773 2.29688 0 0.000554882 17240037
10.6953 2.34766 0 0.000645336 15586162
10.8164 2.34766 0 0.000513895 15590080
10.5703 2.35156 0 0.000607535 15466539
10.6797 2.3125 0 0.000673981 16607467
10.6797 2.33984 0 0.000664949 15734019
10.7617 2.33594 0 0.000571644 15943861
10.6836 2.32422 0 0.000653882 16266010
10.7383 2.33984 0 0.000600293 15813165
10.7617 2.25391 0 0.000580009 18712130
10.6328 2.3125 0 0.000724684 16645036
10.6992 2.31641 0 0.00064144 16505123
10.5586 2.35156 0 0.000617648 15407981
10.6484 2.32422 0 0.000710082 16245340
10.6367 2.32422 0 0.000721507 16227679
10.707 2.33203 0 0.000636619 15999074
10.5 2.38281 0 0.00070044 14506062
10.5664 2.35156 0 0.000614188 15378684
10.7422 2.26953 0 0.000577021 18157758
10.7227 2.27734 0 0.000620751 17859536
10.6445 2.39453 0 0.000524377 14143249
10.6211 2.42969 0 0.000556665 13220393
10.7422 2.32812 0 0.000590225 16192903
10.8164 2.28516 0 0.000532332 17534781
10.7266 2.31641 0 0.000623116 16575553
10.9219 2.21875 0 0.000579781 20134526
10.6172 2.39453 0 0.000565219 14208799
10.625 2.38281 0 0.000550087 14542759
10.6445 2.26953 0 0.000715286 18085455
10.6172 2.35547 0 0.000550674 15265621
10.5234 2.35156 0 0.000646456 15477414
10.6328 2.37109 0 0.000539743 14890036
10.6133 2.36719 0 0.000568776 15003290
10.7148 2.27734 0 0.000633931 17880597
10.7305 2.34375 0 0.000617446 15668271
10.7383 2.33984 0 0.000609329 15765499
10.7422 2.23828 0 0.000589347 19335794
10.7422 2.3125 0 0.000598476 16644926
10.4414 2.5 0 0.000587251 11513243
10.6289 2.44922 0 0.000546076 12734460
10.7031 2.33594 0 0.00064316 15886513
10.5039 2.36328 0 0.000680802 15048808
10.5703 2.42578 0 0.00062252 13298490
10.5 2.35156 0 0.000687082 15431010
10.4766 2.36719 0 0.00071834 15001406
10.6094 2.27734 0 0.000737568 17849332
10.3125 2.42578 0 0.000724269 13338124
10.7383 2.33984 0 0.000592969 15832814
10.5312 2.42578 0 0.000660917 13359913
10.7227 2.32031 0 0.000619946 16460367
10.6914 2.29688 0 0.000657299 17209295
10.8203 2.30469 0 0.000518916 16880086
10.6445 2.36328 0 0.000519008 15088082
10.7695 2.26562 0 0.000554444 18224740
10.7031 2.27734 0 0.000636152 17863343
10.7891 2.28516 0 0.000550411 17604051
10.5938 2.35938 0 0.000581379 15236522
10.7852 2.32812 0 0.000563291 16177309
10.6328 2.41406 0 0.000545489 13580073
10.7578 2.30859 0 0.000576011 16772888
10.793 2.32812 0 0.000560098 16184050
10.5742 2.39453 0 0.000613128 14171967
10.7461 2.28125 0 0.000584621 17692844
10.7852 2.33984 0 0.000559184 15852053
10.4922 2.34766 0 0.000696423 15571498
10.6289 2.37109 0 0.000543024 14858832
10.582 2.39062 0 0.000605127 14319313
10.6953 2.26562 0 0.000649288 18224969
10.7227 2.29297 0 0.000601738 17353312
10.7656 2.32031 0 0.000578473 16365381
10.7617 2.34766 0 0.000564686 15549350
10.5859 2.36328 0 0.000594331 15023501
10.75 2.3125 0 0.00060001 16676407
10.707 2.24219 0 0.000638288 19102260
10.5898 2.42188 0 0.000590591 13390583
10.6055 2.44922 0 0.000574224 12751178
10.5977 2.30859 0 0.000775005 16802230
10.7148 2.32812 0 0.000622922 16116114
10.5117 2.42188 0 0.000678939 13422989
10.457 2.37891 0 0.000756721 14623760
10.6719 2.42188 0 0.000510051 13405776
10.75 2.29688 0 0.000580086 17253192
10.8398 2.28125 0 0.000498725 17703409
10.6133 2.37891 0 0.000559988 14618855
10.7891 2.26172 0 0.000544582 18437831
10.7891 2.31641 0 0.000547779 16520076
10.5977 2.375 0 0.00057207 14722571
10.4219 2.35547 0 0.000780708 15297086
10.4961 2.39453 0 0.000702653 14134306
10.7305 2.29297 0 0.000607881 17381862
10.6523 2.37109 0 0.000534024 14854306
10.6289 2.41797 0 0.000550932 13554725
10.6172 2.40234 0 0.000552718 13914892
10.5391 2.41797 0 0.000654574 13524374
10.6289 2.3125 0 0.000715931 16683804
10.7305 2.32422 0 0.000611779 16235708
10.7422 2.31641 0 0.000597996 16597985
10.8008 2.27734 0 0.000539998 17928580
10.6836 2.35938 0 0.000488001 15247686
10.5273 2.375 0 0.000654496 14686818
10.5938 2.35547 0 0.000581371 15290371
10.5352 2.38672 0 0.000637713 14336254
10.7344 2.31641 0 0.000618879 16494328
10.5469 2.43359 0 0.000637914 13125587
10.6797 2.26562 0 0.000668353 18305645
10.7031 2.39062 0 0.000463886 14238845
10.7188 2.32422 0 0.00061677 16331986
10.707 2.30078 0 0.000635199 17027545
10.6055 2.41016 0 0.000585059 13695829
10.9766 2.25 0 0.000508082 18910907
10.7539 2.3125 0 0.000607365 16650716
10.7305 2.29688 0 0.000616755 17228643
10.6992 2.32031 0 0.000635691 16370265
10.793 2.33203 0 0.000538016 16041801
10.5977 2.39844 0 0.000585527 14103056
10.7656 2.30859 0 0.000574165 16825543
10.5273 2.39844 0 0.000664104 14065177
10.8359 2.32422 0 0.000500349 16328201
10.3359 2.42578 0 0.000684983 13272472
10.6055 2.42969 0 0.000574806 13175294
10.7617 2.31641 0 0.000571536 16561420
10.8203 2.32812 0 0.00051728 16107357
10.5859 2.38672 0 0.000604693 14408096
10.7578 2.30469 0 0.000577913 16902951
10.7461 2.33594 0 0.000592681 15856030
10.625 2.28125 0 0.000748287 17767933
10.582 2.36328 0 0.000581448 15043275
10.5195 2.35156 0 0.000671385 15433056
10.6914 2.29297 0 0.000627763 17387018
10.5898 2.41797 0 0.000591453 13568589
10.5977 2.38672 0 0.000573932 14349182
10.5625 2.39453 0 0.000607869 14121987
10.7539 2.3125 0 0.000589317 16637602
10.7578 2.31641 0 0.000576131 16543626
10.7383 2.25781 0 0.00059845 18511224
10.7031 2.34375 0 0.000637014 15712722
10.6133 2.43359 0 0.000565715 13163800
10.6523 2.29688 0 0.000707265 17203925
10.4883 2.35156 0 0.000690781 15398310
10.625 2.36719 0 0.000566005 14920935
10.5898 2.40625 0 0.00059177 13808381
10.6797 2.32812 0 0.000647872 16216323
10.7617 2.26953 0 0.000570789 18138603
10.5664 2.41406 0 0.000595692 13594837
10.4453 2.375 0 0.000762816 14733616
10.5703 2.42969 0 0.000610492 13259970
10.75 2.28125 0 0.000581212 17778711
10.7031 2.31641 0 0.000640104 16481955
10.5938 2.38281 0 0.000583168 14560414
10.5547 2.35156 0 0.000615336 15460666
10.5508 2.38281 0 0.000635222 14491108
10.6289 2.35547 0 0.000546128 15310150
10.5039 2.35938 0 0.000687068 15137220
10.4727 2.40234 0 0.000719585 13907465
10.7695 2.33594 0 0.000578451 15970560
10.8047 2.32031 0 0.000530736 16372767
10.5859 2.40234 0 0.000595948 13946425
10.707 2.33984 0 0.000644966 15822303
10.6836 2.33984 0 0.000668821 15819267
10.6836 2.3125 0 0.00065188 16626088
10.5625 2.39453 0 0.000611177 14119827
10.5078 2.36719 0 0.000687801 15014566
10.7305 2.31641 0 0.000611477 16537340
10.6016 2.39453 0 0.000592556 14179849
10.6406 2.28516 0 0.000701401 17613045
10.4727 2.35938 0 0.000738951 15161501
10.7266 2.31641 0 0.000627306 16508171
10.4023 2.46094 0 0.000609226 12392155
10.7266 2.27344 0 0.000610733 18034044
10.7578 2.27344 0 0.000583815 17974347
10.5781 2.40234 0 0.000607731 13996206
10.7773 2.32422 0 0.000553313 16296777
10.7266 2.34375 0 0.000629775 15622053
10.8086 2.27734 0 0.000536989 17836388
10.7617 2.27344 0 0.000578976 18077043
10.5586 2.36719 0 0.000638211 14952914
10.6211 2.41406 0 0.000552976 13634894
10.793 2.19531 0 0.000719288 20960468
10.6016 2.35156 0 0.000565884 15373755
10.7188 2.32422 0 0.00062728 16279829
10.7188 2.26172 0 0.000616476 18501597
10.7266 2.28516 0 0.000611386 17651580
10.7461 2.33984 0 0.000590735 15761234
10.457 2.34766 0 0.000750062 15587228
10.7031 2.33594 0 0.000641924 15967538
10.6211 2.36328 0 0.000552165 15041071
10.6289 2.38672 0 0.000544663 14368117
10.7031 2.29297 0 0.000632166 17285623
10.6484 2.42578 0 0.000533319 13310913
10.5703 2.39844 0 0.000602583 14104618
10.4961 2.40625 0 0.000691913 13856374
10.6172 2.38672 0 0.000557804 14408198
10.6992 2.34375 0 0.000644676 15692221
10.7109 2.23438 0 0.000631357 19428058
10.6133 2.38672 0 0.000571939 14422710
10.6758 2.44141 0 0.000512941 12949488
10.7422 2.31641 0 0.000605863 16556477
10.957 2.24219 0 0.000535031 19097756
10.5625 2.40234 0 0.000615113 13963867
10.7578 2.30859 0 0.000575112 16778652
10.6211 2.35938 0 0.000544475 15146519
10.7109 2.34766 0 0.000615022 15562310
10.4023 2.46094 0 0.000621101 12403566
10.7188 2.33984 0 0.000626774 15765487
10.7734 2.30469 0 0.000575846 16892333
10.7656 2.34375 0 0.000573517 15640002
10.5469 2.40625 0 0.000634096 13864768
10.7891 2.30078 0 0.000539435 17104313
10.7383 2.26172 0 0.000590804 18484700
10.7109 2.34766 0 0.000640157 15541104
10.6289 2.46484 0 0.00054225 12353054
10.625 2.39844 0 0.000554949 14075885
10.4531 2.375 0 0.000743266 14687848
10.6836 2.25781 0 0.000656325 18619658
10.6406 2.36328 0 0.000533736 15040099
10.6992 2.26562 0 0.000661245 18309386
10.6758 2.30078 0 0.000665061 17072348
10.6953 2.32812 0 0.000651682 16103513
10.8008 2.34375 0 0.000529657 15695248
10.6016 2.35547 0 0.000565704 15298653
10.8008 2.29688 0 0.000520739 17204388
10.7031 2.29297 0 0.000643316 17326513
10.6016 2.35156 0 0.00057827 15381095
10.7227 2.28125 0 0.00061848 17678746
10.6133 2.36328 0 0.000564065 15067850
10.2969 2.44531 0 0.00073703 12765974
10.6992 2.31641 0 0.000627267 16480825
10.6641 2.32031 0 0.00068298 16445625
10.5469 2.375 0 0.00064287 14710307
10.7344 2.32031 0 0.000608557 16471744
10.5742 2.36328 0 0.000613896 15104014
10.4844 2.35156 0 0.000693055 15439241
10.7734 2.25781 0 0.000548353 18624165
10.7891 2.31641 0 0.000543092 16562588
10.7344 2.31641 0 0.000604091 16493006
10.5938 2.38672 0 0.000587157 14361725
10.6406 2.37891 0 0.000543551 14666760
10.7617 2.33984 0 0.000584962 15797422
10.6953 2.32422 0 0.000635145 16230885
10.6953 2.32031 0 0.000649359 16376611
10.6055 2.40234 0 0.000564334 13976353
10.5117 2.35547 0 0.000663323 15309059
10.5117 2.40625 0 0.000675487 13823195
10.5078 2.38281 0 0.000668823 14549522
10.8164 2.30469 0 0.000530031 16886647
10.7344 2.29688 0 0.000598966 17151398
10.6094 2.38281 0 0.000573108 14486139
10.7422 2.29297 0 0.000603154 17378171
10.5625 2.35938 0 0.000616921 15205067
10.7969 2.32422 0 0.000548461 16287906
10.6445 2.32812 0 0.000715479 16153177
10.7305 2.32031 0 0.000592377 16398318
10.5859 2.35547 0 0.000594652 15302037
10.6719 2.30859 0 0.000664506 16785135
10.7031 2.33594 0 0.000642612 15921184
10.7578 2.26172 0 0.000580076 18375664
10.5234 2.35156 0 0.000657472 15453271
10.4922 2.34766 0 0.000691618 15541793
10.5703 2.41406 0 0.000593231 13682268
10.7266 2.30078 0 0.000603923 17043740
11.0234 2.27344 0 0.000494088 17997843
10.5117 2.40625 0 0.000680653 13858043
10.7617 2.26172 0 0.000576778 18374270
10.7891 2.30078 0 0.000551055 17093967
10.6055 2.35156 0 0.00057062 15424399
10.6914 2.28906 0 0.00065821 17444519
10.7031 2.25 0 0.000635474 18913515
10.7305 2.33594 0 0.000609257 15864498
10.7734 2.3125 0 0.000572619 16713536
10.5117 2.36719 0 0.000675962 14931229
10.7305 2.34375 0 0.000603683 15611720
10.5078 2.35156 0 0.000691039 15447392
10.7227 2.26953 0 0.000605543 18157161
10.5469 2.38672 0 0.000633292 14387019
10.5273 2.36328 0 0.000624345 15129780
10.7969 2.26953 0 0.000537733 18091585
10.7305 2.30469 0 0.000616119 16905801
10.8242 2.29688 0 0.000511666 17133245
10.7188 2.26953 0 0.000611126 18144891
10.5508 2.35938 0 0.000631635 15207627
10.6797 2.33203 0 0.000656744 16072804
10.7383 2.33203 0 0.000593381 16081642
10.707 2.26562 0 0.000644213 18243384
10.7266 2.30078 0 0.000616117 17105377
10.7227 2.29688 0 0.000611461 17202753
11.0547 2.24219 0 0.000454859 19202998
10.7852 2.33203 0 0.00054693 16085547
10.5039 2.375 0 0.000688514 14710211
10.5703 2.35156 0 0.000592041 15428787
10.7344 2.33594 0 0.000589321 15871005
10.6992 2.29688 0 0.000646597 17167638
10.7109 2.3125 0 0.000637266 16612894
10.7266 2.25 0 0.000614726 18874236
10.7227 2.26953 0 0.000621741 18201247
10.6758 2.3125 0 0.000672026 16690586
10.6602 2.39453 0 0.000515122 14150112
10.3281 2.44531 0 0.000693786 12803435
10.6445 2.40234 0 0.000544919 13922641
10.5859 2.37891 0 0.000581574 14597875
10.7695 2.30078 0 0.000558166 17087526
10.7148 2.33203 0 0.000637259 16073750
10.5547 2.375 0 0.000624352 14745025
10.8047 2.28906 0 0.000529682 17447003
10.5312 2.37109 0 0.000652969 14867611
10.6914 2.33594 0 0.000668474 15936735
10.7773 2.29297 0 0.000542233 17348382
10.7695 2.26562 0 0.000563435 18325793
10.543 2.41797 0 0.000627191 13530482
10.8125 2.32422 0 0.000540077 16336537
10.5742 2.36719 0 0.000604625 14906163
10.5742 2.42969 0 0.000601589 13210236
10.4844 2.375 0 0.000730613 14742654
10.5664 2.44531 0 0.00061316 12838075
10.7695 2.30859 0 0.000560704 16794316
10.6484 2.37891 0 0.000531758 14637401
10.6484 2.32031 0 0.000703703 16395315
10.6523 2.25391 0 0.000708611 18721052
10.582 2.375 0 0.000582572 14666686
10.6016 2.27344 0 0.000767862 17945349
10.6523 2.35156 0 0.000511155 15479988
10.5312 2.35547 0 0.000675862 15254085
10.5469 2.35938 0 0.000652853 15222743
10.5273 2.36719 0 0.000643434 14926325
10.6992 2.33984 0 0.000638845 15807247
10.582 2.37109 0 0.000603048 14825156
10.6445 2.40625 0 0.000528905 13833357
10.7422 2.32031 0 0.000613575 16360496
10.6602 2.37891 0 0.000504442 14559225
10.7852 2.33594 0 0.000535324 15888860
10.7812 2.26562 0 0.000549999 18219879
10.6289 2.37891 0 0.000543158 14616603
10.6953 2.33594 0 0.000673678 15938131
10.8477 2.32031 0 0.000486449 16470300
10.7109 2.28125 0 0.000626269 17737936
10.7305 2.27344 0 0.000610644 18059892
10.7852 2.3125 0 0.000537103 16658279
10.7148 2.27344 0 0.000604955 18003217
10.6289 2.39062 0 0.000554713 14272118
10.7656 2.3125 0 0.000560058 16675448
10.5625 2.36328 0 0.000614616 15050872
10.7148 2.38672 0 0.000449931 14342550
10.6484 2.35156 0 0.000529768 15393821
10.582 2.35547 0 0.000604054 15292139
10.3711 2.44531 0 0.000634704 12829755
10.6992 2.27734 0 0.000633916 17934723
10.6797 2.35547 0 0.00048768 15344742
10.793 2.33984 0 0.000533727 15775601
10.7969 2.28125 0 0.000536742 17698314
10.707 2.23828 0 0.000635954 19239671
10.9219 2.35938 0 0.000428575 15183681
10.6055 2.42578 0 0.000569178 13270141
10.7578 2.30078 0 0.000567879 17056758
10.6562 2.42188 0 0.000510676 13421799
10.5977 2.35156 0 0.000575923 15419792
10.8008 2.30859 0 0.000532483 16769188
10.6367 2.36328 0 0.000529526 15116864
10.5508 2.37109 0 0.000616502 14821407
10.7188 2.28906 0 0.000629984 17423254
10.3281 2.42188 0 0.000683883 13466373
10.6836 2.26953 0 0.000653919 18168047
10.6289 2.36328 0 0.000554326 15034018
10.6055 2.41016 0 0.00058318 13774980
10.7344 2.30078 0 0.00061021 17072964
10.5234 2.40625 0 0.000656588 13831031
10.6172 2.39062 0 0.000555568 14256772
10.7461 2.32422 0 0.000589824 16339430
10.6289 2.42578 0 0.000556787 13332643
10.6367 2.375 0 0.000539476 14741105
10.7734 2.30469 0 0.00055043 16924156
10.7422 2.27734 0 0.000588404 17872394
10.6875 2.29688 0 0.000652248 17254041
10.5742 2.40625 0 0.000624103 13822162
10.6758 2.33203 0 0.000672513 16000543
10.5742 2.38281 0 0.000602939 14531171
10.7695 2.24219 0 0.000565167 19120535
10.6289 2.41016 0 0.000554035 13727485
10.7539 2.31641 0 0.000571506 16481011
10.7383 2.25391 0 0.00058662 18745026
10.957 2.21094 0 0.00054533 20356553
10.4922 2.41016 0 0.000698637 13781796
11.0234 2.23828 0 0.000472705 19226592
10.6719 2.35938 0 0.00051136 15227424
10.4844 2.37109 0 0.000704944 14823655
10.7734 2.33984 0 0.000571896 15749556
10.5586 2.35547 0 0.00060301 15336470
10.7422 2.26562 0 0.000591064 18296006
10.5898 2.38672 0 0.000605599 14364861
10.5938 2.39844 0 0.000572153 14073039
10.7422 2.34375 0 0.000607682 15728534
10.6562 2.33984 0 0.000699025 15826661
10.7109 2.33984 0 0.000618369 15795859
10.7773 2.34766 0 0.000560639 15491895
10.7578 2.28125 0 0.000582316 17737257
10.7891 2.26172 0 0.000543162 18362108
10.6953 2.34375 0 0.000649265 15627307
10.7539 2.24609 0 0.000551928 18980319
10.5273 2.35156 0 0.000653868 15425176
10.5508 2.35156 0 0.000616077 15431664
10.7812 2.32031 0 0.000549462 16374551
10.6719 2.31641 0 0.000679054 16537637
10.7344 2.29297 0 0.000602094 17319604
10.7188 2.28125 0 0.000615634 17719538
10.5742 2.40625 0 0.000607223 13843529
10.8359 2.34766 0 0.000509191 15513856
10.5938 2.35938 0 0.000569587 15140783
10.7734 2.34766 0 0.000552582 15581648
10.418 2.36328 0 0.000813956 15089103
10.832 2.32422 0 0.00049982 16319600
10.6914 2.32422 0 0.00065 16257163
10.7539 2.33594 0 0.000592238 15873109
10.7305 2.28906 0 0.00061001 17474818
10.5664 2.35938 0 0.000615722 15195486
10.7969 2.27734 0 0.000530491 17883202
10.5742 2.35938 0 0.000598641 15159203
10.5898 2.42578 0 0.000597574 13315416
10.5703 2.42188 0 0.000615465 13397116
10.7109 2.26172 0 0.000635157 18478490
10.6289 2.41016 0 0.000548284 13705182
10.7422 2.26562 0 0.000589338 18359586
10.582 2.36719 0 0.000595828 14989020
10.457 2.36328 0 0.000730434 15017320
10.6602 2.32422 0 0.000695866 16241291
10.7773 2.29297 0 0.000550316 17367351
10.5938 2.37891 0 0.000588605 14606652
10.8867 2.17578 0 0.000617915 21857172
10.5898 2.30078 0 0.000778921 17111537
10.5039 2.39844 0 0.000691361 14062098
10.8047 2.26562 0 0.000532225 18231168
10.5938 2.39062 0 0.000576403 14283109
10.5312 2.35156 0 0.000633118 15452104
10.625 2.41016 0 0.000547323 13738443
10.6211 2.28906 0 0.000754914 17504840
10.8125 2.34766 0 0.000534117 15538229
10.7578 2.23438 0 0.000567908 19483266
10.6836 2.29688 0 0.000651723 17200645
10.7344 2.34766 0 0.00061702 15501420
10.5391 2.35938 0 0.000643558 15138690
10.5078 2.375 0 0.00067821 14738529
10.293 2.41406 0 0.000721242 13686074
10.7422 2.28125 0 0.000602294 17696353
10.7656 2.31641 0 0.00056166 16492596
10.5312 2.37891 0 0.000641668 14634008
10.6016 2.42578 0 0.000566952 13296341
10.7148 2.30469 0 0.000626069 16977517
10.6875 2.32031 0 0.000650763 16399863
10.7148 2.32812 0 0.000622292 16109383
10.6641 2.3125 0 0.000680743 16698533
10.7539 2.34375 0 0.000583091 15665503
10.6055 2.35156 0 0.000571821 15462933
10.5 2.39062 0 0.000696046 14233889
10.7812 2.33594 0 0.000549566 15910405
10.7422 2.26562 0 0.000581949 18230584
10.6016 2.35938 0 0.000577198 15210514
10.7773 2.32422 0 0.00056492 16336689
10.7109 2.34766 0 0.000629134 15501228
10.6328 2.44531 0 0.00054384 12783201
10.7695 2.28125 0 0.000573414 17719479
10.5742 2.38672 0 0.000595333 14384307
10.7617 2.34375 0 0.000578511 15623926
10.7461 2.32031 0 0.000587623 16473619
10.6055 2.46484 0 0.000581806 12365366
10.6836 2.28906 0 0.000671333 17490664
10.5742 2.41406 0 0.000615508 13624262
10.8281 2.30078 0 0.000501127 17028006
10.7734 2.3125 0 0.000560036 16611159
10.7617 2.33594 0 0.00057898 15913303
10.6484 2.39453 0 0.000530577 14132450
10.7422 2.29688 0 0.000598145 17172371
10.6211 2.42188 0 0.000551059 13435698
10.6016 2.40234 0 0.00057057 13975947
10.5742 2.35547 0 0.000604248 15353837
10.5469 2.35156 0 0.000624765 15371299
10.4531 2.33203 0 0.00074471 15969985
10.7344 2.3125 0 0.000604453 16696465
10.7617 2.33984 0 0.000573807 15752062
10.5195 2.38672 0 0.000658747 14377972
10.7656 2.25 0 0.000569332 18832053
10.6758 2.44922 0 0.000516302 12701331
10.7734 2.32031 0 0.000561617 16373006
10.7227 2.21875 0 0.000609612 20074070
10.5469 2.41016 0 0.000646118 13712873
10.6367 2.37891 0 0.000516596 14607998
10.6328 2.36719 0 0.000541662 14936221
10.7617 2.32422 0 0.000572243 16282014
10.6133 2.43359 0 0.000555998 13147246
10.7344 2.30078 0 0.000615563 17061003
10.6211 2.40234 0 0.000551207 13931764
10.6055 2.44531 0 0.000578255 12854884
10.4727 2.36719 0 0.000710583 14988196
10.7148 2.29297 0 0.000618033 17352774
10.75 2.28906 0 0.000587756 17472831
10.5195 2.36328 0 0.000657859 15120432
10.6875 2.32031 0 0.000664604 16369851
10.6914 2.41406 0 0.000494195 13602552
10.7383 2.24219 0 0.000588849 19141402
10.5469 2.37891 0 0.000628926 14572103
10.6133 2.40625 0 0.000567943 13853229
10.5312 2.35156 0 0.000665028 15419914
10.5977 2.35938 0 0.000579696 15255071
10.7109 2.3125 0 0.000632569 16661121
10.7148 2.25391 0 0.00062709 18703331
10.8164 2.33203 0 0.000521695 16050161
10.543 2.36328 0 0.000627466 15046913
10.6602 2.32031 0 0.000684524 16437667
10.4844 2.37109 0 0.000704527 14801340
10.6445 2.375 0 0.000530459 14783760
10.6172 2.39453 0 0.000564175 14189479
10.7852 2.32422 0 0.000553516 16227387
10.668 2.28906 0 0.000673082 17473885
10.293 2.40625 0 0.000758012 13901482
10.5586 2.36719 0 0.000608326 14979705
10.5781 2.39844 0 0.000611104 14071284
10.5273 2.35938 0 0.000664954 15189072
10.6914 2.30859 0 0.000650885 16847500
10.5664 2.40234 0 0.00059837 13911340
10.6172 2.39062 0 0.000570504 14254395
10.7031 2.34375 0 0.000647308 15639470
10.7773 2.34375 0 0.000566645 15686445
10.7461 2.27734 0 0.000585937 17899996
10.7617 2.26172 0 0.000573003 18461353
10.9492 2.21094 0 0.00054396 20327239
10.6836 2.32031 0 0.000665215 16344777
10.3984 2.46094 0 0.000601311 12391921
10.6602 2.40625 0 0.000505148 13892835
10.75 2.32422 0 0.000582438 16301150
10.707 2.21484 0 0.000629269 20201889
10.6562 2.41797 0 0.000513748 13561034
10.5352 2.38281 0 0.000646349 14459369
10.7734 2.29297 0 0.0005613 17368939
10.6094 2.41406 0 0.000564442 13607859
10.7383 2.25391 0 0.000588937 18679086
10.6016 2.37109 0 0.000574639 14866331
10.707 2.32812 0 0.000635041 16120186
10.8008 2.32812 0 0.00052971 16147740
10.7734 2.34375 0 0.000557852 15668441
10.5781 2.40234 0 0.000592664 13944833
10.75 2.30859 0 0.000582824 16841745
10.7852 2.33594 0 0.000546967 15937735
10.6328 2.30078 0 0.000716401 17090921
10.7461 2.31641 0 0.000600484 16495900
10.6016 2.38672 0 0.000563811 14402601
10.4961 2.39844 0 0.000701283 14101350
10.707 2.28906 0 0.000629675 17420694
10.8203 2.33203 0 0.000508433 16046724
10.5977 2.40625 0 0.000583338 13890457
10.7266 2.34766 0 0.000612311 15537132
10.5664 2.37109 0 0.000610567 14825314
10.6719 2.32812 0 0.000675323 16178363
10.5625 2.44922 0 0.000620251 12727194
10.6328 2.37109 0 0.00053591 14878946
10.6758 2.27734 0 0.000657183 17845220
10.7812 2.31641 0 0.000561925 16487450
10.5977 2.29688 0 0.000783127 17246919
10.8398 2.30078 0 0.000497633 17124097
10.7461 2.32812 0 0.000597563 16181415
10.7305 2.30469 0 0.000609496 16949923
10.7109 2.32812 0 0.000629916 16152693
10.6797 2.27734 0 0.000658293 17853900
10.7969 2.33984 0 0.000526055 15768407
10.7031 2.25 0 0.000619504 18881025
10.6211 2.35547 0 0.000544574 15277070
10.7422 2.34375 0 0.000585661 15617653
10.6719 2.36719 0 0.000511927 14907861
10.7344 2.27344 0 0.000599615 18054064
10.6367 2.24219 0 0.00072047 19138936
10.7695 2.33594 0 0.000573952 15912493
10.6094 2.41797 0 0.000565038 13574006
10.7031 2.26562 0 0.000628979 18318180
10.6367 2.35938 0 0.000541141 15137961
10.7617 2.33984 0 0.000597571 15844718
10.5352 2.40234 0 0.000642585 13972413
10.918 2.21484 0 0.000565582 20283530
10.5117 2.34766 0 0.00066009 15506702
10.8477 2.33594 0 0.00049728 15910787
10.7305 2.27734 0 0.000616288 17878713
10.6602 2.39844 0 0.000521127 14105583
10.7539 2.28125 0 0.000584053 17751283
10.7188 2.33203 0 0.000617871 16084558
10.9727 2.25391 0 0.000532324 18768124
10.5078 2.41016 0 0.000684321 13692373
10.7109 2.28516 0 0.000633866 17653023
10.8555 2.31641 0 0.00048822 16546108
10.4688 2.39453 0 0.000731412 14188432
10.7852 2.3125 0 0.00055948 16700495
10.6211 2.36328 0 0.000559266 15064355
10.7109 2.29688 0 0.000630893 17201383
10.7422 2.32422 0 0.000586138 16261952
10.7227 2.28125 0 0.000623173 17711697
10.4688 2.37109 0 0.000715457 14806962
10.668 2.31641 0 0.000681215 16552571
10.6836 2.29688 0 0.000657676 17207913
10.7305 2.35156 0 0.000619894 15486510
10.6641 2.28516 0 0.000695522 17610157
10.4453 2.33984 0 0.00076622 15720075
10.7148 2.32031 0 0.000617876 16359816
10.668 2.33594 0 0.00066557 15896634
10.5742 2.42188 0 0.000604116 13443506
10.7617 2.3125 0 0.000573259 16649836
10.5898 2.40234 0 0.000589902 13985775
10.5938 2.42578 0 0.000587623 13347751
10.5977 2.30859 0 0.000763248 16807412
10.7227 2.34375 0 0.00060226 15720100
10.4883 2.41406 0 0.0007024 13633577
