0.004701	0.0023
0.009103	0.0011
0.0135	0.0017
0.0463	-0.0002
0.05069	-0.0006
0.05509	0.0005
0.07219	-0.0003
0.08656	0.0012
0.1218	-0.0005
0.1286	-0.0001
0.1344	0.0004
0.1401	0
0.1458	0.001
0.1516	0.0003
0.1573	0.0007
0.1631	0.0009
0.1688	-0.0003
0.1745	0.0008
0.1803	0
0.186	0.0005
0.1918	-0.0007
0.1975	0.0042
0.2032	0.005
0.2089	0.0038
0.2146	0.0032
0.2204	0.0034
0.2261	0.0036
0.2318	0.0046
0.2375	0.0049
0.2432	0.0047
0.2489	0.0052
0.2546	0.0044
0.2604	0.0033
0.266	0.0053
0.2717	0.0033
0.2774	0.0048
0.2831	0.0052
0.2889	0.0053
0.2945	0.0043
0.3003	0.0048
0.3059	0.0039
0.3117	0.0043
0.3173	0.0032
0.3231	0.0045
0.3287	0.0023
0.3344	0.0053
0.3401	0.0058
0.3458	0.0052
0.3515	0.0047
0.3572	0.0058
0.3629	0.004
0.3686	0.0046
0.3743	0.0061
0.38	0.004
0.3857	0.0052
0.3914	0.0071
0.3971	0.0048
0.4028	0.0052
0.4085	0.0048
0.4142	0.0054
0.4199	0.0047
0.4256	0.0074
0.4313	0.0052
0.437	0.0043
0.4427	0.0051
0.4484	0.0063
0.454	0.0044
0.4598	0.0066
0.4654	0.0046
0.4712	0.0044
0.4768	0.0056
0.4826	0.0064
0.4882	0.0047
0.494	0.0056
0.4996	0.0057
0.5054	0.0061
0.511	0.0063
0.5168	0.0064
0.5224	0.0061
0.5282	0.0066
0.5338	0.0071
0.5395	0.0063
0.5452	0.0067
0.5509	0.0049
0.5566	0.0064
0.5623	0.0059
0.568	0.006
0.5737	0.0059
0.5794	0.0071
0.5851	0.0069
0.6047	0.0072
0.6256	0.0064
0.6316	0.0059
0.6372	0.0068
0.643	0.0052
0.6486	0.0053
0.6544	0.0071
0.66	0.006
0.6659	0.0067
0.6718	0.0049
0.6776	0.0053
0.6832	0.0053
0.689	0.007
0.6946	0.0068
0.7004	0.0064
0.706	0.0066
0.7118	0.0075
0.7174	0.0063
0.7235	0.0064
0.7292	0.0073
0.7349	0.0062
0.7406	0.0065
0.7463	0.0069
0.752	0.0072
0.7577	0.0075
0.7634	0.0068
0.7692	0.0074
0.7748	0.0074
0.7806	0.0074
0.7862	0.0072
0.792	0.0077
0.7976	0.0084
0.8034	0.0077
0.809	0.0064
0.8148	0.0063
0.8204	0.0077
0.8261	0.0083
0.8318	0.0085
0.8375	0.0072
0.8433	0.0066
0.849	0.0062
0.8547	0.0062
0.8604	0.0075
0.8681	0.0084
0.8738	0.0082
0.8796	0.01
0.8853	0.0083
0.891	0.0088
0.8967	0.0088
0.9024	0.0095
0.9089	0.009
0.9145	0.0092
0.9206	0.008
0.9263	0.0095
0.932	0.0087
0.9377	0.0094
0.9437	0.01
0.9494	0.0093
0.9551	0.0091
0.9608	0.0092
0.9665	0.0088
0.9722	0.0108
0.9779	0.0107
0.9836	0.0092
0.9893	0.0095
0.995	0.0094
1.001	0.0094
1.006	0.0092
1.013	0.0097
1.019	0.0089
1.024	0.0114
1.03	0.0109
1.036	0.0104
1.042	0.0089
1.047	0.0109
1.053	0.0112
1.059	0.0109
1.064	0.0108
1.07	0.0123
1.077	0.0114
1.083	0.0116
1.088	0.0116
1.108	0.0112
1.129	0.0102
1.135	0.0102
1.142	0.0101
1.148	0.0092
1.153	0.0092
1.159	0.0093
1.165	0.01
1.17	0.0105
1.176	0.012
1.182	0.011
1.188	0.0107
1.193	0.0111
1.199	0.0119
1.205	0.0112
1.21	0.0114
1.216	0.0103
1.222	0.0125
1.228	0.0123
1.233	0.0113
1.239	0.0114
1.245	0.0117
1.251	0.0118
1.256	0.0115
1.262	0.0121
1.268	0.0127
1.273	0.0123
1.279	0.0138
1.285	0.0121
1.29	0.0136
1.296	0.0119
1.302	0.0137
1.308	0.0141
1.313	0.015
1.319	0.0132
1.325	0.0133
1.33	0.0137
1.336	0.0137
1.342	0.0157
1.348	0.0146
1.354	0.0137
1.36	0.015
1.366	0.0152
1.371	0.0144
1.377	0.017
1.383	0.0144
1.388	0.0155
1.394	0.0161
1.4	0.0156
1.406	0.0156
1.412	0.0166
1.417	0.0179
1.423	0.0154
1.429	0.0168
1.435	0.0165
1.441	0.017
1.447	0.0166
1.453	0.0179
1.458	0.0162
1.464	0.0179
1.47	0.0189
1.476	0.0182
1.482	0.0177
1.488	0.0194
1.493	0.0198
1.499	0.0197
1.505	0.02
1.511	0.0197
1.517	0.0196
1.523	0.0189
1.529	0.0195
1.535	0.021
1.541	0.0208
1.547	0.0193
1.553	0.0205
1.558	0.0222
1.564	0.0205
1.57	0.0221
1.576	0.0234
1.582	0.022
1.588	0.0216
1.607	0.0232
1.629	0.0177
1.635	0.0199
1.64	0.02
1.646	0.0181
1.652	0.0192
1.657	0.0203
1.663	0.021
1.669	0.0195
1.674	0.0217
1.68	0.0206
1.686	0.019
1.692	0.0208
1.697	0.0206
1.703	0.0209
1.709	0.0209
1.715	0.0207
1.72	0.0209
1.726	0.0233
1.732	0.0218
1.738	0.0218
1.744	0.0232
1.75	0.0242
1.755	0.0231
1.761	0.0239
1.768	0.0247
1.773	0.0236
1.78	0.0248
1.786	0.026
1.792	0.0259
1.797	0.0255
1.803	0.0272
1.809	0.0243
1.815	0.0256
1.821	0.0246
1.826	0.0267
1.832	0.0282
1.838	0.0254
1.843	0.0288
1.849	0.0287
1.855	0.0263
1.861	0.0283
1.867	0.0309
1.873	0.031
1.878	0.0303
1.884	0.0285
1.89	0.0279
1.895	0.0295
1.902	0.0287
1.908	0.0307
1.913	0.0324
1.919	0.0309
1.925	0.0322
1.931	0.0312
1.937	0.0334
1.943	0.0344
1.948	0.0344
1.955	0.0337
1.961	0.0356
1.967	0.0348
1.973	0.0346
1.978	0.0348
1.984	0.0356
1.99	0.0357
1.995	0.0359
2.001	0.0355
2.007	0.0373
2.012	0.0366
2.018	0.0377
2.024	0.0382
2.03	0.0397
2.035	0.0376
2.041	0.0396
2.047	0.038
2.052	0.0418
2.058	0.0395
2.064	0.0415
2.069	0.0398
2.075	0.0395
2.081	0.041
2.087	0.0433
2.107	0.0455
2.129	0.035
2.135	0.0358
2.14	0.0357
2.146	0.0371
2.152	0.0374
2.157	0.036
2.163	0.0368
2.169	0.0389
2.175	0.0381
2.18	0.038
2.186	0.0409
2.192	0.0391
2.198	0.042
2.204	0.0392
2.209	0.0403
2.215	0.0414
2.221	0.0412
2.226	0.0426
2.232	0.0436
2.238	0.0419
2.244	0.0436
2.249	0.0452
2.256	0.0455
2.262	0.047
2.269	0.0447
2.274	0.0477
2.28	0.0465
2.286	0.0458
2.291	0.0486
2.297	0.0483
2.303	0.0494
2.309	0.0482
2.315	0.0502
2.32	0.0496
2.326	0.0509
2.332	0.0522
2.338	0.0496
2.343	0.0517
2.349	0.0511
2.355	0.0522
2.361	0.052
2.366	0.0543
2.372	0.0553
2.378	0.0546
2.384	0.0559
2.39	0.056
2.395	0.0604
2.401	0.0598
2.407	0.0563
2.413	0.0617
2.418	0.0617
2.424	0.0618
2.43	0.062
2.435	0.0623
2.441	0.0613
2.448	0.0639
2.453	0.0638
2.459	0.0653
2.465	0.0647
2.471	0.0653
2.477	0.0696
2.485	0.0717
2.49	0.0682
2.496	0.0688
2.502	0.0695
2.508	0.0705
2.513	0.0731
2.519	0.0714
2.525	0.0739
2.531	0.0748
2.536	0.0781
2.542	0.0754
2.548	0.0792
2.553	0.0783
2.559	0.0796
2.565	0.0795
2.571	0.0822
2.576	0.0812
2.582	0.0847
2.588	0.0817
2.608	0.0866
2.629	0.0689
2.634	0.0672
2.64	0.0691
2.646	0.0699
2.652	0.0713
2.657	0.0723
2.663	0.0733
2.67	0.0743
2.676	0.074
2.681	0.0744
2.687	0.0759
2.693	0.0748
2.699	0.0789
2.705	0.0761
2.711	0.0802
2.717	0.0785
2.722	0.0819
2.728	0.0799
2.734	0.0828
2.74	0.0808
2.745	0.0866
2.751	0.0842
2.757	0.0856
2.763	0.0864
2.768	0.0897
2.774	0.0897
2.78	0.0894
2.785	0.0908
2.791	0.092
2.798	0.0935
2.804	0.0962
2.809	0.0968
2.815	0.0975
2.821	0.0963
2.827	0.0984
2.833	0.1024
2.839	0.0993
2.846	0.1007
2.851	0.107
2.863	0.0801
2.868	0.0825
2.874	0.0832
2.88	0.0846
2.886	0.0875
2.892	0.0838
2.899	0.0846
2.905	0.0927
2.91	0.0915
2.916	0.093
2.922	0.0909
2.928	0.0896
2.933	0.0942
2.939	0.0965
2.945	0.0951
2.951	0.0996
2.956	0.0953
2.962	0.0977
2.968	0.098
2.973	0.0991
2.979	0.104
2.985	0.101
3.004	0.08
3.01	0.0835
3.016	0.0836
3.022	0.0838
3.029	0.0848
3.034	0.085
3.04	0.0848
3.046	0.0849
3.052	0.0888
3.058	0.0907
3.063	0.0893
3.075	0.0915
3.081	0.0918
3.086	0.0913
3.092	0.0928
3.105	0.0974
3.111	0.1004
3.117	0.0986
3.122	0.0967
3.128	0.1027
3.134	0.1023
3.145	0.0804
3.158	0.0821
3.164	0.0852
3.17	0.0847
3.176	0.0846
3.181	0.0839
3.187	0.0847
3.193	0.0869
3.2	0.0879
3.205	0.0874
3.211	0.0895
3.217	0.0914
3.222	0.0948
3.234	0.0957
3.24	0.1004
3.246	0.0935
3.251	0.096
3.257	0.0979
3.263	0.1018
3.268	0.0988
3.274	0.0994
3.28	0.1033
3.285	0.1024
3.296	0.086
3.303	0.088
3.309	0.0859
3.315	0.0844
3.327	0.0891
3.332	0.0883
3.339	0.0883
3.345	0.0885
3.351	0.0916
3.357	0.0925
3.362	0.0903
3.368	0.0963
3.374	0.0929
3.38	0.0935
3.386	0.0961
3.391	0.096
3.403	0.0979
3.408	0.1005
3.414	0.1006
3.426	0.0797
3.431	0.0816
3.437	0.0786
3.443	0.0813
3.449	0.0815
3.455	0.0835
3.46	0.0889
3.472	0.0865
3.478	0.0889
3.483	0.0859
3.489	0.0904
3.495	0.0894
3.5	0.0899
3.507	0.0932
3.513	0.0961
3.519	0.0945
3.526	0.0952
3.531	0.0977
3.538	0.0986
3.549	0.0991
3.556	0.1015
3.562	0.1013
3.573	0.0811
3.579	0.0786
3.585	0.083
3.59	0.0844
3.603	0.0853
3.609	0.0867
3.615	0.0871
3.621	0.0883
3.632	0.0909
3.638	0.0899
3.644	0.0941
3.649	0.0941
3.655	0.0924
3.661	0.0977
3.667	0.0965
3.673	0.0985
3.679	0.1012
3.685	0.1004
3.704	0.0784
3.71	0.0799
3.716	0.0804
3.722	0.0799
3.728	0.0804
3.734	0.0827
3.74	0.0816
3.745	0.0859
3.751	0.0883
3.757	0.0857
3.763	0.0866
3.769	0.0884
3.775	0.0895
3.781	0.0881
3.793	0.0964
3.805	0.0938
3.811	0.0973
3.817	0.1005
3.822	0.0974
3.833	0.0964
3.839	0.1011
3.845	0.103
3.856	0.0793
3.862	0.0795
3.868	0.0826
3.874	0.0855
3.88	0.0853
3.886	0.0863
3.892	0.0871
3.899	0.0891
3.904	0.0871
3.91	0.0888
3.916	0.0895
3.921	0.0933
3.927	0.0932
3.933	0.0948
3.938	0.0954
3.95	0.096
3.962	0.0961
3.968	0.0996
3.974	0.0998
3.98	0.103
3.992	0.102
4.004	0.0803
4.009	0.0805
4.015	0.0838
4.021	0.0848
4.027	0.0847
4.032	0.0849
4.038	0.0855
4.044	0.0926
4.049	0.0896
4.056	0.0887
4.062	0.0924
4.068	0.0892
4.074	0.0913
4.08	0.0905
4.086	0.0942
4.091	0.0945
4.097	0.0962
4.103	0.0941
4.114	0.0978
4.12	0.1002
4.132	0.0983
4.138	0.1001
4.143	0.1062
4.155	0.0816
4.167	0.0855
4.173	0.0856
4.178	0.0853
4.184	0.0861
4.19	0.0846
4.196	0.0882
4.201	0.0913
4.207	0.0886
4.213	0.0905
4.22	0.0922
4.225	0.0935
4.231	0.0964
4.237	0.0948
4.243	0.0941
4.248	0.0957
4.254	0.0995
4.26	0.0996
4.265	0.102
4.271	0.0988
4.283	0.1039
4.289	0.1053
4.309	0.084
4.315	0.0838
4.327	0.0866
4.332	0.0868
4.338	0.0876
4.344	0.0902
4.349	0.0918
4.355	0.0928
4.361	0.0919
4.367	0.0946
4.373	0.0947
4.378	0.0982
4.384	0.0965
4.396	0.0991
4.402	0.0979
4.408	0.1007
4.414	0.1022
4.425	0.0785
4.431	0.0799
4.443	0.0815
4.448	0.0806
4.454	0.0887
4.465	0.0857
4.471	0.0873
4.477	0.0907
4.483	0.0907
4.488	0.088
4.494	0.092
4.501	0.091
4.507	0.095
4.513	0.0974
4.519	0.0987
4.525	0.0943
4.531	0.0982
4.536	0.0995
4.542	0.0975
4.548	0.1003
4.553	0.1032
4.573	0.0834
4.579	0.0802
4.585	0.0833
4.59	0.0835
4.596	0.0828
4.602	0.0847
4.608	0.0863
4.619	0.0854
4.625	0.0887
4.637	0.0921
4.642	0.088
4.648	0.091
4.654	0.0935
4.66	0.0985
4.665	0.0964
4.671	0.0973
4.677	0.0955
4.683	0.1001
4.689	0.1042
4.7	0.082
4.706	0.0795
4.718	0.0818
4.725	0.087
4.731	0.0844
4.737	0.0848
4.742	0.0876
4.748	0.0846
4.754	0.0873
4.759	0.0911
4.765	0.0907
4.777	0.0939
4.789	0.0937
4.795	0.095
4.801	0.0991
4.807	0.0962
4.812	0.0988
4.818	0.0982
4.824	0.0996
4.83	0.104
4.836	0.102
4.848	0.0803
4.854	0.0817
4.86	0.0833
4.865	0.081
4.877	0.0851
4.883	0.0848
4.889	0.0908
4.895	0.0881
4.901	0.0892
4.906	0.0894
4.913	0.095
4.919	0.0886
4.925	0.0923
4.931	0.0925
4.951	0.0977
4.957	0.0968
4.963	0.1004
4.968	0.0945
4.974	0.1009
4.98	0.1101
4.992	0.0804
4.998	0.0805
5.004	0.0823
5.01	0.0821
5.015	0.0843
5.028	0.0861
5.034	0.092
5.039	0.0872
5.045	0.0916
5.051	0.0884
5.057	0.0915
5.062	0.093
5.068	0.093
5.074	0.0941
5.086	0.096
5.093	0.0964
5.105	0.0983
5.111	0.1029
5.117	0.1014
5.129	0.081
5.135	0.0794
5.143	0.0812
5.148	0.0819
5.154	0.0832
5.161	0.0823
5.167	0.083
5.172	0.0807
5.178	0.0849
5.191	0.0852
5.196	0.0831
5.202	0.0871
5.208	0.0864
5.214	0.0887
5.219	0.0915
5.225	0.0915
5.237	0.0901
5.243	0.0884
5.255	0.0921
5.261	0.0916
5.267	0.0926
5.273	0.0934
5.279	0.0932
5.285	0.094
5.291	0.0932
5.296	0.0938
5.302	0.0932
5.308	0.095
5.314	0.0945
5.32	0.0948
5.326	0.0979
5.332	0.0925
5.338	0.0988
5.344	0.0961
5.35	0.0949
5.356	0.0945
5.363	0.0969
5.368	0.0948
5.374	0.0974
5.38	0.0947
5.392	0.0976
5.398	0.0975
5.403	0.0955
5.409	0.0996
5.415	0.0973
5.421	0.0987
5.426	0.0978
5.432	0.0967
5.438	0.1005
5.444	0.0949
5.449	0.0989
5.455	0.0992
5.461	0.1013
5.468	0.099
5.473	0.1008
5.479	0.1004
5.491	0.075
5.497	0.0754
5.503	0.0789
5.509	0.0777
5.514	0.0773
5.52	0.0767
5.526	0.077
5.532	0.0772
5.538	0.0772
5.543	0.0781
5.549	0.0783
5.555	0.0825
5.561	0.0819
5.566	0.0791
5.578	0.0822
5.584	0.0769
5.59	0.0789
5.595	0.0824
5.601	0.0814
5.607	0.0785
5.613	0.0811
5.619	0.0787
5.626	0.0827
5.632	0.0786
5.638	0.0819
5.644	0.0799
5.649	0.0788
5.655	0.0826
5.661	0.0803
5.667	0.0813
5.672	0.0776
5.678	0.079
5.691	0.0791
5.696	0.0829
5.702	0.0784
5.708	0.0816
5.714	0.0805
5.719	0.081
5.731	0.0816
5.744	0.0816
5.751	0.0828
5.757	0.0835
5.763	0.0797
5.769	0.0819
5.775	0.0794
5.781	0.0804
5.787	0.0797
5.792	0.0834
5.798	0.0815
5.804	0.0792
5.81	0.082
5.816	0.085
5.822	0.0821
5.828	0.0788
5.833	0.0815
5.839	0.0818
5.845	0.0836
5.851	0.0803
5.857	0.0835
5.862	0.0831
5.868	0.0805
5.874	0.0822
5.88	0.0797
5.893	0.0838
5.9	0.0814
5.906	0.0803
5.912	0.0813
5.918	0.0836
5.924	0.0841
5.93	0.0828
5.936	0.0802
5.942	0.0806
5.948	0.0803
5.954	0.0795
5.96	0.0804
5.965	0.0788
5.971	0.0835
5.977	0.0807
5.991	0.0604
5.997	0.0637
6.003	0.066
6.008	0.062
6.014	0.062
6.02	0.0622
6.026	0.0623
6.031	0.0617
6.037	0.0667
6.043	0.0641
6.048	0.0656
6.061	0.0629
6.067	0.0626
6.073	0.064
6.078	0.0652
6.084	0.0621
6.09	0.0633
6.095	0.0622
6.101	0.0666
6.107	0.0643
6.113	0.0634
6.119	0.0624
6.125	0.0625
6.131	0.066
6.137	0.0671
6.142	0.0632
6.148	0.0616
6.154	0.0653
6.16	0.062
6.165	0.0649
6.171	0.0643
6.177	0.0616
6.19	0.0631
6.196	0.0629
6.202	0.0618
6.208	0.0644
6.214	0.0634
6.219	0.063
6.225	0.0623
6.231	0.0654
6.243	0.0646
6.249	0.0665
6.255	0.0607
6.26	0.0628
6.266	0.0639
6.272	0.0659
6.278	0.0636
6.283	0.0622
6.289	0.0619
6.296	0.0615
6.302	0.063
6.308	0.0649
6.313	0.0645
6.319	0.0616
6.325	0.0624
6.331	0.0644
6.336	0.0619
6.342	0.0636
6.348	0.0646
6.354	0.0639
6.359	0.0638
6.366	0.0625
6.372	0.0635
6.377	0.064
6.383	0.0633
6.389	0.0636
6.395	0.0628
6.4	0.0613
6.406	0.0642
6.412	0.0628
6.418	0.0644
6.424	0.0619
6.43	0.0643
6.436	0.0698
6.442	0.0629
6.447	0.0636
6.453	0.0634
6.459	0.0594
6.465	0.0615
6.471	0.0634
6.477	0.0679
6.493	0.0491
6.498	0.0499
6.504	0.0476
6.51	0.0496
6.516	0.0489
6.521	0.0507
6.527	0.0503
6.533	0.0481
6.538	0.049
6.544	0.0484
6.55	0.0479
6.563	0.0491
6.568	0.0459
6.575	0.0496
6.581	0.0518
6.587	0.0479
6.594	0.05
6.599	0.0464
6.605	0.0507
6.611	0.0487
6.616	0.047
6.622	0.0477
6.628	0.049
6.634	0.0491
6.639	0.0481
6.645	0.0481
6.651	0.0485
6.657	0.047
6.662	0.0478
6.668	0.0481
6.674	0.048
6.68	0.0491
6.692	0.0474
6.698	0.0499
6.704	0.0473
6.71	0.0494
6.715	0.0467
6.721	0.0486
6.727	0.0479
6.733	0.0487
6.745	0.0475
6.751	0.0495
6.756	0.047
6.762	0.0495
6.768	0.0483
6.773	0.0468
6.779	0.0479
6.785	0.0485
6.791	0.0488
6.798	0.0481
6.803	0.0546
6.809	0.0496
6.815	0.0474
6.82	0.0485
6.826	0.0497
6.832	0.0503
6.838	0.0474
6.844	0.0499
6.849	0.0488
6.855	0.0476
6.861	0.0486
6.867	0.05
6.873	0.0492
6.878	0.0487
6.885	0.0476
6.891	0.0477
6.897	0.0488
6.902	0.0472
6.908	0.0485
6.914	0.0477
6.92	0.0492
6.926	0.0473
6.931	0.0495
6.937	0.047
6.943	0.0508
6.949	0.0479
6.954	0.0482
6.96	0.0482
6.966	0.0505
6.971	0.0513
6.977	0.0475
6.991	0.0388
6.997	0.0385
7.003	0.038
7.009	0.0398
7.014	0.0408
7.02	0.0379
7.026	0.0375
7.032	0.0389
7.037	0.0375
7.043	0.0382
7.049	0.038
7.063	0.0358
7.069	0.0386
7.075	0.0373
7.081	0.0371
7.087	0.0378
7.093	0.0376
7.098	0.0384
7.104	0.0377
7.11	0.037
7.116	0.0393
7.122	0.0378
7.128	0.0381
7.134	0.0361
7.14	0.0379
7.147	0.0372
7.152	0.0367
7.159	0.0376
7.165	0.0375
7.171	0.0389
7.177	0.0392
7.183	0.0371
7.196	0.0387
7.203	0.0377
7.209	0.0365
7.215	0.0379
7.221	0.0364
7.226	0.0396
7.232	0.0363
7.245	0.0381
7.251	0.0373
7.257	0.0359
7.263	0.0376
7.269	0.0383
7.274	0.0374
7.28	0.0378
7.287	0.0378
7.293	0.0397
7.299	0.0373
7.305	0.037
7.311	0.0367
7.317	0.0373
7.322	0.0372
7.328	0.0363
7.334	0.0376
7.34	0.0374
7.345	0.0406
7.352	0.0367
7.358	0.0364
7.364	0.0385
7.37	0.0385
7.378	0.0387
7.384	0.0382
7.39	0.0372
7.397	0.0375
7.404	0.0377
7.41	0.0373
7.415	0.0374
7.421	0.0385
7.427	0.0352
7.433	0.0381
7.438	0.0361
7.445	0.0367
7.45	0.0363
7.456	0.039
7.462	0.037
7.467	0.0358
7.473	0.0384
7.479	0.036
7.491	0.03
7.497	0.0287
7.503	0.0296
7.509	0.0294
7.514	0.029
7.52	0.0282
7.526	0.0277
7.532	0.0283
7.538	0.0284
7.543	0.0286
7.549	0.0282
7.562	0.0288
7.568	0.0292
7.574	0.028
7.58	0.0271
7.586	0.0292
7.593	0.0309
7.598	0.0299
7.605	0.0286
7.612	0.0269
7.617	0.0287
7.624	0.0282
7.629	0.0289
7.635	0.0281
7.642	0.0284
7.647	0.0294
7.654	0.0288
7.66	0.0286
7.665	0.028
7.671	0.0266
7.677	0.0298
7.683	0.0301
7.696	0.0293
7.702	0.0284
7.707	0.0291
7.713	0.0291
7.719	0.0308
7.725	0.028
7.732	0.0283
7.745	0.0295
7.751	0.0292
7.756	0.0287
7.762	0.0291
7.769	0.0289
7.776	0.0289
7.781	0.0276
7.787	0.029
7.793	0.0293
7.799	0.0284
7.804	0.0302
7.811	0.0302
7.817	0.0282
7.822	0.0283
7.828	0.029
7.835	0.0282
7.84	0.0291
7.847	0.0293
7.853	0.028
7.859	0.0286
7.864	0.0292
7.871	0.0278
7.877	0.0282
7.883	0.0289
7.889	0.0289
7.896	0.0283
7.902	0.0281
7.908	0.0291
7.914	0.0292
7.919	0.0276
7.925	0.0274
7.931	0.0272
7.937	0.0287
7.942	0.0286
7.948	0.0281
7.954	0.0301
7.959	0.0288
7.965	0.0269
7.971	0.0279
7.977	0.0305
7.982	0.0281
7.995	0.0229
8.	0.0229
8.006	0.0217
8.012	0.022
8.018	0.0225
8.023	0.0236
8.029	0.0235
8.035	0.0213
8.04	0.0218
8.046	0.0229
8.052	0.022
8.064	0.0223
8.07	0.0214
8.076	0.0224
8.082	0.0213
8.088	0.0221
8.094	0.0211
8.1	0.0226
8.105	0.0226
8.111	0.0207
8.118	0.0219
8.123	0.0224
8.129	0.0217
8.135	0.0212
8.14	0.0215
8.146	0.023
8.153	0.0239
8.159	0.0216
8.164	0.0234
8.17	0.0226
8.178	0.0222
8.183	0.0215
8.196	0.0217
8.203	0.0215
8.212	0.0216
8.218	0.0216
8.224	0.0225
8.23	0.0214
8.236	0.0224
8.248	0.0215
8.254	0.0225
8.26	0.0235
8.266	0.0223
8.272	0.0214
8.278	0.024
8.283	0.0218
8.289	0.0227
8.295	0.0224
8.301	0.0224
8.306	0.0218
8.313	0.0226
8.319	0.0232
8.325	0.0214
8.33	0.0217
8.336	0.0227
8.343	0.0227
8.351	0.0225
8.356	0.0233
8.362	0.0231
8.368	0.0236
8.374	0.0223
8.38	0.0236
8.386	0.0228
8.392	0.021
8.398	0.0209
8.404	0.0211
8.41	0.0215
8.416	0.0227
8.422	0.0218
8.427	0.0229
8.434	0.0226
8.44	0.021
8.445	0.0208
8.451	0.0218
8.458	0.0206
8.463	0.0227
8.47	0.0219
8.476	0.0228
8.482	0.0225
8.494	0.0174
8.501	0.017
8.507	0.0185
8.513	0.0174
8.519	0.0179
8.526	0.0166
8.532	0.0179
8.538	0.0174
8.544	0.0181
8.55	0.016
8.565	0.0172
8.572	0.0154
8.578	0.0168
8.583	0.0174
8.589	0.0172
8.596	0.0188
8.602	0.0176
8.608	0.0176
8.614	0.0173
8.62	0.0166
8.626	0.0166
8.633	0.0168
8.639	0.0173
8.645	0.0175
8.65	0.0155
8.656	0.017
8.662	0.0188
8.668	0.0174
8.673	0.018
8.679	0.0178
8.685	0.0178
8.698	0.0192
8.704	0.0173
8.709	0.0182
8.715	0.0178
8.721	0.0175
8.727	0.0173
8.733	0.0183
8.739	0.0167
8.751	0.0181
8.757	0.0168
8.763	0.0159
8.769	0.0166
8.774	0.016
8.78	0.0166
8.786	0.016
8.792	0.0152
8.797	0.0163
8.803	0.0174
8.809	0.0161
8.815	0.0177
8.82	0.0157
8.826	0.0169
8.832	0.0169
8.838	0.0173
8.843	0.0169
8.849	0.0166
8.855	0.018
8.861	0.0158
8.866	0.0175
8.872	0.0163
8.878	0.0164
8.884	0.0175
8.89	0.0179
8.895	0.0162
8.901	0.0158
8.907	0.0158
8.913	0.018
8.919	0.0169
8.925	0.017
8.93	0.017
8.936	0.0167
8.942	0.0173
8.948	0.0175
8.954	0.017
8.959	0.0171
8.965	0.017
8.971	0.0167
8.976	0.0179
8.982	0.017
8.994	0.0142
9.	0.0148
9.006	0.0133
9.012	0.0146
9.018	0.013
9.023	0.0134
9.029	0.0134
9.035	0.0128
9.04	0.0129
9.046	0.0137
9.052	0.0147
9.064	0.0135
9.07	0.0138
9.076	0.0136
9.082	0.0138
9.087	0.0134
9.093	0.0131
9.099	0.0136
9.105	0.0143
9.111	0.0138
9.117	0.0124
9.123	0.0142
9.129	0.0147
9.135	0.0138
9.14	0.0144
9.146	0.0144
9.152	0.0133
9.158	0.0137
9.164	0.0127
9.17	0.0142
9.177	0.0131
9.182	0.0146
9.189	0.0147
9.202	0.0138
9.208	0.0141
9.213	0.014
9.219	0.0144
9.225	0.0132
9.231	0.0141
9.236	0.013
9.251	0.014
9.256	0.0137
9.262	0.0135
9.268	0.0137
9.274	0.0142
9.279	0.0124
9.285	0.0147
9.291	0.014
9.296	0.0138
9.302	0.0133
9.308	0.0126
9.314	0.0134
9.319	0.0146
9.325	0.0142
9.331	0.0144
9.337	0.0131
9.342	0.0134
9.348	0.0151
9.354	0.013
9.359	0.0147
9.365	0.0153
9.372	0.0148
9.377	0.0133
9.384	0.0132
9.39	0.0133
9.396	0.0138
9.401	0.0147
9.407	0.0143
9.413	0.0137
9.419	0.0136
9.425	0.0141
9.432	0.0136
9.438	0.013
9.444	0.0121
9.449	0.0134
9.455	0.0141
9.461	0.0136
9.466	0.0149
9.472	0.0148
9.479	0.014
9.484	0.0134
9.497	0.0114
9.503	0.0108
9.508	0.0109
9.514	0.011
9.521	0.0117
9.526	0.0115
9.532	0.0114
9.538	0.0118
9.544	0.012
9.55	0.0111
9.565	0.0124
9.572	0.0117
9.578	0.0116
9.586	0.011
9.592	0.011
9.598	0.011
9.604	0.0108
9.61	0.0124
9.616	0.0113
9.622	0.0119
9.628	0.0117
9.633	0.0109
9.639	0.0112
9.645	0.0103
9.651	0.0105
9.657	0.0113
9.662	0.0108
9.668	0.0105
9.674	0.0114
9.68	0.0112
9.686	0.0108
9.691	0.0103
9.704	0.0113
9.711	0.0112
9.717	0.0114
9.722	0.012
9.729	0.0119
9.735	0.0112
9.741	0.0115
9.753	0.0105
9.76	0.0113
9.768	0.0108
9.773	0.0113
9.779	0.0117
9.785	0.0112
9.791	0.0107
9.797	0.0118
9.802	0.0119
9.808	0.0114
9.814	0.0102
9.82	0.0118
9.826	0.0119
9.831	0.0119
9.837	0.0117
9.843	0.0107
9.849	0.0118
9.854	0.0111
9.86	0.0108
9.866	0.0104
9.872	0.0122
9.877	0.0109
9.883	0.0115
9.889	0.011
9.894	0.012
9.901	0.0114
9.907	0.0111
9.913	0.0113
9.919	0.0108
9.925	0.0099
9.931	0.011
9.937	0.0118
9.942	0.0115
9.948	0.0117
9.954	0.0109
9.96	0.0106
9.966	0.0103
9.972	0.0121
9.977	0.0114
9.983	0.0122
9.997	0.0097
10.	0.0099
10.01	0.0103
10.01	0.0108
10.02	0.0085
10.03	0.0093
10.03	0.0097
10.04	0.0087
10.04	0.0091
10.05	0.0086
10.05	0.0092
10.07	0.0093
10.07	0.0095
10.08	0.009
10.08	0.0092
10.09	0.0089
10.1	0.0094
10.1	0.0087
10.11	0.0088
10.11	0.009
10.12	0.0098
10.12	0.0089
10.13	0.0094
10.14	0.01
10.14	0.0091
10.15	0.0096
10.15	0.0112
10.16	0.0105
10.17	0.0085
10.17	0.0103
10.18	0.0093
10.18	0.0095
10.19	0.0098
10.2	0.0094
10.21	0.0102
10.21	0.0104
10.22	0.0087
10.23	0.0093
10.23	0.01
10.24	0.0099
10.24	0.0099
10.26	0.0099
10.26	0.0109
10.27	0.009
10.27	0.0096
10.28	0.0091
10.28	0.0091
10.29	0.0087
10.3	0.0094
10.3	0.0088
10.31	0.0101
10.31	0.0109
10.32	0.0096
10.32	0.0103
10.33	0.0095
10.34	0.0095
10.34	0.0089
10.35	0.0088
10.35	0.0097
10.36	0.0107
10.37	0.0096
10.37	0.0084
10.38	0.0094
10.38	0.0094
10.39	0.0096
10.4	0.0097
10.4	0.0097
10.41	0.0095
10.41	0.0097
10.42	0.0092
10.43	0.0099
10.43	0.0095
10.44	0.0093
10.44	0.0084
10.45	0.0102
10.45	0.0097
10.46	0.0098
10.47	0.0086
10.47	0.0095
10.48	0.0092
10.48	0.0096
10.5	0.0082
10.5	0.0094
10.51	0.0085
10.51	0.0081
10.52	0.0078
10.53	0.0083
10.53	0.0084
10.54	0.0078
10.54	0.0072
10.55	0.0094
10.56	0.0081
10.57	0.0086
10.57	0.0068
10.58	0.0078
10.59	0.0077
10.59	0.0077
10.6	0.0086
10.6	0.008
10.61	0.008
10.62	0.0072
10.62	0.0079
10.63	0.008
10.63	0.0077
10.64	0.0089
10.65	0.0082
10.65	0.0105
10.66	0.0087
10.66	0.0086
10.67	0.0077
10.68	0.0088
10.68	0.0073
10.69	0.0077
10.69	0.0082
10.71	0.0086
10.71	0.0078
10.72	0.0073
10.72	0.0077
10.73	0.0077
10.74	0.0073
10.74	0.0083
10.76	0.0079
10.76	0.0077
10.77	0.0081
10.77	0.0084
10.78	0.0083
10.78	0.0086
10.79	0.0088
10.8	0.0075
10.8	0.0081
10.81	0.0082
10.81	0.0081
10.82	0.0089
10.83	0.008
10.83	0.0078
10.84	0.0083
10.84	0.0066
10.85	0.0086
10.85	0.0079
10.86	0.0085
10.87	0.0074
10.87	0.0082
10.88	0.0075
10.88	0.0083
10.89	0.0073
10.9	0.0093
10.9	0.0073
10.91	0.0076
10.91	0.0083
10.92	0.0071
10.93	0.0075
10.93	0.0081
10.94	0.0077
10.94	0.0094
10.95	0.0096
10.95	0.0083
10.96	0.0078
10.97	0.0081
10.97	0.0082
10.98	0.0071
10.98	0.0092
11.	0.0069
11.	0.0071
11.01	0.0062
11.01	0.0072
11.02	0.0077
11.03	0.0067
11.03	0.0068
11.04	0.0078
11.04	0.0068
11.05	0.0068
11.06	0.0064
11.07	0.0061
11.07	0.0068
11.08	0.0074
11.09	0.0068
11.09	0.0066
11.1	0.0067
11.1	0.0077
11.11	0.0071
11.12	0.0063
11.12	0.006
11.13	0.006
11.13	0.0074
11.14	0.0065
11.15	0.0081
11.15	0.0067
11.16	0.0067
11.16	0.008
11.17	0.008
11.18	0.0071
11.18	0.0078
11.19	0.0074
11.19	0.0071
11.21	0.0078
11.21	0.0076
11.22	0.0067
11.22	0.0067
11.23	0.0075
11.24	0.0067
11.24	0.0076
11.26	0.0056
11.26	0.0069
11.27	0.0071
11.27	0.008
11.28	0.0072
11.29	0.0064
11.29	0.0079
11.3	0.0072
11.3	0.0075
11.31	0.0079
11.31	0.0075
11.32	0.0074
11.33	0.0084
11.33	0.007
11.34	0.0064
11.34	0.0073
11.35	0.0083
11.35	0.0066
11.36	0.0066
11.37	0.007
11.37	0.0074
11.38	0.0074
11.38	0.0064
11.39	0.0077
11.39	0.0076
11.4	0.0073
11.41	0.0074
11.41	0.0071
11.42	0.0076
11.42	0.0067
11.43	0.0056
11.44	0.0069
11.44	0.0078
11.45	0.0063
11.46	0.007
11.46	0.0082
11.47	0.0072
11.47	0.0072
11.48	0.0069
11.48	0.0075
11.5	0.0091
11.5	0.0063
11.51	0.007
11.51	0.0067
11.52	0.0065
11.53	0.0066
11.53	0.0068
11.54	0.0069
11.54	0.0065
11.55	0.0062
11.55	0.0072
11.57	0.0058
11.57	0.0065
11.58	0.0064
11.58	0.0069
11.59	0.0068
11.6	0.0068
11.6	0.0067
11.61	0.0063
11.61	0.007
11.62	0.0058
11.63	0.0058
11.63	0.0058
11.64	0.0069
11.64	0.0072
11.65	0.0065
11.65	0.0051
11.66	0.0064
11.67	0.0072
11.67	0.0056
11.68	0.0071
11.68	0.0059
11.69	0.0064
11.7	0.0064
11.71	0.0069
11.71	0.0058
11.72	0.0073
11.73	0.0058
11.73	0.0058
11.74	0.0063
11.74	0.0074
11.76	0.0067
11.76	0.0066
11.77	0.0065
11.77	0.0064
11.78	0.0061
11.79	0.0069
11.79	0.0059
11.8	0.0062
11.8	0.006
11.81	0.0079
11.82	0.0067
11.82	0.0069
11.83	0.0074
11.83	0.0059
11.84	0.0066
11.85	0.0063
11.85	0.0063
11.86	0.0063
11.86	0.0067
11.87	0.0059
11.87	0.0061
11.88	0.007
11.89	0.0055
11.89	0.0062
11.9	0.0066
11.9	0.0073
11.91	0.0077
11.92	0.0066
11.92	0.0061
11.93	0.0061
11.93	0.006
11.94	0.0063
11.95	0.0079
11.95	0.007
11.96	0.0062
11.96	0.0078
11.97	0.0074
11.97	0.0068
11.98	0.0064
11.99	0.0063
12.	0.0062
12.	0.0053
12.01	0.006
12.02	0.0058
12.02	0.005
12.03	0.0056
12.03	0.0054
12.04	0.0066
12.04	0.007
12.05	0.0059
12.06	0.0041
12.07	0.0046
12.07	0.0052
12.08	0.0061
12.09	0.0059
12.09	0.0054
12.1	0.0055
12.1	0.0061
12.11	0.0056
12.11	0.004
12.12	0.0065
12.13	0.0061
12.13	0.0073
12.14	0.0057
12.15	0.0054
12.15	0.0064
12.16	0.0058
12.16	0.0056
12.17	0.006
12.17	0.0055
12.18	0.0052
12.19	0.0058
12.19	0.0068
12.2	0.006
12.21	0.0061
12.22	0.0063
12.22	0.0061
12.23	0.0054
12.23	0.0064
12.24	0.005
12.25	0.0054
12.26	0.0061
12.26	0.0059
12.27	0.0065
12.28	0.0052
12.28	0.0069
12.29	0.0059
12.29	0.0062
12.3	0.0057
12.3	0.0057
12.31	0.0067
12.32	0.0056
12.32	0.0064
12.33	0.0059
12.33	0.006
12.34	0.0072
12.35	0.0059
12.35	0.0062
12.36	0.0061
12.36	0.0064
12.37	0.0074
12.37	0.0054
12.38	0.0057
12.39	0.0064
12.39	0.0076
12.4	0.0067
12.4	0.0062
12.41	0.0066
12.42	0.0055
12.42	0.0058
12.43	0.0063
12.43	0.0058
12.44	0.006
12.44	0.0066
12.45	0.0052
12.46	0.0068
12.46	0.0062
12.47	0.0064
12.47	0.0058
12.48	0.0069
12.48	0.0051
12.5	0.0056
12.5	0.0054
12.51	0.0054
12.52	0.006
12.52	0.0063
12.53	0.0049
12.53	0.005
12.54	0.006
12.55	0.0055
12.55	0.0053
12.56	0.0066
12.57	0.0051
12.58	0.006
12.58	0.0047
12.59	0.0059
12.59	0.005
12.6	0.0061
12.6	0.0049
12.61	0.0061
12.62	0.0053
12.62	0.0056
12.63	0.0047
12.63	0.0052
12.64	0.0063
12.65	0.0052
12.65	0.0054
12.66	0.005
12.66	0.0053
12.67	0.0049
12.68	0.0055
12.68	0.0056
12.69	0.0065
12.69	0.0061
12.7	0.0059
12.71	0.0062
12.72	0.0046
12.72	0.0056
12.73	0.0058
12.74	0.0057
12.74	0.005
12.75	0.0051
12.76	0.0059
12.77	0.0035
12.77	0.0053
12.78	0.0054
12.78	0.0055
12.79	0.0064
12.79	0.006
12.8	0.0048
12.81	0.0055
12.81	0.0065
12.82	0.0056
12.82	0.0066
12.83	0.0055
12.83	0.0058
12.84	0.0055
12.85	0.0048
12.85	0.0055
12.86	0.0052
12.86	0.0054
12.87	0.0047
12.88	0.0043
12.88	0.0062
12.89	0.0068
12.89	0.0069
12.9	0.0064
12.91	0.006
12.91	0.006
12.92	0.0052
12.92	0.0055
12.93	0.0063
12.93	0.0051
12.94	0.0067
12.95	0.0053
12.95	0.007
12.96	0.0054
12.96	0.0065
12.97	0.0055
12.97	0.0064
12.98	0.0062
12.99	0.0064
13.	0.0058
13.01	0.0052
13.01	0.0058
13.02	0.0052
13.02	0.0052
13.03	0.0043
13.03	0.0056
13.04	0.0059
13.05	0.0038
13.05	0.0041
13.06	0.0048
13.07	0.0046
13.08	0.0051
13.08	0.0062
13.09	0.0051
13.09	0.0055
13.1	0.0059
13.1	0.0063
13.11	0.0057
13.12	0.0041
13.12	0.0049
13.13	0.0047
13.13	0.0055
13.14	0.0059
13.15	0.0055
13.15	0.0062
13.16	0.0055
13.16	0.005
13.17	0.0056
13.17	0.0051
13.18	0.0054
13.19	0.0051
13.19	0.0059
13.2	0.0056
13.2	0.0057
13.21	0.0053
13.22	0.0053
13.23	0.0055
13.23	0.0048
13.24	0.0057
13.24	0.0055
13.26	0.0053
13.27	0.0056
13.27	0.0041
13.28	0.0045
13.29	0.0057
13.29	0.0051
13.3	0.0059
13.3	0.0047
13.31	0.0058
13.31	0.0055
13.32	0.0053
13.33	0.0065
13.33	0.0059
13.34	0.0058
13.34	0.0045
13.35	0.0069
13.35	0.0052
13.36	0.0056
13.37	0.005
13.37	0.0054
13.38	0.0048
13.38	0.0062
13.39	0.0063
13.39	0.0064
13.4	0.0047
13.41	0.0051
13.41	0.0059
13.42	0.0058
13.42	0.0059
13.43	0.0056
13.43	0.0063
13.44	0.0055
13.45	0.0055
13.45	0.0057
13.46	0.0066
13.46	0.0059
13.47	0.0071
13.48	0.0053
13.48	0.006
13.49	0.0058
13.5	0.0044
13.51	0.0059
13.51	0.0056
13.52	0.0052
13.53	0.0045
13.53	0.0055
13.54	0.0052
13.54	0.0054
13.55	0.004
13.55	0.0062
13.56	0.0055
13.57	0.0051
13.58	0.0052
13.58	0.0061
13.59	0.0049
13.6	0.0059
13.6	0.0064
13.61	0.0051
13.61	0.0045
13.62	0.006
13.62	0.0046
13.63	0.0047
13.64	0.004
13.64	0.0053
13.65	0.0063
13.65	0.0047
13.66	0.0054
13.67	0.0052
13.67	0.0054
13.68	0.0053
13.68	0.0054
13.69	0.0053
13.7	0.0056
13.7	0.0054
13.72	0.0051
13.72	0.0048
13.73	0.005
13.73	0.0059
13.74	0.0057
13.74	0.0058
13.75	0.0063
13.76	0.0056
13.77	0.0064
13.77	0.0044
13.78	0.0059
13.79	0.0047
13.79	0.0049
13.8	0.0053
13.8	0.0044
13.81	0.0056
13.81	0.0059
13.82	0.0058
13.83	0.0044
13.83	0.0052
13.84	0.0057
13.84	0.0053
13.85	0.0059
13.86	0.0048
13.86	0.0061
13.87	0.0058
13.87	0.0063
13.88	0.0047
13.88	0.0066
13.89	0.0061
13.9	0.0038
13.9	0.0054
13.91	0.0047
13.91	0.0052
13.92	0.0057
13.93	0.0052
13.93	0.0046
13.94	0.0056
13.94	0.0051
13.95	0.0063
13.95	0.005
13.96	0.0049
13.97	0.006
13.97	0.0062
13.98	0.006
13.98	0.0052
13.99	0.0044
14.	0.0065
14.01	0.004
14.01	0.0055
14.02	0.0048
14.02	0.0055
14.03	0.0058
14.04	0.005
14.04	0.0036
14.05	0.0053
14.05	0.0048
14.06	0.0037
14.07	0.0046
14.08	0.0058
14.08	0.0051
14.09	0.0059
14.1	0.0055
14.1	0.0049
14.11	0.0054
14.11	0.0052
14.12	0.0054
14.12	0.0056
14.13	0.0058
14.14	0.0045
14.14	0.0049
14.15	0.0045
14.15	0.0046
14.16	0.0055
14.17	0.0062
14.17	0.0062
14.18	0.0062
14.18	0.004
14.19	0.0045
14.19	0.0053
14.2	0.0053
14.21	0.0053
14.22	0.0051
14.22	0.0057
14.23	0.0046
14.24	0.0056
14.24	0.0053
14.25	0.0044
14.25	0.0057
14.27	0.0058
14.27	0.0051
14.28	0.0049
14.28	0.0049
14.29	0.0041
14.3	0.0043
14.3	0.0054
14.31	0.0046
14.31	0.0052
14.32	0.0056
14.32	0.0053
14.33	0.0048
14.34	0.0058
14.34	0.006
14.35	0.005
14.35	0.0059
14.36	0.0048
14.37	0.0041
14.37	0.0058
14.38	0.0062
14.38	0.0066
14.39	0.005
14.39	0.0049
14.4	0.006
14.41	0.0055
14.41	0.006
14.42	0.0052
14.42	0.0061
14.43	0.0053
14.43	0.0053
14.44	0.0062
14.45	0.006
14.45	0.0061
14.46	0.0054
14.46	0.0059
14.47	0.004
14.48	0.0054
14.48	0.0058
14.49	0.0055
14.5	0.0048
14.51	0.0051
14.51	0.0048
14.52	0.005
14.52	0.0043
14.53	0.0057
14.54	0.0053
14.54	0.0051
14.55	0.005
14.55	0.0048
14.56	0.0056
14.57	0.0052
14.58	0.0045
14.59	0.0047
14.59	0.0048
14.6	0.0045
14.6	0.0049
14.61	0.0045
14.61	0.0052
14.62	0.0051
14.63	0.0047
14.63	0.0052
14.64	0.0046
14.64	0.0042
14.65	0.0059
14.66	0.0053
14.66	0.0037
14.67	0.0042
14.67	0.0048
14.68	0.0041
14.68	0.0054
14.69	0.0049
14.7	0.0054
14.7	0.0049
14.71	0.0043
14.72	0.0053
14.73	0.0058
14.73	0.006
14.74	0.0044
14.74	0.0039
14.75	0.0059
14.75	0.0055
14.77	0.005
14.77	0.0049
14.78	0.0046
14.78	0.0037
14.79	0.005
14.8	0.0049
14.8	0.0046
14.81	0.0045
14.81	0.0055
14.82	0.0061
14.82	0.0053
14.83	0.0059
14.84	0.0049
14.84	0.0056
14.85	0.0061
14.85	0.0058
14.86	0.0056
14.87	0.0048
14.87	0.0056
14.88	0.0051
14.88	0.0049
14.89	0.006
14.9	0.0047
14.9	0.0049
14.91	0.0048
14.91	0.0062
14.92	0.0055
14.92	0.0057
14.93	0.0054
14.94	0.0054
14.94	0.0052
14.95	0.0048
14.95	0.0059
14.96	0.006
14.97	0.0041
14.97	0.0059
14.98	0.0051
14.98	0.0049
14.99	0.0051
15.	0.0058
15.01	0.0045
15.01	0.0049
15.02	0.0057
15.02	0.0058
15.03	0.0045
15.04	0.0064
15.04	0.0059
15.05	0.0049
15.05	0.0052
15.06	0.005
15.07	0.005
15.08	0.0056
15.08	0.0045
15.09	0.0052
15.1	0.0056
15.1	0.0048
15.11	0.0042
15.11	0.0045
15.12	0.0057
15.12	0.0056
15.13	0.005
15.14	0.0055
15.14	0.0051
15.15	0.0049
15.15	0.0047
15.16	0.004
15.16	0.005
15.17	0.0061
15.18	0.0046
15.18	0.0038
15.19	0.0039
15.19	0.0042
15.2	0.0061
15.21	0.0046
15.22	0.0051
15.23	0.006
15.23	0.0054
15.24	0.0062
15.24	0.0047
15.25	0.0051
15.25	0.0043
15.27	0.0047
15.27	0.0051
15.28	0.0045
15.28	0.0051
15.29	0.0061
15.3	0.0059
15.3	0.0053
15.31	0.0048
15.31	0.0059
15.32	0.0061
15.32	0.0052
15.33	0.0043
15.34	0.0051
15.34	0.0053
15.35	0.0055
15.35	0.0061
15.36	0.0059
15.37	0.005
15.37	0.0053
15.38	0.0056
15.38	0.0038
15.39	0.005
15.39	0.0058
15.4	0.0054
15.4	0.0046
15.41	0.0052
15.42	0.0049
15.42	0.0046
15.43	0.0056
15.43	0.0052
15.44	0.0059
15.45	0.0065
15.45	0.0065
15.46	0.005
15.46	0.0058
15.47	0.0056
15.47	0.0055
15.48	0.0059
15.49	0.0037
15.49	0.0056
15.5	0.0055
15.51	0.004
15.52	0.0052
15.52	0.0048
15.53	0.0057
15.53	0.0059
15.54	0.0053
15.55	0.0046
15.55	0.0053
15.56	0.0049
15.56	0.0046
15.58	0.0055
15.58	0.005
15.59	0.0047
15.59	0.0045
15.6	0.0048
15.61	0.0054
15.61	0.0053
15.62	0.0057
15.62	0.0043
15.63	0.0049
15.63	0.0041
15.64	0.0045
15.65	0.0048
15.65	0.0044
15.66	0.0042
15.66	0.0053
15.67	0.006
15.67	0.0057
15.68	0.005
15.69	0.0047
15.69	0.0058
15.7	0.0045
15.7	0.0046
15.71	0.0058
15.72	0.0053
15.73	0.006
15.73	0.0053
15.74	0.0049
15.75	0.0046
15.75	0.0049
15.76	0.0066
15.77	0.0061
15.78	0.0043
15.78	0.0054
15.79	0.0058
15.79	0.0068
15.8	0.0043
15.8	0.0048
15.81	0.005
15.82	0.0057
15.82	0.0057
15.83	0.0052
15.83	0.0064
15.84	0.0043
15.84	0.0053
15.85	0.0052
15.86	0.0067
15.86	0.0056
15.87	0.0058
15.87	0.0066
15.88	0.0063
15.89	0.0064
15.89	0.0055
15.9	0.0057
15.9	0.0058
15.91	0.0051
15.91	0.0066
15.92	0.0055
15.93	0.0058
15.93	0.0053
15.94	0.0056
15.94	0.0053
15.95	0.0054
15.96	0.0063
15.96	0.0054
15.97	0.0057
15.97	0.0062
15.98	0.0066
15.98	0.005
15.99	0.0059
16.	0.005
16.01	0.0049
16.01	0.0044
16.02	0.0051
16.03	0.0063
16.03	0.006
16.04	0.0048
16.04	0.0046
16.05	0.004
16.05	0.005
16.06	0.0058
16.07	0.0053
16.08	0.0057
16.09	0.0052
16.09	0.005
16.1	0.0052
16.1	0.0054
16.11	0.0061
16.11	0.0054
16.12	0.0044
16.13	0.0055
16.13	0.0047
16.14	0.005
16.14	0.0053
16.15	0.0051
16.15	0.0052
16.16	0.0056
16.17	0.0058
16.17	0.0059
16.18	0.0052
16.18	0.0055
16.19	0.0052
16.19	0.0059
16.2	0.0048
16.21	0.0064
16.21	0.0058
16.22	0.0057
16.23	0.0053
16.24	0.0064
16.24	0.0061
16.25	0.0055
16.25	0.0058
16.26	0.006
16.27	0.0069
16.28	0.0061
16.28	0.0046
16.29	0.0052
16.3	0.0053
16.3	0.0048
16.31	0.0041
16.31	0.0066
16.32	0.0051
16.32	0.0066
16.33	0.0057
16.34	0.005
16.34	0.005
16.35	0.0054
16.35	0.006
16.36	0.0058
16.36	0.005
16.37	0.0054
16.38	0.0058
16.38	0.0057
16.39	0.0063
16.39	0.006
16.4	0.006
16.4	0.0062
16.41	0.007
16.42	0.0061
16.42	0.0055
16.43	0.0057
16.43	0.0068
16.44	0.0059
16.44	0.0063
16.45	0.0062
16.46	0.0061
16.46	0.0074
16.47	0.0071
16.47	0.0061
16.48	0.006
16.49	0.0058
16.49	0.0059
16.5	0.0058
16.51	0.0048
16.52	0.0059
16.52	0.005
16.53	0.0054
16.53	0.0054
16.54	0.0055
16.55	0.0054
16.55	0.0056
16.56	0.0049
16.56	0.006
16.58	0.0043
16.58	0.006
16.59	0.0053
16.59	0.0066
16.6	0.0051
16.6	0.0065
16.61	0.007
16.62	0.0045
16.62	0.0054
16.63	0.007
16.63	0.0051
16.64	0.0054
16.65	0.0061
16.65	0.0063
16.66	0.0062
16.66	0.005
16.67	0.0055
16.68	0.0057
16.68	0.0066
16.69	0.0066
16.69	0.0057
16.7	0.0061
16.71	0.0058
16.71	0.0061
16.72	0.0049
16.73	0.0063
16.74	0.0064
16.74	0.0057
16.75	0.0063
16.75	0.0061
16.76	0.006
16.77	0.0058
16.78	0.0053
16.79	0.0068
16.79	0.006
16.8	0.007
16.8	0.0071
16.81	0.0062
16.82	0.0062
16.82	0.0064
16.83	0.0049
16.83	0.0072
16.84	0.0062
16.85	0.0055
16.85	0.0062
16.86	0.0075
16.86	0.0072
16.87	0.0062
16.87	0.0059
16.88	0.007
16.89	0.0066
16.89	0.006
16.9	0.0072
16.9	0.0066
16.91	0.0062
16.92	0.0063
16.92	0.0067
16.93	0.0058
16.93	0.0065
16.94	0.0085
16.95	0.0076
16.95	0.0066
16.96	0.0077
16.96	0.0064
16.97	0.0065
16.98	0.0069
16.98	0.0072
16.99	0.0069
16.99	0.0073
17.01	0.0055
17.01	0.0059
17.02	0.0068
17.02	0.0073
17.03	0.0073
17.03	0.0053
17.04	0.0064
17.05	0.0066
17.05	0.0067
17.06	0.0061
17.06	0.0062
17.08	0.0065
17.08	0.0077
17.09	0.0064
17.09	0.0071
17.1	0.0055
17.11	0.0069
17.11	0.0058
17.12	0.0071
17.12	0.0068
17.13	0.0066
17.14	0.0061
17.14	0.0068
17.15	0.0067
17.15	0.0067
17.16	0.0062
17.16	0.0074
17.17	0.0064
17.18	0.0058
17.18	0.008
17.19	0.0066
17.19	0.0065
17.2	0.0058
17.21	0.0081
17.21	0.0072
17.22	0.0075
17.23	0.008
17.24	0.0061
17.24	0.0063
17.25	0.0057
17.25	0.0082
17.26	0.0071
17.27	0.0076
17.28	0.0071
17.28	0.0077
17.29	0.0067
17.3	0.0064
17.3	0.0078
17.31	0.007
17.31	0.0071
17.32	0.0076
17.32	0.0086
17.33	0.0074
17.34	0.0073
17.34	0.007
17.35	0.0082
17.35	0.0078
17.36	0.0068
17.37	0.0083
17.37	0.0089
17.38	0.0088
17.38	0.008
17.39	0.0085
17.39	0.0077
17.4	0.0082
17.41	0.0086
17.41	0.0081
17.42	0.0067
17.42	0.0085
17.43	0.0078
17.44	0.0083
17.44	0.0088
17.45	0.0078
17.45	0.0091
17.46	0.008
17.46	0.0071
17.47	0.0076
17.48	0.009
17.48	0.0087
17.49	0.0076
17.49	0.0083
17.51	0.0073
17.51	0.0062
17.52	0.0065
17.52	0.0078
17.53	0.0071
17.54	0.0076
17.54	0.008
17.55	0.008
17.55	0.0077
17.56	0.0079
17.57	0.0073
17.58	0.0071
17.58	0.0073
17.59	0.008
17.6	0.008
17.6	0.0084
17.61	0.0078
17.61	0.0088
17.62	0.0079
17.62	0.0087
17.63	0.0092
17.64	0.0086
17.64	0.0082
17.65	0.0097
17.65	0.0086
17.66	0.008
17.67	0.009
17.67	0.0082
17.68	0.0085
17.68	0.0092
17.69	0.0084
17.7	0.0091
17.7	0.0091
17.71	0.0083
17.71	0.0089
17.73	0.0093
17.73	0.0091
17.74	0.0084
17.74	0.0093
17.75	0.0091
17.76	0.0101
17.76	0.0097
17.77	0.009
17.78	0.0102
17.78	0.0091
17.79	0.01
17.8	0.0087
17.8	0.009
17.81	0.0096
17.81	0.0087
17.82	0.0091
17.82	0.01
17.83	0.0096
17.84	0.0101
17.84	0.0095
17.85	0.0107
17.85	0.0096
17.86	0.0095
17.87	0.0101
17.87	0.0096
17.88	0.0101
17.88	0.01
17.89	0.0097
17.89	0.0109
17.9	0.01
17.91	0.0108
17.91	0.0104
17.92	0.0109
17.92	0.0104
17.93	0.011
17.93	0.0109
17.94	0.0104
17.95	0.0102
17.95	0.0108
17.96	0.0109
17.96	0.0114
17.97	0.0114
17.98	0.012
17.98	0.0107
17.99	0.0124
17.99	0.0117
18.01	0.0089
18.01	0.0108
18.02	0.0094
18.02	0.009
18.03	0.0097
18.04	0.0104
18.04	0.0097
18.05	0.0098
18.05	0.0104
18.06	0.0101
18.06	0.0108
18.08	0.0109
18.08	0.0116
18.09	0.0104
18.09	0.0097
18.1	0.0106
18.11	0.0114
18.11	0.0115
18.12	0.012
18.12	0.0111
18.13	0.0121
18.14	0.0111
18.14	0.0114
18.15	0.0126
18.15	0.0129
18.16	0.0122
18.17	0.0124
18.17	0.0121
18.18	0.0113
18.18	0.0124
18.19	0.0126
18.2	0.0108
18.2	0.013
18.21	0.0123
18.21	0.0131
18.23	0.0123
18.23	0.0122
18.24	0.0121
18.24	0.0118
18.25	0.0142
18.25	0.0127
18.26	0.0125
18.27	0.0135
18.28	0.0123
18.28	0.0136
18.29	0.0129
18.3	0.0131
18.3	0.0145
18.31	0.0142
18.31	0.0137
18.32	0.0139
18.33	0.0147
18.33	0.013
18.34	0.0151
18.34	0.0136
18.35	0.0148
18.35	0.0148
18.36	0.0143
18.37	0.0145
18.37	0.0167
18.38	0.016
18.38	0.0147
18.39	0.0158
18.4	0.015
18.4	0.0164
18.41	0.016
18.41	0.0157
18.42	0.0159
18.42	0.0169
18.43	0.0161
18.44	0.0166
18.44	0.0179
18.45	0.0158
18.45	0.0168
18.46	0.017
18.46	0.017
18.47	0.0175
18.48	0.0181
18.48	0.0182
18.49	0.0171
18.49	0.018
18.51	0.0143
18.51	0.015
18.52	0.0145
18.52	0.0159
18.53	0.0158
18.54	0.0165
18.54	0.015
18.55	0.0151
18.55	0.015
18.56	0.0158
18.57	0.015
18.58	0.016
18.58	0.0157
18.59	0.0162
18.6	0.0169
18.6	0.0163
18.61	0.0167
18.61	0.016
18.62	0.0183
18.62	0.0187
18.63	0.0165
18.64	0.0165
18.64	0.017
18.65	0.0176
18.65	0.0175
18.66	0.0169
18.66	0.0176
18.67	0.0176
18.68	0.0193
18.68	0.0186
18.69	0.0169
18.69	0.0182
18.7	0.0197
18.7	0.0205
18.71	0.0195
18.72	0.0189
18.73	0.0181
18.73	0.021
18.74	0.02
18.75	0.0198
18.75	0.0206
18.76	0.0231
18.77	0.0202
18.78	0.0214
18.78	0.0213
18.79	0.0198
18.8	0.0221
18.8	0.0211
18.81	0.0233
18.81	0.0229
18.82	0.0224
18.82	0.0223
18.83	0.0232
18.84	0.0247
18.84	0.0245
18.85	0.0235
18.85	0.0255
18.86	0.0231
18.86	0.0235
18.87	0.0235
18.88	0.0265
18.88	0.0243
18.89	0.0256
18.89	0.0255
18.9	0.0258
18.9	0.0259
18.91	0.026
18.92	0.0271
18.92	0.0258
18.93	0.0262
18.93	0.0252
18.94	0.0294
18.95	0.0274
18.95	0.0285
18.96	0.0293
18.96	0.0275
18.97	0.0278
18.97	0.0297
18.98	0.0292
18.99	0.0286
18.99	0.0287
19.01	0.0236
19.01	0.023
19.02	0.024
19.02	0.0249
19.03	0.0259
19.03	0.0257
19.04	0.0237
19.05	0.0246
19.05	0.0264
19.06	0.0294
19.06	0.0258
19.08	0.0281
19.08	0.0266
19.09	0.0276
19.09	0.0267
19.1	0.0274
19.11	0.029
19.11	0.0273
19.12	0.0329
19.12	0.0285
19.13	0.029
19.14	0.0298
19.14	0.0327
19.15	0.0292
19.15	0.0306
19.16	0.0303
19.17	0.0326
19.17	0.0297
19.18	0.0316
19.18	0.0313
19.19	0.0309
19.19	0.034
19.2	0.0334
19.21	0.0324
19.21	0.0343
19.22	0.0348
19.23	0.0346
19.24	0.0334
19.24	0.036
19.25	0.0334
19.25	0.0374
19.26	0.0398
19.27	0.0404
19.28	0.0349
19.28	0.0389
19.29	0.0389
19.3	0.0385
19.3	0.037
19.31	0.0413
19.31	0.0408
19.32	0.0382
19.32	0.039
19.33	0.0411
19.34	0.0434
19.34	0.0407
19.35	0.042
19.35	0.041
19.36	0.044
19.37	0.0443
19.37	0.0451
19.38	0.0424
19.38	0.045
19.39	0.0461
19.4	0.0471
19.4	0.0461
19.41	0.0481
19.42	0.0474
19.42	0.0533
19.43	0.0479
19.43	0.0521
19.44	0.0489
19.44	0.0529
19.45	0.0506
19.46	0.0484
19.46	0.0505
19.47	0.0498
19.47	0.0517
19.48	0.0532
19.49	0.0523
19.49	0.0519
19.51	0.0439
19.51	0.045
19.52	0.0425
19.53	0.0403
19.53	0.0428
19.54	0.0429
19.54	0.0436
19.55	0.0452
19.55	0.0443
19.56	0.048
19.57	0.0446
19.58	0.0479
19.59	0.0457
19.59	0.0503
19.6	0.0477
19.6	0.0485
19.61	0.0499
19.61	0.0542
19.62	0.0496
19.63	0.0522
19.63	0.051
19.64	0.0516
19.64	0.0535
19.65	0.052
19.65	0.0528
19.66	0.0562
19.67	0.0537
19.67	0.0564
19.68	0.0567
19.68	0.0568
19.69	0.058
19.69	0.0633
19.7	0.0579
19.71	0.0576
19.71	0.0589
19.72	0.0635
19.73	0.0602
19.74	0.0611
19.74	0.0642
19.75	0.0618
19.75	0.0644
19.76	0.0621
19.77	0.0688
19.78	0.0685
19.79	0.0682
19.79	0.0662
19.8	0.0724
19.8	0.0702
19.81	0.0693
19.82	0.0715
19.82	0.0734
19.83	0.0751
19.83	0.0829
19.84	0.0745
19.85	0.0726
19.85	0.0789
19.86	0.0772
19.86	0.0775
19.87	0.0811
19.87	0.0848
19.88	0.0803
19.89	0.0872
19.89	0.0834
19.9	0.0848
19.9	0.0867
19.91	0.0907
19.91	0.0867
19.92	0.0848
19.93	0.0934
19.93	0.088
19.94	0.1013
19.94	0.0896
19.95	0.0866
19.95	0.0958
19.96	0.0996
19.97	0.093
19.97	0.0984
19.98	0.0961
19.98	0.0953
19.99	0.101
19.99	0.1012
20.01	0.0766
20.01	0.0813
20.02	0.0841
20.02	0.0762
20.03	0.0802
20.04	0.0781
20.04	0.0807
20.05	0.0874
20.05	0.0839
20.06	0.0848
20.07	0.0848
20.08	0.0858
20.08	0.0859
20.09	0.088
20.1	0.0873
20.1	0.0906
20.11	0.0921
20.11	0.0918
20.12	0.0915
20.12	0.0975
20.13	0.0945
20.14	0.1009
20.14	0.0998
20.15	0.1037
20.15	0.0997
20.16	0.1019
20.17	0.0994
20.17	0.1078
20.18	0.1068
20.19	0.0865
20.2	0.0866
20.2	0.0823
20.21	0.0839
20.21	0.0849
20.22	0.0861
20.23	0.0852
20.24	0.0873
20.24	0.0887
20.25	0.0894
20.25	0.0908
20.26	0.0896
20.27	0.0956
20.28	0.0967
20.29	0.101
20.29	0.1032
20.3	0.0806
20.31	0.0781
20.31	0.081
20.32	0.08
20.33	0.0781
20.33	0.0814
20.34	0.0814
20.35	0.0804
20.35	0.0806
20.36	0.0872
20.37	0.0894
20.37	0.0866
20.38	0.0954
20.38	0.0887
20.39	0.0877
20.4	0.0922
20.4	0.0915
20.41	0.0931
20.41	0.0932
20.42	0.093
20.43	0.0964
20.43	0.0981
20.44	0.0966
20.44	0.1009
20.45	0.0987
20.46	0.104
20.46	0.1026
20.47	0.0801
20.48	0.0828
20.49	0.0815
20.49	0.0823
20.5	0.0799
20.5	0.085
20.51	0.0831
20.52	0.085
20.52	0.0862
20.53	0.0889
20.53	0.0842
20.54	0.089
20.54	0.0934
20.55	0.0884
20.56	0.0911
20.57	0.0956
20.58	0.0961
20.59	0.0972
20.59	0.1008
20.6	0.0986
20.6	0.1037
20.61	0.1015
20.62	0.0837
20.63	0.0806
20.64	0.0846
20.64	0.0807
20.65	0.0827
20.65	0.0831
20.66	0.0854
20.67	0.0846
20.67	0.085
20.68	0.0881
20.68	0.0906
20.69	0.0872
20.69	0.0928
20.7	0.0875
20.71	0.0939
20.71	0.0898
20.72	0.0911
20.73	0.0997
20.74	0.0996
20.75	0.1012
20.75	0.0985
20.76	0.1025
20.77	0.1027
20.78	0.0799
20.78	0.0809
20.79	0.0836
20.8	0.0809
20.8	0.0848
20.81	0.0855
20.81	0.0854
20.82	0.0858
20.83	0.0895
20.83	0.0937
20.84	0.092
20.84	0.0944
20.85	0.0935
20.85	0.092
20.86	0.0979
20.87	0.0965
20.88	0.0966
20.88	0.0944
20.89	0.0993
20.9	0.0977
20.9	0.1011
20.91	0.1007
20.92	0.0844
20.93	0.0815
20.93	0.0808
20.94	0.0821
20.94	0.0833
20.95	0.0822
20.96	0.0864
20.96	0.0921
20.97	0.0893
20.97	0.0928
20.98	0.0877
20.99	0.0896
20.99	0.0928
21.	0.0922
21.	0.1003
21.01	0.0948
21.01	0.0937
21.02	0.0953
21.03	0.0974
21.03	0.0999
21.04	0.0949
21.05	0.0983
21.06	0.1008
21.07	0.1022
21.09	0.0873
21.1	0.0881
21.1	0.0867
21.11	0.0873
21.11	0.0885
21.12	0.092
21.13	0.0897
21.13	0.0893
21.14	0.0952
21.14	0.0902
21.15	0.0911
21.16	0.0922
21.16	0.0926
21.17	0.1016
21.17	0.0971
21.18	0.0971
21.18	0.1035
21.19	0.0984
21.2	0.1025
21.22	0.1101
21.23	0.0868
21.23	0.0812
21.24	0.0821
21.25	0.0882
21.25	0.0868
21.26	0.0873
21.26	0.0892
21.27	0.0904
21.28	0.0906
21.28	0.091
21.29	0.0931
21.29	0.0941
21.3	0.0999
21.3	0.1001
21.31	0.0963
21.32	0.0968
21.32	0.104
21.33	0.0953
21.33	0.1034
21.34	0.0977
21.35	0.1037
21.35	0.1056
21.37	0.081
21.38	0.0838
21.39	0.0899
21.4	0.0923
21.4	0.087
21.41	0.0846
21.42	0.0864
21.42	0.0897
21.43	0.0869
21.43	0.0898
21.44	0.0928
21.45	0.0958
21.45	0.0936
21.46	0.0943
21.46	0.0958
21.47	0.1005
21.47	0.0984
21.48	0.1029
21.49	0.1001
21.5	0.0805
21.5	0.077
21.51	0.08
21.52	0.0817
21.52	0.0781
21.53	0.0803
21.54	0.0836
21.55	0.0836
21.56	0.0847
21.57	0.092
21.57	0.0892
21.58	0.0902
21.59	0.0959
21.59	0.0921
21.6	0.0946
21.61	0.0939
21.61	0.093
21.62	0.0977
21.62	0.1012
21.63	0.0978
21.64	0.1032
21.64	0.1111
21.65	0.0783
21.66	0.0823
21.67	0.0786
21.68	0.0806
21.69	0.0865
21.69	0.0857
21.7	0.0869
21.71	0.0898
21.72	0.0889
21.72	0.0895
21.73	0.0944
21.73	0.0909
21.74	0.0918
21.74	0.0937
21.75	0.0946
21.76	0.0988
21.76	0.0961
21.77	0.1013
21.77	0.1022
21.79	0.0831
21.79	0.0767
21.8	0.0818
21.8	0.0799
21.81	0.0782
21.81	0.0807
21.82	0.0842
21.83	0.0867
21.84	0.0854
21.85	0.0859
21.85	0.0851
21.86	0.0929
21.87	0.089
21.88	0.0935
21.88	0.0987
21.89	0.0901
21.89	0.0925
21.9	0.0966
21.91	0.0924
21.91	0.0949
21.92	0.0954
21.92	0.0994
21.93	0.0986
21.93	0.1005
21.94	0.1023
21.95	0.0833
21.96	0.0787
21.96	0.0846
21.97	0.0812
21.98	0.0823
21.98	0.0845
21.99	0.0876
22.	0.0899
22.01	0.0911
22.01	0.0901
22.02	0.0991
22.02	0.0911
22.04	0.0954
22.04	0.0956
22.05	0.0947
22.05	0.0994
22.06	0.0992
22.07	0.0983
22.07	0.1005
22.08	0.1034
22.1	0.0791
22.1	0.0813
22.11	0.0814
22.11	0.0833
22.12	0.082
22.13	0.09
22.13	0.0865
22.14	0.0909
22.14	0.0896
22.15	0.0867
22.15	0.0897
22.16	0.092
22.17	0.0937
22.18	0.0906
22.18	0.0966
22.19	0.0941
22.2	0.0974
22.21	0.0949
22.21	0.1016
22.22	0.1006
22.23	0.0793
22.24	0.0819
22.24	0.0824
22.25	0.0822
22.26	0.0821
22.26	0.0844
22.27	0.0846
22.27	0.0874
22.28	0.0859
22.29	0.088
22.29	0.0856
22.3	0.089
22.3	0.0907
22.32	0.0935
22.32	0.0897
22.33	0.0945
22.34	0.0934
22.34	0.0946
22.35	0.1102
22.36	0.0994
22.37	0.1013
22.37	0.1029
22.38	0.0838
22.39	0.0817
22.4	0.0855
22.4	0.0828
22.41	0.0865
22.42	0.083
22.42	0.0839
22.43	0.0843
22.43	0.0878
22.44	0.0872
22.45	0.0911
22.45	0.0919
22.46	0.0917
22.47	0.0915
22.47	0.0904
22.48	0.0972
22.49	0.0977
22.49	0.0972
22.5	0.0986
22.51	0.1028
22.51	0.1008
22.53	0.0806
22.54	0.0844
22.54	0.0815
22.55	0.0825
22.56	0.084
22.56	0.0863
22.57	0.0832
22.57	0.0841
22.59	0.0938
22.59	0.0894
22.6	0.0909
22.6	0.0902
22.61	0.0947
22.61	0.0963
22.62	0.091
22.63	0.0997
22.64	0.0969
22.64	0.0965
22.65	0.1017
22.66	0.0988
22.67	0.1052
22.68	0.1002
22.69	0.0835
22.69	0.0831
22.7	0.089
22.71	0.0847
22.71	0.086
22.72	0.0823
22.72	0.0837
22.73	0.0917
22.74	0.0872
22.74	0.0907
22.75	0.0909
22.75	0.0972
22.76	0.0933
22.76	0.0918
22.77	0.0968
22.78	0.0924
22.78	0.0952
22.79	0.0948
22.79	0.094
22.8	0.1015
22.81	0.0963
22.81	0.1076
22.82	0.1009
22.84	0.0784
22.85	0.0865
22.86	0.0862
22.87	0.0914
22.88	0.0882
22.88	0.0894
22.89	0.0878
22.89	0.0925
22.9	0.0936
22.91	0.0939
22.91	0.0942
22.92	0.0944
22.92	0.0959
22.93	0.0942
22.94	0.0928
22.94	0.1011
22.95	0.0981
22.95	0.1043
22.96	0.0983
22.96	0.1064
22.97	0.1054
22.98	0.0823
23.	0.0818
23.01	0.0868
23.02	0.0891
23.02	0.0877
23.03	0.086
23.04	0.0894
23.05	0.0907
23.05	0.0942
23.06	0.0908
23.06	0.0967
23.07	0.0923
23.08	0.097
23.08	0.0976
23.09	0.0998
23.09	0.0983
23.1	0.0984
23.1	0.1021
23.11	0.0995
23.12	0.1041
23.12	0.1059
23.13	0.0838
23.15	0.0847
23.16	0.0864
23.17	0.0917
23.17	0.092
23.18	0.0865
23.18	0.0899
23.19	0.0896
23.2	0.0873
23.2	0.0895
23.21	0.0907
23.22	0.0923
23.22	0.0963
23.23	0.0946
23.24	0.0989
23.24	0.0998
23.25	0.0987
23.25	0.1004
23.26	0.1085
23.27	0.082
23.28	0.079
23.28	0.0839
23.29	0.0828
23.3	0.0827
23.3	0.0835
23.31	0.0875
23.32	0.0888
23.33	0.0936
23.34	0.0892
23.34	0.0938
23.35	0.0955
23.35	0.0939
23.36	0.0971
23.37	0.092
23.37	0.0971
23.38	0.102
23.38	0.1077
23.4	0.0787
23.41	0.0834
23.42	0.0815
23.42	0.0837
23.43	0.0808
23.43	0.0815
23.44	0.0863
23.45	0.0829
23.45	0.0831
23.46	0.086
23.46	0.0895
23.47	0.0904
23.49	0.088
23.5	0.088
23.5	0.0975
23.51	0.0978
23.52	0.0924
23.52	0.0954
23.53	0.0981
23.53	0.0987
23.54	0.0963
23.54	0.1024
23.55	0.1049
23.56	0.0914
23.57	0.0783
23.58	0.0843
23.59	0.0801
23.59	0.0845
23.6	0.0851
23.6	0.0833
23.61	0.0829
23.61	0.083
23.62	0.0905
23.63	0.0857
23.64	0.0889
23.64	0.0938
23.66	0.0913
23.66	0.0933
23.67	0.093
23.68	0.0938
23.68	0.0967
23.69	0.0974
23.69	0.1028
23.7	0.1012
23.71	0.0787
23.72	0.0781
23.72	0.0777
23.73	0.0819
23.74	0.0867
23.75	0.0845
23.75	0.0874
23.76	0.0854
23.76	0.0847
23.77	0.0923
23.78	0.0879
23.78	0.0912
23.8	0.0933
23.8	0.0985
23.81	0.0941
23.82	0.094
23.83	0.098
23.83	0.0986