1.6e-10 infty 2.25 9.14062 1231 0 0 1281 0 0
1.6e-10 infty 2.26562 9.15625 1287 0 0 1110 0 0
1.6e-10 infty 1.92188 9.09375 1277 0 0 1335 0 0
1.6e-10 infty 1.90625 9.07812 1253 0 0 1312 0 0
1.6e-10 infty 2.5625 9.17188 1153 0 0 1170 0 0
1.6e-10 infty 2.23438 9.125 1222 0 0 1273 0 0
1.6e-10 infty 2.23438 9.125 1207 0 236793622 1227 0 0
1.6e-10 infty 1.96875 9.17188 1177 0 0 1187 0 0
1.6e-10 infty 2.39062 9.125 1224 0 0 1280 0 0
1.6e-10 24.8281 1.95312 9.15625 1204 0 406251931 1232 0 0
1.6e-10 infty 2.89062 9.20312 1093 0 0 1168 0 0
1.6e-10 infty 2.29688 9.21875 1122 0 0 1121 0 0
1.6e-10 infty 2.46875 9.26562 1117 0 0 1087 0 0
1.6e-10 infty 1.98438 9.1875 1097 0 0 1188 0 0
1.6e-10 infty 2.79688 9.0625 1405 0 183542068 1363 0 0
1.6e-10 infty 2.42188 9.1875 1180 0 0 1143 0 0
1.6e-10 24.3281 2.42188 9.1875 872 0 466148126 882 0 0
1.6e-10 infty 2.48438 9.34375 1066 15 206206732 1029 0 0
1.6e-10 infty 1.90625 9.07812 1333 0 0 1294 0 0
1.6e-10 infty 2.25 9.14062 1268 0 0 1219 0 0
1.6e-10 infty 2.23438 9.125 1296 0 0 1267 0 0
1.6e-10 infty 1.9375 9.10938 1274 0 0 1249 0 0
1.6e-10 infty 2.28125 9.20312 1115 0 0 1081 0 0
1.6e-10 infty 1.96875 9.15625 1168 0 0 1136 0 0
1.6e-10 infty 2.04688 9.07812 1352 0 0 1354 0 0
1.6e-10 infty 2.21875 9.09375 1337 0 0 1296 0 0
1.6e-10 infty 1.96875 9.1875 1161 0 0 1213 0 0
1.6e-10 infty 2.3125 9.25 1061 0 0 1116 0 0
1.6e-10 infty 2.34375 9.0625 1385 0 0 1343 0 0
1.6e-10 infty 2.20312 9.07812 1300 0 0 1324 0 0
1.6e-10 infty 1.90625 9.0625 1360 0 0 1374 0 0
1.6e-10 infty 1.95312 9.15625 1202 0 0 1221 0 0
1.6e-10 infty 2.35938 9.07812 1327 0 0 1349 0 13668459
1.6e-10 infty 1.92188 9.09375 1299 527 214824507 1242 0 0
1.6e-10 infty 2.20312 9.07812 1316 0 0 1359 0 209795954
1.6e-10 infty 2.73438 9.1875 1135 0 0 1145 0 0
1.6e-10 infty 2.76562 9.26562 1069 0 0 1077 0 0
1.6e-10 infty 2.23438 9.10938 1256 0 0 1185 0 0
1.6e-10 infty 2.03125 9.3125 1024 0 0 1037 0 0
1.6e-10 infty 2.8125 9.07812 1339 0 0 1277 0 0
1.6e-10 infty 2.34375 9.0625 1354 0 0 1351 0 0
1.6e-10 infty 2 9.21875 1123 0 0 1124 40 29036656
1.6e-10 infty 2.01562 9.28125 1038 0 0 1053 0 0
1.6e-10 infty 2.04688 9.0625 1355 0 0 1299 0 0
1.6e-10 24.7656 2.42188 9.17188 1142 0 0 1125 0 442084234
1.6e-10 25.3125 2.375 9.09375 1268 0 0 1217 362 267859793
1.6e-10 infty 2.03125 9.29688 1070 0 0 1094 0 0
1.6e-10 24.75 2.82812 9.10938 1243 0 0 1266 0 451485856
1.6e-10 infty 2.34375 9.35938 1028 0 0 1002 0 0
1.6e-10 infty 1.96875 9.17188 1180 0 0 1167 0 0
1.6e-10 infty 2.375 9.10938 1269 0 0 1218 0 0
1.6e-10 infty 2.42188 9.1875 1151 0 0 1166 0 0
1.6e-10 infty 2.73438 9.20312 1156 0 0 1134 0 0
1.6e-10 infty 2.04688 9.0625 1301 0 0 1368 0 0
1.6e-10 infty 2.82812 9.10938 1313 0 0 1301 0 0
1.6e-10 infty 2.51562 9.09375 1326 0 0 1278 0 0
1.6e-10 infty 2.5625 9.15625 1180 0 0 1193 0 0
1.6e-10 infty 2.21875 9.09375 1315 0 0 1255 0 0
1.6e-10 infty 2.01562 9.28125 1036 0 0 1056 0 0
1.6e-10 infty 1.95312 9.15625 1168 0 0 1216 0 0
1.6e-10 infty 2.26562 9.17188 1171 0 0 1150 0 0
1.6e-10 infty 1.96875 9.1875 1096 0 0 1160 0 0
1.6e-10 infty 2.28125 9.1875 1180 0 0 1174 0 0
1.6e-10 infty 2.45312 9.25 1165 0 0 1064 0 0
1.6e-10 infty 2.23438 9.10938 1214 0 0 1320 0 0
1.6e-10 infty 1.9375 9.10938 1281 0 0 1288 0 0
1.6e-10 infty 2.51562 9.09375 1328 0 0 1331 0 0
1.6e-10 infty 2.4375 9.21875 1133 0 0 1171 0 0
1.6e-10 infty 2.82812 9.10938 1262 0 0 1254 0 0
1.6e-10 infty 2.8125 9.07812 1354 0 0 1342 0 0
1.6e-10 infty 1.89062 9.32812 1093 0 0 1063 0 0
1.6e-10 infty 2.04688 9.0625 1353 0 0 1319 0 0
1.6e-10 23.6719 1.92188 9.10938 386 0 0 393 120 379617325
1.6e-10 infty 2.75 9.23438 1086 0 0 1051 0 0
1.6e-10 infty 2.25 9.125 1298 0 0 1235 0 0
1.6e-10 infty 2.84375 9.14062 1233 0 0 1192 0 0
1.6e-10 infty 1.95312 9.15625 1166 0 0 1208 0 0
1.6e-10 infty 2.4375 9.1875 1199 0 0 1144 0 0
1.6e-10 infty 2.78125 9.3125 1023 0 0 1020 0 0
1.6e-10 23.4531 2.01562 9.25 345 0 0 313 0 396851851
1.6e-10 infty 2.375 9.09375 1267 0 0 1292 0 0
1.6e-10 infty 2.26562 9.17188 1181 0 0 1151 0 0
1.6e-10 infty 2.48438 9.35938 1051 0 0 994 0 0
1.6e-10 infty 2.04688 9.07812 1290 0 0 1312 0 0
1.6e-10 infty 2.23438 9.10938 1237 0 0 1246 0 0
1.6e-10 infty 2.34375 9.34375 1045 0 0 1066 0 0
1.6e-10 23.7344 1.98438 9.21875 489 0 0 484 0 462684238
1.6e-10 infty 1.95312 9.15625 1201 0 0 1187 0 0
1.6e-10 infty 2.875 9.17188 1161 0 0 1178 0 0
1.6e-10 infty 2.4375 9.21875 1123 0 0 1088 0 0
1.6e-10 23.6875 2.75 9.21875 477 0 0 478 0 496839495
1.6e-10 infty 1.89062 9.375 1007 0 0 1022 0 0
1.6e-10 infty 2.85938 9.14062 1207 0 0 1214 0 0
1.6e-10 infty 2.01562 9.28125 1082 0 0 1083 0 0
1.6e-10 infty 1.90625 9.07812 1323 0 0 1361 0 0
1.6e-10 infty 2.01562 9.26562 1108 0 0 1083 0 0
1.6e-10 infty 1.98438 9.20312 1157 0 0 1141 0 0
1.6e-10 infty 2.23438 9.10938 1251 0 0 1194 0 0
1.6e-10 infty 2.29688 9.23438 1141 0 0 1120 0 0
1.6e-10 infty 1.98438 9.21875 1135 0 0 1131 0 0
1.6e-10 infty 2.01562 9.25 1065 0 0 1013 0 0
1.6e-10 infty 2.28125 9.20312 1114 0 0 1111 0 0
1.6e-10 infty 2.73438 9.1875 1189 0 0 1171 0 0
1.6e-10 infty 2.23438 9.10938 1299 0 0 1263 0 0
1.6e-10 infty 2.46875 9.28125 1043 0 0 1069 0 0
1.6e-10 infty 2.46875 9.25 1026 0 0 1078 0 0
1.6e-10 infty 2.21875 9.09375 1320 0 0 1304 0 0
1.6e-10 infty 1.96875 9.17188 1152 0 0 1156 0 0
1.6e-10 infty 1.98438 9.20312 1155 0 0 1127 0 0
1.6e-10 25.2812 2.375 9.10938 1261 0 281757583 1178 0 0
1.6e-10 infty 2.4375 9.20312 1113 0 0 1128 0 0
1.6e-10 infty 2.40625 9.15625 1246 0 0 1197 0 0
1.6e-10 infty 2.39062 9.125 1282 0 0 1221 0 0
1.6e-10 24.5625 2.51562 9.09375 943 0 0 948 222 447278957
1.6e-10 infty 1.89062 9.0625 1337 0 0 1351 0 0
1.6e-10 infty 2.03125 9.29688 1004 0 0 1109 0 0
1.6e-10 infty 2.28125 9.20312 1148 0 0 1103 0 0
1.6e-10 infty 1.96875 9.17188 1187 0 0 1168 0 0
1.6e-10 infty 2.01562 9.28125 1041 0 0 1036 0 0
1.6e-10 infty 2.73438 9.1875 1167 0 0 1135 0 0
1.6e-10 infty 2.4375 9.20312 1121 0 0 1156 0 0
1.6e-10 infty 2.35938 9.09375 1333 0 0 1313 0 0
1.6e-10 infty 1.95312 9.15625 1184 0 0 1208 0 0
1.6e-10 infty 1.89062 9.0625 1378 0 0 1350 0 0
1.6e-10 infty 2.26562 9.15625 1227 0 0 1162 0 0
1.6e-10 infty 2.375 9.10938 1228 0 0 1223 0 0
1.6e-10 infty 2.32812 9.3125 1028 0 0 1108 0 0
1.6e-10 infty 1.96875 9.1875 1131 0 0 1154 0 0
1.6e-10 infty 1.92188 9.10938 1272 0 0 1245 0 0
1.6e-10 infty 2.89062 9.21875 1124 0 0 1078 0 0
1.6e-10 infty 2.78125 9.29688 1008 0 0 1021 0 0
1.6e-10 infty 2.01562 9.28125 1049 0 158711602 1112 0 0
1.6e-10 infty 2.4375 9.1875 1181 0 0 1131 0 0
1.6e-10 infty 2.32812 9.3125 1062 0 0 1062 0 0
1.6e-10 infty 2.34375 9.35938 1041 0 0 1018 0 0
1.6e-10 infty 1.875 9.32812 999 0 0 1028 0 0
1.6e-10 infty 1.95312 9.14062 1196 0 0 1250 0 3099014
1.6e-10 infty 2.34375 9.35938 1016 0 0 1003 0 0
1.6e-10 infty 2.5625 9.15625 1219 0 0 1162 0 0
1.6e-10 25.1562 1.92188 9.09375 1302 656 339687179 1300 0 0
1.6e-10 infty 2.54688 9.14062 1198 0 0 1148 0 0
1.6e-10 infty 1.90625 9.07812 1323 0 0 1350 0 0
1.6e-10 infty 2.25 9.15625 1171 0 0 1209 0 0
1.6e-10 infty 2.40625 9.14062 1250 0 38244768 1186 0 0
1.6e-10 infty 2.29688 9.21875 1129 0 0 1072 355 123872252
1.6e-10 infty 2.01562 9.26562 1135 0 0 1148 0 0
1.6e-10 infty 2.34375 9.0625 1294 0 0 1320 0 0
1.6e-10 infty 2.75 9.23438 1155 0 0 1068 0 0
1.6e-10 infty 1.92188 9.09375 1317 0 0 1225 0 0
1.6e-10 infty 1.89062 9.375 1045 0 0 1048 0 0
1.6e-10 infty 2.3125 9.25 1062 0 0 1107 0 0
1.6e-10 infty 1.96875 9.15625 1223 0 0 1189 0 0
1.6e-10 infty 2.04688 9.07812 1289 0 0 1303 0 0
1.6e-10 infty 2.5625 9.17188 1229 0 0 1196 0 0
1.6e-10 infty 2 9.21875 1180 0 0 1065 0 0
1.6e-10 infty 2.79688 9.0625 1286 0 0 1371 0 0
1.6e-10 infty 2.01562 9.25 1054 0 0 1073 0 0
1.6e-10 infty 1.96875 9.15625 1284 0 0 1205 0 0
1.6e-10 infty 2.45312 9.23438 1088 0 0 1076 0 0
1.6e-10 24.8906 1.9375 9.125 1260 0 0 1286 0 372116579
1.6e-10 infty 1.98438 9.1875 1167 0 0 1140 0 0
1.6e-10 infty 2.8125 9.07812 1329 0 0 1323 0 0
1.6e-10 24.0312 1.89062 9.57812 548 0 409645006 591 0 0
1.6e-10 infty 2.53125 9.10938 1224 0 0 1259 0 0
1.6e-10 infty 1.92188 9.10938 1234 0 0 1255 0 0
1.6e-10 infty 2.34375 9.0625 1352 0 0 1322 0 0
1.6e-10 infty 2.46875 9.29688 1064 0 0 1068 0 0
1.6e-10 infty 2.73438 9.20312 1206 0 0 1181 0 0
1.6e-10 infty 2.3125 9.26562 1081 0 0 1062 0 0
1.6e-10 infty 2 9.21875 1062 0 0 1131 0 0
1.6e-10 infty 2.42188 9.17188 1148 0 0 1146 0 0
1.6e-10 infty 2.25 9.14062 1232 0 0 1246 0 0
1.6e-10 infty 2.42188 9.17188 1184 0 0 1148 0 0
1.6e-10 infty 2.875 9.17188 1145 0 0 1169 0 0
1.6e-10 infty 2.29688 9.21875 1096 0 0 1114 0 0
1.6e-10 infty 2.45312 9.23438 1097 0 0 1036 0 0
1.6e-10 infty 2.89062 9.21875 1193 0 0 1127 0 0
1.6e-10 infty 1.9375 9.125 1251 0 0 1265 0 0
1.6e-10 infty 2.25 9.14062 1223 0 0 1237 0 0
1.6e-10 infty 1.9375 9.14062 1203 0 0 1170 0 0
1.6e-10 infty 1.98438 9.20312 1070 0 0 1177 0 0
1.6e-10 infty 2.375 9.10938 1277 0 0 1201 0 0
1.6e-10 infty 1.95312 9.15625 1218 0 0 1247 0 0
1.6e-10 infty 2.01562 9.26562 1091 0 0 1059 0 0
1.6e-10 infty 2.34375 9.35938 1030 0 0 1043 0 0
1.6e-10 24.75 2.25 9.14062 1211 0 0 1259 0 456148717
1.6e-10 infty 2.48438 9.29688 1082 0 0 1087 0 0
1.6e-10 infty 2.35938 9.07812 1285 0 0 1312 0 0
1.6e-10 infty 2.29688 9.21875 1161 0 0 1112 0 0
1.6e-10 infty 2.03125 9.29688 1051 0 0 1054 0 0
1.6e-10 infty 2.53125 9.125 1216 0 0 1239 0 0
1.6e-10 infty 2.54688 9.14062 1162 0 0 1227 0 0
1.6e-10 infty 1.90625 9.07812 1357 0 0 1313 0 0
1.6e-10 infty 2.04688 9.35938 953 0 0 1074 0 0
1.6e-10 infty 2.75 9.21875 1177 0 0 1102 0 0
1.6e-10 infty 1.9375 9.125 1199 0 0 1184 0 0
1.6e-10 infty 2.73438 9.1875 1149 0 0 1152 0 0
1.6e-10 infty 1.90625 9.07812 1297 0 0 1332 0 0
1.6e-10 infty 2.54688 9.14062 1275 0 0 1235 0 0
1.6e-10 infty 1.89062 9.34375 1079 0 0 1016 0 0
1.6e-10 infty 1.98438 9.20312 1139 0 0 1065 0 0
1.6e-10 infty 2.84375 9.125 1256 0 0 1229 0 0
1.6e-10 infty 1.89062 9.32812 1061 0 0 971 0 0
1.6e-10 infty 1.89062 9.34375 1020 0 0 1108 0 0
1.6e-10 infty 1.89062 9.34375 1084 0 0 1006 0 0
1.6e-10 infty 2.39062 9.10938 1235 0 0 1300 0 0
1.6e-10 infty 2.3125 9.26562 1040 0 0 1064 0 0
1.6e-10 infty 2.4375 9.1875 1121 0 0 1085 0 0
1.6e-10 infty 2.3125 9.25 1106 0 0 1060 0 0
1.6e-10 infty 2.375 9.09375 1310 0 0 1279 0 0
1.6e-10 infty 2.375 9.09375 1233 0 0 1329 0 0
1.6e-10 infty 2.26562 9.15625 1239 0 0 1206 0 0
1.6e-10 infty 1.9375 9.125 1280 0 0 1276 0 0
1.6e-10 infty 2.5 9.0625 1360 0 0 1295 0 0
1.6e-10 infty 2.03125 9.29688 1030 0 0 1108 0 0
1.6e-10 24.2656 2.45312 9.23438 616 0 0 643 0 384282263
1.6e-10 infty 2.25 9.15625 1222 0 0 1149 0 0
1.6e-10 infty 2.73438 9.21875 1148 0 0 1169 0 0
1.6e-10 infty 1.96875 9.17188 1183 0 0 1180 0 0
1.6e-10 infty 2.23438 9.10938 1190 0 0 1261 0 0
1.6e-10 infty 2.26562 9.17188 1207 0 0 1188 0 0
1.6e-10 infty 1.89062 9.39062 982 0 0 1027 0 0
1.6e-10 infty 2.26562 9.15625 1181 0 0 1182 0 0
1.6e-10 infty 2.46875 9.26562 1057 0 0 1097 0 0
1.6e-10 infty 1.92188 9.10938 1264 0 0 1257 0 0
1.6e-10 infty 1.89062 9.0625 1313 0 0 1391 0 0
1.6e-10 infty 2.32812 9.34375 1075 0 0 1010 0 0
1.6e-10 infty 2.21875 9.09375 1221 0 0 1334 0 0
1.6e-10 infty 1.96875 9.17188 1166 0 0 1243 0 0
1.6e-10 infty 2.375 9.09375 1237 0 0 1256 0 0
1.6e-10 infty 2.3125 9.25 1046 0 0 1112 0 0
1.6e-10 infty 2.28125 9.20312 1161 0 0 1043 0 0
1.6e-10 infty 2.40625 9.14062 1216 0 0 1227 0 0
1.6e-10 infty 2 9.25 1073 0 0 1082 0 0
1.6e-10 infty 2.71875 9.17188 1146 0 0 1191 0 0
1.6e-10 infty 2 9.21875 1125 0 0 1191 0 0
1.6e-10 infty 1.92188 9.09375 1398 0 0 1315 0 0
1.6e-10 infty 2.21875 9.09375 1236 0 0 1334 123 196123462
1.6e-10 infty 2 9.23438 1062 0 0 1057 0 0
1.6e-10 infty 2.51562 9.07812 1295 0 0 1240 0 0
1.6e-10 infty 2.25 9.14062 1199 0 0 1142 0 0
1.6e-10 infty 2.25 9.14062 1195 0 0 1228 0 0
1.6e-10 infty 2.53125 9.125 1163 0 0 1218 0 0
1.6e-10 infty 2.42188 9.17188 1171 0 0 1163 0 0
1.6e-10 23.2812 2.35938 9.07812 309 0 381169739 317 0 0
1.6e-10 infty 2.01562 9.25 1020 0 0 1120 0 0
1.6e-10 24.4062 2.78125 9.3125 791 0 0 718 0 416609370
1.6e-10 infty 2.04688 9.35938 1009 0 0 1010 0 0
1.6e-10 infty 2.5625 9.15625 1193 0 0 1189 0 0
1.6e-10 infty 2.4375 9.20312 1177 0 0 1167 0 0
1.6e-10 infty 2.35938 9.07812 1236 0 0 1346 0 0
1.6e-10 infty 2.89062 9.20312 1148 0 0 1166 0 0
1.6e-10 infty 2.4375 9.20312 1148 0 0 1111 0 0
1.6e-10 infty 2.4375 9.21875 1139 0 0 1143 0 0
1.6e-10 infty 2.75 9.25 1108 0 0 1123 0 0
1.6e-10 infty 1.98438 9.20312 1146 0 0 1154 0 0
1.6e-10 infty 2.34375 9.07812 1375 0 0 1327 0 0
1.6e-10 25.2344 2.29688 9.23438 1099 1285 299544176 1132 0 0
1.6e-10 infty 2.5625 9.15625 1217 0 0 1214 0 0
1.6e-10 infty 2.25 9.14062 1237 0 0 1161 0 0
1.6e-10 infty 1.90625 9.07812 1298 0 0 1296 0 0
1.6e-10 infty 1.98438 9.20312 1086 0 0 1146 0 0
1.6e-10 infty 1.92188 9.10938 1270 0 0 1305 0 0
1.6e-10 infty 2.76562 9.28125 1047 0 0 1043 19 192067824
1.6e-10 24.7188 2.51562 9.09375 1313 0 0 1305 0 471980704
1.6e-10 24.7656 1.95312 9.15625 1155 918 449110285 1143 0 0
1.6e-10 25.3281 2.03125 9.32812 1008 0 0 1137 531 266599292
1.6e-10 infty 2.32812 9.3125 1021 0 0 1002 0 0
1.6e-10 infty 2 9.21875 1138 0 59580074 1224 0 0
1.6e-10 infty 2.26562 9.15625 1127 0 0 1186 0 0
1.6e-10 infty 2.73438 9.20312 1165 0 0 1134 0 2952334
1.6e-10 infty 2.23438 9.10938 1311 0 0 1280 0 0
1.6e-10 infty 2.28125 9.20312 1216 0 0 1156 0 0
1.6e-10 infty 2.78125 9.3125 1008 0 0 1002 0 0
1.6e-10 infty 2.21875 9.09375 1294 0 0 1322 0 0
1.6e-10 infty 2.375 9.09375 1280 0 0 1259 0 0
1.6e-10 infty 2.04688 9.35938 1043 0 0 1060 0 0
1.6e-10 infty 2.35938 9.07812 1287 0 0 1301 0 0
1.6e-10 infty 1.92188 9.09375 1306 0 0 1291 0 0
1.6e-10 infty 2.75 9.23438 1149 0 0 1142 0 0
1.6e-10 infty 1.89062 9.375 1054 0 0 1019 0 0
1.6e-10 infty 2.78125 9.32812 992 0 0 997 0 0
1.6e-10 infty 2 9.23438 1150 0 0 1116 0 0
1.6e-10 infty 2.03125 9.34375 1021 0 0 980 0 0
1.6e-10 infty 2.76562 9.26562 1048 0 0 1076 0 0
1.6e-10 infty 2.79688 9.57812 1376 0 0 1333 0 0
1.6e-10 infty 2.3125 9.26562 1073 0 0 1082 0 0
1.6e-10 infty 2.20312 9.07812 1251 0 0 1289 0 0
1.6e-10 infty 2.25 9.14062 1247 0 0 1262 0 0
1.6e-10 infty 2.8125 9.09375 1239 0 0 1331 0 0
1.6e-10 infty 2.25 9.14062 1213 0 0 1253 0 0
1.6e-10 infty 1.9375 9.125 1304 0 0 1244 0 0
1.6e-10 infty 2.04688 9.07812 1299 0 0 1365 0 0
1.6e-10 infty 2.48438 9.32812 1033 0 0 1059 0 0
1.6e-10 infty 2.01562 9.28125 1040 0 0 1096 0 0
1.6e-10 infty 2.5 9.0625 1381 0 0 1394 0 0
1.6e-10 infty 2.32812 9.3125 1111 0 0 968 0 0
1.6e-10 infty 1.95312 9.15625 1191 0 0 1239 0 0
1.6e-10 infty 2.85938 9.15625 1194 0 0 1280 0 0
1.6e-10 infty 2.42188 9.17188 1121 0 127720388 1195 0 0
1.6e-10 infty 1.89062 9.34375 1035 0 0 1028 0 0
1.6e-10 infty 2.20312 9.07812 1268 0 0 1291 0 0
1.6e-10 infty 2 9.23438 1109 0 0 1144 0 0
1.6e-10 infty 2.25 9.14062 1191 0 0 1220 0 0
1.6e-10 infty 2 9.25 1134 0 0 1086 0 0
1.6e-10 infty 1.90625 9.07812 1397 0 0 1313 0 0
1.6e-10 infty 2.28125 9.20312 1165 0 0 1094 0 0
1.6e-10 infty 2.46875 9.26562 1041 0 0 1107 0 0
1.6e-10 infty 2 9.21875 1096 0 0 1176 0 0
1.6e-10 infty 1.92188 9.09375 1321 0 0 1344 0 0
1.6e-10 infty 2.28125 9.1875 1208 0 0 1097 0 0
1.6e-10 infty 2.5 9.0625 1384 0 0 1271 0 0
1.6e-10 infty 2.53125 9.10938 1298 0 0 1346 0 0
1.6e-10 infty 1.89062 9.0625 1379 0 0 1383 0 0
1.6e-10 infty 2.40625 9.15625 1228 0 0 1175 0 0
1.6e-10 infty 2.29688 9.20312 1056 0 0 1130 0 0
1.6e-10 infty 1.9375 9.125 1245 0 0 1289 0 0
1.6e-10 infty 2.01562 9.26562 1048 0 0 1107 0 0
1.6e-10 infty 2.40625 9.15625 1194 0 0 1203 0 0
1.6e-10 infty 2.04688 9.0625 1317 0 0 1337 0 0
1.6e-10 infty 2.82812 9.10938 1186 0 0 1280 0 0
1.6e-10 infty 2.21875 9.09375 1306 0 0 1299 0 0
1.6e-10 infty 2.48438 9.32812 1026 0 0 1056 0 0
1.6e-10 infty 2.23438 9.10938 1203 0 95699396 1226 0 0
1.6e-10 infty 2.5625 9.15625 1186 0 0 1197 0 0
1.6e-10 infty 1.9375 9.125 1200 0 0 1223 1002 51498001
1.6e-10 infty 2.53125 9.10938 1279 0 0 1267 0 0
1.6e-10 infty 2.5625 9.15625 1188 0 0 1207 0 0
1.6e-10 infty 2.40625 9.14062 1240 0 0 1218 0 23807392
1.6e-10 infty 1.9375 9.125 1221 0 0 1270 0 0
1.6e-10 infty 2.5 9.07812 1309 0 0 1277 0 0
1.6e-10 infty 2.23438 9.125 1219 0 0 1205 0 0
1.6e-10 infty 1.92188 9.10938 1310 0 0 1228 0 0
1.6e-10 infty 1.89062 9.0625 1382 0 0 1333 0 0
1.6e-10 infty 1.9375 9.125 1235 0 0 1262 0 0
1.6e-10 infty 2.21875 9.09375 1299 0 0 1324 0 0
1.6e-10 infty 2.5 9.07812 1284 0 0 1355 0 0
1.6e-10 infty 1.92188 9.09375 1325 0 0 1333 0 0
1.6e-10 infty 2.34375 9.35938 1015 0 2248757 973 0 0
1.6e-10 infty 2 9.21875 1122 0 0 1156 0 0
1.6e-10 infty 2.26562 9.17188 1168 0 0 1179 0 0
1.6e-10 infty 2.23438 9.10938 1311 0 0 1272 0 0
1.6e-10 infty 2.28125 9.1875 1191 0 0 1090 0 0
1.6e-10 infty 2.29688 9.21875 1127 0 0 1122 0 0
1.6e-10 infty 2.39062 9.125 1237 0 0 1264 0 0
1.6e-10 23.5469 2.53125 9.10938 405 0 0 445 484 460870185
1.6e-10 infty 1.92188 9.09375 1284 0 0 1269 0 0
1.6e-10 infty 2.26562 9.17188 1222 0 0 1135 0 0
1.6e-10 infty 1.96875 9.17188 1157 0 0 1199 0 0
1.6e-10 25.2812 2.875 9.17188 1099 0 0 1172 0 285314921
1.6e-10 infty 2.76562 9.26562 1078 0 0 1083 0 0
1.6e-10 infty 2.03125 9.32812 1044 0 0 975 0 0
1.6e-10 infty 1.90625 9.0625 1403 0 0 1365 0 0
1.6e-10 infty 2.01562 9.26562 1067 0 0 1117 0 0
1.6e-10 infty 2.21875 9.09375 1313 0 0 1339 0 0
1.6e-10 infty 2.03125 9.3125 1001 0 0 1055 0 239106279
1.6e-10 infty 2.35938 9.07812 1250 0 0 1254 0 0
1.6e-10 infty 1.90625 9.09375 1348 0 0 1284 0 0
1.6e-10 infty 2.4375 9.20312 1104 0 0 1129 0 0
1.6e-10 infty 2.23438 9.10938 1298 0 0 1295 0 0
1.6e-10 infty 1.96875 9.17188 1142 0 0 1202 0 0
1.6e-10 infty 2.3125 9.26562 1079 0 0 1103 0 0
1.6e-10 infty 2.40625 9.14062 1246 0 0 1213 0 0
1.6e-10 infty 2.04688 9.0625 1311 0 0 1346 0 0
1.6e-10 infty 2.5 9.07812 1335 0 0 1390 0 0
1.6e-10 infty 2.25 9.14062 1185 0 0 1219 0 0
1.6e-10 infty 2.79688 9.0625 1329 0 0 1305 0 0
1.6e-10 infty 2.3125 9.26562 1078 0 0 1078 0 0
1.6e-10 infty 1.9375 9.125 1255 0 0 1306 0 0
1.6e-10 infty 2.20312 9.07812 1312 0 0 1270 0 0
1.6e-10 infty 2.85938 9.15625 1207 0 0 1184 0 0
1.6e-10 infty 2.29688 9.21875 1099 479 158408560 1034 0 0
1.6e-10 infty 2 9.21875 1099 0 0 1109 0 0
1.6e-10 24.7188 2.29688 9.21875 1079 0 0 1066 0 478876438
1.6e-10 infty 1.95312 9.14062 1231 0 0 1252 0 0
1.6e-10 infty 2.29688 9.21875 1118 0 0 1108 0 0
1.6e-10 infty 1.9375 9.125 1287 44 122839231 1229 0 0
1.6e-10 infty 2.04688 9.0625 1371 0 0 1320 0 0
1.6e-10 infty 2.03125 9.34375 1058 0 0 983 0 0
1.6e-10 infty 2.28125 9.20312 1131 0 0 1159 0 0
1.6e-10 infty 2.01562 9.26562 1069 0 0 1085 0 0
1.6e-10 infty 2.54688 9.14062 1214 0 0 1276 0 0
1.6e-10 infty 1.875 9.32812 1079 0 0 1020 0 0
1.6e-10 infty 2.35938 9.09375 1319 0 0 1284 0 0
1.6e-10 infty 1.9375 9.125 1219 0 0 1182 0 0
1.6e-10 infty 1.92188 9.09375 1324 0 0 1379 0 0
1.6e-10 infty 1.95312 9.15625 1161 0 0 1196 0 0
1.6e-10 infty 2.3125 9.25 1104 0 0 1075 0 0
1.6e-10 infty 2.39062 9.125 1182 0 0 1230 0 0
1.6e-10 infty 2.25 9.14062 1184 0 0 1140 0 0
1.6e-10 infty 2.89062 9.20312 1118 0 0 1105 0 0
1.6e-10 infty 1.9375 9.125 1209 0 0 1182 0 0
1.6e-10 infty 2.34375 9.39062 1038 0 0 1024 0 0
1.6e-10 infty 1.95312 9.15625 1206 0 0 1222 0 0
1.6e-10 infty 2.90625 9.23438 1095 0 0 1126 0 0
1.6e-10 infty 2.23438 9.10938 1302 0 0 1336 0 0
1.6e-10 infty 2.25 9.14062 1237 0 0 1155 0 0
1.6e-10 infty 2.01562 9.26562 1139 0 0 1059 0 0
1.6e-10 infty 2.01562 9.26562 1060 0 0 1120 0 0
1.6e-10 infty 2.53125 9.10938 1217 0 0 1224 0 0
1.6e-10 infty 2.03125 9.35938 1001 0 0 1039 0 0
1.6e-10 infty 2.34375 9.35938 1050 0 0 1002 0 0
1.6e-10 infty 2.25 9.14062 1188 0 0 1191 0 0
1.6e-10 22.9844 2.48438 9.3125 249 48 432517896 241 0 0
1.6e-10 infty 2.3125 9.26562 1104 0 0 1097 0 0
1.6e-10 infty 2.20312 9.07812 1270 0 0 1314 0 0
1.6e-10 infty 1.90625 9.07812 1373 0 0 1334 0 0
1.6e-10 infty 2.89062 9.20312 1173 0 0 1138 0 0
1.6e-10 24.1406 2.39062 9.125 675 0 465658976 733 0 0
1.6e-10 infty 2.85938 9.15625 1237 0 0 1200 0 0
1.6e-10 infty 2.73438 9.1875 1197 0 0 1116 0 0
1.6e-10 23.9531 2.34375 9.34375 613 1520 459292149 551 0 0
1.6e-10 infty 2.76562 9.26562 1092 0 0 1015 0 0
1.6e-10 25.3125 2.71875 9.17188 1144 0 0 1179 0 273094833
1.6e-10 infty 2.21875 9.09375 1314 0 0 1246 0 0
1.6e-10 infty 2.54688 9.14062 1116 0 0 1236 0 15451507
1.6e-10 infty 2.04688 9.0625 1349 0 0 1333 0 0
1.6e-10 infty 2.26562 9.17188 1132 0 0 1114 0 0
1.6e-10 infty 1.89062 9.0625 1309 0 0 1326 0 0
1.6e-10 infty 1.92188 9.09375 1320 0 0 1297 0 0
1.6e-10 infty 2.375 9.09375 1295 0 0 1172 0 0
1.6e-10 infty 2.04688 9.375 1006 0 0 981 0 0
1.6e-10 infty 2.21875 9.10938 1258 0 0 1247 0 0
1.6e-10 infty 2.8125 9.09375 1241 0 0 1290 0 0
1.6e-10 infty 2.35938 9.09375 1260 0 0 1326 0 0
1.6e-10 infty 2.76562 9.28125 1067 0 0 1025 0 0
1.6e-10 infty 1.96875 9.17188 1140 0 0 1178 0 0
1.6e-10 infty 2.51562 9.09375 1305 0 0 1267 0 0
1.6e-10 infty 2.26562 9.15625 1188 0 0 1192 0 0
1.6e-10 infty 2.85938 9.15625 1231 0 0 1139 0 0
1.6e-10 25.1875 2.5 9.0625 1348 0 0 1343 1386 323191796
1.6e-10 infty 2.375 9.09375 1213 0 0 1328 0 0
1.6e-10 infty 2.75 9.23438 1156 0 0 1165 0 0
1.6e-10 infty 1.96875 9.17188 1130 0 0 1159 0 0
1.6e-10 infty 2.39062 9.125 1264 0 0 1230 0 0
1.6e-10 infty 2.54688 9.14062 1219 0 0 1255 0 0
1.6e-10 infty 1.9375 9.125 1280 0 0 1195 0 0
1.6e-10 25.2812 2.73438 9.20312 1123 168 279950078 1107 0 0
1.6e-10 infty 2.48438 9.375 955 0 0 1046 0 0
1.6e-10 infty 2.71875 9.17188 1188 0 0 1164 0 0
1.6e-10 23.7969 1.98438 9.20312 427 0 431321707 485 0 0
1.6e-10 infty 1.90625 9.09375 1325 0 0 1315 0 0
1.6e-10 infty 2.32812 9.29688 1072 206 147913135 1033 0 0
1.6e-10 infty 2.4375 9.21875 1086 0 0 1136 0 0
1.6e-10 infty 2.875 9.17188 1147 0 0 1240 0 0
1.6e-10 infty 2.39062 9.14062 1232 0 0 1265 0 0
1.6e-10 infty 2.39062 9.14062 1195 0 0 1172 0 0
1.6e-10 infty 2.48438 9.34375 1056 0 0 1050 0 0
1.6e-10 infty 2.04688 9.07812 1335 0 0 1297 0 0
1.6e-10 infty 1.96875 9.15625 1183 0 0 1186 0 0
1.6e-10 infty 2.21875 9.09375 1196 0 0 1246 0 0
1.6e-10 infty 2.28125 9.20312 1115 0 0 1175 0 0
1.6e-10 infty 2.48438 9.32812 1010 0 0 1074 0 0
1.6e-10 infty 2.28125 9.1875 1134 0 0 1087 0 0
1.6e-10 infty 2.54688 9.14062 1185 0 0 1225 0 0
1.6e-10 infty 2.28125 9.1875 1141 0 0 1136 0 0
1.6e-10 infty 1.89062 9.0625 1272 0 0 1340 0 0
1.6e-10 25.2656 2 9.21875 1066 0 0 1109 0 289739720
1.6e-10 infty 1.89062 9.0625 1337 0 0 1322 0 0
1.6e-10 infty 2.85938 9.14062 1275 0 0 1230 0 0
1.6e-10 infty 1.90625 9.07812 1267 0 0 1266 0 0
1.6e-10 infty 1.95312 9.15625 1144 0 0 1174 0 0
1.6e-10 infty 1.9375 9.125 1221 0 0 1213 0 0
1.6e-10 infty 1.9375 9.125 1214 0 0 1277 0 0
1.6e-10 infty 2.3125 9.26562 1013 0 0 1033 0 0
1.6e-10 infty 2.29688 9.20312 1153 0 0 1126 0 0
1.6e-10 infty 2.35938 9.07812 1318 0 0 1272 0 0
1.6e-10 infty 2.54688 9.14062 1240 0 0 1197 0 0
1.6e-10 infty 2.82812 9.125 1260 0 0 1244 0 0
1.6e-10 infty 2 9.23438 1089 0 0 1085 0 0
1.6e-10 23.8281 2.78125 9.3125 431 276 406772762 438 0 0
1.6e-10 infty 2.3125 9.26562 1105 0 0 1081 0 0
1.6e-10 infty 2.04688 9.0625 1390 0 0 1403 0 0
1.6e-10 infty 2.75 9.21875 1103 0 0 1083 0 0
1.6e-10 infty 2.5625 9.17188 1171 0 0 1170 0 0
1.6e-10 infty 2.26562 9.17188 1145 0 0 1171 0 0
1.6e-10 infty 1.89062 9.34375 992 0 0 986 0 0
1.6e-10 infty 1.92188 9.10938 1290 0 0 1307 0 0
1.6e-10 infty 1.92188 9.09375 1254 0 0 1343 0 0
1.6e-10 infty 2.39062 9.14062 1249 0 0 1262 0 0
1.6e-10 infty 1.95312 9.14062 1223 0 0 1255 0 0
1.6e-10 infty 2.04688 9.0625 1358 0 0 1355 0 0
1.6e-10 infty 2.32812 9.3125 1066 0 0 1019 0 0
1.6e-10 25.0781 1.875 9.3125 1106 0 0 1014 0 281750733
1.6e-10 infty 2.23438 9.10938 1336 0 0 1277 0 0
1.6e-10 infty 2.46875 9.26562 1075 0 0 1067 0 0
1.6e-10 infty 2.42188 9.17188 1173 0 0 1176 0 0
1.6e-10 infty 2.42188 9.17188 1205 0 0 1172 0 0
1.6e-10 infty 2.21875 9.09375 1299 0 0 1268 0 0
1.6e-10 infty 2.01562 9.25 1054 0 0 1060 0 0
1.6e-10 infty 2.48438 9.32812 1013 0 0 1074 0 0
1.6e-10 infty 2.82812 9.09375 1302 0 0 1268 0 0
1.6e-10 infty 1.92188 9.09375 1293 0 0 1229 0 0
1.6e-10 infty 2 9.23438 1133 0 0 1154 0 0
1.6e-10 infty 2.375 9.09375 1260 0 0 1334 0 0
1.6e-10 infty 2.04688 9.0625 1424 0 0 1357 0 0
1.6e-10 infty 2.25 9.14062 1206 0 0 1230 0 0
1.6e-10 infty 2 9.23438 1142 0 0 1090 0 0
1.6e-10 infty 2.03125 9.32812 1020 0 0 1084 0 0
1.6e-10 infty 2.79688 9.375 1043 0 0 1026 0 0
1.6e-10 infty 2.45312 9.23438 1030 0 0 1055 0 0
1.6e-10 infty 2.82812 9.09375 1276 0 0 1263 0 0
1.6e-10 infty 2.51562 9.09375 1243 0 0 1293 0 0
1.6e-10 infty 1.89062 9.0625 1319 0 0 1348 367 226485948
1.6e-10 infty 2.34375 9.375 1025 0 0 1027 0 0
1.6e-10 infty 2.3125 9.26562 1084 0 0 1065 0 0
1.6e-10 infty 2.26562 9.17188 1193 0 0 1203 0 0
1.6e-10 infty 1.92188 9.09375 1299 0 0 1323 0 0
1.6e-10 infty 2.26562 9.17188 1159 0 0 1125 0 0
1.6e-10 infty 2 9.23438 1061 0 0 1120 0 0
1.6e-10 infty 1.96875 9.17188 1137 0 0 1116 0 0
1.6e-10 infty 2.34375 9.34375 1010 0 0 1007 0 0
1.6e-10 infty 2.04688 9.0625 1312 0 0 1330 0 0
1.6e-10 24.2031 1.96875 9.15625 682 0 0 705 0 423229144
1.6e-10 24.25 2.85938 9.15625 669 0 0 699 0 399157845
1.6e-10 infty 2.75 9.21875 1168 0 0 1084 0 0
1.6e-10 infty 2.01562 9.26562 1036 0 0 1114 0 0
1.6e-10 infty 1.9375 9.125 1232 0 0 1250 0 0
1.6e-10 infty 2 9.25 1067 0 176752629 1078 0 0
1.6e-10 infty 2.42188 9.17188 1154 0 0 1156 0 0
1.6e-10 infty 1.96875 9.1875 1100 0 0 1118 0 0
1.6e-10 infty 1.92188 9.09375 1298 0 0 1282 0 0
1.6e-10 infty 1.90625 9.07812 1318 0 0 1340 0 0
1.6e-10 infty 2.21875 9.09375 1259 0 0 1258 0 0
1.6e-10 infty 2.29688 9.21875 1123 0 0 1122 0 0
1.6e-10 infty 2.5625 9.15625 1261 0 0 1174 0 0
1.6e-10 infty 1.96875 9.17188 1196 0 0 1146 0 0
1.6e-10 infty 2.34375 9.39062 1040 0 0 990 0 0
1.6e-10 infty 1.98438 9.21875 1108 0 0 1153 0 0
1.6e-10 infty 2.03125 9.34375 1065 0 0 1015 0 0
1.6e-10 infty 1.95312 9.14062 1247 0 0 1195 0 0
1.6e-10 infty 2.03125 9.34375 1038 0 0 1040 0 0
1.6e-10 infty 2.5625 9.15625 1169 0 0 1211 0 0
1.6e-10 infty 2.76562 9.26562 1102 0 0 1066 0 0
1.6e-10 infty 1.92188 9.10938 1294 0 0 1251 0 0
1.6e-10 infty 2.46875 9.25 1136 0 106007876 1075 0 0
1.6e-10 infty 2.04688 9.39062 965 0 0 1076 0 0
1.6e-10 infty 2.28125 9.20312 1140 0 0 1101 0 0
1.6e-10 infty 2.42188 9.1875 1157 0 0 1111 0 0
1.6e-10 infty 1.89062 9.0625 1352 0 0 1388 0 0
1.6e-10 infty 2.04688 9.0625 1389 0 0 1364 0 0
1.6e-10 infty 1.95312 9.15625 1181 0 0 1256 0 0
1.6e-10 infty 2.35938 9.07812 1305 0 0 1346 0 0
1.6e-10 infty 2.73438 9.20312 1146 0 0 1134 0 0
1.6e-10 infty 1.9375 9.125 1227 0 0 1201 0 0
1.6e-10 infty 2.03125 9.34375 1057 0 0 1041 0 0
1.6e-10 infty 1.90625 9.07812 1281 0 0 1267 0 0
1.6e-10 infty 1.9375 9.10938 1310 0 0 1243 0 0
1.6e-10 infty 2.32812 9.34375 1033 0 0 1036 0 0
1.6e-10 infty 1.89062 9.0625 1310 0 0 1328 0 0
1.6e-10 infty 2.35938 9.09375 1243 0 0 1239 0 0
1.6e-10 infty 1.90625 9.07812 1345 0 0 1367 0 0
1.6e-10 infty 2.03125 9.29688 1047 0 0 1070 0 0
1.6e-10 infty 2.48438 9.34375 1040 0 0 1004 0 0
1.6e-10 infty 2.54688 9.14062 1224 0 0 1253 0 0
1.6e-10 infty 1.96875 9.15625 1188 0 0 1135 0 0
1.6e-10 infty 2.23438 9.125 1233 0 0 1233 0 0
1.6e-10 infty 1.89062 9.0625 1362 0 0 1335 0 0
1.6e-10 infty 1.96875 9.17188 1157 0 0 1244 0 0
1.6e-10 infty 2.28125 9.1875 1142 0 0 1157 0 0
1.6e-10 infty 2.53125 9.10938 1302 0 0 1268 0 0
1.6e-10 infty 2.5625 9.15625 1223 0 0 1248 0 0
1.6e-10 infty 2.01562 9.28125 1109 0 0 1101 0 0
1.6e-10 infty 2.34375 9.34375 1056 0 0 1038 0 0
1.6e-10 infty 2.03125 9.3125 1015 0 0 1028 0 0
1.6e-10 infty 2.29688 9.23438 1187 0 0 1118 0 0
1.6e-10 infty 1.95312 9.14062 1178 0 0 1196 0 0
1.6e-10 infty 2.53125 9.10938 1245 0 0 1308 0 0
1.6e-10 infty 1.98438 9.20312 1179 0 0 1145 0 0
1.6e-10 infty 2.84375 9.14062 1234 0 0 1229 0 0
1.6e-10 infty 2.32812 9.29688 994 0 0 1079 0 0
1.6e-10 infty 1.90625 9.09375 1325 53 79804893 1276 0 0
1.6e-10 infty 2.40625 9.14062 1214 0 0 1252 0 0
1.6e-10 infty 2.28125 9.20312 1145 0 0 1081 0 0
1.6e-10 infty 2.76562 9.26562 1099 0 50743813 1119 0 0
1.6e-10 infty 2.39062 9.14062 1165 0 0 1257 0 0
1.6e-10 infty 1.95312 9.14062 1177 0 0 1177 0 0
1.6e-10 infty 2.03125 9.34375 1006 0 0 1102 0 0
1.6e-10 23.6875 2.8125 9.09375 577 0 494612819 535 0 0
1.6e-10 infty 1.96875 9.17188 1170 0 0 1145 0 0
1.6e-10 infty 1.98438 9.20312 1098 0 0 1154 0 0
1.6e-10 infty 2.78125 9.29688 1043 0 0 1041 0 0
1.6e-10 infty 2.82812 9.10938 1232 0 0 1253 0 0
1.6e-10 infty 2.82812 9.10938 1280 0 0 1268 0 0
1.6e-10 infty 2.01562 9.25 1029 0 0 1087 0 0
1.6e-10 infty 2.53125 9.125 1285 0 0 1227 0 137459741
1.6e-10 infty 2.45312 9.23438 1105 0 0 1054 0 0
1.6e-10 infty 2.39062 9.125 1197 0 0 1242 0 0
1.6e-10 infty 1.92188 9.09375 1311 0 0 1306 0 0
1.6e-10 infty 1.90625 9.0625 1377 0 0 1340 0 0
1.6e-10 infty 1.98438 9.20312 1093 0 0 1086 0 0
1.6e-10 infty 2.8125 9.07812 1334 0 0 1313 0 0
1.6e-10 infty 2.34375 9.0625 1388 0 0 1323 0 0
1.6e-10 infty 2.35938 9.09375 1279 0 0 1242 0 0
1.6e-10 infty 2.03125 9.3125 1031 0 0 1050 0 0
1.6e-10 infty 2.32812 9.29688 1022 0 0 1031 0 0
1.6e-10 infty 1.96875 9.17188 1131 0 0 1204 0 0
1.6e-10 infty 1.89062 9.0625 1408 0 0 1356 0 0
1.6e-10 22.3594 2.48438 9.34375 122 0 449034681 138 0 0
1.6e-10 infty 2.82812 9.10938 1270 0 0 1255 0 0
1.6e-10 infty 2.28125 9.20312 1123 0 0 1131 0 0
1.6e-10 infty 2.29688 9.23438 1081 0 0 1152 0 0
1.6e-10 infty 2.21875 9.09375 1328 0 0 1188 0 0
1.6e-10 infty 1.95312 9.15625 1170 0 0 1206 0 0
1.6e-10 infty 1.90625 9.07812 1335 0 0 1369 0 0
1.6e-10 infty 2.53125 9.10938 1244 0 0 1278 0 0
1.6e-10 infty 2 9.23438 1078 0 0 1047 0 0
1.6e-10 infty 2.34375 9.57812 1360 0 0 1393 0 0
1.6e-10 24.7969 2.76562 9.26562 1075 0 427516050 1106 0 0
1.6e-10 infty 2.32812 9.32812 944 0 0 983 0 0
1.6e-10 infty 2.42188 9.1875 1124 0 0 1114 0 0
1.6e-10 infty 2.34375 9.375 1066 0 0 1013 0 0
1.6e-10 infty 2.8125 9.07812 1372 0 0 1345 0 0
1.6e-10 infty 1.92188 9.09375 1297 0 0 1320 0 0
1.6e-10 infty 1.96875 9.17188 1230 0 0 1189 0 0
1.6e-10 infty 2.01562 9.28125 992 0 0 1058 0 0
1.6e-10 24 2.03125 9.3125 588 0 0 553 0 421225033
1.6e-10 infty 2.28125 9.20312 1066 0 0 1159 0 0
1.6e-10 infty 2.04688 9.39062 1055 0 0 1029 0 0
1.6e-10 infty 2.875 9.17188 1179 0 0 1147 0 0
1.6e-10 infty 1.92188 9.10938 1310 0 0 1295 0 0
1.6e-10 infty 2.32812 9.28125 1028 0 0 1085 0 0
1.6e-10 infty 2.04688 9.0625 1358 0 0 1377 0 0
1.6e-10 infty 2 9.23438 1168 0 0 1134 0 0
1.6e-10 infty 1.92188 9.09375 1289 0 0 1287 0 0
1.6e-10 infty 2.28125 9.1875 1153 0 0 1112 0 0
1.6e-10 infty 2.75 9.23438 1065 0 0 1149 0 0
1.6e-10 infty 2.03125 9.29688 1073 0 0 1054 0 0
1.6e-10 infty 2.25 9.14062 1209 0 0 1175 0 0
1.6e-10 infty 2.29688 9.21875 1067 0 0 1154 0 0
1.6e-10 infty 2.8125 9.07812 1290 0 0 1277 0 0
1.6e-10 25.3438 2.26562 9.15625 1209 0 261220234 1198 0 0
1.6e-10 infty 2.4375 9.1875 1132 0 0 1186 0 0
1.6e-10 infty 1.92188 9.09375 1355 0 0 1291 0 0
1.6e-10 infty 1.90625 9.07812 1410 0 0 1302 0 0
1.6e-10 infty 2.48438 9.3125 1050 0 0 1024 0 0
1.6e-10 infty 2.3125 9.25 1041 0 0 1117 0 0
1.6e-10 infty 2.3125 9.25 1030 0 0 1121 0 0
1.6e-10 infty 2.28125 9.20312 1070 0 0 1137 0 0
1.6e-10 infty 2.34375 9.35938 1032 0 0 1000 0 0
1.6e-10 infty 1.90625 9.07812 1275 0 0 1304 0 0
1.6e-10 infty 1.9375 9.125 1216 0 0 1210 0 0
1.6e-10 infty 1.89062 9.32812 1000 0 0 1083 0 0
1.6e-10 infty 1.96875 9.15625 1214 0 0 1174 0 0
1.6e-10 infty 2.375 9.09375 1267 0 0 1204 0 0
1.6e-10 infty 2.84375 9.14062 1243 0 0 1230 0 0
1.6e-10 infty 1.95312 9.14062 1192 0 0 1236 0 0
1.6e-10 infty 2.375 9.09375 1305 0 0 1256 0 0
1.6e-10 infty 2.34375 9.0625 1303 0 0 1338 0 0
1.6e-10 infty 2.39062 9.125 1215 0 0 1254 0 0
1.6e-10 infty 2.78125 9.34375 994 0 0 1056 0 62952424
1.6e-10 infty 2.53125 9.125 1173 0 0 1267 0 0
1.6e-10 infty 2.46875 9.29688 1085 0 0 1052 0 0
1.6e-10 infty 2.39062 9.10938 1241 0 0 1234 0 0
1.6e-10 infty 2.03125 9.3125 1044 0 0 1079 0 0
1.6e-10 infty 2.8125 9.07812 1389 0 0 1420 0 0
1.6e-10 infty 2.85938 9.14062 1163 0 0 1214 0 0
1.6e-10 infty 2.3125 9.26562 1107 0 5141032 1045 0 0
1.6e-10 infty 2.875 9.17188 1164 0 0 1172 0 0
1.6e-10 24.3281 2.4375 9.20312 891 0 470264193 850 0 0
1.6e-10 infty 1.90625 9.09375 1282 0 0 1232 0 0
1.6e-10 infty 2.3125 9.25 1162 0 0 1063 0 0
1.6e-10 infty 2 9.21875 1106 0 0 1125 0 0
1.6e-10 infty 2.21875 9.09375 1286 0 0 1283 0 0
1.6e-10 infty 2.375 9.09375 1243 0 0 1322 0 0
1.6e-10 24.2344 2.34375 9.0625 753 0 0 738 0 405795533
1.6e-10 infty 1.875 9.3125 1020 0 0 1028 0 0
1.6e-10 infty 2.03125 9.3125 1056 0 0 1080 0 0
1.6e-10 infty 1.95312 9.14062 1215 0 0 1203 0 0
1.6e-10 infty 2.01562 9.25 1047 0 0 1124 0 0
1.6e-10 infty 2.89062 9.21875 1168 0 0 1121 0 0
1.6e-10 infty 1.95312 9.14062 1198 0 0 1182 0 0
1.6e-10 infty 2.35938 9.09375 1260 0 0 1293 0 0
1.6e-10 infty 2 9.25 1092 0 0 1063 0 0
1.6e-10 infty 2.39062 9.125 1259 0 0 1244 0 0
1.6e-10 infty 2.29688 9.21875 1072 0 0 1084 0 0
1.6e-10 infty 2.21875 9.09375 1238 0 0 1358 0 0
1.6e-10 23.2656 2.73438 9.1875 273 146 386586493 272 0 0
1.6e-10 25.0625 1.89062 9.39062 996 1617 291640145 1026 0 0
1.6e-10 infty 2.04688 9.07812 1306 0 0 1340 0 0
1.6e-10 infty 1.90625 9.07812 1354 0 0 1359 0 0
1.6e-10 infty 2.29688 9.21875 1139 0 0 1090 0 0
1.6e-10 infty 2.54688 9.125 1226 0 0 1256 0 0
1.6e-10 infty 2.28125 9.20312 1145 0 0 1198 87 12465186
1.6e-10 infty 2.35938 9.07812 1396 0 0 1229 0 0
1.6e-10 infty 2.4375 9.1875 1152 0 0 1086 0 0
1.6e-10 infty 2.23438 9.125 1266 0 0 1254 0 0
1.6e-10 infty 2.04688 9.0625 1368 0 0 1385 0 0
1.6e-10 infty 2.40625 9.14062 1246 0 0 1243 0 0
1.6e-10 infty 2.45312 9.25 1079 0 0 1057 0 0
1.6e-10 infty 2.54688 9.14062 1231 0 0 1193 0 0
1.6e-10 infty 1.98438 9.20312 1118 0 0 1060 0 0
1.6e-10 infty 2 9.21875 1110 0 0 1110 0 0
1.6e-10 infty 2.21875 9.09375 1287 0 0 1314 0 202516452
1.6e-10 infty 2.32812 9.34375 1058 0 0 1002 0 17231205
1.6e-10 23.6562 2.25 9.14062 356 0 0 394 0 390668545
1.6e-10 infty 2.5625 9.15625 1177 0 0 1186 0 0
1.6e-10 infty 2.20312 9.07812 1314 0 0 1219 0 0
1.6e-10 infty 1.92188 9.10938 1229 0 0 1247 0 0
1.6e-10 23.875 2.875 9.1875 477 0 0 495 0 380152507
1.6e-10 infty 2.32812 9.29688 1026 0 0 1073 0 0
1.6e-10 infty 2.32812 9.28125 1041 0 0 1079 0 0
1.6e-10 infty 1.89062 9.375 969 0 0 1006 0 0
1.6e-10 infty 2.01562 9.26562 1034 0 0 1023 0 0
1.6e-10 infty 1.95312 9.14062 1224 0 0 1213 0 0
1.6e-10 infty 2.53125 9.10938 1249 0 0 1255 0 0
1.6e-10 infty 2.8125 9.09375 1301 0 0 1325 0 0
1.6e-10 infty 1.96875 9.1875 1109 0 0 1182 0 0
1.6e-10 infty 2.03125 9.35938 1038 0 0 1012 0 0
1.6e-10 infty 2.29688 9.21875 1082 0 0 1131 0 0
1.6e-10 infty 2.29688 9.21875 1061 0 0 1079 0 0
1.6e-10 infty 2.3125 9.26562 1016 0 0 1094 0 0
1.6e-10 infty 2.28125 9.1875 1175 0 0 1135 0 0
1.6e-10 infty 2.28125 9.20312 1098 0 0 1209 0 0
1.6e-10 infty 2.82812 9.125 1260 0 0 1262 0 0
1.6e-10 24.9062 2.78125 9.29688 1080 0 367412467 1029 0 0
1.6e-10 infty 1.89062 9.32812 963 0 0 1045 0 0
1.6e-10 infty 2.35938 9.07812 1369 0 0 1326 0 0
1.6e-10 infty 2.04688 9.0625 1342 0 0 1353 0 0
1.6e-10 infty 2.875 9.1875 1158 0 0 1157 0 0
1.6e-10 infty 2.54688 9.125 1259 0 0 1222 0 0
1.6e-10 25.0938 2.35938 9.09375 1303 0 0 1354 0 370660269
1.6e-10 infty 1.96875 9.17188 1152 0 0 1237 0 0
1.6e-10 infty 1.92188 9.10938 1260 0 0 1304 0 0
1.6e-10 infty 2 9.23438 1036 0 0 1136 0 0
1.6e-10 infty 2.5 9.07812 1322 0 0 1336 0 0
1.6e-10 infty 1.9375 9.125 1213 0 0 1233 0 0
1.6e-10 infty 2.51562 9.07812 1372 0 0 1333 0 0
1.6e-10 infty 2.01562 9.28125 1032 0 0 1092 0 0
1.6e-10 infty 2.25 9.125 1218 0 0 1229 0 0
1.6e-10 infty 2.21875 9.09375 1306 0 0 1259 0 0
1.6e-10 infty 1.89062 9.0625 1382 0 0 1397 0 0
1.6e-10 infty 1.96875 9.17188 1156 0 0 1178 0 0
1.6e-10 infty 2.48438 9.32812 1025 0 0 1049 0 0
1.6e-10 infty 2.28125 9.1875 1169 48 84554761 1177 0 0
1.6e-10 infty 2.375 9.10938 1217 0 0 1325 0 0
1.6e-10 infty 2.32812 9.3125 1043 0 0 1066 0 0
1.6e-10 infty 2.8125 9.07812 1349 0 0 1300 0 0
1.6e-10 infty 2.25 9.15625 1247 0 0 1189 0 0
1.6e-10 infty 2.25 9.14062 1226 0 0 1173 0 0
1.6e-10 infty 2.375 9.09375 1307 0 0 1338 0 0
1.6e-10 24.6875 1.98438 9.20312 852 0 0 855 0 377238280
1.6e-10 infty 2.5625 9.17188 1161 0 0 1173 0 0
1.6e-10 infty 1.98438 9.1875 1167 0 0 1137 0 0
1.6e-10 infty 1.95312 9.14062 1181 0 0 1205 0 0
1.6e-10 infty 2.8125 9.09375 1263 0 0 1277 0 0
1.6e-10 infty 2.25 9.14062 1245 0 0 1186 0 0
1.6e-10 infty 2.54688 9.125 1232 0 0 1243 0 0
1.6e-10 infty 2.01562 9.28125 1051 0 0 1097 0 0
1.6e-10 infty 2.73438 9.1875 1176 0 0 1148 0 0
1.6e-10 infty 2.375 9.10938 1302 0 0 1273 0 0
1.6e-10 infty 2.40625 9.14062 1138 0 0 1186 0 0
1.6e-10 infty 2.5 9.0625 1296 0 0 1388 0 0
1.6e-10 infty 2.28125 9.1875 1211 0 0 1152 0 0
1.6e-10 infty 2 9.23438 1071 0 0 1119 0 0
1.6e-10 infty 2.35938 9.07812 1310 0 0 1314 0 0
1.6e-10 infty 2.89062 9.21875 1154 0 0 1130 0 0
1.6e-10 infty 2.04688 9.07812 1331 0 0 1365 0 0
1.6e-10 infty 2 9.23438 1105 0 0 1122 0 0
1.6e-10 infty 1.96875 9.1875 1201 0 0 1148 0 0
1.6e-10 infty 1.90625 9.07812 1304 0 0 1281 0 0
1.6e-10 infty 2.35938 9.09375 1310 0 0 1279 0 0
1.6e-10 infty 2.4375 9.1875 1131 0 0 1168 0 0
1.6e-10 infty 2.46875 9.26562 1035 0 0 1055 0 66988112
1.6e-10 infty 1.96875 9.17188 1168 0 0 1188 0 0
1.6e-10 infty 1.95312 9.15625 1186 0 0 1261 0 0
1.6e-10 infty 2.46875 9.28125 1117 0 0 1040 0 0
1.6e-10 24.2969 1.89062 9.57812 1036 0 0 998 695 490867657
1.6e-10 infty 1.9375 9.125 1238 0 0 1256 0 0
1.6e-10 infty 2.26562 9.15625 1254 0 0 1186 0 0
1.6e-10 infty 2.375 9.09375 1212 0 0 1261 0 0
1.6e-10 infty 1.89062 9.34375 1084 0 0 1069 0 0
1.6e-10 infty 1.9375 9.10938 1244 0 0 1215 0 0
1.6e-10 infty 2.51562 9.09375 1296 0 0 1317 0 0
1.6e-10 infty 1.98438 9.20312 1134 0 0 1115 0 0
1.6e-10 infty 1.89062 9.35938 1005 0 0 1021 0 0
1.6e-10 infty 1.98438 9.21875 1090 0 0 1186 0 0
1.6e-10 infty 2.51562 9.07812 1360 713 142354939 1270 0 0
1.6e-10 infty 2.51562 9.09375 1366 0 0 1314 0 0
1.6e-10 infty 1.90625 9.07812 1276 0 0 1305 0 0
1.6e-10 infty 2.32812 9.29688 1067 0 0 983 0 0
1.6e-10 infty 2 9.23438 1098 0 0 1066 0 0
1.6e-10 infty 2.73438 9.20312 1179 0 0 1143 0 0
1.6e-10 infty 2.40625 9.15625 1206 0 0 1254 0 0
1.6e-10 infty 2.75 9.21875 1170 0 0 1124 0 0
1.6e-10 infty 2.04688 9.07812 1273 0 0 1348 0 0
1.6e-10 25.375 2.75 9.23438 1133 0 0 1113 0 247397687
1.6e-10 25.1719 2.40625 9.14062 1160 0 0 1227 0 328346189
1.6e-10 24.125 2.5 9.07812 759 0 0 766 0 474167579
1.6e-10 infty 2.48438 9.375 1025 0 0 989 0 0
1.6e-10 infty 2.42188 9.17188 1154 0 0 1216 0 0
1.6e-10 infty 2.21875 9.09375 1256 0 0 1330 0 0
1.6e-10 infty 2.34375 9.0625 1316 0 0 1323 0 0
1.6e-10 infty 1.90625 9.07812 1399 0 0 1356 0 0
1.6e-10 infty 2.76562 9.28125 1043 0 0 1025 0 0
1.6e-10 25.3438 1.90625 9.07812 1313 0 0 1296 390 258936020
1.6e-10 infty 2.34375 9.0625 1376 0 0 1342 0 0
1.6e-10 infty 2.5 9.0625 1378 0 0 1318 0 204081625
1.6e-10 infty 2.26562 9.17188 1219 0 0 1147 0 0
1.6e-10 infty 1.95312 9.14062 1204 0 0 1215 0 0
1.6e-10 infty 2.51562 9.09375 1309 0 0 1332 0 0
1.6e-10 infty 2.34375 9.375 1033 0 0 984 0 0
1.6e-10 infty 1.96875 9.15625 1189 0 0 1156 0 0
1.6e-10 infty 1.90625 9.07812 1277 0 0 1263 0 0
1.6e-10 infty 2.03125 9.32812 998 0 0 1036 0 0
1.6e-10 infty 2.04688 9.07812 1338 0 0 1317 0 0
1.6e-10 infty 1.98438 9.1875 1184 0 0 1140 0 0
1.6e-10 infty 2.53125 9.10938 1246 0 0 1307 0 0
1.6e-10 24.9219 2.78125 9.34375 970 0 0 1013 1239 357817999
1.6e-10 infty 2.21875 9.09375 1333 0 0 1238 0 0
1.6e-10 infty 2.03125 9.29688 1049 0 0 1113 0 0
1.6e-10 infty 2.76562 9.25 1130 0 0 1100 0 0
1.6e-10 infty 2.82812 9.10938 1291 0 0 1312 0 0
1.6e-10 infty 2.54688 9.14062 1234 0 0 1181 0 0
1.6e-10 infty 2.54688 9.125 1195 0 0 1221 0 0
1.6e-10 24.8438 2.03125 9.35938 1008 0 0 1005 0 401839569
1.6e-10 infty 2.39062 9.125 1310 0 154710986 1282 0 0
1.6e-10 infty 2.21875 9.10938 1298 0 0 1294 0 0
1.6e-10 infty 2.48438 9.34375 1034 0 193639859 1002 0 0
1.6e-10 infty 1.89062 9.34375 995 0 0 1046 0 0
1.6e-10 infty 2.82812 9.10938 1300 0 0 1254 0 0
1.6e-10 infty 1.89062 9.0625 1287 0 0 1335 0 0
1.6e-10 infty 2.75 9.21875 1130 0 0 1084 0 0
1.6e-10 infty 1.92188 9.10938 1285 0 0 1285 0 0
1.6e-10 infty 1.89062 9.0625 1329 0 0 1316 0 0
1.6e-10 infty 2.54688 9.14062 1222 0 0 1183 0 0
1.6e-10 infty 2.82812 9.10938 1230 0 0 1271 0 0
1.6e-10 infty 2.42188 9.17188 1173 0 0 1120 0 0
1.6e-10 infty 2.79688 9.0625 1334 0 0 1352 0 0
1.6e-10 infty 1.89062 9.0625 1355 0 0 1337 0 0
1.6e-10 infty 1.92188 9.09375 1332 0 0 1333 0 0
1.6e-10 infty 2.32812 9.34375 1027 0 0 1066 0 0
1.6e-10 infty 2.21875 9.09375 1268 0 0 1243 0 0
1.6e-10 infty 2.82812 9.10938 1267 0 0 1255 0 0
1.6e-10 infty 1.95312 9.14062 1216 0 0 1185 0 0
1.6e-10 infty 2.45312 9.23438 1046 0 0 1069 0 0
1.6e-10 infty 2.21875 9.09375 1236 0 0 1299 0 201056002
1.6e-10 infty 2.42188 9.17188 1173 0 0 1184 0 0
1.6e-10 infty 2.3125 9.25 1057 0 0 1102 0 0
1.6e-10 infty 1.98438 9.20312 1130 0 0 1126 0 0
1.6e-10 infty 2.42188 9.17188 1177 0 0 1120 0 0
1.6e-10 infty 2.48438 9.3125 999 0 0 1015 0 0
1.6e-10 infty 1.92188 9.10938 1329 0 0 1312 0 0
1.6e-10 infty 1.90625 9.07812 1282 0 0 1338 0 0
1.6e-10 infty 2.875 9.17188 1206 0 0 1201 0 0
1.6e-10 infty 2.4375 9.20312 1203 0 0 1141 0 0
1.6e-10 infty 1.9375 9.125 1257 0 0 1228 0 0
1.6e-10 infty 2.46875 9.26562 1111 0 0 1055 0 0
1.6e-10 infty 1.95312 9.15625 1153 0 104612418 1252 0 0
1.6e-10 infty 2.45312 9.21875 1096 0 0 1079 0 0
1.6e-10 infty 2.8125 9.07812 1376 0 0 1302 0 0
1.6e-10 infty 2.25 9.14062 1195 0 0 1238 0 0
1.6e-10 infty 2.34375 9.07812 1296 0 0 1338 0 0
1.6e-10 infty 2.26562 9.15625 1149 0 0 1214 0 0
1.6e-10 infty 2.48438 9.3125 964 0 0 1050 0 0
1.6e-10 infty 2.01562 9.25 1052 0 0 1113 0 0
1.6e-10 infty 2.26562 9.17188 1138 0 0 1177 0 0
1.6e-10 infty 1.92188 9.09375 1308 0 0 1347 0 0
1.6e-10 infty 2.42188 9.1875 1122 0 0 1111 0 0
1.6e-10 infty 1.98438 9.20312 1122 0 0 1149 0 0
1.6e-10 infty 2.89062 9.1875 1129 0 0 1122 0 0
1.6e-10 infty 1.9375 9.125 1296 0 0 1323 0 0
1.6e-10 infty 2.04688 9.07812 1316 0 0 1257 0 0
1.6e-10 25.0312 2.03125 9.3125 1052 0 0 1085 0 306639550
1.6e-10 infty 2.48438 9.3125 1065 0 0 1035 0 0
1.6e-10 infty 2.29688 9.21875 1081 0 0 1126 0 0
1.6e-10 infty 2.45312 9.23438 1074 0 0 1170 0 0
1.6e-10 infty 2.4375 9.21875 1132 0 0 1118 0 0
1.6e-10 infty 2.71875 9.1875 1205 0 0 1085 0 0
1.6e-10 infty 2.875 9.1875 1151 0 0 1079 0 0
1.6e-10 infty 2.8125 9.07812 1342 0 0 1357 0 0
1.6e-10 infty 2.34375 9.0625 1326 0 0 1362 0 0
1.6e-10 23.7812 2.29688 9.21875 472 0 437311532 487 0 0
1.6e-10 infty 2.26562 9.17188 1165 0 0 1184 0 0
1.6e-10 infty 1.98438 9.20312 1137 0 0 1138 0 0
1.6e-10 infty 2.75 9.25 1080 0 0 1073 0 0
1.6e-10 infty 2.48438 9.32812 1058 0 0 1059 0 0
1.6e-10 infty 2.20312 9.07812 1303 0 0 1275 0 0
1.6e-10 infty 2 9.23438 1122 0 0 1134 0 0
1.6e-10 infty 2.76562 9.26562 1078 0 0 1097 0 0
1.6e-10 infty 2.75 9.23438 1075 0 0 1038 0 0
1.6e-10 infty 2.28125 9.1875 1139 0 0 1118 0 0
1.6e-10 infty 2.34375 9.34375 1022 0 0 1015 0 0
1.6e-10 infty 2.26562 9.17188 1183 0 0 1121 0 0
1.6e-10 infty 2.48438 9.3125 1028 0 0 1062 0 0
1.6e-10 infty 2.32812 9.34375 1136 0 0 1083 0 0
1.6e-10 infty 1.98438 9.20312 1107 0 0 1080 0 0
1.6e-10 infty 2.40625 9.15625 1146 0 0 1196 0 0
1.6e-10 infty 2.53125 9.10938 1260 0 0 1280 0 0
1.6e-10 infty 2.28125 9.1875 1145 0 0 1103 0 0
1.6e-10 infty 2.21875 9.10938 1302 422 78302537 1267 0 0
1.6e-10 infty 1.90625 9.07812 1298 0 0 1331 0 0
1.6e-10 infty 2.51562 9.09375 1283 0 0 1276 0 0
1.6e-10 infty 2.53125 9.10938 1272 0 0 1234 1363 54291503
1.6e-10 infty 2.21875 9.09375 1321 0 0 1295 0 0
1.6e-10 infty 2.03125 9.32812 1033 0 0 1060 0 0
1.6e-10 infty 1.90625 9.07812 1334 0 0 1319 0 0
1.6e-10 infty 1.89062 9.34375 1034 0 0 1001 0 0
1.6e-10 infty 2.45312 9.25 1106 0 0 1106 0 0
1.6e-10 infty 2.71875 9.17188 1098 0 0 1135 0 0
1.6e-10 infty 1.92188 9.10938 1262 0 0 1340 0 0
1.6e-10 infty 2.25 9.15625 1177 0 0 1227 0 0
1.6e-10 infty 2.89062 9.21875 1134 0 0 1138 0 0
1.6e-10 infty 2.03125 9.32812 1024 0 0 1079 0 0
1.6e-10 infty 2 9.21875 1134 0 0 1085 0 0
1.6e-10 infty 1.96875 9.17188 1141 0 0 1143 0 0
1.6e-10 infty 2.40625 9.15625 1210 0 0 1196 0 0
1.6e-10 infty 2.5 9.0625 1318 0 0 1358 0 0
1.6e-10 infty 2.26562 9.17188 1149 0 0 1199 0 0
1.6e-10 infty 2.29688 9.21875 1078 0 0 1123 0 0
1.6e-10 infty 2.32812 9.3125 1098 0 0 1012 0 0
1.6e-10 infty 2.5625 9.15625 1186 0 0 1223 0 0
1.6e-10 infty 2.3125 9.25 1117 0 0 1062 0 0
1.6e-10 infty 1.89062 9.0625 1308 0 0 1302 0 0
1.6e-10 infty 2.03125 9.34375 984 0 0 989 0 0
1.6e-10 infty 2.5625 9.17188 1201 0 0 1221 0 0
1.6e-10 infty 2.375 9.10938 1301 0 0 1242 0 0
1.6e-10 24.8281 2.23438 9.10938 1254 1105 404303110 1282 0 0
1.6e-10 infty 2.21875 9.09375 1341 0 0 1254 0 0
1.6e-10 infty 2.34375 9.0625 1362 0 0 1351 0 0
1.6e-10 infty 1.98438 9.1875 1157 0 0 1170 0 0
1.6e-10 infty 2.42188 9.1875 1244 0 0 1181 0 0
1.6e-10 infty 2.21875 9.09375 1263 0 0 1258 0 0
1.6e-10 infty 1.92188 9.09375 1247 0 0 1283 0 0
1.6e-10 infty 2.25 9.15625 1216 0 0 1161 0 0
1.6e-10 infty 2 9.25 1050 0 0 1089 0 0
1.6e-10 infty 2.54688 9.14062 1268 0 57212461 1237 0 0
1.6e-10 infty 2.40625 9.14062 1208 0 0 1206 0 0
1.6e-10 infty 2.01562 9.25 1120 0 0 1039 0 0
1.6e-10 infty 2.29688 9.21875 1163 0 0 1219 0 0
1.6e-10 infty 1.92188 9.09375 1254 0 0 1278 0 0
1.6e-10 infty 1.9375 9.125 1165 0 0 1235 0 0
1.6e-10 infty 1.92188 9.09375 1326 0 0 1334 0 0
1.6e-10 infty 2.03125 9.34375 1030 0 0 1021 0 0
1.6e-10 infty 2.23438 9.10938 1301 0 0 1347 0 0
1.6e-10 infty 2.79688 9.0625 1333 0 0 1353 0 0
1.6e-10 infty 2.28125 9.20312 1129 0 0 1153 0 0
1.6e-10 infty 2.84375 9.125 1245 0 0 1264 0 0
1.6e-10 infty 1.98438 9.20312 1140 0 0 1164 0 0
1.6e-10 infty 1.92188 9.10938 1207 0 0 1258 0 0
1.6e-10 infty 2.48438 9.375 1009 0 0 1030 0 0
1.6e-10 infty 2.39062 9.14062 1162 0 0 1222 0 0
1.6e-10 infty 2.04688 9.39062 1027 0 0 1043 0 0
1.6e-10 infty 1.9375 9.10938 1270 0 0 1194 0 0
1.6e-10 infty 1.92188 9.09375 1272 0 0 1282 0 179590310
1.6e-10 infty 2.03125 9.29688 1058 0 0 1041 0 0
1.6e-10 infty 2.3125 9.26562 1074 0 0 1065 0 0
1.6e-10 infty 2 9.25 1105 0 0 1139 0 0
1.6e-10 infty 2.34375 9.07812 1336 0 0 1349 0 0
1.6e-10 infty 2.01562 9.26562 1039 0 0 1087 0 0
1.6e-10 infty 2.03125 9.3125 1049 0 0 1046 0 0
1.6e-10 infty 2.42188 9.17188 1139 0 0 1168 0 0
1.6e-10 infty 2.23438 9.125 1174 0 0 1230 0 0
1.6e-10 infty 2.3125 9.28125 1101 0 0 1034 0 0
1.6e-10 infty 1.98438 9.1875 1091 0 0 1143 0 0
1.6e-10 infty 2.26562 9.17188 1171 0 0 1240 0 0
1.6e-10 infty 1.96875 9.15625 1191 0 0 1172 0 0
1.6e-10 infty 2.23438 9.10938 1296 0 0 1301 0 0
1.6e-10 infty 2.03125 9.34375 1008 0 0 949 0 0
1.6e-10 infty 2.375 9.09375 1275 0 0 1218 0 0
1.6e-10 infty 2.48438 9.34375 1023 0 0 1109 0 0
1.6e-10 infty 2.04688 9.0625 1406 0 0 1310 0 0
1.6e-10 infty 2.89062 9.20312 1118 0 0 1119 0 0
1.6e-10 infty 1.95312 9.14062 1155 0 0 1210 0 0
1.6e-10 infty 2.48438 9.3125 1037 0 0 989 0 0
1.6e-10 infty 2.28125 9.20312 1167 0 0 1158 0 0
1.6e-10 infty 2.84375 9.125 1286 0 0 1240 0 0
1.6e-10 infty 2.84375 9.125 1264 0 0 1227 0 0
1.6e-10 infty 2.53125 9.09375 1289 0 0 1389 0 0
1.6e-10 infty 2.32812 9.29688 1040 0 0 1037 0 0
1.6e-10 infty 2.01562 9.25 1085 0 0 1130 0 0
1.6e-10 infty 1.90625 9.07812 1365 0 0 1344 0 0
1.6e-10 infty 1.92188 9.09375 1332 0 0 1322 0 0
1.6e-10 infty 2.42188 9.17188 1167 0 0 1207 0 0
1.6e-10 infty 2.23438 9.125 1227 0 0 1221 0 0
1.6e-10 infty 1.96875 9.17188 1226 0 28360038 1236 0 0
1.6e-10 infty 2.34375 9.35938 1028 0 0 1027 0 0
1.6e-10 infty 2.04688 9.35938 1019 0 0 973 0 0
1.6e-10 infty 2.875 9.17188 1112 0 0 1174 0 0
1.6e-10 infty 1.90625 9.09375 1313 0 0 1308 0 0
1.6e-10 infty 1.875 9.32812 1127 0 0 1031 0 0
1.6e-10 infty 2.39062 9.125 1305 0 0 1346 0 0
1.6e-10 infty 2 9.23438 1128 0 0 1135 0 0
1.6e-10 infty 2.5 9.0625 1333 0 0 1265 0 0
1.6e-10 infty 2.3125 9.25 1066 0 0 1041 0 0
1.6e-10 infty 1.98438 9.20312 1101 0 0 1155 0 0
1.6e-10 infty 2.29688 9.21875 1130 0 0 1146 0 0
1.6e-10 infty 1.96875 9.17188 1119 0 0 1221 0 0
1.6e-10 infty 1.98438 9.20312 1101 0 0 1133 0 0
1.6e-10 infty 1.96875 9.15625 1195 0 0 1183 0 0
1.6e-10 infty 2.04688 9.0625 1319 0 0 1380 0 0
1.6e-10 infty 2.8125 9.07812 1357 0 0 1331 0 0
1.6e-10 infty 1.96875 9.15625 1213 0 0 1190 0 0
1.6e-10 infty 2.39062 9.125 1286 0 0 1287 0 0
1.6e-10 infty 2.29688 9.21875 1100 0 0 1096 0 0
1.6e-10 infty 2.4375 9.20312 1129 0 0 1112 0 0
1.6e-10 infty 2.76562 9.28125 1081 0 0 1069 0 0
1.6e-10 infty 1.96875 9.1875 1116 0 0 1158 0 0
1.6e-10 infty 2.42188 9.17188 1163 0 0 1201 0 0
1.6e-10 infty 2.03125 9.34375 1042 0 0 1035 0 0
