0.005333	0
0.01172	0.0004
0.04774	0.0003
0.05488	-0.0002
0.0606	-0.0001
0.06631	-0.0003
0.07203	0.0001
0.07775	-0.0001
0.08424	0.0004
0.08997	0.0016
0.09578	0.0028
0.1015	0.003
0.1072	0.0032
0.1129	0.0033
0.1187	0.0034
0.1244	0.0035
0.1301	0.0033
0.1358	0.0036
0.1416	0.0032
0.1473	0.003
0.153	0.0036
0.1587	0.0034
0.1645	0.0033
0.1702	0.0037
0.1759	0.0035
0.1816	0.0036
0.1873	0.0034
0.1931	0.0033
0.1988	0.0041
0.2045	0.0038
0.2102	0.0039
0.2159	0.0039
0.2217	0.0036
0.2274	0.0037
0.2331	0.0037
0.2388	0.0035
0.2446	0.0039
0.2503	0.0035
0.256	0.0045
0.2617	0.0039
0.2674	0.0036
0.2732	0.0039
0.2789	0.0041
0.2846	0.0039
0.2903	0.0043
0.2961	0.0039
0.3018	0.0043
0.3075	0.0041
0.3132	0.0044
0.319	0.0043
0.3247	0.0043
0.3304	0.0046
0.3361	0.0041
0.3418	0.0041
0.3476	0.0047
0.3533	0.0046
0.359	0.0045
0.3647	0.0052
0.3704	0.0052
0.3762	0.0048
0.3819	0.0052
0.3876	0.0055
0.3933	0.0047
0.3991	0.0051
0.4048	0.005
0.4105	0.0051
0.4162	0.0052
0.4219	0.0058
0.4277	0.0059
0.4334	0.0053
0.4391	0.0048
0.4448	0.0052
0.4506	0.0054
0.4563	0.0054
0.462	0.006
0.4677	0.0058
0.4735	0.0058
0.4792	0.0056
0.4849	0.0058
0.4906	0.0065
0.4963	0.0063
0.5021	0.0065
0.5078	0.0069
0.5135	0.0064
0.5488	0.0047
0.5558	0.0047
0.5615	0.0047
0.5673	0.0052
0.573	0.0053
0.5787	0.0048
0.5844	0.0057
0.5901	0.0053
0.5959	0.0051
0.6016	0.005
0.6073	0.0061
0.613	0.0061
0.6188	0.0058
0.6245	0.0058
0.6302	0.0059
0.6359	0.0058
0.6416	0.0055
0.6474	0.0059
0.6531	0.0064
0.6588	0.0063
0.6645	0.0061
0.6712	0.0062
0.6769	0.0062
0.6827	0.0062
0.6884	0.0069
0.6941	0.0067
0.6998	0.0068
0.7055	0.0071
0.7113	0.0063
0.717	0.0064
0.7227	0.007
0.7284	0.0072
0.7342	0.0068
0.7399	0.0067
0.7457	0.0072
0.7514	0.007
0.7571	0.0064
0.7629	0.0072
0.7696	0.0075
0.7753	0.0071
0.7818	0.0077
0.7879	0.0079
0.7936	0.0072
0.7993	0.0079
0.805	0.0076
0.8107	0.008
0.8165	0.0078
0.8222	0.0076
0.8279	0.008
0.8347	0.0078
0.8404	0.0082
0.8471	0.0076
0.8528	0.0074
0.8585	0.0076
0.8642	0.0075
0.87	0.0081
0.8757	0.0087
0.8814	0.0081
0.8871	0.0088
0.8929	0.0088
0.8986	0.0083
0.9043	0.0093
0.91	0.0105
0.9157	0.0092
0.9215	0.009
0.9272	0.009
0.9329	0.0101
0.9386	0.0093
0.9443	0.0097
0.9501	0.0093
0.9559	0.0099
0.9616	0.0093
0.9673	0.0104
0.9739	0.01
0.98	0.01
0.986	0.011
0.9917	0.0105
0.9975	0.0098
1.003	0.0106
1.009	0.0111
1.015	0.0103
1.051	0.0088
1.058	0.0091
1.064	0.0088
1.071	0.0092
1.076	0.0089
1.082	0.0084
1.088	0.0091
1.094	0.0098
1.1	0.0088
1.107	0.0099
1.112	0.0095
1.118	0.0095
1.124	0.0094
1.13	0.0104
1.136	0.01
1.142	0.0095
1.147	0.01
1.153	0.0099
1.159	0.0106
1.164	0.0106
1.17	0.01
1.176	0.0104
1.182	0.0112
1.188	0.0104
1.194	0.0103
1.2	0.0108
1.205	0.0114
1.211	0.0105
1.217	0.0105
1.223	0.0111
1.228	0.012
1.234	0.0111
1.24	0.0114
1.245	0.0112
1.251	0.0111
1.257	0.012
1.263	0.0121
1.268	0.0121
1.274	0.0121
1.28	0.0117
1.285	0.012
1.291	0.0122
1.297	0.0126
1.303	0.0124
1.308	0.0136
1.314	0.013
1.32	0.0137
1.325	0.0139
1.331	0.0131
1.337	0.0132
1.343	0.0132
1.348	0.0135
1.354	0.0137
1.36	0.0139
1.366	0.0145
1.372	0.0142
1.377	0.015
1.384	0.0143
1.39	0.0134
1.395	0.0147
1.401	0.0148
1.407	0.0146
1.413	0.0154
1.42	0.0155
1.426	0.0154
1.431	0.0151
1.437	0.0161
1.443	0.0156
1.448	0.0159
1.454	0.0161
1.46	0.0162
1.466	0.0165
1.471	0.0168
1.477	0.0165
1.483	0.017
1.488	0.0174
1.494	0.0172
1.5	0.0174
1.506	0.0173
1.512	0.0178
1.526	0.0181
1.555	0.0145
1.561	0.0146
1.566	0.0146
1.573	0.0147
1.578	0.0151
1.584	0.0153
1.59	0.015
1.595	0.0155
1.601	0.0152
1.607	0.0154
1.613	0.0151
1.619	0.0148
1.625	0.0154
1.631	0.0153
1.636	0.0163
1.642	0.0166
1.648	0.0163
1.654	0.0174
1.659	0.0173
1.665	0.0168
1.671	0.0175
1.677	0.0174
1.683	0.0174
1.688	0.0178
1.694	0.0177
1.7	0.0179
1.706	0.0177
1.712	0.018
1.717	0.0184
1.723	0.0186
1.729	0.0182
1.735	0.0186
1.74	0.0186
1.746	0.0194
1.752	0.0187
1.758	0.02
1.763	0.0198
1.769	0.0202
1.775	0.0191
1.78	0.0215
1.786	0.0204
1.792	0.0201
1.798	0.0206
1.803	0.0213
1.809	0.0204
1.815	0.0212
1.821	0.0223
1.827	0.0225
1.834	0.0224
1.84	0.0216
1.846	0.0217
1.851	0.0223
1.857	0.0228
1.863	0.0233
1.869	0.0238
1.874	0.0234
1.881	0.0227
1.887	0.0241
1.892	0.0245
1.898	0.0235
1.904	0.0245
1.91	0.0236
1.915	0.0249
1.921	0.0247
1.927	0.0257
1.933	0.0259
1.938	0.0259
1.944	0.026
1.951	0.0261
1.956	0.0271
1.962	0.0276
1.968	0.0274
1.974	0.027
1.979	0.0277
1.985	0.0269
1.991	0.028
1.996	0.0285
2.002	0.028
2.008	0.0288
2.014	0.0287
2.026	0.0284
2.055	0.0232
2.062	0.0237
2.068	0.0233
2.074	0.023
2.079	0.0233
2.085	0.0247
2.091	0.0251
2.097	0.0242
2.102	0.0248
2.108	0.0253
2.114	0.0258
2.119	0.0249
2.125	0.0254
2.131	0.0264
2.137	0.0258
2.142	0.0271
2.148	0.0261
2.154	0.0295
2.159	0.0273
2.165	0.0267
2.171	0.0281
2.177	0.028
2.183	0.028
2.188	0.0281
2.194	0.0282
2.2	0.0283
2.206	0.029
2.212	0.0285
2.217	0.0297
2.223	0.0313
2.229	0.0302
2.235	0.0303
2.24	0.0306
2.247	0.0309
2.252	0.031
2.259	0.032
2.265	0.031
2.271	0.0319
2.276	0.0329
2.282	0.0318
2.288	0.0327
2.294	0.0337
2.3	0.034
2.305	0.0337
2.312	0.0334
2.317	0.0336
2.323	0.0338
2.329	0.0354
2.334	0.0359
2.34	0.0358
2.346	0.0354
2.352	0.0373
2.357	0.0371
2.363	0.0372
2.369	0.0378
2.374	0.0377
2.38	0.0393
2.386	0.0395
2.392	0.0391
2.397	0.0389
2.403	0.0401
2.409	0.0401
2.415	0.0412
2.421	0.0406
2.427	0.0416
2.433	0.0416
2.438	0.0422
2.444	0.0417
2.45	0.0418
2.455	0.0447
2.461	0.0442
2.467	0.043
2.472	0.0439
2.478	0.0454
2.484	0.0454
2.49	0.0462
2.495	0.0453
2.502	0.0477
2.508	0.0477
2.513	0.0463
2.526	0.0484
2.554	0.039
2.561	0.0384
2.568	0.0376
2.574	0.041
2.58	0.0403
2.585	0.0407
2.591	0.0408
2.597	0.0421
2.603	0.0413
2.608	0.0413
2.614	0.0416
2.62	0.0423
2.625	0.0442
2.631	0.043
2.637	0.0437
2.642	0.0441
2.648	0.0449
2.654	0.0465
2.66	0.0465
2.665	0.0473
2.671	0.0472
2.677	0.0472
2.682	0.0471
2.688	0.0473
2.694	0.0483
2.699	0.0472
2.706	0.0488
2.712	0.0493
2.718	0.0506
2.724	0.0512
2.729	0.0512
2.735	0.0507
2.741	0.0503
2.747	0.0529
2.752	0.0515
2.758	0.0525
2.764	0.0514
2.77	0.0527
2.782	0.0544
2.788	0.0554
2.8	0.0564
2.805	0.0576
2.811	0.0576
2.817	0.0578
2.823	0.0593
2.828	0.0583
2.834	0.0591
2.84	0.0608
2.846	0.0596
2.851	0.061
2.857	0.0621
2.863	0.0611
2.869	0.0617
2.875	0.0641
2.881	0.0636
2.886	0.0654
2.892	0.0649
2.898	0.0655
2.904	0.0674
2.909	0.0666
2.915	0.068
2.921	0.0681
2.926	0.0694
2.938	0.0706
2.944	0.0717
2.95	0.0723
2.962	0.0714
2.968	0.0741
2.973	0.073
2.979	0.0739
2.986	0.0742
2.991	0.0749
2.997	0.0778
3.003	0.0769
3.009	0.0809
3.015	0.0811
3.02	0.0796
3.026	0.08
3.046	0.0627
3.051	0.0638
3.058	0.0634
3.064	0.0651
3.07	0.0652
3.075	0.0687
3.081	0.0664
3.093	0.0695
3.099	0.0696
3.105	0.0712
3.117	0.0704
3.123	0.072
3.128	0.073
3.134	0.0716
3.14	0.0731
3.146	0.0753
3.151	0.0757
3.157	0.0778
3.164	0.0766
3.171	0.0769
3.177	0.0774
3.182	0.0786
3.188	0.0806
3.194	0.0803
3.2	0.0808
3.205	0.0807
3.211	0.0809
3.217	0.0821
3.222	0.084
3.228	0.0849
3.234	0.0844
3.24	0.0891
3.245	0.0868
3.257	0.0898
3.263	0.0896
3.269	0.0891
3.275	0.0894
3.286	0.0926
3.292	0.0958
3.304	0.0929
3.31	0.0964
3.316	0.0974
3.322	0.0964
3.328	0.0987
3.333	0.1004
3.339	0.1026
3.35	0.0822
3.356	0.0787
3.362	0.0804
3.368	0.0801
3.373	0.0807
3.379	0.0809
3.391	0.0837
3.397	0.0833
3.404	0.0835
3.41	0.0869
3.415	0.0868
3.427	0.0884
3.433	0.0882
3.439	0.0881
3.445	0.0903
3.45	0.0911
3.456	0.0937
3.462	0.093
3.467	0.0912
3.473	0.0954
3.485	0.0957
3.492	0.0971
3.497	0.0958
3.503	0.0986
3.509	0.1017
3.514	0.1016
3.526	0.0783
3.532	0.0799
3.538	0.0826
3.543	0.0795
3.555	0.081
3.561	0.0825
3.567	0.0824
3.579	0.0845
3.586	0.0865
3.591	0.0886
3.597	0.0868
3.603	0.0918
3.609	0.0915
3.615	0.0909
3.622	0.0926
3.628	0.0935
3.634	0.0939
3.639	0.0946
3.646	0.097
3.652	0.0935
3.657	0.0954
3.663	0.0986
3.675	0.0981
3.681	0.0992
3.686	0.099
3.692	0.1
3.698	0.1046
3.71	0.1033
3.722	0.0837
3.728	0.0837
3.74	0.0841
3.745	0.0845
3.751	0.0859
3.757	0.0868
3.763	0.0877
3.769	0.0902
3.775	0.0879
3.781	0.0896
3.787	0.094
3.792	0.0915
3.798	0.0908
3.804	0.0945
3.81	0.0964
3.817	0.0943
3.823	0.0941
3.829	0.0977
3.834	0.0985
3.846	0.0977
3.859	0.1004
3.865	0.1042
3.876	0.0802
3.882	0.0813
3.888	0.0794
3.894	0.0801
3.899	0.0837
3.911	0.0885
3.917	0.0859
3.923	0.0866
3.93	0.0879
3.936	0.0861
3.942	0.0874
3.947	0.0915
3.953	0.0893
3.96	0.0908
3.965	0.0894
3.972	0.0935
3.979	0.0911
3.985	0.0982
3.991	0.0955
3.997	0.0968
4.003	0.0953
4.023	0.1044
4.029	0.1007
4.04	0.0805
4.046	0.0795
4.052	0.0772
4.064	0.0819
4.069	0.0811
4.075	0.0844
4.081	0.086
4.086	0.0833
4.092	0.085
4.098	0.0852
4.104	0.0866
4.109	0.0888
4.115	0.0885
4.121	0.0888
4.127	0.0913
4.133	0.0923
4.138	0.0932
4.146	0.0926
4.152	0.0907
4.157	0.0926
4.163	0.094
4.175	0.0973
4.181	0.098
4.187	0.0968
4.199	0.0988
4.204	0.1017
4.21	0.1036
4.23	0.0817
4.236	0.0799
4.242	0.0829
4.248	0.0818
4.254	0.0832
4.26	0.0827
4.266	0.0864
4.272	0.0859
4.278	0.0869
4.284	0.086
4.289	0.0886
4.296	0.0895
4.302	0.0893
4.308	0.0919
4.32	0.093
4.326	0.092
4.332	0.0954
4.338	0.0953
4.344	0.0947
4.35	0.1019
4.355	0.0969
4.367	0.0987
4.379	0.1036
4.385	0.1012
4.397	0.08
4.403	0.0781
4.408	0.0828
4.414	0.08
4.42	0.0831
4.425	0.0811
4.431	0.0857
4.437	0.0863
4.443	0.0838
4.449	0.0891
4.454	0.0861
4.466	0.0876
4.472	0.0884
4.478	0.0905
4.484	0.091
4.49	0.0925
4.495	0.091
4.501	0.093
4.507	0.0944
4.512	0.0934
4.518	0.0983
4.524	0.0971
4.53	0.0997
4.542	0.0978
4.547	0.1057
4.559	0.1023
4.571	0.0815
4.577	0.0808
4.583	0.0825
4.589	0.0826
4.596	0.0831
4.601	0.0842
4.607	0.0846
4.613	0.0841
4.625	0.0858
4.63	0.0859
4.636	0.0913
4.642	0.0896
4.648	0.0911
4.653	0.091
4.66	0.0894
4.666	0.0955
4.672	0.0933
4.677	0.0931
4.683	0.0943
4.689	0.0962
4.695	0.0947
4.707	0.0963
4.712	0.1019
4.724	0.101
4.736	0.0812
4.742	0.0785
4.748	0.0816
4.754	0.0822
4.76	0.082
4.772	0.083
4.778	0.0844
4.784	0.0862
4.79	0.0854
4.796	0.0873
4.802	0.0895
4.807	0.0885
4.813	0.088
4.819	0.0883
4.824	0.0916
4.83	0.0905
4.836	0.0922
4.841	0.0914
4.847	0.0932
4.853	0.0963
4.866	0.1
4.871	0.0982
4.878	0.0975
4.884	0.1001
4.889	0.1013
4.909	0.0789
4.915	0.0798
4.921	0.0797
4.934	0.0839
4.941	0.083
4.947	0.0877
4.953	0.089
4.958	0.0859
4.964	0.0889
4.97	0.0877
4.976	0.0884
4.982	0.0889
4.987	0.089
4.993	0.0897
4.999	0.0936
5.004	0.0931
5.01	0.0941
5.022	0.0948
5.028	0.0937
5.034	0.0981
5.04	0.0951
5.045	0.0968
5.051	0.1005
5.057	0.1027
5.068	0.0783
5.081	0.0784
5.094	0.0821
5.1	0.0831
5.106	0.0849
5.112	0.0854
5.118	0.0856
5.124	0.0886
5.129	0.0868
5.135	0.0882
5.141	0.0896
5.146	0.0868
5.152	0.0909
5.158	0.0909
5.163	0.0917
5.169	0.0907
5.175	0.0941
5.188	0.0975
5.193	0.096
5.2	0.0965
5.205	0.0981
5.212	0.0956
5.22	0.0992
5.225	0.1024
5.231	0.0992
5.237	0.1027
5.242	0.1027
5.254	0.0799
5.276	0.0823
5.282	0.0851
5.288	0.0889
5.293	0.0858
5.299	0.0889
5.305	0.0871
5.31	0.0893
5.316	0.0897
5.322	0.0897
5.328	0.0896
5.334	0.0968
5.34	0.0943
5.346	0.0948
5.351	0.094
5.357	0.0966
5.363	0.0975
5.368	0.0987
5.374	0.0988
5.38	0.0984
5.386	0.0995
5.392	0.1013
5.397	0.0998
5.403	0.1029
5.409	0.1037
5.421	0.0812
5.427	0.0816
5.44	0.0831
5.446	0.0852
5.452	0.0859
5.458	0.0851
5.464	0.0873
5.47	0.0873
5.476	0.0881
5.481	0.0911
5.487	0.0902
5.493	0.0916
5.498	0.09
5.504	0.095
5.509	0.0912
5.515	0.0944
5.521	0.0942
5.526	0.0943
5.532	0.0943
5.538	0.0977
5.543	0.0996
5.55	0.0991
5.556	0.1015
5.562	0.102
5.574	0.0782
5.58	0.0801
5.585	0.0793
5.598	0.0787
5.611	0.0851
5.617	0.0839
5.623	0.086
5.628	0.0886
5.641	0.0878
5.647	0.0907
5.653	0.0868
5.659	0.0903
5.665	0.0904
5.671	0.0898
5.676	0.0922
5.683	0.0933
5.689	0.0914
5.694	0.0935
5.7	0.0948
5.706	0.096
5.711	0.0954
5.717	0.0952
5.723	0.098
5.728	0.1017
5.734	0.0976
5.74	0.0969
5.745	0.0986
5.751	0.1049
5.757	0.1032
5.769	0.0784
5.775	0.0783
5.781	0.0815
5.787	0.0812
5.792	0.0809
5.798	0.0823
5.804	0.0808
5.809	0.0821
5.815	0.0824
5.828	0.0872
5.833	0.0852
5.839	0.0861
5.845	0.0872
5.851	0.0871
5.857	0.091
5.862	0.0882
5.868	0.0903
5.874	0.0885
5.88	0.0939
5.886	0.0904
5.892	0.0884
5.898	0.0901
5.903	0.0892
5.909	0.0903
5.915	0.0936
5.921	0.0903
5.927	0.0923
5.932	0.0911
5.938	0.092
5.944	0.0935
5.949	0.0938
5.955	0.0945
5.961	0.0936
5.966	0.0943
5.972	0.0955
5.978	0.0953
5.983	0.0964
5.989	0.0961
5.995	0.0969
6.	0.096
6.006	0.0992
6.012	0.0969
6.018	0.0968
6.023	0.0969
6.029	0.1035
6.035	0.1021
6.047	0.0767
6.053	0.0739
6.059	0.0711
6.064	0.0761
6.071	0.0749
6.077	0.0752
6.082	0.0766
6.088	0.0807
6.101	0.0795
6.107	0.0795
6.112	0.0753
6.118	0.0768
6.124	0.0767
6.13	0.0794
6.143	0.0747
6.149	0.0762
6.155	0.078
6.16	0.0777
6.166	0.0775
6.172	0.0753
6.179	0.0792
6.185	0.077
6.19	0.0789
6.196	0.0785
6.202	0.0772
6.207	0.0773
6.213	0.0759
6.219	0.0774
6.224	0.0802
6.23	0.0783
6.236	0.0789
6.241	0.0788
6.247	0.0813
6.253	0.0802
6.258	0.0813
6.264	0.0813
6.27	0.0766
6.275	0.0792
6.281	0.0807
6.288	0.0821
6.294	0.0806
6.3	0.0771
6.307	0.0785
6.312	0.0792
6.318	0.0821
6.33	0.0791
6.336	0.0802
6.342	0.084
6.347	0.081
6.353	0.0843
6.359	0.0783
6.365	0.0839
6.371	0.0797
6.376	0.0842
6.382	0.0838
6.388	0.085
6.393	0.0819
6.399	0.0815
6.405	0.0866
6.411	0.0825
6.417	0.0813
6.422	0.0817
6.429	0.0801
6.435	0.0801
6.441	0.086
6.446	0.0789
6.452	0.0812
6.457	0.0815
6.463	0.0826
6.469	0.0846
6.475	0.0835
6.48	0.0849
6.486	0.0804
6.492	0.0813
6.497	0.0848
6.503	0.0809
6.509	0.0837
6.515	0.0829
6.521	0.0838
6.527	0.0821
6.533	0.082
6.547	0.065
6.552	0.062
6.558	0.0646
6.564	0.0655
6.57	0.0643
6.575	0.0651
6.581	0.0644
6.587	0.063
6.602	0.0629
6.607	0.062
6.613	0.065
6.619	0.0651
6.624	0.0648
6.63	0.0655
6.643	0.0646
6.649	0.0656
6.654	0.0673
6.66	0.0653
6.666	0.0682
6.671	0.0626
6.677	0.0643
6.683	0.0644
6.688	0.0656
6.695	0.0637
6.701	0.0654
6.706	0.0659
6.712	0.0686
6.718	0.064
6.723	0.0654
6.729	0.0685
6.735	0.069
6.741	0.0665
6.746	0.0664
6.752	0.0639
6.759	0.0639
6.765	0.0632
6.771	0.0654
6.777	0.0645
6.783	0.0641
6.789	0.0638
6.794	0.0642
6.8	0.0671
6.806	0.0658
6.811	0.0663
6.817	0.0666
6.83	0.067
6.835	0.0669
6.841	0.0674
6.847	0.0665
6.852	0.0645
6.858	0.0666
6.864	0.066
6.869	0.0663
6.875	0.0657
6.881	0.0649
6.886	0.0678
6.892	0.0669
6.898	0.0653
6.904	0.0673
6.91	0.065
6.916	0.0703
6.921	0.0684
6.927	0.0667
6.933	0.0651
6.938	0.0652
6.945	0.0712
6.951	0.065
6.957	0.0647
6.963	0.0665
6.969	0.0661
6.975	0.066
6.98	0.0657
6.986	0.0653
6.992	0.0654
6.997	0.0669
7.003	0.0662
7.009	0.0694
7.014	0.0646
7.02	0.0667
7.026	0.0666
7.031	0.068
7.037	0.0689
7.049	0.0519
7.056	0.0531
7.062	0.0522
7.068	0.0521
7.073	0.0508
7.079	0.0514
7.085	0.053
7.09	0.0526
7.103	0.0522
7.109	0.0504
7.114	0.0505
7.12	0.0499
7.126	0.054
7.132	0.0527
7.144	0.0518
7.15	0.0518
7.156	0.0496
7.162	0.0492
7.167	0.0503
7.173	0.0508
7.179	0.0537
7.186	0.053
7.192	0.0514
7.198	0.0529
7.204	0.0514
7.21	0.0503
7.215	0.0509
7.221	0.0509
7.227	0.0504
7.232	0.0517
7.238	0.0525
7.244	0.051
7.25	0.0504
7.256	0.0511
7.262	0.0523
7.267	0.0522
7.273	0.0528
7.279	0.0516
7.284	0.052
7.29	0.0513
7.296	0.0497
7.301	0.0525
7.307	0.0526
7.313	0.0526
7.318	0.0539
7.331	0.0533
7.338	0.0525
7.343	0.053
7.349	0.0531
7.355	0.0514
7.361	0.0511
7.367	0.0509
7.374	0.0515
7.379	0.0524
7.385	0.0494
7.391	0.0523
7.397	0.0508
7.402	0.0519
7.408	0.0531
7.414	0.0541
7.421	0.0523
7.426	0.0504
7.432	0.0512
7.438	0.0506
7.444	0.0511
7.45	0.0525
7.456	0.0536
7.461	0.0535
7.467	0.0532
7.473	0.0513
7.478	0.0522
7.484	0.0521
7.49	0.0505
7.495	0.0537
7.501	0.0503
7.507	0.051
7.512	0.0536
7.518	0.0532
7.524	0.0532
7.529	0.0502
7.536	0.0517
7.549	0.04
7.555	0.0391
7.561	0.0388
7.567	0.0406
7.572	0.0394
7.578	0.0395
7.584	0.0391
7.589	0.0416
7.603	0.0397
7.608	0.0398
7.614	0.0382
7.62	0.0403
7.626	0.0398
7.632	0.039
7.645	0.0383
7.651	0.0403
7.658	0.0389
7.664	0.0396
7.67	0.0397
7.675	0.0417
7.681	0.0386
7.687	0.0385
7.692	0.0391
7.698	0.04
7.704	0.039
7.709	0.0427
7.715	0.0408
7.721	0.0391
7.726	0.0398
7.732	0.0391
7.738	0.0382
7.743	0.0407
7.749	0.0395
7.756	0.039
7.762	0.0404
7.767	0.0411
7.773	0.0409
7.779	0.041
7.785	0.0383
7.791	0.0395
7.796	0.0386
7.802	0.0391
7.808	0.0381
7.813	0.0382
7.819	0.0396
7.832	0.04
7.837	0.0386
7.844	0.0388
7.85	0.0397
7.856	0.0407
7.861	0.0406
7.867	0.037
7.873	0.0402
7.879	0.0386
7.885	0.0418
7.89	0.0379
7.896	0.0381
7.902	0.0415
7.907	0.0405
7.913	0.0384
7.919	0.0419
7.924	0.0392
7.93	0.0385
7.936	0.0387
7.941	0.0395
7.948	0.0396
7.954	0.04
7.96	0.0406
7.965	0.0389
7.971	0.0391
7.977	0.04
7.982	0.0395
7.988	0.039
7.994	0.0378
8.	0.0404
8.005	0.0387
8.011	0.0387
8.017	0.0395
8.022	0.039
8.028	0.0381
8.034	0.0386
8.039	0.0409
8.052	0.0289
8.058	0.0282
8.063	0.0298
8.069	0.0304
8.075	0.0293
8.08	0.0293
8.086	0.0289
8.091	0.0304
8.104	0.0301
8.11	0.0303
8.116	0.0297
8.121	0.0294
8.129	0.03
8.135	0.0303
8.147	0.029
8.154	0.0305
8.16	0.0284
8.166	0.0295
8.172	0.0295
8.177	0.0299
8.183	0.0309
8.189	0.0295
8.195	0.0293
8.2	0.0281
8.206	0.0304
8.212	0.0287
8.218	0.0304
8.223	0.0296
8.229	0.0284
8.235	0.0289
8.24	0.0294
8.247	0.0293
8.253	0.03
8.259	0.0306
8.264	0.0305
8.27	0.0304
8.276	0.0288
8.281	0.029
8.287	0.0302
8.293	0.0296
8.298	0.0303
8.304	0.0287
8.31	0.0283
8.315	0.0305
8.321	0.0294
8.334	0.0285
8.34	0.0292
8.346	0.0292
8.352	0.0287
8.358	0.029
8.364	0.0279
8.37	0.031
8.377	0.0301
8.383	0.0298
8.388	0.028
8.394	0.029
8.4	0.028
8.406	0.0296
8.412	0.0294
8.417	0.0295
8.423	0.0298
8.429	0.0287
8.434	0.0289
8.44	0.0312
8.446	0.0293
8.451	0.0307
8.457	0.0296
8.463	0.0292
8.468	0.0292
8.474	0.0301
8.48	0.0294
8.486	0.0288
8.491	0.0307
8.497	0.029
8.503	0.0289
8.509	0.0296
8.515	0.0278
8.521	0.0298
8.527	0.0297
8.532	0.0298
8.538	0.0279
8.552	0.0222
8.557	0.0221
8.563	0.0229
8.569	0.0228
8.574	0.0218
8.58	0.0225
8.586	0.0224
8.592	0.0212
8.605	0.0225
8.61	0.0217
8.616	0.0227
8.622	0.0227
8.627	0.0231
8.633	0.0223
8.648	0.0229
8.654	0.022
8.66	0.0223
8.666	0.0234
8.671	0.0224
8.677	0.0233
8.683	0.0216
8.689	0.0221
8.694	0.0217
8.7	0.0226
8.705	0.0222
8.712	0.0217
8.717	0.0226
8.723	0.0217
8.729	0.0219
8.735	0.0218
8.74	0.0218
8.746	0.0232
8.752	0.0236
8.758	0.0221
8.763	0.022
8.769	0.0221
8.776	0.0216
8.782	0.0216
8.787	0.0229
8.793	0.022
8.799	0.0219
8.804	0.0222
8.81	0.0223
8.816	0.0227
8.822	0.0218
8.834	0.0221
8.84	0.022
8.845	0.0224
8.851	0.0213
8.857	0.0208
8.863	0.0222
8.868	0.0227
8.874	0.0215
8.88	0.0212
8.886	0.0205
8.892	0.0222
8.897	0.0223
8.903	0.0217
8.909	0.0216
8.914	0.0222
8.92	0.0221
8.927	0.021
8.933	0.0226
8.938	0.0219
8.944	0.0222
8.95	0.0222
8.955	0.0221
8.962	0.0217
8.968	0.0221
8.973	0.0216
8.979	0.021
8.986	0.0215
8.991	0.0213
8.998	0.0231
9.004	0.0219
9.009	0.0215
9.015	0.0228
9.021	0.0211
9.027	0.0215
9.033	0.0221
9.039	0.0221
9.052	0.0169
9.058	0.0154
9.063	0.0165
9.069	0.0167
9.075	0.017
9.08	0.0168
9.088	0.0165
9.093	0.0159
9.106	0.0153
9.112	0.0182
9.117	0.0157
9.124	0.0167
9.129	0.017
9.135	0.0176
9.148	0.0166
9.153	0.016
9.159	0.0163
9.165	0.0168
9.171	0.0172
9.176	0.0162
9.182	0.0158
9.188	0.017
9.194	0.0174
9.2	0.0163
9.206	0.0164
9.211	0.0157
9.217	0.0163
9.223	0.0158
9.228	0.0165
9.234	0.0162
9.24	0.0169
9.246	0.0162
9.251	0.0164
9.257	0.0174
9.263	0.0162
9.268	0.016
9.274	0.017
9.28	0.0163
9.285	0.0159
9.291	0.0159
9.297	0.0161
9.302	0.0159
9.308	0.0175
9.314	0.0168
9.32	0.0172
9.334	0.0167
9.339	0.0173
9.345	0.0174
9.351	0.0168
9.357	0.0162
9.363	0.017
9.369	0.0161
9.375	0.0164
9.381	0.0162
9.386	0.0158
9.392	0.0168
9.398	0.0179
9.404	0.0168
9.41	0.0168
9.417	0.0148
9.422	0.0171
9.428	0.0157
9.434	0.0159
9.44	0.0159
9.445	0.0162
9.451	0.016
9.457	0.0158
9.462	0.0172
9.468	0.0155
9.474	0.0159
9.479	0.0146
9.485	0.0161
9.491	0.0159
9.497	0.0162
9.502	0.016
9.508	0.0156
9.514	0.0152
9.519	0.016
9.525	0.0159
9.531	0.0158
9.538	0.016
9.552	0.0119
9.557	0.0112
9.563	0.0117
9.569	0.0113
9.576	0.0116
9.582	0.0124
9.587	0.0119
9.593	0.0118
9.606	0.0122
9.611	0.0117
9.617	0.0123
9.623	0.0121
9.629	0.0125
9.635	0.0124
9.647	0.011
9.654	0.0114
9.66	0.0123
9.666	0.0115
9.671	0.0127
9.677	0.0121
9.683	0.0122
9.688	0.012
9.694	0.0113
9.7	0.0116
9.705	0.0122
9.711	0.0109
9.717	0.0122
9.724	0.0119
9.729	0.0115
9.735	0.0116
9.741	0.0115
9.747	0.0116
9.752	0.0111
9.758	0.0112
9.764	0.0122
9.77	0.0113
9.776	0.0108
9.781	0.0116
9.787	0.0114
9.793	0.0122
9.798	0.0117
9.804	0.0114
9.81	0.012
9.815	0.0119
9.822	0.0119
9.835	0.0124
9.841	0.0116
9.846	0.0121
9.852	0.0123
9.858	0.0115
9.864	0.0116
9.869	0.0122
9.875	0.0115
9.882	0.0124
9.887	0.012
9.893	0.0111
9.899	0.0117
9.905	0.0113
9.91	0.0123
9.916	0.0112
9.922	0.0115
9.927	0.0122
9.933	0.0118
9.939	0.0109
9.945	0.0112
9.95	0.0124
9.956	0.0127
9.962	0.0114
9.968	0.0116
9.973	0.0124
9.979	0.0122
9.985	0.0115
9.991	0.0125
9.997	0.0128
10.	0.0117
10.01	0.0116
10.01	0.0118
10.02	0.0122
10.03	0.0117
10.03	0.0115
10.04	0.0115
10.05	0.0088
10.06	0.0092
10.06	0.0089
10.07	0.0092
10.08	0.0091
10.08	0.0088
10.09	0.0087
10.09	0.009
10.11	0.0098
10.11	0.0091
10.12	0.0085
10.12	0.0091
10.13	0.0085
10.13	0.0093
10.15	0.01
10.15	0.0087
10.16	0.0082
10.17	0.0088
10.17	0.0086
10.18	0.0085
10.18	0.0083
10.19	0.0088
10.19	0.0088
10.2	0.0082
10.21	0.0087
10.21	0.0093
10.22	0.0088
10.22	0.0086
10.23	0.0083
10.23	0.0084
10.24	0.0095
10.25	0.0086
10.25	0.0082
10.26	0.0093
10.26	0.0093
10.27	0.0087
10.28	0.0091
10.28	0.0092
10.29	0.0093
10.29	0.0084
10.3	0.0092
10.3	0.0085
10.31	0.0085
10.32	0.0094
10.32	0.009
10.33	0.008
10.34	0.0086
10.35	0.0087
10.35	0.0091
10.36	0.0098
10.36	0.0085
10.37	0.008
10.38	0.0091
10.38	0.0091
10.39	0.0098
10.39	0.0092
10.4	0.0092
10.41	0.0081
10.41	0.0084
10.42	0.0088
10.42	0.0084
10.43	0.0095
10.43	0.0089
10.44	0.0088
10.45	0.0094
10.45	0.0093
10.46	0.0087
10.46	0.0093
10.47	0.0093
10.47	0.0083
10.48	0.0093
10.49	0.0092
10.49	0.0087
10.5	0.0087
10.5	0.0094
10.51	0.0096
10.52	0.009
10.52	0.009
10.53	0.0094
10.53	0.0087
10.54	0.0085
10.55	0.0068
10.56	0.0067
10.56	0.0063
10.57	0.0058
10.57	0.0068
10.58	0.0062
10.59	0.0061
10.59	0.0065
10.61	0.0062
10.61	0.0065
10.62	0.0056
10.62	0.0067
10.63	0.0067
10.63	0.0066
10.65	0.0064
10.65	0.0063
10.66	0.0066
10.67	0.0059
10.67	0.0068
10.68	0.0063
10.68	0.0069
10.69	0.0064
10.7	0.0068
10.7	0.0062
10.71	0.007
10.71	0.0068
10.72	0.0066
10.72	0.0064
10.73	0.0061
10.74	0.006
10.74	0.0063
10.75	0.0067
10.75	0.0068
10.76	0.0063
10.77	0.0066
10.77	0.0063
10.78	0.0063
10.78	0.0063
10.79	0.0074
10.8	0.007
10.8	0.0065
10.81	0.0071
10.81	0.007
10.82	0.0069
10.82	0.0067
10.84	0.0063
10.84	0.0071
10.85	0.0067
10.85	0.0067
10.86	0.0071
10.87	0.0065
10.87	0.0068
10.88	0.0065
10.88	0.0063
10.89	0.0064
10.89	0.0073
10.9	0.0066
10.91	0.0065
10.91	0.0071
10.92	0.0067
10.92	0.0061
10.93	0.0066
10.93	0.0061
10.94	0.007
10.95	0.0065
10.95	0.0063
10.96	0.007
10.96	0.007
10.97	0.0065
10.98	0.0064
10.98	0.0065
10.99	0.0066
10.99	0.0065
11.	0.0065
11.01	0.0072
11.01	0.0065
11.02	0.0076
11.02	0.0068
11.03	0.0068
11.04	0.0067
11.04	0.0065
11.05	0.0051
11.06	0.0046
11.07	0.0046
11.07	0.0051
11.08	0.0053
11.08	0.0043
11.09	0.005
11.09	0.0044
11.11	0.006
11.11	0.0052
11.12	0.005
11.12	0.0059
11.13	0.0057
11.14	0.005
11.15	0.0051
11.16	0.005
11.16	0.0055
11.17	0.0054
11.17	0.0048
11.18	0.0051
11.19	0.0051
11.19	0.005
11.2	0.0046
11.2	0.0053
11.21	0.0052
11.21	0.0051
11.22	0.0053
11.23	0.0046
11.23	0.0046
11.24	0.0051
11.24	0.005
11.25	0.0051
11.25	0.005
11.26	0.005
11.27	0.0056
11.27	0.0053
11.28	0.0051
11.28	0.0048
11.29	0.0052
11.29	0.0056
11.3	0.0053
11.31	0.005
11.31	0.005
11.32	0.0056
11.32	0.005
11.34	0.0045
11.34	0.0051
11.35	0.0055
11.35	0.0055
11.36	0.0054
11.37	0.005
11.37	0.005
11.38	0.0054
11.38	0.0046
11.39	0.0053
11.39	0.0057
11.4	0.0055
11.41	0.0057
11.41	0.0053
11.42	0.006
11.42	0.0048
11.43	0.0061
11.43	0.0059
11.44	0.0058
11.45	0.0058
11.45	0.0057
11.46	0.0052
11.46	0.0053
11.47	0.0052
11.47	0.0053
11.48	0.0051
11.49	0.0054
11.49	0.006
11.5	0.0055
11.5	0.0047
11.51	0.0059
11.52	0.0055
11.52	0.005
11.53	0.005
11.53	0.0056
11.54	0.005
11.55	0.0038
11.56	0.0035
11.57	0.0034
11.57	0.0032
11.58	0.0033
11.58	0.0038
11.59	0.003
11.59	0.0037
11.61	0.0037
11.61	0.0038
11.62	0.0039
11.62	0.0039
11.63	0.0035
11.64	0.0041
11.65	0.004
11.66	0.0041
11.66	0.0038
11.67	0.0041
11.67	0.0038
11.68	0.0033
11.68	0.0039
11.69	0.0041
11.7	0.0044
11.7	0.0034
11.71	0.0039
11.71	0.0042
11.72	0.0038
11.72	0.0042
11.73	0.0041
11.74	0.0041
11.74	0.004
11.75	0.004
11.75	0.0046
11.76	0.0045
11.77	0.0042
11.77	0.004
11.78	0.0041
11.78	0.004
11.79	0.0038
11.79	0.0042
11.8	0.0045
11.81	0.004
11.81	0.0047
11.82	0.0041
11.82	0.0045
11.84	0.0038
11.84	0.0039
11.85	0.0042
11.86	0.0047
11.86	0.0041
11.87	0.0045
11.87	0.0048
11.88	0.004
11.89	0.0045
11.89	0.0041
11.9	0.004
11.9	0.0041
11.91	0.004
11.91	0.0041
11.92	0.0041
11.93	0.0042
11.93	0.0038
11.94	0.004
11.94	0.0042
11.95	0.004
11.96	0.0043
11.96	0.004
11.97	0.0045
11.97	0.0037
11.98	0.0044
11.98	0.0039
11.99	0.0047
12.	0.0042
12.	0.0049
12.01	0.0052
12.01	0.004
12.02	0.0045
12.02	0.0045
12.03	0.0044
12.04	0.0041
12.04	0.0044
12.05	0.0028
12.06	0.0028
12.07	0.0026
12.07	0.0027
12.08	0.0033
12.08	0.0033
12.09	0.0031
12.09	0.0037
12.11	0.0034
12.11	0.0035
12.12	0.0039
12.13	0.003
12.13	0.0033
12.14	0.0033
12.15	0.0026
12.16	0.0029
12.16	0.0029
12.17	0.0032
12.17	0.0033
12.18	0.0036
12.18	0.0026
12.19	0.0031
12.2	0.0031
12.2	0.0031
12.21	0.0029
12.21	0.0033
12.22	0.0029
12.22	0.0034
12.23	0.0034
12.24	0.0031
12.24	0.0034
12.25	0.0029
12.25	0.0035
12.26	0.003
12.26	0.0032
12.27	0.0027
12.28	0.0029
12.28	0.0032
12.29	0.0034
12.29	0.0033
12.3	0.0028
12.31	0.004
12.31	0.0031
12.32	0.0031
12.32	0.0032
12.34	0.0034
12.34	0.0029
12.35	0.0037
12.36	0.0036
12.36	0.0034
12.37	0.0034
12.37	0.0034
12.38	0.0035
12.39	0.0039
12.39	0.0036
12.4	0.0029
12.4	0.0032
12.41	0.0032
12.41	0.0037
12.42	0.0037
12.43	0.0032
12.43	0.0029
12.44	0.0035
12.44	0.004
12.45	0.0034
12.45	0.0035
12.46	0.0037
12.47	0.0032
12.47	0.003
12.48	0.003
12.48	0.003
12.49	0.0034
12.49	0.0035
12.5	0.0039
12.51	0.0038
12.51	0.0035
12.52	0.0032
12.52	0.0033
12.53	0.0035
12.54	0.0038
12.54	0.0041
12.55	0.0025
12.56	0.0027
12.57	0.0027
12.57	0.0027
12.58	0.0025
12.59	0.003
12.59	0.0027
12.6	0.0026
12.61	0.002
12.62	0.0027
12.62	0.0028
12.63	0.0031
12.63	0.0032
12.64	0.0028
12.65	0.0031
12.66	0.0026
12.66	0.0026
12.67	0.0028
12.67	0.0029
12.68	0.0022
12.69	0.0029
12.69	0.0029
12.7	0.002
12.7	0.0029
12.71	0.0027
12.71	0.003
12.72	0.0034
12.73	0.003
12.73	0.0029
12.74	0.0029
12.74	0.0025
12.75	0.0026
12.75	0.0032
12.76	0.0028
12.77	0.0023
12.77	0.0026
12.78	0.0022
12.78	0.0029
12.79	0.003
12.8	0.0029
12.8	0.0026
12.81	0.0027
12.81	0.0023
12.82	0.0028
12.82	0.0024
12.84	0.0033
12.84	0.0031
12.85	0.0028
12.86	0.0028
12.86	0.0032
12.87	0.0024
12.87	0.0037
12.88	0.0029
12.88	0.0029
12.89	0.0031
12.9	0.0025
12.9	0.0026
12.91	0.0024
12.91	0.0034
12.92	0.003
12.93	0.0027
12.93	0.0025
12.94	0.003
12.94	0.0034
12.95	0.0031
12.95	0.0029
12.96	0.0029
12.97	0.0027
12.97	0.0035
12.98	0.0033
12.98	0.0031
12.99	0.0035
13.	0.0033
13.	0.0033
13.01	0.0035
13.01	0.003
13.02	0.0034
13.02	0.0031
13.03	0.0034
13.04	0.0029
13.04	0.0034
13.05	0.0021
13.06	0.0017
13.07	0.0026
13.07	0.0017
13.08	0.0024
13.08	0.0014
13.09	0.0013
13.09	0.0028
13.11	0.002
13.11	0.0028
13.12	0.002
13.13	0.0022
13.13	0.0024
13.14	0.0023
13.15	0.0023
13.16	0.0025
13.16	0.0023
13.17	0.0024
13.17	0.0023
13.18	0.0025
13.18	0.0019
13.19	0.0022
13.2	0.0018
13.2	0.0022
13.21	0.0022
13.21	0.0024
13.22	0.002
13.23	0.0024
13.23	0.0024
13.24	0.0021
13.24	0.0028
13.25	0.0023
13.26	0.0022
13.26	0.0024
13.27	0.0019
13.27	0.0024
13.28	0.0025
13.29	0.002
13.29	0.0027
13.3	0.0028
13.3	0.0026
13.31	0.0023
13.31	0.0023
13.32	0.0028
13.33	0.0026
13.34	0.0026
13.34	0.0016
13.35	0.0023
13.36	0.0019
13.36	0.0027
13.37	0.0023
13.37	0.002
13.38	0.0021
13.39	0.0029
13.39	0.0019
13.4	0.002
13.4	0.0028
13.41	0.0024
13.41	0.0028
13.42	0.0027
13.43	0.002
13.43	0.0016
13.44	0.0022
13.44	0.0025
13.45	0.0023
13.46	0.0027
13.46	0.0031
13.47	0.0028
13.47	0.0022
13.48	0.003
13.49	0.0027
13.49	0.0025
13.5	0.0019
13.5	0.0018
13.51	0.0028
13.51	0.0027
13.52	0.0024
13.53	0.0025
13.53	0.0025
13.54	0.0032
13.54	0.0022
13.56	0.0013
13.56	0.0022
13.57	0.0015
13.57	0.0015
13.58	0.0017
13.58	0.0015
13.59	0.0018
13.6	0.0011
13.61	0.0015
13.61	0.0013
13.62	0.002
13.63	0.0017
13.63	0.0016
13.64	0.0015
13.65	0.0015
13.66	0.0015
13.66	0.0015
13.67	0.0015
13.68	0.0019
13.68	0.0014
13.69	0.0017
13.69	0.0018
13.7	0.0016
13.7	0.0022
13.71	0.0018
13.72	0.0014
13.72	0.0024
13.73	0.0022
13.73	0.0016
13.74	0.0015
13.74	0.0016
13.75	0.0014
13.76	0.0022
13.76	0.0024
13.77	0.0021
13.77	0.0025
13.78	0.0016
13.78	0.0021
13.79	0.0017
13.8	0.0018
13.8	0.0024
13.81	0.0019
13.81	0.0013
13.82	0.0018
13.82	0.0015
13.84	0.0015
13.84	0.0015
13.85	0.0019
13.86	0.0025
13.86	0.0021
13.87	0.0022
13.87	0.0021
13.88	0.0019
13.88	0.0024
13.89	0.0024
13.9	0.002
13.9	0.0017
13.91	0.0022
13.91	0.0021
13.92	0.0024
13.92	0.0016
13.93	0.0024
13.94	0.0018
13.94	0.0021
13.95	0.0017
13.95	0.0021
13.96	0.0019
13.96	0.0025
13.97	0.0017
13.98	0.0022
13.98	0.0026
13.99	0.0023
13.99	0.0017
14.	0.0023
14.01	0.0029
14.01	0.003
14.02	0.0022
14.02	0.0017
14.03	0.0018
14.03	0.0025
14.04	0.0019
14.05	0.0016
14.06	0.0015
14.06	0.0013
14.07	0.0016
14.08	0.0014
14.08	0.0015
14.09	0.0022
14.09	0.0016
14.1	0.0015
14.11	0.0015
14.12	0.0015
14.12	0.0016
14.13	0.0013
14.13	0.002
14.14	0.0018
14.15	0.001
14.16	0.0015
14.16	0.002
14.17	0.0015
14.18	0.0016
14.18	0.0015
14.19	0.0014
14.19	0.0021
14.2	0.0015
14.21	0.0016
14.21	0.0017
14.22	0.0019
14.22	0.0018
14.23	0.0024
14.23	0.0021
14.24	0.0025
14.25	0.0021
14.25	0.002
14.26	0.0017
14.26	0.0018
14.27	0.0018
14.28	0.002
14.28	0.0014
14.29	0.002
14.29	0.0015
14.3	0.0017
14.3	0.0021
14.31	0.002
14.32	0.0022
14.32	0.0021
14.33	0.0016
14.34	0.0021
14.35	0.002
14.35	0.0019
14.36	0.002
14.36	0.0012
14.37	0.002
14.38	0.0019
14.38	0.0016
14.39	0.0017
14.39	0.0018
14.4	0.0018
14.4	0.0016
14.41	0.0022
14.42	0.002
14.42	0.0019
14.43	0.0017
14.43	0.0015
14.44	0.0018
14.45	0.0009
14.45	0.002
14.46	0.0014
14.46	0.0023
14.47	0.0018
14.48	0.0018
14.48	0.002
14.49	0.002
14.49	0.0026
14.5	0.0022
14.5	0.0027
14.51	0.0019
14.52	0.0019
14.52	0.002
14.53	0.0025
14.53	0.0022
14.54	0.0024
14.54	0.0026
14.56	0.0018
14.56	0.0016
14.57	0.0007
14.57	0.0018
14.58	0.0014
14.59	0.0008
14.59	0.0017
14.6	0.0014
14.61	0.0011
14.62	0.0014
14.62	0.0014
14.63	0.0015
14.64	0.002
14.64	0.0017
14.65	0.0013
14.66	0.0013
14.67	0.0019
14.67	0.0016
14.68	0.0018
14.68	0.0012
14.69	0.0016
14.7	0.0019
14.7	0.0021
14.71	0.0019
14.71	0.0017
14.72	0.0018
14.72	0.0017
14.73	0.0016
14.74	0.0022
14.74	0.0014
14.75	0.0018
14.75	0.0012
14.76	0.0014
14.77	0.0019
14.77	0.0017
14.78	0.0017
14.78	0.0017
14.79	0.0018
14.79	0.0023
14.8	0.0021
14.81	0.0016
14.81	0.0018
14.82	0.0018
14.82	0.0018
14.83	0.0024
14.84	0.0019
14.85	0.0012
14.85	0.0016
14.86	0.0025
14.86	0.0015
14.87	0.0019
14.88	0.0014
14.88	0.0019
14.89	0.0018
14.89	0.0022
14.9	0.0015
14.91	0.0023
14.91	0.0019
14.92	0.0018
14.92	0.0017
14.93	0.002
14.93	0.0019
14.94	0.0016
14.95	0.0018
14.95	0.0017
14.96	0.0023
14.96	0.0024
14.97	0.0023
14.97	0.0019
14.98	0.0024
14.99	0.0024
14.99	0.0021
15.	0.002
15.	0.0022
15.01	0.0022
15.01	0.0019
15.02	0.0018
15.03	0.0015
15.03	0.0021
15.04	0.0019
15.05	0.0023
15.06	0.0015
15.06	0.0011
15.07	0.0011
15.08	0.0016
15.08	0.0013
15.09	0.0016
15.09	0.0019
15.1	0.0015
15.11	0.0014
15.12	0.002
15.12	0.0016
15.13	0.0015
15.13	0.0012
15.14	0.001
15.15	0.0008
15.16	0.0021
15.17	0.0013
15.17	0.0015
15.18	0.0016
15.18	0.0017
15.19	0.0012
15.19	0.0012
15.2	0.0011
15.21	0.0011
15.21	0.0014
15.22	0.0021
15.22	0.0015
15.23	0.0018
15.24	0.0016
15.24	0.0015
15.25	0.0015
15.25	0.0015
15.26	0.002
15.26	0.0017
15.27	0.0014
15.28	0.0016
15.28	0.002
15.29	0.0014
15.29	0.0019
15.3	0.0012
15.3	0.0015
15.31	0.0015
15.32	0.0018
15.32	0.002
15.33	0.0019
15.34	0.0015
15.35	0.0018
15.35	0.0022
15.36	0.0021
15.36	0.0014
15.37	0.0014
15.38	0.0015
15.38	0.0017
15.39	0.0012
15.39	0.002
15.4	0.0019
15.4	0.0017
15.41	0.0015
15.42	0.0018
15.42	0.0017
15.43	0.0013
15.43	0.0024
15.44	0.0015
15.44	0.0017
15.45	0.0018
15.46	0.0017
15.46	0.0013
15.47	0.0016
15.47	0.0022
15.48	0.0018
15.49	0.0015
15.49	0.0011
15.5	0.0019
15.5	0.0017
15.51	0.0015
15.52	0.0022
15.52	0.0017
15.53	0.0023
15.53	0.0022
15.54	0.0021
15.54	0.0021
15.56	0.0019
15.56	0.0016
15.57	0.0016
15.58	0.0015
15.58	0.0016
15.59	0.0013
15.59	0.0014
15.6	0.0015
15.61	0.0011
15.62	0.0011
15.62	0.0012
15.63	0.0009
15.63	0.0014
15.64	0.0015
15.65	0.0012
15.66	0.0015
15.67	0.001
15.67	0.0019
15.68	0.001
15.69	0.0015
15.69	0.0018
15.7	0.0016
15.7	0.001
15.71	0.0018
15.72	0.0011
15.72	0.0012
15.73	0.0012
15.73	0.0017
15.74	0.0018
15.75	0.0016
15.75	0.0017
15.76	0.0021
15.76	0.0012
15.77	0.0017
15.77	0.0011
15.78	0.0014
15.79	0.0016
15.79	0.0016
15.8	0.0016
15.8	0.0019
15.81	0.0014
15.81	0.0015
15.82	0.0012
15.83	0.0017
15.84	0.0019
15.85	0.0015
15.85	0.0016
15.86	0.002
15.86	0.0018
15.87	0.0021
15.88	0.0017
15.88	0.0015
15.89	0.0018
15.89	0.0017
15.9	0.0019
15.91	0.0015
15.91	0.0021
15.92	0.0019
15.92	0.0022
15.93	0.0017
15.93	0.0019
15.94	0.0022
15.95	0.0016
15.95	0.0016
15.96	0.0017
15.96	0.0017
15.97	0.0015
15.97	0.0015
15.98	0.0016
15.98	0.0017
15.99	0.0023
16.	0.002
16.	0.0026
16.01	0.0019
16.01	0.0017
16.02	0.0016
16.03	0.0019
16.03	0.0019
16.04	0.0022
16.04	0.0016
16.05	0.0015
16.06	0.0011
16.07	0.0014
16.07	0.0013
16.08	0.0016
16.08	0.001
16.09	0.0012
16.1	0.001
16.1	0.0004
16.11	0.0012
16.12	0.0009
16.13	0.0016
16.13	0.0008
16.14	0.0016
16.14	0.0014
16.16	0.0011
16.16	0.0017
16.17	0.002
16.17	0.0018
16.18	0.0015
16.19	0.0018
16.19	0.0012
16.2	0.0007
16.2	0.0013
16.21	0.0014
16.22	0.0017
16.22	0.0012
16.23	0.0015
16.23	0.0017
16.24	0.0021
16.24	0.0015
16.25	0.0018
16.26	0.0019
16.26	0.0017
16.27	0.0017
16.27	0.0016
16.28	0.0019
16.28	0.0013
16.29	0.001
16.3	0.0018
16.3	0.0017
16.31	0.0019
16.31	0.0012
16.32	0.0013
16.33	0.0016
16.33	0.0017
16.34	0.0019
16.35	0.0016
16.36	0.0015
16.36	0.0018
16.37	0.002
16.37	0.0014
16.38	0.0019
16.38	0.0015
16.39	0.0015
16.4	0.0015
16.4	0.0016
16.41	0.0021
16.41	0.0017
16.42	0.0016
16.42	0.0015
16.43	0.0016
16.44	0.0019
16.44	0.002
16.45	0.002
16.45	0.0014
16.46	0.0018
16.46	0.0025
16.47	0.0018
16.48	0.0021
16.48	0.0013
16.49	0.0016
16.5	0.0022
16.5	0.0021
16.51	0.002
16.51	0.0025
16.52	0.0014
16.52	0.0015
16.53	0.0016
16.54	0.0014
16.54	0.0021
16.55	0.002
16.56	0.0014
16.57	0.0014
16.57	0.0017
16.58	0.0009
16.58	0.0014
16.59	0.0014
16.6	0.001
16.6	0.0009
16.61	0.0012
16.62	0.0014
16.63	0.0011
16.63	0.0012
16.64	0.0011
16.64	0.0016
16.66	0.0014
16.66	0.0021
16.67	0.0015
16.67	0.0016
16.68	0.0019
16.69	0.0017
16.69	0.0015
16.7	0.0015
16.7	0.0013
16.71	0.0017
16.72	0.002
16.72	0.0013
16.73	0.0022
16.73	0.0016
16.74	0.0016
16.74	0.0021
16.75	0.0014
16.76	0.0021
16.76	0.0016
16.77	0.0014
16.77	0.0016
16.78	0.0015
16.79	0.0018
16.79	0.0013
16.8	0.0018
16.8	0.0014
16.81	0.0017
16.81	0.0015
16.82	0.0016
16.83	0.0016
16.83	0.0016
16.84	0.0017
16.85	0.0012
16.85	0.001
16.86	0.0016
16.87	0.0012
16.87	0.002
16.88	0.0015
16.88	0.0017
16.89	0.0022
16.89	0.0018
16.9	0.0018
16.91	0.0018
16.91	0.0016
16.92	0.0015
16.92	0.0018
16.93	0.0015
16.94	0.0018
16.94	0.0015
16.95	0.0023
16.95	0.0018
16.96	0.0015
16.97	0.0015
16.97	0.0021
16.98	0.0021
16.98	0.0019
16.99	0.0021
16.99	0.0019
17.	0.0015
17.01	0.0018
17.01	0.0021
17.02	0.0021
17.02	0.0022
17.03	0.0012
17.03	0.0022
17.04	0.0017
17.05	0.002
17.05	0.0017
17.06	0.0012
17.07	0.0017
17.08	0.0011
17.08	0.001
17.09	0.0018
17.09	0.0014
17.1	0.0012
17.11	0.0013
17.12	0.0016
17.13	0.0016
17.13	0.0015
17.14	0.0015
17.14	0.0017
17.16	0.0014
17.16	0.002
17.17	0.0014
17.18	0.0017
17.18	0.0012
17.19	0.0011
17.19	0.0013
17.2	0.001
17.21	0.0013
17.21	0.0014
17.22	0.0011
17.22	0.0015
17.23	0.0014
17.23	0.001
17.24	0.0015
17.25	0.0015
17.25	0.0016
17.26	0.0011
17.26	0.0017
17.27	0.0018
17.27	0.0012
17.28	0.0017
17.29	0.0019
17.29	0.002
17.3	0.0017
17.3	0.0015
17.31	0.0015
17.31	0.0017
17.32	0.0019
17.33	0.002
17.33	0.0026
17.34	0.002
17.35	0.0022
17.36	0.0019
17.36	0.0018
17.37	0.0017
17.37	0.0014
17.38	0.0013
17.38	0.0018
17.39	0.0016
17.4	0.0019
17.4	0.0013
17.41	0.0014
17.41	0.0017
17.42	0.0016
17.42	0.002
17.43	0.0019
17.44	0.0017
17.44	0.0019
17.45	0.0016
17.45	0.0015
17.46	0.0017
17.47	0.0015
17.47	0.0026
17.48	0.0021
17.48	0.0023
17.49	0.0018
17.49	0.002
17.5	0.002
17.51	0.0018
17.51	0.002
17.52	0.0019
17.52	0.002
17.53	0.0018
17.54	0.0021
17.54	0.0018
17.55	0.0019
17.55	0.0026
17.57	0.0013
17.57	0.0014
17.58	0.0006
17.58	0.0015
17.59	0.0016
17.59	0.0012
17.6	0.0011
17.61	0.0009
17.62	0.0015
17.63	0.0016
17.63	0.0011
17.64	0.0013
17.64	0.0016
17.66	0.0014
17.66	0.0012
17.67	0.0019
17.67	0.0015
17.68	0.0019
17.69	0.0016
17.69	0.0017
17.7	0.0014
17.7	0.0016
17.71	0.0017
17.71	0.0016
17.72	0.0009
17.73	0.0017
17.73	0.0017
17.74	0.0022
17.74	0.0013
17.75	0.0018
17.76	0.0015
17.76	0.002
17.77	0.0018
17.77	0.0013
17.78	0.0014
17.78	0.0018
17.79	0.0015
17.8	0.0016
17.8	0.002
17.81	0.0017
17.81	0.0019
17.82	0.0021
17.82	0.0019
17.83	0.0014
17.84	0.0018
17.85	0.0012
17.86	0.0019
17.86	0.0013
17.87	0.0015
17.88	0.0015
17.88	0.0018
17.89	0.0014
17.89	0.0017
17.9	0.0018
17.91	0.0019
17.91	0.0019
17.92	0.0017
17.92	0.0015
17.93	0.0012
17.93	0.0012
17.94	0.0012
17.95	0.0019
17.95	0.0017
17.96	0.0013
17.96	0.0022
17.97	0.0013
17.97	0.0019
17.98	0.0024
17.99	0.0023
17.99	0.0021
18.	0.0017
18.	0.0022
18.01	0.0017
18.01	0.0017
18.02	0.0021
18.03	0.0021
18.03	0.0023
18.04	0.0026
18.04	0.0023
18.05	0.0015
18.05	0.0022
18.07	0.0011
18.07	0.001
18.08	0.0016
18.08	0.0011
18.09	0.0015
18.1	0.0011
18.1	0.0011
18.11	0.0014
18.12	0.0007
18.13	0.0019
18.13	0.0016
18.14	0.0015
18.14	0.0005
18.16	0.0011
18.16	0.0014
18.17	0.0011
18.17	0.0013
18.18	0.0018
18.19	0.0007
18.19	0.0008
18.2	0.0014
18.2	0.0016
18.21	0.0016
18.22	0.002
18.22	0.0017
18.23	0.0008
18.23	0.0015
18.24	0.002
18.24	0.0017
18.25	0.0018
18.26	0.0015
18.26	0.0017
18.27	0.0015
18.27	0.0016
18.28	0.0021
18.28	0.0014
18.29	0.0012
18.3	0.002
18.3	0.0018
18.31	0.0019
18.31	0.0013
18.32	0.0016
18.32	0.0025
18.33	0.0014
18.34	0.0015
18.35	0.0015
18.36	0.0017
18.36	0.0014
18.37	0.001
18.37	0.0015
18.38	0.0017
18.39	0.0016
18.39	0.001
18.4	0.0019
18.4	0.0014
18.41	0.0014
18.42	0.0022
18.42	0.0022
18.43	0.0019
18.43	0.0015
18.44	0.0017
18.45	0.0016
18.45	0.0019
18.46	0.0021
18.46	0.0022
18.47	0.0025
18.48	0.002
18.48	0.0021
18.49	0.002
18.49	0.0017
18.5	0.0016
18.5	0.0017
18.51	0.0023
18.52	0.0017
18.52	0.0016
18.53	0.0017
18.53	0.0018
18.54	0.002
18.54	0.0017
18.55	0.0015
18.56	0.0012
18.57	0.0014
18.57	0.0015
18.58	0.0017
18.59	0.0012
18.59	0.0013
18.6	0.0016
18.6	0.0014
18.62	0.0013
18.62	0.0012
18.63	0.0013
18.63	0.0012
18.64	0.0011
18.65	0.0008
18.66	0.0014
18.66	0.0012
18.67	0.0015
18.68	0.0015
18.68	0.0015
18.69	0.0009
18.69	0.0017
18.7	0.0015
18.7	0.0018
18.71	0.0013
18.72	0.0014
18.72	0.0009
18.73	0.0012
18.73	0.0011
18.74	0.0012
18.74	0.0014
18.75	0.0011
18.76	0.0015
18.76	0.0016
18.77	0.0011
18.77	0.002
18.78	0.0014
18.79	0.0014
18.79	0.0017
18.8	0.0012
18.8	0.0016
18.81	0.0016
18.81	0.0017
18.82	0.0009
18.83	0.002
18.83	0.002
18.84	0.0013
18.85	0.002
18.86	0.0015
18.86	0.0018
18.87	0.0018
18.88	0.0017
18.88	0.0018
18.89	0.0014
18.89	0.002
18.9	0.002
18.9	0.0014
18.91	0.0018
18.91	0.0018
18.92	0.0015
18.93	0.002
18.93	0.0019
18.94	0.0022
18.94	0.0015
18.95	0.0013
18.96	0.0015
18.96	0.0014
18.97	0.002
18.97	0.002
18.98	0.002
18.98	0.0021
18.99	0.0019
19.	0.0022
19.	0.0025
19.01	0.0021
19.01	0.0025
19.02	0.0019
19.02	0.0016
19.03	0.0022
19.04	0.0019
19.04	0.0018
19.05	0.0028
19.05	0.0023
19.06	0.0018
19.07	0.0016
19.08	0.0018
19.08	0.0018
19.09	0.0018
19.09	0.001
19.1	0.0018
19.12	0.0014
19.12	0.0009
19.13	0.0009
19.13	0.0015
19.14	0.0007
19.14	0.0016
19.16	0.0009
19.16	0.0012
19.17	0.0016
19.18	0.0017
19.18	0.0012
19.19	0.0012
19.19	0.0013
19.2	0.0014
19.2	0.0016
19.21	0.0017
19.22	0.0013
19.22	0.0009
19.23	0.0021
19.23	0.0021
19.24	0.0014
19.24	0.0015
19.25	0.0013
19.26	0.0013
19.26	0.0009
19.27	0.001
19.27	0.001
19.28	0.0019
19.29	0.0013
19.29	0.0013
19.3	0.0012
19.3	0.0009
19.31	0.0017
19.32	0.0011
19.32	0.0016
19.33	0.001
19.33	0.0011
19.35	0.0012
19.35	0.0015
19.36	0.0015
19.36	0.0008
19.37	0.001
19.37	0.0021
19.38	0.0012
19.39	0.0011
19.39	0.0013
19.4	0.0015
19.4	0.0012
19.41	0.0016
19.41	0.0014
19.42	0.0011
19.43	0.0021
19.43	0.0015
19.44	0.0017
19.44	0.0016
19.45	0.0017
19.45	0.0012
19.46	0.001
19.47	0.0022
19.47	0.0018
19.48	0.0017
19.48	0.0017
19.49	0.0013
19.49	0.0021
19.5	0.0018
19.51	0.0017
19.51	0.0016
19.52	0.0011
19.53	0.0011
19.53	0.0015
19.54	0.0013
19.54	0.0019
19.55	0.0012
19.55	0.0015
19.56	0.0017
19.57	0.0008
19.58	0.0012
19.58	0.0009
19.59	0.0009
19.6	0.0012
19.6	0.0012
19.62	0.0012
19.62	0.0012
19.63	0.001
19.63	0.0009
19.64	0.001
19.65	0.0012
19.66	0.0017
19.66	0.0003
19.67	0.0005
19.68	0.0012
19.68	0.0012
19.69	0.0017
19.69	0.0008
19.7	0.0014
19.7	0.0012
19.71	0.0016
19.72	0.0016
19.72	0.0013
19.73	0.0014
19.73	0.0012
19.74	0.0015
19.75	0.0009
19.75	0.0012
19.76	0.001
19.76	0.0018
19.77	0.001
19.78	0.0007
19.78	0.0012
19.79	0.0013
19.79	0.0015
19.8	0.0017
19.8	0.0017
19.81	0.0013
19.82	0.0015
19.82	0.0015
19.83	0.0015
19.83	0.0014
19.85	0.0013
19.85	0.001
19.86	0.0016
19.86	0.002
19.87	0.0013
19.88	0.001
19.88	0.0011
19.89	0.0016
19.89	0.0012
19.9	0.0014
19.9	0.0013
19.91	0.0021
19.92	0.0015
19.92	0.0017
19.93	0.0013
19.93	0.001
19.94	0.0016
19.94	0.0019
19.95	0.002
19.96	0.001
19.96	0.002
19.97	0.0016
19.97	0.0015
19.98	0.0019
19.99	0.0023
19.99	0.0016
20.	0.0011
20.	0.0014
20.01	0.0012
20.02	0.0014
20.02	0.0014
20.03	0.0017
20.03	0.0013
20.04	0.0015
20.04	0.0015
20.05	0.0016
20.06	0.0011
20.06	0.0017
20.07	0.0009
20.08	0.0005
20.09	0.0015
20.09	0.0011
20.1	0.0006
20.1	0.0015
20.12	0.0007
20.12	0.001
20.13	0.0009
20.13	0.0013
20.14	0.001
20.15	0.0011
20.16	0.001
20.16	0.0008
20.17	0.001
20.18	0.0009
20.18	0.001
20.19	0.0014
20.19	0.0019
20.2	0.0012
20.2	0.0019
20.21	0.0015
20.22	0.0012
20.22	0.001
20.23	0.0008
20.23	0.0012
20.24	0.0013
20.25	0.0012
20.25	0.0006
20.26	0.0014
20.26	0.0007
20.27	0.0015
20.27	0.0011
20.28	0.001
20.29	0.0016
20.29	0.0013
20.3	0.0014
20.3	0.001
20.31	0.001
20.31	0.0015
20.32	0.001
20.33	0.0015
20.33	0.0017
20.35	0.0015
20.35	0.0011
20.36	0.0016
20.36	0.0014
20.37	0.001
20.38	0.0019
20.38	0.0015
20.39	0.0012
20.39	0.0015
20.4	0.0016
20.4	0.002
20.41	0.0016
20.42	0.0009
20.42	0.0016
20.43	0.0013
20.43	0.0009
20.44	0.0012
20.45	0.0011
20.45	0.0017
20.46	0.0014
20.46	0.0018
20.47	0.0019
20.47	0.0015
20.48	0.0012
20.49	0.0009
20.49	0.0016
20.5	0.0016
20.5	0.0014
20.51	0.0018
20.52	0.0022
20.52	0.0013
20.53	0.0014
20.53	0.0014
20.54	0.0012
20.55	0.0013
20.55	0.001
20.56	0.0012
20.56	0.0017
20.58	0.0016
20.58	0.0014
20.59	0.0009
20.59	0.001
20.6	0.0011
20.6	0.0014
20.62	0.0009
20.62	0.0009
20.63	0.0014
20.64	0.0008
20.64	0.0012
20.65	0.0014
20.66	0.0013
20.67	0.0011
20.67	0.0016
20.68	0.0012
20.68	0.0013
20.69	0.001
20.69	0.0009
20.7	0.001
20.71	0.0011
20.71	0.0013
20.72	0.001
20.72	0.0017
20.73	0.001
20.74	0.0017
20.74	0.0012
20.75	0.0013
20.75	0.001
20.76	0.0012
20.76	0.0016
20.77	0.0014
20.78	0.0017
20.78	0.0018
20.79	0.0014
20.79	0.0015
20.8	0.0018
20.8	0.0008
20.81	0.0012
20.82	0.0011
20.82	0.0015
20.83	0.0016
20.83	0.0009
20.85	0.0011
20.85	0.0011
20.86	0.0014
20.86	0.0021
20.87	0.0021
20.87	0.0013
20.88	0.0017
20.89	0.0016
20.89	0.0009
20.9	0.0008
20.9	0.0009
20.91	0.001
20.92	0.0012
20.92	0.0017
20.93	0.0015
20.93	0.0011
20.94	0.0013
20.95	0.0019
20.95	0.0022
20.96	0.0009
20.96	0.0015
20.97	0.0021
20.98	0.0019
20.98	0.0014
20.99	0.0019
20.99	0.0015
21.	0.0013
21.	0.0011
21.01	0.0016
21.02	0.0012
21.02	0.0015
21.03	0.0014
21.03	0.0018
21.04	0.0016
21.04	0.002
21.05	0.0008
21.06	0.0014
21.06	0.0021
21.08	0.0015
21.08	0.0012
21.09	0.0011
21.09	0.0008
21.1	0.0007
21.11	0.0011
21.12	0.0009
21.12	0.0012
21.13	0.0011
21.14	0.0006
21.14	0.0015
21.15	0.0009
21.16	0.0008
21.17	0.0018
21.17	0.0015
21.18	0.0013
21.19	0.0012
21.19	0.001
21.2	0.0015
21.2	0.0012
21.21	0.0013
21.22	0.0014
21.22	0.0012
21.23	0.0012
21.23	0.0014
21.24	0.0015
21.24	0.0014
21.25	0.0009
21.26	0.0013
21.26	0.0008
21.27	0.0013
21.27	0.0018
21.28	0.0013
21.28	0.0011
21.29	0.0016
21.3	0.0019
21.3	0.0012
21.31	0.0011
21.31	0.0009
21.32	0.001
21.32	0.0013
21.33	0.0014
21.34	0.0014
21.35	0.0011
21.35	0.0016
21.36	0.0011
21.37	0.0014
21.37	0.0017
21.38	0.0012
21.39	0.0014
21.39	0.0009
21.4	0.0015
21.4	0.0011
21.41	0.0015
21.41	0.0009
21.42	0.0013
21.43	0.0016
21.43	0.0013
21.44	0.0014
21.44	0.0018
21.45	0.0017
21.45	0.0018
21.46	0.0018
21.47	0.0022
21.47	0.0019
21.48	0.0017
21.48	0.0015
21.49	0.0019
21.49	0.0011
21.5	0.0018
21.51	0.0011
21.51	0.0018
21.52	0.0016
21.52	0.0017
21.53	0.0013
21.54	0.0012
21.54	0.0017
21.55	0.0017
21.55	0.0018
21.56	0.0017
21.56	0.0007
21.58	0.0007
21.58	0.0014
21.59	0.0009
21.59	0.0012
21.6	0.0007
21.61	0.0002
21.62	0.0013
21.62	0.0012
21.63	0.0013
21.64	0.0013
21.64	0.0012
21.65	0.0008
21.66	0.0011
21.67	0.0012
21.67	0.0011
21.68	0.001
21.68	0.001
21.69	0.0014
21.7	0.0009
21.7	0.0013
21.71	0.0013
21.71	0.0014
21.72	0.001
21.72	0.0015
21.73	0.0011
21.74	0.001
21.74	0.0009
21.75	0.001
21.75	0.0017
21.76	0.0011
21.77	0.0004
21.77	0.0012
21.78	0.0008
21.78	0.0013
21.79	0.001
21.8	0.0015
21.8	0.0015
21.81	0.0013
21.81	0.0014
21.82	0.001
21.82	0.0013
21.83	0.0011
21.84	0.001
21.85	0.0017
21.85	0.0013
21.86	0.0011
21.87	0.0011
21.87	0.0014
21.88	0.0009
21.88	0.0012
21.89	0.0014
21.89	0.0016
21.9	0.0013
21.91	0.0015
21.91	0.0011
21.92	0.0015
21.92	0.0013
21.93	0.0012
21.93	0.0011
21.94	0.0016
21.95	0.0008
21.95	0.0016
21.96	0.0021
21.96	0.0013
21.97	0.0014
21.97	0.0014
21.98	0.0017
21.99	0.0014
21.99	0.0016
22.	0.0013
22.	0.0016
22.01	0.0014
22.01	0.0016
22.02	0.0012
22.03	0.0018
22.03	0.0006
22.04	0.0018
22.04	0.002
22.05	0.0014
22.06	0.0015
22.06	0.002
22.08	0.0007
22.08	0.0007
22.09	0.0009
22.09	0.0007
22.1	0.0011
22.1	0.0003
22.12	0.0008
22.12	0.0009
22.13	0.0008
22.13	0.0011
22.14	0.001
22.15	0.0011
22.15	0.0012
22.16	0.0011
22.17	0.0004
22.18	0.0012
22.18	0.0013
22.19	0.0013
22.19	0.0017
22.2	0.002
22.21	0.0014
22.21	0.0009
22.22	0.0007
22.22	0.0013
22.23	0.0015
22.23	0.0019
22.24	0.0014
22.25	0.0005
22.25	0.0009
22.26	0.0014
22.26	0.0009
22.27	0.0012
22.28	0.0011
22.28	0.0008
22.29	0.0016
22.29	0.0013
22.3	0.001
22.3	0.0012
22.31	0.0017
22.32	0.0011
22.32	0.0016
22.33	0.0016
22.33	0.0015
22.34	0.0015
22.35	0.0013
22.36	0.0015
22.36	0.0012
22.37	0.001
22.38	0.002
22.38	0.0014
22.39	0.0013
22.39	0.0013
22.4	0.0016
22.4	0.0019
22.41	0.0012
22.42	0.0009
22.42	0.0012
22.43	0.0014
22.43	0.0016
22.44	0.0017
22.45	0.0012
22.45	0.0015
22.46	0.0016
22.46	0.0018
22.47	0.0016
22.47	0.0014
22.48	0.0014
22.49	0.0018
22.49	0.0018
22.5	0.0019
22.5	0.0016
22.51	0.0019
22.52	0.0022
22.52	0.0015
22.53	0.0016
22.53	0.0011
22.54	0.0013
22.55	0.0015
22.55	0.0016
22.56	0.0017
22.56	0.0014
22.58	0.0008
22.58	0.0017
22.59	0.0008
22.59	0.0007
22.6	0.0012
22.61	0.0008
22.62	0.0017
22.62	0.001
22.63	0.0011
22.64	0.0013
22.64	0.0007
22.65	0.0006
22.65	0.0015
22.67	0.0014
22.67	0.0016
22.68	0.0015
22.68	0.0009
22.69	0.0015
22.7	0.0011
22.7	0.0006
22.71	0.0011
22.71	0.0012
22.72	0.0016
22.72	0.001
22.73	0.0016
22.73	0.0009
22.74	0.001
22.75	0.0012
22.75	0.0018
22.76	0.0008
22.76	0.0012
22.77	0.0008
22.78	0.0009
22.78	0.0008
22.79	0.0014
22.79	0.001
22.8	0.001
22.8	0.001
22.81	0.0012
22.82	0.0012
22.82	0.0014
22.83	0.0019
22.84	0.0016
22.84	0.0011
22.85	0.0016
22.86	0.001
22.87	0.0016
22.87	0.001
22.88	0.0011
22.88	0.0016
22.89	0.0014
22.89	0.0009
22.9	0.0014
22.91	0.0013
22.91	0.0012
22.92	0.0013
22.92	0.0015
22.93	0.0015
22.94	0.0017
22.94	0.0018
22.95	0.0013
22.95	0.0014
22.96	0.0012
22.96	0.0015
22.97	0.0011
22.98	0.0017
22.98	0.0014
22.99	0.002
22.99	0.0012
23.	0.0015
23.	0.0016
23.01	0.0016
23.02	0.0015
23.02	0.0013
23.03	0.0017
23.03	0.0014
23.04	0.0017
23.05	0.0015
23.05	0.0013
23.06	0.0019
23.06	0.0014
23.08	0.0011
23.08	0.001
23.09	0.001
23.09	0.001
23.1	0.0011
23.11	0.0005
23.12	0.001
23.12	0.0009
23.13	0.0011
23.14	0.0013
23.14	0.0015
23.15	0.0015
23.15	0.0013
23.17	0.0011
23.17	0.0012
23.18	0.0012
23.18	0.0011
23.19	0.0014
23.19	0.0009
23.2	0.0009
23.21	0.001
23.21	0.0011
23.22	0.0007
23.22	0.0013
23.23	0.0013
23.23	0.0012
23.24	0.0006
23.25	0.0015
23.25	0.001
23.26	0.0009
23.26	0.0008
23.27	0.0006
23.28	0.0008
23.28	0.0014
23.29	0.0016
23.29	0.001
23.3	0.0014
23.3	0.0006
23.31	0.001
23.32	0.0014
23.32	0.001
23.33	0.0011
23.33	0.0011
23.34	0.0015
23.35	0.0014
23.36	0.0017
23.36	0.0017
23.37	0.0015
23.38	0.0011
23.38	0.0013
23.39	0.0011
23.39	0.0013
23.4	0.001
23.41	0.0007
23.41	0.0014
23.42	0.0009
23.42	0.0014
23.43	0.0009
23.44	0.0014
23.44	0.0012
23.45	0.0014
23.45	0.0008
23.46	0.0013
23.46	0.0014
23.47	0.0017
23.48	0.0014
23.48	0.0012
23.49	0.0015
23.5	0.0015
23.5	0.001
23.51	0.0011
23.51	0.0019
23.52	0.0012
23.53	0.0016
23.53	0.002
23.54	0.0013
23.54	0.0014
23.55	0.0018
23.55	0.0014
23.56	0.002
23.57	0.0013
23.58	0.0013
23.58	0.0012
23.59	0.0013
23.6	0.0014
23.6	0.0013
23.61	0.0009
23.62	0.0005
23.63	0.0005
23.63	0.0012
23.64	0.0007
23.64	0.0009
23.65	0.0011
23.66	0.0008
23.67	0.0007
23.67	0.0011
23.68	0.0011
23.69	0.0009
23.69	0.0009
23.7	0.0017
23.7	0.0013
23.71	0.0007
23.71	0.0012
23.72	0.0008
23.73	0.0017
23.73	0.0011
23.74	0.001
23.74	0.0011
23.75	0.0014
23.76	0.0013
23.76	0.0012
23.77	0.0009
23.77	0.0005
23.78	0.0014
23.78	0.0015
23.79	0.0008
23.8	0.0012
23.8	0.0011
23.81	0.0015
23.81	0.001
23.82	0.0017
23.82	0.0014
23.83	0.0012
23.84	0.0014
23.84	0.0013
23.85	0.0017
23.86	0.0013
23.87	0.0014
23.87	0.0016
23.88	0.0014
23.89	0.002
23.89	0.0012
23.9	0.0015
23.9	0.0014
23.91	0.0014
23.91	0.0012
23.92	0.0019
23.93	0.0015
23.93	0.0014
23.94	0.0014
23.94	0.0013
23.95	0.0018
23.95	0.0011
23.96	0.0013
23.97	0.0011
23.97	0.0014
23.98	0.001
23.98	0.0012
23.99	0.0013
24.	0.0014
24.	0.0017
24.01	0.0015
24.01	0.0014
24.02	0.0015
24.02	0.0017
24.03	0.0015
24.04	0.0013
24.04	0.0018
24.05	0.0017
24.05	0.0018
24.06	0.0013
24.07	0.002
24.08	0.001
24.08	0.0009
24.09	0.0007
24.1	0.0009
24.1	0.0008
24.11	0.0013
24.12	0.0006
24.13	0.0013
24.13	0.0009
24.14	0.0009
24.14	0.0006
24.15	0.0007
24.16	0.0008
24.17	0.0003
24.17	0.001
24.18	0.0012
24.19	0.0012
24.19	0.0012
24.2	0.0011
24.2	0.0009
24.21	0.0013
24.22	0.0013
24.22	0.0006
24.23	0.0008
24.23	0.0015
24.24	0.0008
24.24	0.0014
24.25	0.0012
24.26	0.0011
24.26	0.0014
24.27	0.0014
24.27	0.0011
24.28	0.0008
24.28	0.0009
24.29	0.0015
24.3	0.0007
24.3	0.0011
24.31	0.0013
24.31	0.0008
24.32	0.0011
24.32	0.0014
24.33	0.0014
24.34	0.0014
24.34	0.0019
24.36	0.0011
24.36	0.0013
24.37	0.0013
24.37	0.001
24.38	0.0013
24.39	0.001
24.39	0.0014
24.4	0.0012
24.4	0.0009
24.41	0.001
24.41	0.0014
24.42	0.0012
24.43	0.0017
24.43	0.0011
24.44	0.0011
24.44	0.0011
24.45	0.001
24.45	0.0008
24.46	0.0018
24.47	0.0017
24.47	0.0012
24.48	0.0017
24.48	0.002
24.49	0.0014
24.49	0.0012
24.5	0.0011
24.51	0.0015
24.51	0.0012
24.52	0.0013
24.52	0.0016
24.53	0.0013
24.53	0.0017
24.54	0.0009
24.55	0.0016
24.55	0.001
24.56	0.0015
24.56	0.0017
24.57	0.0015
24.58	0.0008
24.59	0.0005
24.59	0.0004
24.6	0.0011
24.61	0.001
24.62	0.0007
24.63	0.0007
24.63	0.0009
24.64	0.001
24.64	0.0005
24.65	0.0006
24.66	0.0008
24.67	0.001
24.67	0.0007
24.68	0.0014
24.69	0.0011
24.69	0.0009
24.7	0.001
24.7	0.0015
24.71	0.0007
24.71	0.001
24.72	0.0014
24.73	0.001
24.73	0.0011
24.74	0.0011
24.74	0.0013
24.75	0.0009
24.75	0.001
24.76	0.001
24.77	0.0012
24.77	0.0008
24.78	0.0013
24.78	0.0008
24.79	0.0013
24.8	0.0014
24.8	0.0012
24.81	0.0013
24.81	0.0011
24.82	0.0013
24.83	0.0014
24.83	0.0013
24.84	0.0012
24.84	0.0012
24.86	0.0014
24.86	0.0015
24.87	0.001
24.87	0.0008
24.88	0.0009
24.88	0.0014
24.89	0.0009
24.9	0.0014
24.9	0.0014
24.91	0.0012
24.91	0.0012
24.92	0.0007
24.92	0.001
24.93	0.001
24.94	0.0015
24.94	0.0015
24.95	0.0012
24.95	0.0011
24.96	0.0015
24.97	0.0013
24.97	0.0011
24.98	0.0012
24.98	0.0014
24.99	0.0016
25.	0.0016
25.	0.0011
25.01	0.0013
25.01	0.0007
25.02	0.0015
25.03	0.0009
25.03	0.0011
25.04	0.0012
25.04	0.0015
25.05	0.0013
25.05	0.0008
25.06	0.0011
25.07	0.0008
25.08	0.0006
25.09	0.0008
25.09	0.0007
25.1	0.0003
25.1	0.0005
25.11	0.0008
25.12	0.0006
25.13	0.0007
25.13	0.0008
25.14	0.0007
25.15	0.0007
25.15	0.001
25.16	0.0011
25.17	0.001
25.18	0.0009
25.18	0.001
25.19	0.0008
25.19	0.0012
25.2	0.0006
25.2	0.001
25.21	0.0008
25.22	0.0013
25.22	0.001
25.23	0.0007
25.23	0.0008
25.24	0.0008
25.24	0.0008
25.25	0.0013
25.26	0.0006
25.26	0.0007
25.27	0.0009
25.27	0.0012
25.28	0.0009
25.29	0.0013
25.29	0.0008
25.3	0.0013
25.3	0.001
25.31	0.0007
25.32	0.0011
25.32	0.0009
25.33	0.0007
25.33	0.0007
25.34	0.0009
25.35	0.001
25.36	0.0007
25.36	0.0007
25.37	0.0013
25.38	0.0012
25.38	0.0012
25.39	0.0014
25.39	0.0011
25.4	0.0013
25.4	0.0007
25.41	0.0013
25.41	0.001
25.42	0.0012
25.43	0.0013
25.43	0.0013
25.44	0.0013
25.44	0.0015
25.45	0.0015
25.46	0.0011
25.46	0.0014
25.47	0.0015
25.47	0.001
25.48	0.0014
25.48	0.0012
25.49	0.0013
25.5	0.0011
25.5	0.0013
25.51	0.0015
25.51	0.0013
25.52	0.0015
25.53	0.0008
25.53	0.0011
25.54	0.001
25.54	0.0011
25.55	0.001
25.55	0.001
25.56	0.0011
25.57	0.0013
25.57	0.0011
25.58	0.0011
25.59	0.0005
25.6	0.0002
25.6	0.0006
25.61	0.0012
25.62	0.0003
25.63	0.0042
25.63	0.0007
25.64	0.0007
25.65	0.0007
25.65	0.0009
25.66	0.0007
25.67	0.0007
25.68	0.0002
25.68	0.0007
25.69	0.0009
25.69	0.0012
25.7	0.0005
25.7	0.0004
25.71	0.0008
25.72	0.0007
25.72	0.001
25.73	0.0007
25.73	0.0011
25.74	0.0013
25.74	0.001
25.75	0.001
25.76	0.0008
25.76	0.0003
25.77	0.0006
25.77	0.0009
25.78	0.001
25.79	0.0014
25.79	0.0012
25.8	0.0008
25.8	0.0009
25.81	0.0008
25.82	0.0015
25.82	0.0007
25.83	0.0009
25.83	0.0011
25.84	0.0011
25.84	0.0007
25.86	0.0009
25.86	0.0007
25.87	0.0012
25.87	0.001
25.88	0.0011
25.89	0.0007
25.89	0.0011
25.9	0.0013
25.9	0.0012
25.91	0.0015
25.91	0.0009
25.92	0.0008
25.93	0.0012
25.93	0.0009
25.94	0.0007
25.94	0.0011
25.95	0.0012
25.95	0.0014
25.96	0.0011
25.97	0.0014
25.97	0.001
25.98	0.001
25.98	0.0011
25.99	0.0014
26.	0.0012
26.	0.0006
26.01	0.0015
26.01	0.001
26.02	0.0011
26.02	0.0012
26.03	0.0014
26.04	0.0013
26.04	0.0008
26.05	0.0011
26.05	0.0012
26.06	0.0019
26.06	0.0011
26.07	0.0006
26.08	0.0006
26.09	0.0003
26.1	0.0002
26.1	0.0004
26.11	0.0008
26.12	0.0004
26.13	0.0008
26.13	0.0007
26.14	0.0016
26.15	0.0009
26.15	0.0003
26.16	0.0009
26.17	0.0006
26.18	0.0007
26.18	0.0008
26.19	0.0006
26.19	0.0003
26.2	0.0006
26.2	0.001
26.21	0.0005
26.22	0.0008
26.22	0.0008
26.23	0.001
26.23	0.0006
26.24	0.001
26.24	0.0013
26.25	0.0007
26.26	0.001
26.26	0.0005
26.27	0.0004
26.27	0.0008
26.28	0.0008
26.28	0.0002
26.29	0.0007
26.3	0.0005
26.3	0.0007
26.31	0.0008
26.31	0.0006
26.32	0.001
26.32	0.001
26.33	0.0008
26.34	0.0007
26.34	0.0003
26.35	0.001
26.36	0.0007
26.37	0.0012
26.37	0.001
26.38	0.0004
26.38	0.0007
26.39	0.0008
26.4	0.0006
26.4	0.0004
26.41	0.0008
26.41	0.0005
26.42	0.0006
26.42	0.0009
26.43	0.0013
26.44	0.001
26.44	0.0011
26.45	0.0002
26.45	0.0008
26.46	0.0006
26.47	0
26.47	0.0009
26.48	0.0008
26.48	0.0008
26.49	0.0007
26.49	0.001
26.5	0.0012
26.51	0.0005
26.51	0.0007
26.52	0.0007
26.52	0.0006
26.53	0.0007
26.53	0.0009
26.54	0.0009
26.55	0.0013
26.55	0.0009
26.56	0.0008
26.56	0.0005
26.57	0.0006
26.57	0.001
26.59	0.0003
26.59	0.0002
26.6	0.0001
26.6	0.0004
26.61	-0.0005
26.62	0
26.63	-0.0001
26.63	0.0001
26.64	0.0005
26.65	0.0006
26.65	0.0001
26.66	0.0001
26.67	0.0004
26.68	0.0005
26.68	0.0004
26.69	0.0004
26.69	0.0004
26.7	0.0007
26.71	0.0002
26.71	0.0005
26.72	0.0004
26.72	0.0002
26.73	0.0001
26.73	0.0005
26.74	0.0005
26.75	0.0002
26.75	-0.0001
26.76	0.0008
26.76	0.0007
26.77	0.0005
26.78	0.0004
26.78	0.0003
26.79	0.0006
26.79	0.0004
26.8	0.0004
26.8	0.0005
26.81	0.0003
26.82	-0.0001
26.82	0.001
26.83	0.0004
26.83	0.0005
26.84	0.0005
26.84	0.0003
26.85	0.0004
26.86	0.0004
26.87	0.001
26.87	0.0004
26.88	0.0008
26.89	0.0009
26.89	0.0008
26.9	0.0007
26.9	0.0005
26.91	0.0012
26.91	0.0004
26.92	0.001
26.93	0.0008
26.93	0.0001
26.94	0.0005
26.94	0.0004
26.95	0.0003
26.96	0
26.96	0.0003
26.97	0.0005
26.97	0.0006
26.98	0.0006
26.98	0.0006
26.99	0.0007
27.	0.0012
27.	0.0005
27.01	0.001
27.01	0.0004
27.02	0.0007
27.03	0.0009
27.03	0.0007
27.04	0.0002
27.04	0.0009
27.05	0.0008
27.05	0.0004
27.06	0.0004
27.07	0.0003
27.07	0.0007
27.08	0.0005
27.09	0.0001
27.09	-0.0002
27.1	0.0003
27.11	-0.0003
27.11	0.0002
27.12	0.0003
27.13	0
27.14	0
27.14	0.0003
27.15	-0.0003
27.15	0.0002
27.16	0.0007
27.17	0.0001
27.18	0.0002
27.18	0.0003
27.19	0.0002
27.2	-0.0001
27.2	0.0002
27.21	0.0002
27.21	0.0004
27.22	0.0005
27.22	0.0001
27.23	0
27.24	0.0003
27.24	0.0003
27.25	0.0004
27.25	0.0005
27.26	0.0006
27.26	0.0004
27.27	0.0005
27.28	-0.0002
27.28	-0.0003
27.29	0
27.29	0.0001
27.3	0.0005
27.31	0.0003
27.31	0.0006
27.32	0.0008
27.32	0.0003
27.33	0.0004
27.34	0.0002
27.34	0.0006
27.35	0.0003
27.35	0.0003
27.36	-0.0002
27.37	0.0005
27.38	0
27.38	0.0006
27.39	0.0002
27.4	0.0003
27.4	0.0006
27.41	0.0002
27.41	0.0009
27.42	0.0004
27.42	0.0003
27.43	0.0007
27.44	0.0003
27.44	0.0005
27.45	0.0007
27.45	0.0009
27.46	0.0001
27.46	0.0008
27.47	0.0004
27.48	0.0002
27.48	0.0002
27.49	0.0005
27.49	0.0004
27.5	0.0007
27.5	0.0009
27.51	0.0007
27.52	0.0005
27.52	0.0007
27.53	0.0005
27.53	0.0004
27.54	0.0008
27.55	0.0001
27.55	0.0006
27.56	0.0003
27.56	0.0004
27.57	0.0005
27.57	0.0004
27.59	-0.0008
27.59	-0.0003
27.6	-0.0001
27.61	-0.0003
27.61	-0.0001
27.62	0.0001
27.63	-0.0003
27.64	0
27.64	-0.0005
27.65	-0.0005
27.65	0.0001
27.66	-0.0002
27.67	-0.0004
27.68	-0.0003
27.68	-0.0001
27.69	0.0004
27.7	0
27.7	0.0003
27.71	0.0002
27.71	0.0001
27.72	-0.0001
27.73	-0.0001
27.73	-0.0002
27.74	0.0002
27.74	0.0002
27.75	0.0004
27.75	0.0006
27.76	0.0001
27.77	0.0004
27.77	0.0002
27.78	-0.0002
27.78	0.0003
27.79	0.0003
27.8	0.0005
27.8	-0.0002
27.81	0.0006
27.81	0.0004
27.82	0.0003
27.82	0.0004
27.83	0.0002
27.84	0
27.84	-0.0002
27.85	0.0004
27.85	0.0005
27.86	0.0005
27.87	0
27.88	0.0002
27.88	0.0001
27.89	0
27.89	0.0001
27.9	0.0001
27.91	0.0004
27.91	0
27.92	0.0002
27.92	0
27.93	0.0004
27.93	0.0007
27.94	0.0002
27.95	0.0006
27.95	0.0005
27.96	0.0001
27.96	-0.0001
27.97	0.0005
27.98	0.0006
27.98	0.0002
27.99	0.0004
27.99	0.0003
28.	0.0005
28.	0.0002
28.01	0
28.02	0.0005
28.02	0
28.03	0.0003
28.03	0.0005
28.04	0.0001
28.05	0.0003
28.05	0.0004
28.06	-0.0002
28.06	0.0003
28.07	0
28.07	0.0006
28.09	0
28.1	-0.0008
28.1	-0.0004
28.11	0
28.11	0.0002
28.12	0.0002
28.13	-0.0002
28.14	0.0002
28.14	0
28.15	-0.0004
28.15	0
28.16	0.0001
28.17	0
28.18	0.0001
28.18	0.0002
28.19	0.0004
28.2	0.0001
28.2	0.0001
28.21	0
28.21	0.0003
28.22	0.0005
28.22	-0.0004
28.23	-0.0001
28.24	0.0002
28.24	-0.0003
28.25	0
28.25	0.0002
28.26	-0.0001
28.27	0.0005
28.27	0
28.28	0
28.28	0.0001
28.29	0.0003
28.3	0.0003
28.3	0.0002
28.31	-0.0001
28.31	0.0001
28.32	0.0001
28.32	0.0001
28.33	0.0003
28.34	0.0002
28.34	0.0001
28.35	0.0002
28.36	-0.0002
28.37	0.0004
28.37	0.0004
28.38	-0.0003
28.39	0.0003
28.39	0.0002
28.4	0.0002
28.4	0.0001
28.41	-0.0001
28.41	0
28.42	0.0002
28.43	0.0001
28.43	0
28.44	-0.0001
28.44	0.0008
28.45	0.0005
28.45	0
28.46	0.0004
28.47	-0.0004
28.47	-0.0001
28.48	-0.0002
28.48	0.0002
28.49	0
28.5	0.0003
28.5	0
28.51	0.0001
28.51	0.0004
28.52	0.0008
28.52	0.0005
28.53	0.0004
28.54	0.001
28.54	0.0003
28.55	0.0002
28.55	0
28.56	0.0001
28.56	0.0005
28.57	0.0003
28.58	0.0009
28.59	0.0002
28.59	0
28.6	-0.0004
28.61	0.0002
28.61	-0.0005
28.62	-0.0001
28.63	-0.0003
28.64	-0.0002
28.64	-0.0001
28.65	0.0001
28.65	0.0001
28.66	0.0006
28.67	-0.0005
28.68	-0.0004
28.68	0.0002
28.69	-0.0001
28.7	-0.0001
28.7	0.0001
28.71	0.0002
28.71	-0.0001
28.72	0.0003
28.72	0.0002
28.73	0.0003
28.74	-0.0001
28.74	-0.0003
28.75	-0.0001
28.75	-0.0003
28.76	-0.0002
28.76	0
28.77	0
28.78	0.0007
28.78	-0.0006
28.79	-0.0004
28.79	0.0004
28.8	0
28.8	-0.0001
28.81	0.0005
28.82	-0.0005
28.82	0.0004
28.83	0.0002
28.83	-0.0001
28.84	-0.0001
28.85	0.0005
28.85	0.0001
28.86	0
28.87	-0.0001
28.88	0.0004
28.88	0
28.89	0.0004
28.89	-0.0001
28.9	0.0003
28.91	0.0001
28.91	0.0001
28.92	0.0003
28.92	0.0003
28.93	0.0004
28.93	0.0001
28.94	0.0004
28.95	0.0001
28.95	0.0009
28.96	-0.0001
28.96	0.0005
28.97	0.0004
28.97	0.0004
28.98	-0.0001
28.99	0.0006
28.99	0.0008
29.	0.0003
29.	0.0007
29.01	0.0001
29.02	0.0002
29.02	0.0003
29.03	0
29.03	0.0006
29.04	0.0006
29.04	0.0004
29.05	0.0009
29.06	0.001
29.06	0.0007
29.07	0.0009
29.07	0.0004
29.08	0.0009
29.09	-0.0003
29.1	-0.0001
29.11	-0.0003
29.11	0.0003
29.12	-0.0002
29.13	0.0005
29.14	0.0002
29.14	0.0002
29.15	0.0001
29.15	-0.0001
29.16	0.0007
29.17	0.0002
29.18	0.0002
29.18	0.0001
29.19	0.0006
29.2	0.0003
29.2	0.0001
29.21	0.0004
29.21	0.0003
29.22	0
29.22	-0.0005
29.23	-0.0002
29.24	0.0001
29.24	-0.0001
29.25	-0.0002
29.25	0.0003
29.26	0.0003
29.27	0.0008
29.27	-0.0003
29.28	0.0006
29.28	-0.0001
29.29	-0.0001
29.29	-0.0001
29.3	-0.0002
29.31	0
29.31	0.0003
29.32	-0.0001
29.32	0.0005
29.33	0.0003
29.33	0.0003
29.34	0.0004
29.35	0.0005
29.35	-0.0003
29.36	0.0001
29.37	-0.0004
29.38	-0.0001
29.38	0.0001
29.39	-0.0003
29.39	0.0002
29.4	0
29.41	0.0004
29.41	0.0001
29.42	0.0007
29.42	0.0007
29.43	0.0011
29.43	0
29.44	-0.0007
29.45	-0.0001
29.45	0.0003