8.3e-09 16.75 2 8.1875 0 3954780 60626674 0 8798341 268910099
8.3e-09 17.1094 2 8.1875 1 1128886 83788833 0 18502835 224985230
8.3e-09 18.1406 1.875 8.1875 2 30174139 316073190 4 0 0
8.3e-09 16.6094 2 8.1875 0 938300 35699106 0 15001929 231887455
8.3e-09 19.1094 2.04688 8.1875 15 740395 7725063 15 18906501 327722393
8.3e-09 23.0781 2.03125 8.1875 2268 46871021 234295137 2219 0 0
8.3e-09 22.3438 2.03125 8.1875 1225 13503506 76969206 1258 7987390 174046560
8.3e-09 20.5625 2.75 8.1875 99 2105274 15772225 86 34683682 301555704
8.3e-09 16.4375 1.92188 8.1875 0 86330 830532 0 10737146 304331317
8.3e-09 infty 1.96875 8.03125 4505 3257078 7428464 4411 28126423 180630683
8.3e-09 20.2344 2.35938 8.1875 111 3147163 225948127 117 10887468 114765230
8.3e-09 19.7031 2.34375 8.1875 45 21624747 282808935 40 9154743 54132903
8.3e-09 20.3125 2.34375 8.1875 60 29165546 267043169 62 129 547
8.3e-09 20.3438 1.82812 8.1875 106 22466411 188016571 96 11488678 135366862
8.3e-09 20.875 1.79688 7.9375 247 1399473 3755909 269 44137843 294690002
8.3e-09 20.2656 1.90625 8.1875 82 6103893 92458265 72 23670554 180625158
8.3e-09 19.7969 2.40625 8.1875 86 23882573 268648491 63 0 0
8.3e-09 infty 1.79688 8.34375 4506 0 0 4515 307255 357769
8.3e-09 16.5312 2.26562 8.1875 0 0 0 0 11997201 346419286
8.3e-09 18.6094 2.5625 8.1875 3 17 12 9 20936483 266656101
8.3e-09 21.5312 1.8125 8.10938 571 58862812 245579573 549 2943415 56377007
8.3e-09 18.5625 2.34375 8.1875 5 30978506 283343841 8 2745 6966
8.3e-09 17.6094 2.23438 8.1875 1 15221931 281526906 2 34821 222465
8.3e-09 18.2969 1.79688 8.28125 8 773097 13006007 9 30101155 317038907
8.3e-09 23.3594 2.78125 7.95312 3283 0 41667 3466 18753300 273765881
8.3e-09 19.125 1.875 8.1875 10 9103765 274517538 22 26439 148340
8.3e-09 16.5469 1.78125 8.1875 0 9722313 334851024 0 38 366
8.3e-09 21.8125 2.28125 8.26562 599 6051 19205 662 47446657 229620424
8.3e-09 infty 2.5 8.1875 4140 0 0 4284 0 0
8.3e-09 19.0625 1.8125 8.09375 9 10135274 301323413 13 0 0
8.3e-09 21.2031 1.82812 8.1875 427 428 42624636 424 40699758 262564611
8.3e-09 18.2656 2 8.1875 2 6714409 220404804 5 8946226 98054791
8.3e-09 infty 2.8125 8.1875 4085 14 0 4213 68790 161016
8.3e-09 17 2.26562 8.1875 0 16832 214705 0 16027473 274138016
8.3e-09 17.0938 1.89062 8.1875 0 18012814 271053034 0 769734 28190771
8.3e-09 21.7344 2.40625 8.1875 686 0 0 657 54854085 300817359
8.3e-09 infty 2 8.1875 4227 57914 94288 4132 11836 10065
8.3e-09 19.8281 2.21875 8.1875 35 24773 224243 33 21800562 263881931
8.3e-09 20.1719 1.85938 8.1875 45 7669705 220517260 45 11517064 71081788
8.3e-09 17.9531 2.32812 8.1875 1 5277503 122229812 1 13453326 221584937
8.3e-09 16.625 2.46875 8.1875 1 805403 25831017 0 1105260 260465625
8.3e-09 infty 1.79688 8.26562 4573 0 0 4452 3924 5816
8.3e-09 16.6094 2.375 8.1875 0 15571395 268925016 1 119 424
8.3e-09 19.2188 2.5 8.1875 27 1749962 12613281 18 23830990 257785734
8.3e-09 19.7344 2.32812 8.1875 40 49129854 294190451 32 1558490 17763521
8.3e-09 20.2812 2.25 8.1875 48 110738 1101144 66 31752824 273431052
8.3e-09 20.1875 1.90625 8.1875 70 5189220 51542874 67 23949624 206290300
8.3e-09 16.4531 1.98438 8.1875 0 0 0 0 13855220 287031555
8.3e-09 16.5781 2.04688 8.1875 0 18659100 267700249 0 20901 186356
8.3e-09 infty 2.39062 8.1875 3714 0 0 3888 3316668 11570708
8.3e-09 19.5312 2.40625 8.1875 25 53279562 319805339 31 67870 174695
8.3e-09 18.6719 1.96875 8.09375 5 2373912 22992237 3 19985087 288395009
8.3e-09 16.7969 2.76562 8.21875 0 14620428 330234518 0 72386 608612
8.3e-09 19.1406 2.21875 8.1875 11 0 0 18 6664085 295875050
8.3e-09 20.6875 1.79688 8.42188 142 0 0 148 9811458 287238336
8.3e-09 22.0312 2.01562 8.1875 758 0 0 730 50487947 228471558
8.3e-09 infty 2.29688 8.10938 4411 5 0 4412 0 0
8.3e-09 17.875 1.95312 8.35938 2 297718 3509143 1 15436995 331758128
8.3e-09 23.3594 2.29688 8.17188 4423 523 240 4365 50489223 249348479
8.3e-09 18.5 2.375 8.1875 8 770093 3868180 14 20101692 332513155
8.3e-09 17.9062 2.03125 8.1875 3 18924359 297609759 0 1718460 34498249
8.3e-09 15.2656 1.8125 8.01562 0 8581951 275854889 0 41490 413359
8.3e-09 20.4062 2.34375 8.1875 112 14443743 238087596 95 14121806 100685830
8.3e-09 18.4219 1.8125 8.10938 9 14614 140101 4 12614207 324455608
8.3e-09 21.1875 2.45312 8.03125 251 0 0 245 38890033 246300294
8.3e-09 20.9844 1.9375 8.1875 148 0 0 172 43336337 311497279
8.3e-09 infty 2.75 8.1875 3331 15483 90083 3503 424385 6387424
8.3e-09 16.4375 2.48438 8.1875 0 81760 876341 0 11813498 337544875
8.3e-09 17.9844 2.42188 8.1875 2 11906 89434189 1 14523469 263501840
8.3e-09 17.2031 2.40625 8.1875 1 17713822 355371908 0 48494 551920
8.3e-09 19.8125 1.85938 8.1875 35 1657428 18133832 35 34859906 267289416
8.3e-09 16.375 1.82812 8.1875 0 12372499 341870780 0 239863 1706735
8.3e-09 16.4062 2.84375 8.1875 0 52581 76040244 0 5313641 210492369
8.3e-09 17.7656 1.84375 8.1875 0 12 366 2 27515778 273392714
8.3e-09 18.6406 2.5 8.1875 8 13988739 275581043 6 282514 1709075
8.3e-09 16.5781 2.29688 8.125 0 13446856 296050770 0 35597 269290
8.3e-09 18.7812 1.95312 8.26562 8 14371170 125497951 5 1280644 229097666
8.3e-09 16.7031 2.34375 8.1875 0 193 1751 1 20185664 288205689
8.3e-09 19.7031 2.28125 8.23438 39 4718944 291274370 40 3706665 22589713
8.3e-09 16.6562 2.76562 8.34375 0 13692652 314594688 0 428583 4696988
8.3e-09 18.1094 2.04688 8.1875 3 17167714 340305691 2 0 0
8.3e-09 17.9844 2.26562 8.1875 0 9066714 233321155 2 4763939 49454430
8.3e-09 17.9688 1.96875 8.375 2 10354973 253794650 3 9705339 90027533
8.3e-09 16.0938 2 8.1875 0 13202923 349413149 0 2963 93421
8.3e-09 18.2344 1.82812 8.1875 7 1 3 6 26481938 267811217
8.3e-09 16.7656 2.46875 8.15625 0 19136260 320755781 1 64651 1842624
8.3e-09 19.1875 1.79688 8.29688 8 15087680 152223151 10 13553987 117805201
8.3e-09 19.0312 2.46875 8.14062 15 9264555 100953248 17 19532692 237048163
8.3e-09 20.1094 2.25 8.1875 43 0 0 55 37397921 280720324
8.3e-09 18.5312 2.82812 8.1875 5 18225138 313179033 4 1360862 14571282
8.3e-09 17.125 2.4375 8.1875 2 68 375 0 21575423 264947428
8.3e-09 18.9062 2.45312 8.40625 2 25487691 264500831 3 13445 74396
8.3e-09 20.9375 2.45312 8.375 123 0 0 144 55538522 264840794
8.3e-09 18.8125 2.21875 8.1875 12 0 0 2 28295938 335989907
8.3e-09 22.3594 2.76562 8.35938 1361 20418804 128913764 1428 48450954 154013912
8.3e-09 18.2188 2.25 8.1875 1 0 0 2 25340108 267068091
8.3e-09 17.0781 2.32812 8.1875 1 14844116 295932816 0 0 0
8.3e-09 18.8125 1.90625 8.1875 8 11077 20103 12 24926022 323534452
8.3e-09 17.2969 1.78125 8.1875 1 613 8588946 0 25082690 291655671
8.3e-09 19.1094 2.3125 8.1875 11 36941 89697 16 33639195 330765345
8.3e-09 18.8438 2.46875 8.1875 11 0 0 9 15666982 301589353
8.3e-09 17.1719 1.95312 8.25 0 958744 268612320 0 1342077 19131631
8.3e-09 21.0938 1.78125 8.1875 266 2360939 11466436 271 44593696 269312725
8.3e-09 18.5469 1.84375 8.1875 3 2995 77949 4 30967286 338488040
8.3e-09 infty 1.96875 8.03125 4282 0 0 4230 0 0
8.3e-09 infty 2.21875 8.1875 3749 0 0 3757 14911127 66992355
8.3e-09 infty 2.73438 8.1875 3506 3379302 11995921 3644 4701376 15617754
8.3e-09 18.6406 1.95312 8.26562 3 32063016 342065136 4 8 35
8.3e-09 17.6562 1.78125 8.1875 0 9 60 1 2078250 363719405
8.3e-09 23.2031 2.8125 8.1875 3085 34828137 245211282 3184 0 0
8.3e-09 18.0938 2.34375 8.1875 1 1289 4577 3 28329002 286535653
8.3e-09 20.2812 1.84375 8.1875 127 18807477 90326470 142 22442239 172115844
8.3e-09 18.5156 2.40625 8.1875 4 28133985 314815445 3 20 15439
8.3e-09 20.1875 2.4375 8.32812 58 40509677 321556062 60 439255 1650452
8.3e-09 15.1562 2.04688 8.1875 0 237220 4671051 0 50 306446250
8.3e-09 20.5625 2.46875 8.1875 102 6451997 314465161 94 1672663 5875331
8.3e-09 18.125 2.5625 8.1875 2 2052274 33682196 3 26618474 230001841
8.3e-09 19.6406 1.85938 8.1875 23 16760849 266538204 30 894423 7453590
8.3e-09 19.1562 2.39062 8.1875 16 23757828 272144558 15 1096351 8689294
8.3e-09 18.8125 1.84375 8.1875 9 16675678 300061360 10 501558 4268048
8.3e-09 18.5156 2.35938 8.1875 6 27939 186486 6 22642767 339232275
8.3e-09 18.75 2.39062 8.1875 9 43126 99779 9 25904806 261576823
8.3e-09 16.8438 1.8125 8.01562 1 11358989 274824734 0 104203 1770915
8.3e-09 18.7812 1.98438 8.1875 9 54463 779461 8 25592279 346640914
8.3e-09 19.5469 1.92188 8.1875 23 25972341 297600994 25 255068 5796672
8.3e-09 23.4844 2.46875 8.125 4323 59370219 251015142 4397 2691268 19757045
8.3e-09 infty 2.26562 8.1875 3538 0 0 3553 3596094 15111629
8.3e-09 19.6406 1.95312 8.1875 18 18206748 179428077 26 13114421 112712364
8.3e-09 16.6562 2.375 8.1875 0 51366 12999158 1 10630937 258625141
8.3e-09 17.1875 1.98438 8.15625 0 2 17 0 16638822 336100508
8.3e-09 17.4062 2.375 8.1875 2 10341560 287429349 1 1253 5942
8.3e-09 infty 1.90625 8.1875 3872 253576 349936 3880 1861797 22939978
8.3e-09 16.0156 2.53125 8.1875 0 50310 473233 0 15770061 284891088
8.3e-09 19.1875 2.32812 8.1875 22 1952061 24059786 13 23013047 233347639
8.3e-09 infty 2.46875 8.1875 4392 0 0 4392 33708782 135311803
8.3e-09 18.7188 1.79688 8.32812 6 8591388 308663028 6 22225 65630
8.3e-09 infty 2.21875 8.1875 3750 0 0 3663 7862106 75407440
8.3e-09 19.2031 1.79688 8.32812 22 1930116 14242369 18 18541631 295495570
8.3e-09 22.1406 1.96875 8.45312 1066 48860456 262521729 982 972207 2149962
8.3e-09 17.375 1.9375 8.1875 0 8514463 239228156 2 1628121 62125856
8.3e-09 17.5 2.48438 8.1875 1 16268421 323607386 0 1211230 11052863
8.3e-09 infty 1.875 8.1875 4107 0 0 3986 0 0
8.3e-09 18.1094 1.92188 8.1875 3 250608 2756607 1 359517 344767398
8.3e-09 17.1875 1.92188 8.1875 0 687626 315679571 0 210510 2762437
8.3e-09 18.0156 1.78125 8.1875 0 5117407 121342816 2 18710718 145983739
8.3e-09 17.75 2.03125 8.1875 3 16837947 269476258 3 4866277 53762955
8.3e-09 18.6719 1.84375 8.1875 11 1269070 8963205 10 29972664 263516622
8.3e-09 18.5938 2.76562 8.1875 6 11781652 85279129 12 22812001 180554456
8.3e-09 infty 1.96875 8.39062 4478 13326 62728 4513 0 0
8.3e-09 19.7656 1.92188 8.1875 41 13421433 102392517 26 17680679 177538531
8.3e-09 18.2656 2.45312 7.95312 5 6917623 68801494 3 6579940 233797886
8.3e-09 22.375 1.84375 8.1875 1318 36911991 184332286 1314 8483511 44118264
8.3e-09 17.0312 2.3125 8.1875 0 1055643 24254591 1 15112776 297313753
8.3e-09 18.5469 2.5625 8.1875 1 4580881 26019714 4 9352293 290950603
8.3e-09 19.5156 1.9375 8.1875 28 2457443 341337684 15 2 8
8.3e-09 22.0312 2.28125 8.35938 791 0 0 797 35199055 252918074
8.3e-09 18.7812 1.8125 8.09375 10 4265857 36521262 10 10416405 241708544
8.3e-09 20.2656 1.78125 8.1875 82 32480288 268976065 80 2103298 15742243
8.3e-09 21.125 2.23438 8.1875 276 61140 146426 275 14453224 312088919
8.3e-09 22.2812 1.98438 8.1875 1292 1751737 7187260 1349 36964527 286038320
8.3e-09 18.4531 1.84375 8.1875 3 19671080 276100300 8 161834 1372607
8.3e-09 17.9531 1.92188 8.1875 1 667 331829 1 24821700 300565717
8.3e-09 17.4062 1.84375 8.1875 1 3042837 44507561 0 8383176 256770772
8.3e-09 18.5156 1.90625 8.1875 5 2375301 39272256 3 3623884 247305138
8.3e-09 16.5156 1.85938 8.1875 1 126725 559712 0 5420396 319755216
8.3e-09 17.2031 1.85938 8.1875 1 7759579 131980833 0 12864825 145783395
8.3e-09 18.0938 1.98438 8.1875 7 23980162 286512805 2 1224 2880863
8.3e-09 16.5781 2.46875 8.1875 0 2947 36376 0 18411054 269139167
8.3e-09 18.6562 2.39062 8.1875 2 24388808 346892532 9 167 877
8.3e-09 infty 2.35938 8.1875 3938 0 0 3822 9542710 71334436
8.3e-09 18.5312 2.5 8.1875 1 1366111 10814545 5 15209071 334412127
8.3e-09 17.8125 2.04688 8.1875 5 13298768 344767244 4 1307644 9385690
8.3e-09 15.4531 2.79688 8.1875 0 11395 153974 0 668550 299728228
8.3e-09 20.625 1.9375 8.1875 92 0 0 69 44616714 289342393
8.3e-09 15.9531 1.8125 8.125 0 14238703 332780849 0 126071 1226331
8.3e-09 18 2.875 8.1875 1 15160096 330458493 0 232525 1017990
8.3e-09 17.0156 1.82812 8.1875 1 501415 4476060 1 3054455 320495877
8.3e-09 infty 1.78125 8.1875 3439 133308 247933 3505 21908669 59554290
8.3e-09 21.9062 1.84375 8.1875 992 0 0 977 0 333405234
8.3e-09 20.7188 1.79688 8.3125 61 12728851 288806010 87 0 0
8.3e-09 17.9219 2 8.1875 2 3164 17893 2 17067002 280535381
8.3e-09 21.1719 2.35938 8.1875 201 4222194 23497017 211 50100798 254681979
8.3e-09 19.1719 2.40625 8.1875 12 311510 5639140 14 2994337 326763618
8.3e-09 18.0156 1.8125 8.09375 2 5137857 307138758 1 0 0
8.3e-09 17.1875 2.28125 8.26562 0 15048261 321731119 0 0 0
8.3e-09 18.25 1.85938 8.1875 0 71189 1196574 1 16614814 332523535
8.3e-09 17.4688 2.85938 8.1875 5 23088308 346558271 3 378777 2703571
8.3e-09 17.8906 2.51562 8.1875 2 7236231 196274817 0 4719900 161343381
8.3e-09 infty 2.03125 8.1875 3952 98601 126445 4012 0 0
8.3e-09 20.9531 1.9375 8.1875 159 49468408 258005485 137 5233315 34259253
8.3e-09 17.1406 2.40625 8.1875 0 500257 10564547 0 16283893 309951821
8.3e-09 18.6562 1.95312 8.28125 11 0 0 11 23130751 336837763
8.3e-09 16.5156 1.95312 8.1875 0 13633906 355083616 0 0 265
8.3e-09 19.7812 1.8125 8.14062 43 0 0 37 26473839 293476225
8.3e-09 19.6562 2.40625 8.1875 20 10681764 297298675 19 7874 15123
8.3e-09 17.1719 2.25 8.1875 0 2740 28070 0 1631833 288218064
8.3e-09 23.0781 2 8.1875 2393 2586178 273239664 2378 959883 1579322
8.3e-09 17.9062 1.8125 8.09375 3 183430 2593475 1 21493062 315180855
8.3e-09 17.75 2.76562 8.1875 1 73456 318737 0 6479866 323677101
8.3e-09 19.2969 2.03125 8.1875 25 2574636 17140879 16 17583436 253211928
8.3e-09 17.0625 2.34375 8.1875 1 7510228 163647277 0 6637519 156574103
8.3e-09 17.0156 1.96875 7.96875 0 9040562 306550165 1 419932 3355649
8.3e-09 16.5312 2.51562 8.1875 0 37616 1277966 0 17116876 312714755
8.3e-09 17.75 2.53125 8.1875 2 12320420 118627207 0 6596272 162298620
8.3e-09 19.5781 1.85938 8.1875 34 22348604 299663286 37 21202 58286
8.3e-09 19.1094 2.28125 8.20312 3 46605 139888 5 12780006 271266927
8.3e-09 18.9844 2.5 8.1875 7 30513205 296199278 7 256109 2665998
8.3e-09 18.9688 1.84375 8.1875 8 28768659 256844547 5 2744868 31955260
8.3e-09 20.5312 1.89062 8.1875 90 35125406 310990174 93 228521 882841
8.3e-09 19.1406 1.90625 8.1875 10 34734923 305195879 13 69581 294182
8.3e-09 19.5156 2.54688 8.1875 28 14441027 152151023 24 19181688 129065309
8.3e-09 19.4844 2.01562 8.1875 28 27449381 295437392 16 1142537 4237756
8.3e-09 19.7344 1.98438 8.17188 33 37354980 312492344 37 0 0
8.3e-09 16.9844 1.78125 8.1875 0 3096773 369345445 0 237769 2889224
8.3e-09 18.5781 2.25 8.1875 6 13164079 216789975 2 5589877 99467414
8.3e-09 15.6875 1.82812 8.1875 0 0 0 0 8165044 277677494
8.3e-09 20.5938 2.03125 8.1875 163 20297393 206073253 174 8094194 50650379
8.3e-09 19.8438 2.46875 8.1875 60 12361560 118117068 54 24402359 143825448
8.3e-09 18.2344 1.92188 8.1875 2 11956496 160995492 3 14731082 113959149
8.3e-09 19.1875 2.73438 8.1875 17 3940177 26517006 17 39328781 296531916
8.3e-09 21.5781 2.4375 8.1875 444 0 0 472 36415552 316793113
8.3e-09 infty 1.89062 8.1875 3752 0 0 3820 43741386 154834709
8.3e-09 22.7344 2.23438 8.1875 2052 71 53 2055 42263039 310768884
8.3e-09 infty 1.9375 8.1875 3562 0 0 3529 0 0
8.3e-09 17.4844 1.82812 8.1875 0 848981 18806935 1 16995307 285107943
8.3e-09 21.4219 2.26562 8.1875 314 63191792 299768752 359 403982 5161915
8.3e-09 23.2656 1.9375 8.1875 2610 44587962 216131895 2731 2425424 6590155
8.3e-09 16.2344 1.89062 8.1875 0 0 0 0 17390841 333082766
8.3e-09 17.2344 1.78125 8.1875 0 234845 2182650 0 8561550 324195726
8.3e-09 17.0469 2.5 8.1875 0 125574 1721032 1 23649179 278264603
8.3e-09 16.1875 2.8125 8.1875 1 1284835 152198867 0 3173962 155968351
8.3e-09 infty 2.32812 8.1875 4162 0 0 4171 0 0
8.3e-09 17.625 2.29688 8.07812 0 13061583 154055875 0 13889478 136584660
8.3e-09 17.0938 2.26562 8.1875 0 20320134 340826249 1 4363 76899
8.3e-09 17.5781 1.84375 8.1875 2 0 324273244 1 8234 134069
8.3e-09 18.0625 1.9375 8.1875 2 9780143 215011526 0 7228819 58602669
8.3e-09 14.9219 1.98438 8.1875 0 772 295695886 0 0 2
8.3e-09 18.625 2.84375 8.1875 6 17528868 272280139 9 81955 2094105
8.3e-09 16.5156 2.35938 8.1875 0 9098035 360531491 0 73902 1029339
8.3e-09 18.1094 1.96875 8.0625 3 19907970 260523111 7 2732791 25113487
8.3e-09 19.5625 1.82812 8.1875 22 32248129 306535623 16 1 0
8.3e-09 17.2656 2.28125 8.39062 2 5062316 48415880 0 3950373 224096063
8.3e-09 18.8438 2.46875 8.1875 15 17371336 303804712 10 98869 513640
8.3e-09 19.125 1.82812 8.1875 15 30180774 296106446 17 698856 7654747
8.3e-09 17.8438 2.28125 8.42188 1 0 103825 0 9404358 308994132
8.3e-09 18.2031 2.54688 8.1875 4 84591 576408 8 19077223 347967582
8.3e-09 infty 2.76562 8.26562 4508 0 0 4635 0 0
8.3e-09 infty 2.8125 8.1875 4152 0 0 4250 378 72
8.3e-09 17.7656 2.3125 8.1875 2 29959 305484 1 13938960 278907967
8.3e-09 18.5938 2.34375 8.1875 11 24819909 277924725 5 0 0
8.3e-09 infty 2.25 8.1875 3549 37269444 166211225 3579 0 0
8.3e-09 20.7812 2.82812 8.1875 244 42949689 306475231 237 18 14
8.3e-09 22.6562 1.85938 8.1875 1689 2239095 12045030 1771 36955743 251941836
8.3e-09 17.6875 1.875 8.1875 0 22136664 311611259 1 10171 41352
8.3e-09 17.2344 1.95312 8.1875 0 10207 70959 0 18827067 337190401
8.3e-09 infty 2.42188 8.1875 3574 314853 406338 3513 20280033 66705736
8.3e-09 18.5781 1.78125 8.1875 1 0 0 1 25283660 281924507
8.3e-09 18.2344 1.90625 8.1875 2 257643 1839492 1 20067237 314309384
8.3e-09 infty 2.48438 8.1875 4210 0 0 4212 0 0
8.3e-09 17.75 1.875 8.1875 0 21654540 260169832 0 1134 4723
8.3e-09 22.6719 2.21875 8.1875 1551 34874649 226534799 1560 5250681 24632991
8.3e-09 17.6875 2.79688 8.1875 1 17782478 227401166 1 1242744 84059197
8.3e-09 18.2969 2.3125 8.1875 9 1617 2727 2 10216450 306438684
8.3e-09 16.9844 1.8125 8.07812 1 10278697 313600692 0 1789565 18974450
8.3e-09 18.0625 2.3125 8.1875 8 17347376 302720458 5 0 0
8.3e-09 16.5312 2.23438 8.1875 0 504592 25270010 0 4902887 308445412
8.3e-09 20.2031 2.375 8.1875 99 2844201 13313812 83 5317890 259461698
8.3e-09 16.5469 1.8125 8.125 0 0 0 0 26443 292835333
8.3e-09 18.0156 1.875 8.1875 1 7243169 79716430 1 21916286 192299905
8.3e-09 infty 2.78125 8.125 4426 298589 1063204 4352 355736 1010059
8.3e-09 20.2188 1.9375 8.1875 86 45693094 317562630 67 126010 417436
8.3e-09 19.3906 1.96875 8.01562 16 36372072 291469107 34 910724 5462625
8.3e-09 20.2188 2.25 8.1875 95 13296 40416 87 4200886 278052129
8.3e-09 17.5 2.35938 8.1875 2 636066 3931572 1 3254498 346300676
8.3e-09 infty 1.78125 8.1875 3566 0 0 3466 973015 1801428
8.3e-09 20.1875 2.79688 8.17188 71 20619358 267537418 50 0 0
8.3e-09 17.0156 1.875 8.1875 0 923369 295679342 1 4 10
8.3e-09 20.0156 1.89062 8.1875 44 47575773 314090849 48 1164409 4369032
8.3e-09 17.0469 2.3125 8.1875 0 10429329 277237244 0 617470 6110645
8.3e-09 21 1.92188 8.1875 138 196852 503902 149 34924752 311363322
8.3e-09 16.2031 2.01562 8.1875 0 8960834 292130019 0 0 0
8.3e-09 19.7656 2.04688 8.1875 38 197217 671788 53 18159789 326918539
8.3e-09 22.8125 1.9375 8.1875 1976 3522264 9873327 2007 52476528 248590632
8.3e-09 infty 2.42188 8.1875 3428 81214 6873046 3531 0 0
8.3e-09 infty 2.375 8.1875 3824 0 0 3744 829016 2058904
8.3e-09 17.625 1.84375 8.1875 0 79776 286761812 1 0 0
8.3e-09 infty 2.03125 8.1875 4125 479663 68324525 4020 20264626 118844856
8.3e-09 18.0625 2.82812 8.1875 1 11069894 282589661 2 0 0
8.3e-09 16.5156 2.39062 8.1875 0 18096284 321238174 0 0 0
8.3e-09 20.1406 2.21875 8.1875 85 0 0 80 409795 322751303
8.3e-09 18.4688 2.35938 8.1875 11 10016393 240035587 8 4291253 37533058
8.3e-09 18.75 2.85938 8.1875 10 24534671 260914726 5 0 0
8.3e-09 18 2.21875 8.1875 1 2375775 157524706 2 8249620 139821591
8.3e-09 17.0156 1.82812 8.1875 0 23176760 350842887 0 325 1537
8.3e-09 18.3438 2.29688 8.03125 1 6157981 41571256 4 5147543 229187043
8.3e-09 21.0312 2.76562 8.21875 137 181735 650805 148 17471453 290464244
8.3e-09 infty 1.96875 7.98438 4514 3983844 21160250 4617 6079452 17285986
8.3e-09 16.9688 2.73438 8.1875 0 5671374 61527828 0 21970778 264604436
8.3e-09 18.4844 2.45312 8.09375 5 7230 58780 2 23181913 259425660
8.3e-09 21.9844 1.90625 8.1875 664 261593 565139 706 27728064 286504272
8.3e-09 16.6562 1.82812 8.1875 0 18044546 325931857 0 22 71
8.3e-09 infty 1.90625 8.1875 3705 2 0 3694 0 0
8.3e-09 16.4844 2.53125 8.1875 0 231841 3529388 0 2166162 300100265
8.3e-09 17.7031 1.98438 8.1875 1 81582 567445 2 4971552 312800272
8.3e-09 23.2188 2.46875 8.1875 3152 5435249 13110854 3260 63049256 202322013
8.3e-09 infty 2 8.1875 4239 13897589 60578988 4215 7 0
8.3e-09 19.0312 2.82812 8.1875 9 1108651 10895504 12 9201113 323210276
8.3e-09 21.8906 1.8125 7.96875 794 51311681 307995400 800 0 0
8.3e-09 21.875 2.3125 8.1875 765 218271 388535 771 40513038 235715795
8.3e-09 20.625 1.8125 8.03125 103 25093979 201385041 116 0 63107216
8.3e-09 21.625 2.3125 8.1875 402 0 0 410 10625577 316571762
8.3e-09 21.0781 1.78125 8.1875 235 34526072 272370834 269 3385172 20656433
8.3e-09 19.1719 1.9375 8.1875 14 10480316 67464695 16 27297692 188962385
8.3e-09 17.9844 1.82812 8.1875 2 16931241 304296641 5 67 184
8.3e-09 16.5781 1.84375 8.1875 0 3983 20494 0 2589790 283384373
8.3e-09 16.6719 1.78125 8.1875 2 3583542 60894265 0 3747 271966638
8.3e-09 infty 1.96875 8.07812 4576 0 0 4494 12121567 236332953
8.3e-09 21.3594 2.23438 8.1875 395 26208436 114698906 368 29610231 144442371
8.3e-09 18.4375 1.8125 7.95312 5 110901 3045114 4 16379810 271272968
8.3e-09 20.1562 2.03125 8.1875 67 6698194 41377323 73 28726853 232074770
8.3e-09 15.9688 1.85938 8.1875 0 7807906 367148369 0 6767 316349
8.3e-09 18.8125 2.42188 8.1875 8 0 0 16 26075893 334637459
8.3e-09 infty 1.90625 8.1875 3707 1148552 2666739 3707 0 0
8.3e-09 16.6406 1.8125 8.125 0 10838625 229785388 1 54000 77407017
8.3e-09 17.8906 1.84375 8.1875 1 697162 6171680 1 590458 299676159
8.3e-09 18.2031 2.25 8.1875 0 126674 781455 4 17968210 275101197
8.3e-09 16.9688 2.40625 8.1875 1 16664099 302494788 0 37 263
8.3e-09 20.5938 2.46875 8.14062 125 3880156 60892287 140 19715227 246395933
8.3e-09 20.2656 1.78125 8.20312 48 2 4 46 34375528 283604643
8.3e-09 20.1406 1.90625 8.1875 90 1880224 322170416 91 1002 1797
8.3e-09 19.5312 2.21875 8.1875 16 21733613 278781734 20 141134 332333
8.3e-09 17.6875 2.21875 8.1875 1 5856748 95048689 1 133827 194070189
8.3e-09 22.7344 1.89062 8.1875 2166 0 0 2166 5429646 319721654
8.3e-09 16.2656 1.95312 8.1875 0 1 0 0 13474181 317171782
8.3e-09 20.0312 1.90625 8.1875 36 2311189 9387287 33 22579341 292115767
8.3e-09 18.9062 1.9375 8.1875 5 62530 679358 5 20710288 273239506
8.3e-09 18.6562 2.75 8.1875 2 3684056 267519938 4 1727620 14731848
8.3e-09 infty 1.79688 8.32812 4538 962710 7247034 4480 27758446 129791769
8.3e-09 18.0156 2.29688 8.17188 2 361312 5094206 1 21942526 276341783
8.3e-09 23.5312 2.375 8.1875 3863 20605505 135444350 3937 21948530 126415250
8.3e-09 15.0469 1.82812 8.1875 0 0 10 0 7228314 347828922
8.3e-09 22.3125 2.28125 8.26562 1082 13812726 287526283 1132 0 0
8.3e-09 18.6406 2.03125 8.1875 10 13002851 245979687 8 6051985 52320088
8.3e-09 17.5781 1.875 8.1875 1 117847 1445077 2 20573453 337989819
8.3e-09 23.6094 1.85938 8.1875 4008 227945 265914401 4125 0 13931
8.3e-09 16.9688 2.82812 8.1875 0 0 0 2 19337159 313363719
8.3e-09 20.4688 2.875 8.1875 66 102868 1042632 61 33793119 253690261
8.3e-09 17.9375 2.03125 8.1875 3 10463300 357093296 12 32640 119852
8.3e-09 infty 2.85938 8.1875 3882 0 0 3777 0 1504647
8.3e-09 17 1.875 8.1875 0 3997789 283417789 0 320408 54722356
8.3e-09 19.9219 2.3125 8.1875 22 15238753 307091303 27 70168 1488357
8.3e-09 19.6562 2.53125 8.1875 35 0 0 28 32619136 282314312
8.3e-09 17.6875 2.76562 8.23438 0 18237053 276348011 0 0 0
8.3e-09 21.1094 1.95312 8.1875 258 339227 1328827 256 17220696 312395586
8.3e-09 18.0625 2.40625 8.1875 2 32915279 313152968 2 0 0
8.3e-09 22.5625 2.82812 8.1875 1284 12677 28663 1221 53916559 224414683
8.3e-09 19.9375 2.04688 8.1875 43 4342680 24057524 50 36072124 234589283
8.3e-09 18.7344 1.84375 8.1875 6 0 0 7 15684624 309479145
8.3e-09 21.6094 2.01562 8.1875 547 133759 243109 486 43440979 242809800
8.3e-09 17.0312 1.98438 8.1875 0 16867202 267520656 0 1259607 62324942
8.3e-09 17.7031 2.28125 8.28125 2 12463311 329296991 1 0 0
8.3e-09 21.6875 1.9375 8.1875 455 187362 2124146 474 11935193 282390868
8.3e-09 16.6406 1.98438 8.1875 0 1969 9276 1 12194523 296048424
8.3e-09 22.1719 2.39062 8.1875 809 80559 139203 854 24898702 249762235
8.3e-09 16.5156 2.40625 8.1875 0 0 0 0 5297527 283796685
8.3e-09 20.8594 2.76562 8.40625 151 31193254 273578450 153 510808 1179465
8.3e-09 21.1406 1.84375 8.1875 307 19688327 118908050 297 7883944 167991824
8.3e-09 20.0938 2.53125 8.1875 46 2024743 304879761 41 903637 45123971
8.3e-09 19.1875 2.25 8.1875 9 0 0 21 28881559 275941319
8.3e-09 17.9375 1.79688 8.39062 0 13930637 117689376 2 16134538 174146065
8.3e-09 21.8125 2.8125 8.1875 810 23668768 238009030 770 9636613 34964290
8.3e-09 15.0625 2.35938 8.1875 0 49 368 0 10427594 313784558
8.3e-09 18.2656 2.28125 8.20312 6 4196670 162570001 1 0 132086908
8.3e-09 17 1.85938 8.1875 0 7056 97103 1 14582614 306147103
8.3e-09 16.7188 1.78125 8.1875 0 14496991 244221638 0 1368577 72649184
8.3e-09 17.2812 1.85938 8.1875 0 0 0 1 21334486 277809118
8.3e-09 18.5 2.40625 8.1875 7 14341886 175141791 3 13373186 163767624
8.3e-09 20.6719 2.28125 8.23438 104 32807607 201983942 105 12748732 43396200
8.3e-09 21.5625 1.96875 8.09375 584 0 239025886 566 11389894 93845315
8.3e-09 17.75 2 8.1875 3 238420 1828380 5 16177506 353833928
8.3e-09 18.875 2.35938 8.1875 8 19681445 297976085 6 0 0
8.3e-09 17.75 2.21875 8.1875 5 0 0 7 14183781 349107378
8.3e-09 17.1562 2.26562 8.1875 0 1726522 78866176 1 11722632 280649700
8.3e-09 16.1875 1.95312 8.1875 0 8058 45243 0 10481285 297947589
8.3e-09 22.2031 2.42188 8.1875 1090 33633371 300975696 1175 2282 24495
8.3e-09 21.75 2 8.1875 753 0 0 758 13061387 307029955
8.3e-09 17.0312 2.04688 8.1875 1 4209141 167706305 2 1820009 136351352
8.3e-09 21.2344 2.04688 8.1875 385 54453056 287784175 419 136835 487582
8.3e-09 17 2.01562 8.1875 1 10070672 353676206 2 0 0
8.3e-09 18.125 1.875 8.1875 6 8525655 134006379 3 10201198 144623750
8.3e-09 17.75 1.95312 8.34375 4 18846390 275315160 1 23321 214207
8.3e-09 infty 2.51562 8.1875 4029 0 0 4004 32819 68108
8.3e-09 20.9219 1.78125 8.1875 130 3148811 17089015 146 51124688 280780618
8.3e-09 21.0938 2.40625 8.1875 270 13265855 271628293 299 1082595 8685083
8.3e-09 20.125 2.42188 8.1875 65 0 0 64 36714452 319497660
8.3e-09 20.9688 2.51562 8.1875 212 14395242 183620970 229 23179317 146165081
8.3e-09 19.5156 2.85938 8.1875 23 10142138 308772251 20 2730157 13731322
8.3e-09 16.7344 1.78125 8.1875 0 4993508 318710203 0 796276 5782342
8.3e-09 17.1562 1.875 8.1875 0 14804107 270525073 0 27992 1038021
8.3e-09 22.7344 1.79688 8.3125 1950 771721 1577038 1946 25031693 290612736
8.3e-09 21.625 1.79688 8.21875 454 6618459 24789061 456 50668046 229338153
8.3e-09 20.7656 2.23438 8.1875 216 26798543 258310130 179 995633 20250650
8.3e-09 18.1875 1.95312 8.28125 1 5182804 291718853 4 5396955 57954600
8.3e-09 19.1719 2.54688 8.1875 18 22005704 281785693 9 3577919 14503751
8.3e-09 18.7188 1.90625 8.1875 7 28087900 265975740 6 46 77
8.3e-09 16.9688 1.85938 8.1875 0 2230 23788 0 10234375 331288788
8.3e-09 18.0312 2.01562 8.1875 2 22116 88470 6 23890317 343359651
8.3e-09 18.75 1.875 8.1875 10 187286 1602044 8 29693443 257558850
8.3e-09 15.5 2.34375 8.1875 0 7914 58027 0 6634574 319325719
8.3e-09 18.6562 1.90625 8.1875 6 31963596 295215979 10 5464 106240
8.3e-09 17.4688 1.78125 8.1875 0 13025555 302857473 1 17746 68423
8.3e-09 infty 1.8125 8.0625 4378 572663 3939990 4354 6432634 55150893
8.3e-09 17.4531 2.79688 8.1875 0 1542844 20225889 1 14105235 247972060
8.3e-09 21.6875 2.51562 8.1875 720 4892009 90356111 689 8060158 256965048
8.3e-09 17.5625 2.51562 8.1875 1 0 0 0 4513051 298882724
8.3e-09 22.2344 2.29688 8.09375 1423 6669 347094813 1388 0 0
8.3e-09 16.1875 2.25 8.1875 1 0 0 0 8364701 297961058
8.3e-09 18.5938 1.89062 8.1875 8 18655007 278551655 5 10915 58142
8.3e-09 infty 2.35938 8.1875 3904 24795285 116481496 3987 0 0
8.3e-09 21.6406 2.34375 8.1875 562 0 0 560 47449976 260502766
8.3e-09 18.0156 2.53125 8.1875 3 4406248 314071301 3 195439 2248169
8.3e-09 18.4688 2 8.1875 0 17956624 205221080 3 6518957 95065241
8.3e-09 17.9844 1.85938 8.1875 1 11154468 244282711 0 3403565 27792755
8.3e-09 19.0312 1.875 8.1875 13 3712197 113291249 7 13090222 241768661
8.3e-09 22.8906 1.8125 8.01562 2410 35257259 241941832 2498 11821892 57013509
8.3e-09 16.5625 2.82812 8.1875 0 65094 181188011 0 6708924 96201740
8.3e-09 18.625 2.5625 8.1875 4 36133 111543 10 21246131 263931717
8.3e-09 16.0469 1.84375 8.1875 0 0 0 0 9954911 303388184
8.3e-09 19.0781 1.78125 8.1875 6 16241364 350237987 14 160404 661464
8.3e-09 infty 2.35938 8.1875 3976 3002935 6234572 3888 5303693 40425911
8.3e-09 infty 2.76562 8.39062 4538 13366587 50368801 4428 0 0
8.3e-09 19.0938 2.40625 8.1875 12 16493062 218567503 12 1916544 57940520
8.3e-09 18.6875 2.5 8.1875 9 18551873 334892442 10 0 0
8.3e-09 21.0781 2.8125 8.1875 271 81180 158497 264 29290991 270328894
8.3e-09 19.125 1.92188 8.1875 18 36336793 246478775 19 1416585 17804071
8.3e-09 17.3906 2.46875 8.1875 2 0 200827669 1 6909353 76416828
8.3e-09 20.5938 2.01562 8.1875 70 197619 2734229 58 40539225 259964190
8.3e-09 19.2031 2.5 8.1875 11 6428 22750 9 5753454 282717370
8.3e-09 18.2969 2.28125 8.40625 4 245329 10665466 6 27369027 329450426
8.3e-09 16.4375 1.95312 8.1875 1 11705382 273748235 0 3814 31127
8.3e-09 16.7656 1.875 8.1875 0 244834 2557270 0 11019381 309607244
8.3e-09 18.5 2.23438 8.1875 5 0 0 5 17218005 353563988
8.3e-09 infty 1.92188 8.1875 3554 9667790 50281343 3592 0 0
8.3e-09 infty 1.9375 8.1875 3565 8031 7510 3495 2852590 13877174
8.3e-09 19.3125 2.03125 8.1875 34 1591609 9325195 19 30661215 271232636
8.3e-09 17 1.875 8.1875 0 1593077 59253442 0 14529661 220838793
8.3e-09 20.2969 2.48438 8.1875 70 32188 63093 72 34990858 258684533
8.3e-09 14.125 2.39062 8.1875 1 7270237 310928677 0 3131 35257
8.3e-09 19.6406 2.5625 8.1875 32 34895679 338562929 18 13011 40205
8.3e-09 16.5469 2.29688 8.17188 0 16460955 297274327 0 31 93
8.3e-09 17.7344 2.84375 8.1875 1 0 0 2 18781744 281321438
8.3e-09 16.625 1.98438 8.1875 0 2838 14323 0 16897725 359352150
8.3e-09 infty 2 8.1875 4181 0 0 4143 0 0
8.3e-09 18.5781 1.82812 8.1875 8 26398 515548 5 20421351 297041294
8.3e-09 19.1094 1.90625 8.1875 8 28298483 317369634 8 239343 2063409
8.3e-09 18.6094 2.4375 8.25 5 16106873 174118257 9 6856615 91434605
8.3e-09 17.7344 1.8125 8.09375 0 12345143 276655081 2 3525 13074
8.3e-09 18.4688 2.23438 8.1875 0 21595176 246800917 2 929618 17869528
8.3e-09 17.9688 2.34375 8.1875 1 8 8 2 14632810 349247970
8.3e-09 22.0938 1.96875 8.09375 1013 2271216 14268651 1032 43522666 248713997
8.3e-09 19.9375 2.29688 8.07812 33 11923899 333245471 47 262900 902435
8.3e-09 22.7969 2.26562 8.1875 1992 22394917 320314662 1940 0 0
8.3e-09 19.2188 2.23438 8.1875 24 24604722 213326423 25 15343295 94218190
8.3e-09 19.75 2.54688 8.1875 32 32057975 270388284 49 1591104 17043640
8.3e-09 19.0625 2.01562 8.1875 13 887330 5875750 12 29292610 322868169
8.3e-09 19.8281 1.8125 8.1875 40 39058944 258186406 28 228628 892868
8.3e-09 infty 2.32812 8.1875 4256 8571550 47229848 4195 0 0
8.3e-09 16.5781 1.84375 8.1875 0 223442 1790306 0 16598369 327982235
8.3e-09 21.3125 1.95312 8.1875 365 19381987 178759872 345 12701144 98430686
8.3e-09 infty 2.85938 8.1875 3885 0 0 3868 0 0
8.3e-09 18.6094 2.78125 7.98438 15 9864514 200033263 11 7578402 127810289
8.3e-09 16.2188 1.875 8.1875 0 2009 13145 0 19465891 340723210
8.3e-09 20.6094 2.28125 8.21875 104 17601846 314263926 118 0 0
8.3e-09 18.75 2.26562 8.1875 0 21244557 237665212 2 4006940 35837999
8.3e-09 19.6719 2.21875 8.1875 29 1036671 4958867 20 32104982 317989018
8.3e-09 22.9531 1.8125 7.96875 2556 0 0 2496 54303643 287883886
8.3e-09 19.0156 2.85938 8.1875 16 3920927 355962810 16 0 0
8.3e-09 infty 2.34375 8.1875 4101 13014264 43401353 3955 21 2
8.3e-09 22.1094 2.04688 8.1875 936 49253625 208661862 900 12268420 48979833
8.3e-09 22.8125 1.79688 8.34375 1902 46246028 273701120 1960 357932 899010
8.3e-09 21.3906 1.78125 8.1875 430 22764167 321332788 486 4058126 13647861
8.3e-09 infty 1.9375 8.1875 3460 0 0 3533 0 0
8.3e-09 17.875 2 8.1875 3 324578 309479056 1 275045 2355790
8.3e-09 16.6719 1.82812 8.1875 0 8003 52371 0 6651736 368558333
8.3e-09 17.9688 2.75 8.1875 4 10105044 158360624 3 5232412 113727394
8.3e-09 18.1719 2.25 8.1875 3 1951652 13783031 4 22628317 261372202
8.3e-09 19.7812 1.78125 8.1875 36 0 0 38 13791170 334618522
8.3e-09 17.5 2.26562 8.1875 0 12896801 277188348 2 6342 36739
8.3e-09 17.6406 1.9375 8.1875 2 47222 225626 2 16153087 264831911
8.3e-09 17.6094 1.78125 8.1875 0 292843 2837990 1 12186804 286389868
8.3e-09 17.7344 2.42188 8.1875 1 0 165263504 2 10212742 167831504
8.3e-09 18.7188 2.375 8.1875 8 13619884 167271796 12 9819219 105555605
8.3e-09 17.5312 2.03125 8.1875 4 23031645 222987751 5 6539798 49460097
8.3e-09 19 1.96875 8.42188 8 27556928 265858183 11 0 0
8.3e-09 18.5781 1.98438 8.1875 2 0 0 4 0 351475038
8.3e-09 15.125 1.84375 8.1875 0 136 365984856 0 440477 5363703
8.3e-09 16.9375 1.96875 8.01562 0 1340 64129 0 15286249 280538189
8.3e-09 18.8125 2.01562 8.1875 12 2895 11187 10 26925673 287882106
8.3e-09 18.0781 2.35938 8.1875 4 21357 301723 2 15204764 359594078
8.3e-09 17.75 2.51562 8.1875 0 0 0 2 5578711 288225173
8.3e-09 19.0938 2.23438 8.1875 11 6327365 48811455 9 28493585 225767335
8.3e-09 18.8438 2.34375 8.1875 10 4186235 63828108 19 13218514 243785061
8.3e-09 16.5 2.5 8.1875 0 331271 3178019 2 17214082 305426884
8.3e-09 17.75 2.84375 8.1875 2 18155262 276637113 3 37754 367051
8.3e-09 17.6094 2.5625 8.1875 1 0 0 1 27093466 315418145
8.3e-09 19.2812 2.04688 8.1875 14 9676446 266908064 29 2247037 12960872
8.3e-09 18.5938 2.04688 8.1875 8 265223 4389554 4 16919425 281419830
8.3e-09 18.6719 2.28125 8.25 9 0 0 4 28256689 269619482
8.3e-09 21.8281 2.21875 8.1875 690 19345557 140017629 719 2300608 115803341
8.3e-09 19.2188 2.4375 8.28125 14 26791886 271424465 14 0 0
8.3e-09 19.0781 1.875 8.1875 16 0 3450891 12 19013084 270694141
8.3e-09 21.75 2.04688 8.1875 709 43624337 303962895 744 0 0
8.3e-09 19.9531 1.85938 8.1875 69 5591895 44105112 72 779460 272757485
8.3e-09 22.75 2.26562 8.1875 1916 9876490 303500699 1927 0 0
8.3e-09 19.5781 2.45312 7.96875 15 86653 502075 20 2070905 279163698
8.3e-09 18.0312 2.375 8.1875 3 30156 138556 1 13376132 308701610
8.3e-09 20.5469 2.40625 8.1875 150 24129612 284415622 148 1418666 29256949
8.3e-09 16.0156 1.90625 8.1875 0 0 4 0 466039 286531777
8.3e-09 16.0781 2.84375 8.1875 0 32 118 1 12899310 355534350
8.3e-09 infty 1.84375 8.1875 4220 0 0 4129 67589 259498
8.3e-09 16.6094 2.375 8.1875 0 0 0 0 7473485 301495620
8.3e-09 18.9062 1.79688 8.34375 18 1649591 10974676 9 14561030 255000845
8.3e-09 19.1719 1.8125 8.17188 23 3537864 15458071 22 32677117 267989406
8.3e-09 19.2969 2.84375 8.1875 31 31342759 295648851 30 0 0
8.3e-09 infty 2.53125 8.1875 3891 0 0 3880 1571 2912
8.3e-09 17.2188 2.39062 8.1875 1 19968057 350678982 0 110030 913389
8.3e-09 17.1094 2.23438 8.1875 2 10655866 286646465 0 171877 699722
8.3e-09 17.9531 1.90625 8.1875 4 3347756 305431589 0 1077699 32396164
8.3e-09 18.1719 2.03125 8.1875 2 17661111 271902667 0 0 0
8.3e-09 22.0312 2.03125 8.1875 750 26115481 231694547 707 4274092 22225175
8.3e-09 18.0312 1.96875 8 6 667535 11138894 5 28003863 322617327
8.3e-09 19.0156 2.46875 8.1875 21 38607126 306841795 16 87 90
8.3e-09 infty 2.53125 8.1875 3746 0 0 3755 69 1
8.3e-09 infty 2.03125 8.1875 3991 6924665 18616744 3992 28013224 121033592
8.3e-09 18.1406 1.89062 8.1875 1 0 0 2 7939219 321432666
8.3e-09 20.1094 2.34375 8.1875 32 0 0 38 16407395 283404839
8.3e-09 20.2188 1.85938 8.1875 57 14691538 311171868 52 31 33
8.3e-09 20.8125 2.28125 8.40625 137 506064 1145645 130 49663994 245981506
8.3e-09 16.6719 2.35938 8.1875 1 13034776 169742947 1 6600626 129754772
8.3e-09 19.9062 2 8.1875 47 3987189 52196737 38 4685050 243163199
8.3e-09 19.2656 1.89062 8.1875 15 0 13006338 23 3063353 349193101
8.3e-09 17.5781 2.5 8.1875 0 1045519 20836421 1 821223 311170375
8.3e-09 23.25 1.95312 8.35938 2541 27903630 115207072 2576 26623421 96460305
8.3e-09 23.5781 2.28125 8.40625 4527 0 0 4369 30359573 251234872
8.3e-09 18.6719 2.48438 8.1875 3 453011 16082429 7 24942758 312252680
8.3e-09 infty 1.89062 8.1875 3717 5803040 15989276 3818 0 0
8.3e-09 infty 1.89062 8.1875 3800 0 0 3906 0 0
8.3e-09 17.2188 2 8.1875 1 6163 20244 0 15616830 354590765
8.3e-09 17.1875 2.53125 8.1875 0 3811701 114551605 4 13073938 209433566
8.3e-09 18.7188 2.84375 8.1875 15 1946901 55871359 11 34137520 282188501
8.3e-09 14.5938 1.89062 8.1875 0 82 492 0 1905575 317681508
8.3e-09 19.1094 2.8125 8.1875 11 0 0 16 33223185 322965939
8.3e-09 22.9219 2.78125 8.14062 2420 18444968 303152421 2427 0 0
8.3e-09 22.6562 1.90625 8.1875 1558 1 0 1557 59604401 239470950
8.3e-09 17.6875 2.78125 8.09375 0 2634663 327827187 4 10244 55899
8.3e-09 infty 2.76562 8.375 4529 6374826 96326678 4455 11458882 68638815
8.3e-09 18.2031 2.28125 8.40625 3 7968 1111483 3 35876335 315707110
8.3e-09 18.5625 2.51562 8.1875 1 17742619 281070358 1 2487404 18703483
8.3e-09 20.0469 2.39062 8.1875 57 32422214 328471109 51 5 0
8.3e-09 17.6094 1.82812 8.1875 1 0 300936305 4 19773 119388
8.3e-09 20.625 2.01562 8.1875 100 33788598 259044576 91 39733 104476
8.3e-09 16.7969 2.53125 8.1875 0 22 92 0 9409614 358299075
8.3e-09 15.3281 1.8125 8.14062 0 14869 132216 0 6296513 352563679
8.3e-09 18.4531 2.54688 8.1875 9 24382116 288018433 6 0 0
8.3e-09 infty 2.25 8.1875 3553 0 0 3634 3378390 12860491
8.3e-09 17.1562 1.95312 8.28125 0 19539 304632616 0 718 2782
8.3e-09 17.8906 1.78125 8.1875 0 1737962 16023599 2 13475717 256982992
8.3e-09 infty 2.40625 8.1875 3398 24269873 112924104 3608 12042579 30955315
8.3e-09 19.1094 1.78125 8.1875 32 943968 5011024 30 10839665 308214776
8.3e-09 17.7656 1.89062 8.1875 0 16722 85539 0 12185642 339993240
8.3e-09 23.1719 1.82812 8.1875 3294 229 139 3280 36314058 275532911
8.3e-09 19.9219 2.40625 8.1875 26 27496174 265863993 30 5798 12091
8.3e-09 17.0312 2.35938 8.1875 1 6907189 115799816 0 14526651 196668602
8.3e-09 17 2.03125 8.1875 0 45631 1523492 0 9594328 270295106
8.3e-09 18.6406 2.73438 8.1875 3 106206 621573 8 5081435 290520270
8.3e-09 19.75 1.84375 8.1875 21 36439002 262250214 21 233926 766904
8.3e-09 20.2656 2.3125 8.1875 88 3954981 23427391 78 18435502 260009671
8.3e-09 21.0469 1.8125 8.03125 335 30704385 227047058 325 10179463 78414515
8.3e-09 20.25 2.04688 8.1875 69 259723 1217306 79 43653196 271802591
8.3e-09 19.1406 1.85938 8.1875 15 28673286 320088803 12 0 0
8.3e-09 17.4375 2.8125 8.1875 0 4963206 308670527 0 1707275 14197399
8.3e-09 18.1406 2 8.1875 6 6146898 173419424 1 13788232 161905987
8.3e-09 16.2656 1.90625 8.1875 0 15477931 309741790 0 93488 783929
8.3e-09 18.2344 2.53125 8.1875 2 22320328 335217732 2 320523 1819660
8.3e-09 19.7344 2.03125 8.1875 25 0 0 22 32347985 339657442
8.3e-09 17.7656 2.26562 8.1875 5 502634 2697558 3 23092552 301560713
8.3e-09 16.125 1.79688 8.20312 0 64 2130 0 13130465 331414183
8.3e-09 18.5312 2.8125 8.1875 11 524365 3067678 7 230185 325322308
8.3e-09 19.7969 1.96875 7.9375 95 5198726 243018031 85 15647308 97214239
8.3e-09 16.375 2.28125 8.40625 0 1842276 296525677 0 98 313
8.3e-09 22.1875 2.4375 8.32812 766 63324275 290016549 815 0 0
8.3e-09 20 2.23438 8.1875 48 39539582 313913065 43 484 531
8.3e-09 18.4688 1.9375 8.1875 2 0 0 4 10063181 295868092
8.3e-09 19 2.46875 8.15625 12 19614 56833 12 33543351 285357170
8.3e-09 20.0625 1.98438 8.1875 66 6018252 344278887 54 1007080 10355405
8.3e-09 infty 2.53125 8.1875 3915 325451 1598955 3894 11117139 32375982
8.3e-09 22.2812 1.84375 8.1875 1335 24574161 95083279 1308 33966819 181635856
8.3e-09 17.0625 1.84375 8.1875 1 0 0 0 22342203 324520313
8.3e-09 17.5 2.29688 7.98438 5 0 0 1 17605182 300579512
8.3e-09 17.5625 2.23438 8.1875 0 0 0 0 613249 281907463
8.3e-09 17.5781 1.89062 8.1875 1 5050479 351702202 0 0 0
8.3e-09 infty 1.85938 8.1875 4004 188 39 4135 16913881 44018522
8.3e-09 infty 2.29688 8.09375 4308 0 0 4412 15554514 151026475
8.3e-09 18.0625 2.03125 8.1875 1 1067489 8814682 1 7146551 280296059
8.3e-09 19.1875 1.79688 8.25 14 20298078 268760205 8 5901959 28017506
8.3e-09 18.3281 1.78125 8.1875 2 33116829 319335742 9 11 13
8.3e-09 infty 1.95312 8.26562 4574 0 0 4444 0 0
8.3e-09 20.8594 1.79688 8.28125 198 3489227 12532503 179 52712518 301678622
8.3e-09 15.9531 1.82812 8.1875 1 27432 388900 0 3321353 361485058
8.3e-09 18.2812 2.25 8.1875 10 1746483 18985622 6 13506899 316549181
8.3e-09 20.625 2.3125 8.1875 98 4458550 25647949 94 45009465 286365980
8.3e-09 21.125 2.39062 8.1875 275 37606499 276801976 261 0 0
8.3e-09 16.9531 1.84375 8.1875 0 28139 36132002 1 27271 322358647
8.3e-09 20.3281 2.04688 8.1875 51 114764 773208 51 39748559 245280078
8.3e-09 21.5781 2 8.1875 532 29484600 290195912 588 1664680 18926768
8.3e-09 16.6875 2.35938 8.1875 0 0 1202901 0 6274690 292513132
8.3e-09 17.375 1.8125 8.14062 1 13106 59453 0 12449746 315830782
8.3e-09 19.7031 2.01562 8.1875 36 10284198 219718814 39 5863472 76339215
8.3e-09 21.1406 1.82812 8.1875 321 6475623 68610981 341 44397345 234534788
8.3e-09 19.4531 1.85938 8.1875 30 34537900 257669094 31 8200739 55409520
8.3e-09 infty 1.9375 8.1875 3520 3532 53481 3553 22064441 176899870
8.3e-09 18.4844 1.84375 8.1875 5 186642 1824974 6 18091100 265792225
8.3e-09 20.0938 2.79688 8.1875 44 27832541 298446839 50 354477 1045599
8.3e-09 23.5156 2.28125 8.29688 4562 0 0 4591 17464324 287316192
8.3e-09 18.9688 1.90625 8.1875 9 12123310 140438290 10 7522719 153574511
8.3e-09 22.2188 2.84375 8.1875 993 57729190 282846727 879 0 0
8.3e-09 20.1875 2.40625 8.1875 53 112251 1098673 47 10525213 276641730
8.3e-09 14.6875 1.89062 8.1875 0 201005 350962816 0 22705 2987462
8.3e-09 21.8594 1.95312 8.25 624 61866716 294337837 604 1386885 6788089
8.3e-09 16.4688 1.85938 8.1875 0 7713988 299386826 0 24689 2158700
8.3e-09 infty 1.95312 8.1875 3468 29614 52102 3539 0 0
8.3e-09 18.9219 2.03125 8.1875 9 22889742 275531432 8 4406 28774
8.3e-09 19.6875 2.84375 8.1875 30 5264864 27940056 35 24476265 301908585
8.3e-09 17.5156 1.875 8.1875 0 1901101 47899256 2 13591213 246255561
8.3e-09 21.0156 2.26562 8.1875 196 14999496 132090889 207 17679913 158721913
8.3e-09 19.6406 2.28125 8.42188 23 40909145 316100955 35 0 0
8.3e-09 18.125 2.48438 8.1875 5 2676443 16177199 2 12102511 302816289
8.3e-09 19.2344 1.82812 8.1875 28 29914861 231537804 21 1484448 58914571
8.3e-09 19.5469 1.85938 8.1875 36 21295656 303794451 40 9053 21790
8.3e-09 18.0938 2.03125 8.1875 4 16446507 327869397 6 31826 109369
8.3e-09 infty 2.51562 8.1875 3966 481420 535293 3965 10099 10799
8.3e-09 infty 1.95312 8.32812 4374 6563571 107972841 4490 13367337 35274832
8.3e-09 19.6875 1.79688 8.35938 27 19673712 304001951 19 0 0
8.3e-09 17.1875 1.90625 8.1875 1 4157734 112940687 0 15081 194739608
8.3e-09 21.2188 1.79688 8.34375 357 32281380 332790439 319 0 0
8.3e-09 18.8438 2.375 8.1875 12 3583613 18672769 4 20725407 268179212
8.3e-09 16.5 1.82812 8.1875 1 87628 140158679 0 3255727 165304881
8.3e-09 18 2.8125 8.1875 2 1771443 12530704 4 12767656 327193591
8.3e-09 19.5156 1.98438 8.1875 30 0 0 27 15887913 338792857
8.3e-09 infty 2.35938 8.1875 3894 0 0 4011 0 0
8.3e-09 22.2969 2.01562 8.1875 1275 0 0 1363 70412767 246847084
8.3e-09 21.0938 1.8125 8.03125 342 0 0 336 54773904 304936494
8.3e-09 18.5938 2.79688 8.1875 4 23557545 261364585 4 137297 1620463
8.3e-09 18.7344 2.23438 8.1875 14 18251922 297996272 9 304752 2439183
8.3e-09 20.25 1.79688 8.21875 79 42878433 327147071 87 0 0
8.3e-09 17.9844 2.04688 8.1875 1 0 0 1 17289383 268197895
8.3e-09 21.1719 1.89062 8.1875 282 33134881 158056070 284 12376929 74885042
8.3e-09 18.0625 1.96875 8.0625 2 2120939 93413617 3 14359568 170543373
8.3e-09 22.2656 1.82812 8.1875 1353 48406202 295656561 1325 44350 203053
8.3e-09 20.1094 1.79688 7.9375 109 320221 1252276 92 20550666 302903610
8.3e-09 18.2188 1.82812 8.1875 6 26647403 305468580 2 0 0
8.3e-09 19.5781 2.46875 8.10938 18 0 0 19 1511644 298921139
8.3e-09 infty 2.34375 8.1875 4143 33764 77244 4028 0 0
8.3e-09 19.1875 1.90625 8.1875 21 0 0 15 23163778 293672954
8.3e-09 18.0312 1.79688 8.28125 2 20302645 286540743 1 366 1882
8.3e-09 18 2.42188 8.1875 0 23871528 260186902 2 0 0
8.3e-09 19.1094 2.79688 8.1875 9 28281150 296424757 11 1083116 6275317
8.3e-09 18.1875 2.04688 8.1875 6 3455841 107236013 6 11305224 226518733
8.3e-09 infty 1.79688 8.42188 4442 0 0 4504 0 0
8.3e-09 22.0156 1.79688 8.39062 1042 308853 295959471 1034 2051958 6996697
8.3e-09 20.9375 2.78125 8.125 235 546233 1119729 256 18729963 265306392
8.3e-09 16.7656 1.89062 8.1875 0 9677731 143153174 0 3257609 200348776
8.3e-09 16.0781 1.89062 8.1875 0 358221 3348797 0 13048488 354504631
8.3e-09 18.4531 1.85938 8.1875 3 0 0 3 8641361 331303759
8.3e-09 infty 2.82812 8.1875 4024 0 0 4102 9 0
8.3e-09 19.6562 2.35938 8.1875 32 0 0 35 33457568 251246145
8.3e-09 21.8125 1.78125 8.1875 624 36136737 257737802 640 2373848 10612349
8.3e-09 18.0625 1.8125 8.1875 5 207882 2742629 0 1147467 278195981
8.3e-09 20.8125 2.45312 8.40625 229 5645579 96960344 279 34566308 231986467
8.3e-09 17.0781 2.5625 8.1875 0 93 729 0 14016303 341546228
8.3e-09 16.1719 1.89062 8.1875 0 5414897 268287629 0 637805 14027308
8.3e-09 19.0469 2.51562 8.1875 21 10034719 320326793 19 61122 246896
8.3e-09 22.1719 2.35938 8.1875 922 49734748 247115346 866 993 518
8.3e-09 21.0625 2.04688 8.1875 219 33229666 197499491 212 5468276 42040066
8.3e-09 18.3438 2.76562 8.3125 6 20283952 297302812 10 4305866 43757087
8.3e-09 infty 2.28125 8.40625 4562 0 0 4583 0 0
8.3e-09 18.4688 2.3125 8.1875 8 1041111 27600761 8 14203590 265911956
8.3e-09 19.1406 1.9375 8.1875 9 19970869 319659213 19 5756 37576
8.3e-09 21.5625 2.51562 8.1875 280 30152418 284626283 277 0 6784745
8.3e-09 16.2344 1.89062 8.1875 0 1316683 302859447 0 58733 1350712
8.3e-09 19.25 2.03125 8.1875 17 23135904 341836870 19 2027 10919
8.3e-09 17.4531 2.42188 8.1875 2 6990273 101012147 0 3544947 226199586
8.3e-09 16.6719 1.78125 8.1875 0 709 14930 0 19244057 295100637
8.3e-09 21.7969 2.48438 8.1875 914 6971511 310538400 944 0 0
8.3e-09 20.0156 1.85938 8.1875 56 524793 4056465 64 41260706 299948647
8.3e-09 18.7812 1.98438 8.1875 18 34522556 328173754 12 446289 1690841
8.3e-09 17.1406 2.01562 8.1875 0 7652342 309950589 0 53 123
8.3e-09 17.9062 2.03125 8.1875 3 21016872 239407850 2 7115264 75413030
8.3e-09 20.7031 1.98438 8.1875 137 48612095 275374472 118 122359 367576
8.3e-09 19.7344 2.23438 8.1875 37 309 1813 35 26348219 277654716
8.3e-09 16.4375 1.89062 8.1875 0 7043768 308122931 0 112948 3481275
8.3e-09 infty 1.92188 8.1875 3700 8291578 62248530 3692 12851791 47955369
8.3e-09 20.2812 2.32812 8.1875 67 32260551 311110243 66 1 1
8.3e-09 20.8438 1.85938 8.1875 215 425 896 240 41775232 313757852
8.3e-09 22.2656 1.92188 8.1875 1132 42324 1288138 1191 56540968 285898015
8.3e-09 23.3906 2.04688 8.1875 3880 50966245 236799442 4075 0 0
8.3e-09 18 1.78125 8.1875 3 106165 744566 1 25141638 312252246
8.3e-09 21.6875 2.39062 8.1875 497 92779 255653 513 10975360 284351434
8.3e-09 23.1719 2.26562 8.1875 2688 19967 72810 2703 58069913 252638579
8.3e-09 19.75 2.40625 8.1875 37 16531 74097 40 19361802 286296376
8.3e-09 infty 2.45312 7.96875 4451 692893 1133335 4438 26706511 97711498
8.3e-09 22.6875 1.98438 8.1875 1886 4640257 31877181 1811 35224395 225218206
8.3e-09 19.6094 2.375 8.1875 35 13204 399534 36 27836699 310600455
8.3e-09 18.6094 2.78125 8.15625 8 0 0 5 492290 327938678
8.3e-09 21.0938 1.8125 8.17188 324 15067065 332743765 296 9925 59927
8.3e-09 17.0781 1.875 8.1875 2 926258 13373886 0 12910840 278738577
8.3e-09 infty 2.04688 8.1875 3820 4016679 25321474 3876 28 1
8.3e-09 19.4531 1.82812 8.1875 22 23088276 254232631 25 2202975 20654416
8.3e-09 19.2812 2.40625 8.1875 14 28607321 291483856 8 0 0
8.3e-09 23.2031 2.79688 8.1875 3180 56 274382162 3247 347041 1617850
8.3e-09 infty 1.8125 8.09375 4412 0 0 4491 8732848 55532950
8.3e-09 17.5938 2.3125 8.1875 2 0 2756905 1 20917386 303363411
8.3e-09 20.3438 1.8125 8.01562 44 57 14 39 34381384 260580267
8.3e-09 21.2031 1.82812 8.1875 248 0 0 240 36807961 276378540
8.3e-09 17.4688 2.34375 8.1875 1 7612702 301456084 2 7082 59949
8.3e-09 18.1562 2.75 8.1875 2 21476433 264189889 1 146909 1034889
8.3e-09 17.3594 1.92188 8.1875 1 16553641 327414314 1 13 183
8.3e-09 17.0156 1.96875 7.9375 0 11810368 284528746 0 10108 112916
8.3e-09 20.0625 1.78125 8.1875 49 155364 657092 39 39823197 297082944
8.3e-09 15.7812 1.89062 8.1875 0 673 2195448 0 1535605 337522031
8.3e-09 17.1562 2.03125 8.1875 0 2895636 46671966 0 12297405 278045214
8.3e-09 infty 2.8125 8.1875 4151 17626702 112773428 4251 0 0
8.3e-09 18.0625 1.84375 8.1875 2 29080862 300148043 1 3411299 24379701
8.3e-09 20.7344 1.82812 8.1875 188 23865282 229976814 194 7619720 59626204
8.3e-09 18.7188 2.73438 8.1875 5 4565783 53920616 5 12565751 250484621
8.3e-09 19.2656 2 8.1875 20 0 0 18 27866117 286521280
8.3e-09 17.2969 2.84375 8.1875 0 10620682 272055122 0 238395 1562948
8.3e-09 18.5156 1.85938 8.1875 6 0 0 6 2552988 286534127
8.3e-09 16.4688 2.46875 8.1875 0 7525183 302979495 0 65 98
8.3e-09 20 1.84375 8.1875 44 0 0 34 27091996 273945689
8.3e-09 22.1406 1.875 8.1875 940 267199 2090969 929 35730600 280137592
8.3e-09 15.9844 1.9375 8.1875 0 6657702 361293541 0 189935 2010453
8.3e-09 19.4375 2.375 8.1875 20 0 0 19 8976043 280112746
8.3e-09 18.5156 2.3125 8.1875 2 8153 18884 3 32290844 265989862
8.3e-09 18.1094 1.84375 8.1875 4 14784046 337845638 4 415421 5224312
8.3e-09 18.6094 1.79688 7.9375 5 19773703 232543279 4 3423909 32866457
8.3e-09 18.7656 2.51562 8.1875 10 16882245 248144836 11 1430701 14357092
8.3e-09 21.125 2.8125 8.1875 319 1839308 8480388 347 37014069 267795259
8.3e-09 19.2188 1.82812 8.1875 23 17824559 168617384 28 8449 109627333
8.3e-09 19.5 2.84375 8.1875 16 651977 2486675 26 9236872 308763995
8.3e-09 18.2188 1.82812 8.1875 7 101589 9503821 4 11373049 335198612
8.3e-09 18.5 2.5625 8.1875 5 23031368 337138561 8 4901 63233
8.3e-09 22.7031 2.32812 8.1875 2491 5252560 166859272 2379 12958667 145100335
8.3e-09 18.0469 2.35938 8.1875 2 0 0 2 9762722 277394088
8.3e-09 15.9219 1.875 8.1875 0 101955 2467147 0 17535367 350603986
8.3e-09 19.3125 2.75 8.1875 25 3119364 50442750 31 11728508 281043056
8.3e-09 17.9844 1.92188 8.1875 3 102 22799577 1 21901990 301275463
8.3e-09 17.5156 1.92188 8.1875 2 18861698 293862980 0 1017 3007
8.3e-09 17.5156 1.78125 8.1875 1 9554625 271901024 0 3257094 38098860
8.3e-09 18.5781 2.04688 8.1875 4 0 0 7 19907612 299437782
8.3e-09 infty 1.89062 8.1875 3868 4702919 19930936 3903 0 0
8.3e-09 19.0469 2.35938 8.1875 12 333457 6269189 13 13744640 306943143
8.3e-09 21.7031 2.8125 8.1875 573 766903 3529713 544 12327814 275153221
8.3e-09 18.6719 1.98438 8.17188 6 9977 289904264 4 306386 1334422
8.3e-09 23.5781 1.90625 8.1875 3684 43238704 132755714 3839 25942765 80612433
8.3e-09 18.2969 2.01562 8.1875 4 30628 9155862 7 29753223 299569441
8.3e-09 22.125 2.5625 8.1875 894 27606652 301279055 930 28778 2452704
8.3e-09 18.2031 2.42188 8.1875 4 2897 300808439 4 15097 87098
8.3e-09 19.5156 2.85938 8.1875 27 25182 141638 13 18893906 300292532
8.3e-09 19.0625 1.84375 8.1875 13 5685604 36748435 12 4947598 274045741
8.3e-09 18.5 2.23438 8.1875 5 5741228 310830915 3 0 0
8.3e-09 16.6562 1.89062 8.1875 0 405 2093 1 7593674 278866236
8.3e-09 17.6406 2.5625 8.1875 3 4218368 31249323 1 0 249452454
8.3e-09 18.1094 2.48438 8.1875 1 19352 52197 4 22603347 298853728
8.3e-09 19.2969 2.21875 8.1875 19 26991 79783 22 26121084 265935343
8.3e-09 19.1875 1.85938 8.1875 8 119863 971996 6 16006405 296691459
8.3e-09 20.9531 1.96875 7.9375 213 0 0 247 0 336239659
8.3e-09 17.2031 2.46875 8.1875 0 45 469 2 1001 328203435
8.3e-09 20.9219 2.45312 7.96875 244 607300 2423608 231 7607425 285819180
8.3e-09 22.375 1.78125 8.1875 1510 6109537 23052791 1482 23265392 254264254
8.3e-09 19.1562 1.9375 8.1875 17 36153402 292525148 14 429925 10748847
8.3e-09 18.6875 1.92188 8.1875 11 27986319 259014231 8 525033 9152746
8.3e-09 17.1875 2.48438 8.1875 0 71009 522605 0 20260562 322668197
8.3e-09 19.6719 1.9375 8.1875 29 64312 288878 23 31962678 269163268
8.3e-09 21.5156 2.23438 8.1875 383 32031050 261923166 344 1 15
8.3e-09 19.2031 1.78125 8.1875 15 28348381 273193932 11 186732 777414
8.3e-09 18.1562 2.4375 8.20312 3 9671506 96658374 4 14522049 167662908
8.3e-09 16.0781 2.03125 8.1875 0 9227390 183165846 0 3159762 120259781
8.3e-09 20.625 2.23438 8.1875 136 17644885 145215333 145 11487426 140622012
8.3e-09 19.6719 2.39062 8.1875 39 4543097 238929932 32 5924202 75819641
8.3e-09 infty 1.84375 8.1875 4074 0 0 4159 5166 5535
8.3e-09 18.3594 2.23438 8.1875 3 26897533 320812227 3 57187 717235
8.3e-09 21.3906 2.03125 8.1875 393 63746653 295129856 392 173204 976850
8.3e-09 18.4062 1.92188 8.1875 4 19190271 312157345 3 868 11150
8.3e-09 20.6875 1.875 8.1875 215 32335765 297364503 212 5295542 33928409
8.3e-09 19.9062 2.5625 8.1875 35 45897349 294636229 43 0 502022
8.3e-09 infty 2.54688 8.1875 3774 9564864 69859400 3667 0 0
8.3e-09 20.3594 2.29688 8 71 38309203 246528506 86 78363 20780609
8.3e-09 18.2344 1.90625 8.1875 5 18225757 238671595 2 3168935 29886617
8.3e-09 19.2031 1.95312 8.20312 11 26055745 286384536 14 0 0
8.3e-09 21.6406 1.79688 8.23438 472 132471 926994 454 30020576 281489627
8.3e-09 21.0156 1.875 8.1875 176 35211897 269635674 166 548048 2312391
8.3e-09 15.5781 2.40625 8.1875 0 369717 5388465 0 6203436 335485031
8.3e-09 18.9531 1.8125 8.01562 12 121672 3631035 12 22277071 329124215
8.3e-09 16.9219 1.78125 8.1875 0 0 0 1 27456 364770183
8.3e-09 19.7031 1.98438 8.125 25 0 0 33 39075156 272471498
8.3e-09 20.2969 1.82812 8.1875 91 22883329 343218428 88 0 0
8.3e-09 19.1406 2.45312 7.95312 23 11411399 193135507 21 1263602 137948378
8.3e-09 18.0156 1.90625 8.1875 1 16919582 267434070 3 1488090 16220128
8.3e-09 16.4844 1.95312 8.20312 0 6959864 254787722 0 1642117 27396226
8.3e-09 18.5 1.875 8.1875 7 0 0 7 17029419 342275619
8.3e-09 18.7188 1.9375 8.1875 7 10160870 339058596 6 0 0
8.3e-09 17.1562 1.79688 8.25 1 273192 2149911 0 5968490 274554422
8.3e-09 17.6406 1.85938 8.1875 0 0 0 2 23931047 320515032
8.3e-09 17.5781 1.98438 8.1875 0 23075077 281909073 3 234 1563
8.3e-09 18.6562 1.78125 8.1875 8 1497035 20391451 6 14142859 323647182
8.3e-09 17.0156 2.3125 8.1875 0 15455872 354101728 0 52 187
8.3e-09 15.1875 1.78125 8.20312 0 0 5 0 1789156 286533685
8.3e-09 22.0938 2.35938 8.1875 916 38602979 308819250 981 0 0
8.3e-09 18.5625 1.78125 8.1875 5 0 0 3 23134883 313997538
8.3e-09 17.1094 2.32812 8.1875 1 8653981 289599392 1 376844 16316924
8.3e-09 20.3281 1.92188 8.1875 86 31102236 168187425 99 9352809 90481091
8.3e-09 18.0312 1.78125 8.1875 1 10920880 281431118 1 15136 38396
8.3e-09 18 1.89062 8.1875 1 936829 9730644 3 22001614 340618019
8.3e-09 18.6719 2.42188 8.1875 3 0 0 9 33004386 336643726
8.3e-09 16.5625 2.85938 8.1875 0 8614704 342442038 0 0 0
8.3e-09 19.2031 1.875 8.1875 18 41855 119962 16 5106551 305238316
8.3e-09 19.5 2.3125 8.1875 31 11378061 130671204 23 5724039 163816806
8.3e-09 18.4375 1.90625 8.1875 2 10793236 320095962 0 101832 591956
8.3e-09 18.5625 2.28125 8.21875 6 19543964 293250545 5 1120955 9673473
8.3e-09 17.4531 1.89062 8.1875 4 22135153 287466925 0 3333352 28833513
8.3e-09 16.4688 2.79688 8.1875 0 4004011 267707698 0 1121438 16836438
8.3e-09 16.9688 1.92188 8.1875 1 12062287 324316369 1 34 105
8.3e-09 18.0312 1.78125 8.1875 2 126329 768290 1 6098998 329095840
8.3e-09 21.1719 2.03125 8.1875 250 0 0 221 38091307 293393357
8.3e-09 17.7188 2.03125 8.1875 0 5914387 339162635 1 103802 712294
8.3e-09 17.9844 2.34375 8.1875 2 9349405 239039197 5 5687016 57795393
8.3e-09 17.2812 1.92188 8.1875 0 15678706 310003570 1 23998 176605
8.3e-09 15.9844 1.8125 8.07812 1 11148484 327752341 0 178759 3207050
8.3e-09 20.9688 1.79688 8.42188 183 52271521 289124771 190 244589 2840391
8.3e-09 16.6094 1.8125 8.125 0 10364972 287094704 1 0 0
8.3e-09 18.7969 2.4375 8.25 5 5686 46099 21 34030947 323101561
8.3e-09 18.0312 2.23438 8.1875 1 16582915 264183805 5 54328 233076
8.3e-09 22.5312 1.89062 8.1875 1543 7042152 23482852 1597 47095231 280347107
8.3e-09 18.875 1.79688 8.26562 11 33249180 268754967 8 6440173 41738587
8.3e-09 18.7031 2.26562 8.1875 3 154859 490019 7 16158465 309633567
8.3e-09 infty 1.8125 8.17188 4316 17727699 231018062 4397 0 0
8.3e-09 16.9219 2.5625 8.1875 1 10600384 315974847 0 1655568 14898046
8.3e-09 18.6406 1.82812 8.1875 2 5874737 309975824 2 321628 2946897
8.3e-09 19.1094 2.29688 8 12 35348031 257814695 14 2852194 27896562
8.3e-09 20.7969 2.53125 8.1875 252 16530457 103002358 215 16853289 142703526
8.3e-09 22.2344 1.8125 8.0625 1395 26272777 72253456 1388 48432858 185611820
8.3e-09 21.0781 2.5 8.1875 234 7292661 51039632 258 48624552 225455488
8.3e-09 infty 2.25 8.1875 3646 1941745 5799816 3611 1654887 4902824
8.3e-09 19.2344 2.01562 8.1875 17 20234221 272247712 21 128342 730741
8.3e-09 17.6562 1.85938 8.1875 0 9514908 298525763 1 737 1110
8.3e-09 16.9688 1.89062 8.1875 1 14641644 318321611 0 2626339 38531851
8.3e-09 18.1562 2.42188 8.1875 2 22287922 277124815 0 0 1
8.3e-09 18.125 1.78125 8.1875 3 3096248 342745556 2 788 1304
8.3e-09 19.1406 2.5 8.1875 14 93752 262061 13 29070302 286432464
8.3e-09 17.8125 2.54688 8.1875 0 18312050 263309233 5 1590157 22809354
8.3e-09 22.1406 2.75 8.1875 807 1435295 4921574 815 44262372 263030820
8.3e-09 17.0938 2.5625 8.1875 0 1195878 19913771 1 17137976 285923508
8.3e-09 17.1719 1.8125 8.125 0 13054346 284349410 2 1934643 38097070
8.3e-09 18.6562 1.90625 8.1875 7 116679 354390 7 25989038 328609067
8.3e-09 20.25 2.25 8.1875 60 0 0 56 5420656 295037165
8.3e-09 15.5469 2.85938 8.1875 0 1517663 58039396 0 2143237 252691923
8.3e-09 18.8906 1.8125 8.03125 11 18957339 174853431 12 6820860 164698540
8.3e-09 19.4531 2.5625 8.1875 29 2394163 181205854 14 15098501 166408572
8.3e-09 22.375 2.28125 8.23438 1020 73340065 275655642 1111 32 9
8.3e-09 18.0312 1.90625 8.1875 4 7734 38599 3 20439977 279862272
8.3e-09 17.2031 2 8.1875 0 198884 2020501 0 9592115 283792111
8.3e-09 20.1875 2.375 8.1875 73 0 0 92 14407690 269094305
8.3e-09 21.7031 2.45312 8.39062 452 0 0 455 21493470 312060556
8.3e-09 17.0312 1.875 8.1875 0 13967718 269533160 0 23 115
8.3e-09 22.3125 1.78125 8.1875 1146 597188 1340258 1145 57702840 250918952
8.3e-09 22.1094 2.45312 8.09375 1018 47841052 261087036 1062 0 0
8.3e-09 22.8281 2.25 8.1875 1990 49861378 266357377 2068 49104 142223
8.3e-09 infty 2.4375 8.1875 3407 0 0 3433 70 40
8.3e-09 20.7344 1.90625 8.1875 216 3781625 27347229 225 109776 338253154
8.3e-09 19.8281 2.76562 8.32812 49 2141175 62448230 43 32476866 242579991
8.3e-09 17.2812 1.84375 8.1875 0 1582367 12715099 2 27904146 314667705
8.3e-09 17.0312 1.875 8.1875 1 63206 325222 0 13325915 275319060
8.3e-09 22.625 2.3125 8.1875 1871 42992515 262325123 1809 2696784 16223850
8.3e-09 23.2344 2.5 8.1875 3047 2861390 34952173 3168 52507451 190377740
8.3e-09 19.3125 1.78125 8.1875 12 29057522 278210197 12 106935 307430
8.3e-09 18.9375 1.89062 8.1875 11 36186726 308618658 16 2551 3547
8.3e-09 infty 2.48438 8.1875 4289 138534 426248 4042 21917854 95862035
8.3e-09 16.4375 2.39062 8.1875 0 2456748 29184041 0 15629915 281221281
8.3e-09 17.5625 1.98438 8.10938 0 0 456157 2 8004928 332831096
8.3e-09 20.0312 2.25 8.1875 36 0 0 31 179502 372461757
8.3e-09 19.1875 1.84375 8.1875 12 20821253 293025845 11 86789 427561
8.3e-09 infty 1.89062 8.1875 3824 0 0 3916 4841700 28741699
8.3e-09 infty 2.26562 8.1875 3511 5664102 41297424 3454 0 0
8.3e-09 18.1562 1.89062 8.1875 2 6260363 122931017 3 9107205 208975032
8.3e-09 18.1875 2.26562 8.1875 1 13210467 271217427 5 54729 299178
8.3e-09 19.1562 2.39062 8.1875 17 17903229 326051495 22 117179 1086854
8.3e-09 23.0938 2.45312 7.96875 2529 996532 3095358 2507 52459662 204965723
8.3e-09 18.875 1.96875 7.95312 11 7516079 248820129 8 5935904 38639166
8.3e-09 18.4375 1.85938 8.1875 4 0 0 4 10324587 315063630
8.3e-09 18.1719 1.79688 8.34375 1 24703057 279499433 3 343197 5451454
8.3e-09 22.125 1.9375 8.1875 614 0 2395566 647 17066623 305049070
8.3e-09 16.3125 1.8125 7.98438 0 11141932 295670333 0 3442 14248
8.3e-09 17.5 2.01562 8.1875 1 21928546 289907760 0 77177 870436
8.3e-09 infty 1.96875 8.42188 4543 0 0 4412 10460001 52003702
8.3e-09 17.4844 2.01562 8.1875 1 13666650 321728518 0 562235 4396399
8.3e-09 21.2344 2.5625 8.1875 361 123750 1859655 354 54268857 287569725
8.3e-09 18.8125 2.28125 8.4375 24 37604924 310839783 8 62 169
8.3e-09 18.1406 1.98438 8.1875 3 17003573 279184447 1 722612 6087908
8.3e-09 21.3281 2.39062 8.1875 404 35611800 249538372 393 333347 4057511
8.3e-09 19.2656 2.54688 8.1875 21 32456741 339813062 32 7793 16934
8.3e-09 17.3125 2.5 8.1875 1 2347118 82840626 0 14285351 202993078
8.3e-09 18.6406 1.89062 8.1875 13 3495398 301182879 7 1135 880816
8.3e-09 17.9219 2.34375 8.1875 3 5652 21340 1 28001215 344704117
8.3e-09 15.1094 2.46875 8.14062 0 79 11132 0 4107506 324227358
8.3e-09 18.1094 2.03125 8.1875 4 0 0 3 13815043 279184703
8.3e-09 19.0156 2 8.1875 8 167574 1762998 8 30562222 291336700
8.3e-09 20.1719 2.5625 8.1875 77 194673 3262875 56 27229499 293368303
8.3e-09 18.0781 2.40625 8.1875 2 658 1597 2 23070690 343684383
8.3e-09 19.7969 1.875 8.1875 37 28582014 297884955 42 0 0
8.3e-09 20.1562 2.25 8.1875 62 141391 7121663 71 26392618 267292589
8.3e-09 infty 2.01562 8.1875 4080 0 0 4054 204694 1532798
8.3e-09 21.75 1.78125 8.1875 637 194621 6529119 631 48356483 285164041
8.3e-09 20.1562 2 8.1875 60 29806711 261319164 54 17233 43520
8.3e-09 18.1406 2.39062 8.1875 6 7483 27999 2 0 338106682
8.3e-09 17.6094 1.82812 8.1875 1 20237573 326902570 0 1 0
8.3e-09 17 2.26562 8.1875 0 459 1650 0 7374515 292621697
8.3e-09 18.5938 1.98438 8.1875 8 26520565 260077188 10 208782 4287471
8.3e-09 19.75 1.79688 8.25 28 27003453 288628978 21 58835 192837
8.3e-09 20.0781 2.84375 8.1875 40 4532520 22894277 51 42263632 257868367
8.3e-09 20.5938 2.34375 8.1875 116 40471360 268533544 122 3449359 36377138
8.3e-09 18.9219 2.45312 8.04688 7 2 2 0 14935166 286728812
8.3e-09 19.2188 2.53125 8.1875 23 10651191 253912424 27 7228795 56093581
8.3e-09 17.9844 1.85938 8.1875 3 26728018 260041303 2 1162973 14636853
8.3e-09 20.625 1.79688 8.29688 149 11253182 60074006 154 10828257 231440935
8.3e-09 20.3125 2.5625 8.1875 77 26070161 304086054 69 0 0
8.3e-09 16.7188 2.51562 8.1875 0 1146708 57439543 1 15164097 278124467
8.3e-09 infty 2.23438 8.1875 3711 46221116 204189822 3769 0 0
8.3e-09 17.2188 2.26562 8.1875 0 249970 2781598 0 16063448 353731807
8.3e-09 17.75 1.95312 8.20312 2 19579908 248345511 3 2308180 18283349
8.3e-09 21.6562 1.82812 8.1875 605 43030503 246984454 595 1684495 7289424
8.3e-09 20.8438 2.73438 8.1875 277 0 0 280 14973127 346579281
8.3e-09 18.3281 2.3125 8.1875 2 16209164 299371806 3 812 9018
8.3e-09 19.5938 2.54688 8.1875 42 3386151 28202771 52 31992927 304233461
8.3e-09 17.7344 2.40625 8.1875 3 8089564 316310779 4 0 3750206
8.3e-09 16.2344 2.4375 8.3125 0 11215100 210215429 0 4960090 105804191
8.3e-09 21.0781 2.26562 8.1875 262 23188513 277831624 246 21312 449106
8.3e-09 18.7969 1.78125 8.1875 6 5901415 87279422 7 10302254 214515389
8.3e-09 22.0781 2.8125 8.1875 951 57684480 254412466 928 63092 77170
8.3e-09 infty 1.79688 8.42188 4480 1546199 15979738 4566 0 0
8.3e-09 15.4531 1.78125 8.1875 0 9098369 325945219 0 113982 2532704
8.3e-09 18.6719 2.26562 8.1875 15 4674516 31032518 6 10924694 315927111
8.3e-09 20.125 2.73438 8.1875 34 22963746 261088893 30 0 0
8.3e-09 19.1094 2 8.1875 11 12542171 134002852 21 20073657 194143323
8.3e-09 infty 2.23438 8.1875 3868 0 0 3773 0 0
8.3e-09 infty 1.84375 8.1875 4235 34476590 187497181 4143 86182 566855
8.3e-09 18.1094 1.92188 8.1875 5 8119134 80579266 4 8113485 216064678
8.3e-09 infty 1.89062 8.1875 3821 0 0 3730 2186486 10978463
8.3e-09 19.0938 1.84375 8.1875 20 12178782 153019520 15 3938684 195000669
8.3e-09 23.6094 1.92188 8.1875 3657 57464408 210818080 3558 0 1388060
8.3e-09 18.8594 1.875 8.1875 3 19868 163008 7 34842982 267986055
8.3e-09 17.25 2.26562 8.1875 0 0 0 0 13827290 331149105
8.3e-09 19.1719 2.3125 8.1875 22 16152093 304505379 16 0 0
8.3e-09 20.5 2.35938 8.1875 75 42218127 291625674 93 0 0
8.3e-09 infty 2.53125 8.1875 3923 16418464 41026488 3820 843083 1606459
8.3e-09 18.8281 2.78125 8.10938 11 2682600 24706194 6 12002884 279382373
8.3e-09 19.2656 1.875 8.1875 26 0 0 24 30813663 339965160
8.3e-09 19.2344 1.98438 8.1875 16 6892525 306452634 17 66274 231395
8.3e-09 17.3906 2.78125 8.07812 0 18113140 300382224 0 0 0
8.3e-09 15.0938 2.23438 8.1875 0 481968 5648790 0 7086104 308635270
8.3e-09 17.625 1.96875 8.40625 0 8504855 354645741 1 41269 143835
8.3e-09 19.1719 2.28125 8.1875 3 23987264 284338798 6 0 1
8.3e-09 20.3125 2.25 8.1875 81 38574331 222871367 92 3446549 27121560
8.3e-09 18.2812 2.03125 8.1875 10 23079003 302274986 8 476 2236
8.3e-09 22.2188 1.89062 8.1875 883 45084221 232414650 901 0 18
8.3e-09 21.8906 1.8125 7.95312 621 47104685 262900136 587 1985976 13136034
8.3e-09 18.3438 2.4375 8.1875 2 8440995 282063578 2 802077 5263256
8.3e-09 infty 2.04688 8.1875 3836 7739227 36153243 3880 0 0
8.3e-09 14.4062 2.23438 8.1875 0 0 0 0 4666475 331686699
8.3e-09 15.5938 2.35938 8.1875 0 14745100 312098320 0 9 68
8.3e-09 19.9531 2.51562 8.1875 40 26499070 178174269 35 8102349 69127515
8.3e-09 18.1562 1.8125 8.03125 6 10808660 115697148 2 14858232 150745986
8.3e-09 21.8594 2.32812 8.1875 702 0 0 745 20778061 277496951
8.3e-09 18.6406 1.9375 8.1875 2 11149030 288815713 7 0 0
8.3e-09 20.7031 2.25 8.1875 105 28422487 220652534 106 17538370 82341780
8.3e-09 19.9688 2.35938 8.1875 43 113645 280121 39 28098569 277409979
8.3e-09 21.6094 2.01562 8.1875 536 17388857 225091870 542 6889753 83742312
8.3e-09 20.2812 2.76562 8.32812 50 29007080 248954123 49 584023 3007409
8.3e-09 17.9375 2.23438 8.1875 2 20438205 346959929 3 0 0
8.3e-09 infty 1.8125 8.09375 4489 0 0 4367 30019573 121861263
8.3e-09 infty 2.35938 8.1875 3928 781462 1402263 3926 0 0
8.3e-09 19.5781 2.04688 8.1875 22 93085 547409 30 30650890 334071000
8.3e-09 21.5 1.8125 8.09375 476 18332270 274241343 472 13 15485
8.3e-09 18.125 2.01562 8.1875 3 6 0 6 2323087 342362281
8.3e-09 18.6406 2.85938 8.1875 5 8739949 291137476 7 13939 28848
8.3e-09 17.4688 2.03125 8.1875 0 10764 43133 2 8304051 300057423
8.3e-09 18.1406 2.28125 8.21875 3 6986891 309763469 3 24063 1439094
8.3e-09 18.3125 1.92188 8.1875 4 2161730 30002115 3 5150200 289144401
8.3e-09 16.1562 2.54688 8.1875 0 6876354 326328829 0 574 2369
8.3e-09 17.0469 2.75 8.1875 1 699 2483 2 13178535 281971199
