2.8e-09 infty 2.5 10.9062 217 0 0 218 0 0
2.8e-09 23.9062 2.5 10.875 28 0 421863966 15 0 0
2.8e-09 infty 3.32812 11.0781 277 0 0 276 0 62577898
2.8e-09 infty 2.34375 10.9062 206 0 0 224 0 0
2.8e-09 infty 2.79688 10.7969 252 0 0 219 0 0
2.8e-09 infty 2.76562 10.7188 279 0 0 239 0 0
2.8e-09 infty 2.96875 10.8906 224 0 0 232 0 0
2.8e-09 23.8906 2.51562 10.9688 27 0 364323040 22 0 64161805
2.8e-09 25.6562 2.42188 10.6719 102 0 0 111 0 420342378
2.8e-09 26.2031 2.39062 10.5938 228 0 443677594 246 0 0
2.8e-09 23.75 2.45312 10.7344 15 0 397179604 13 0 0
2.8e-09 26.875 2.90625 10.6719 288 0 0 272 0 291933404
2.8e-09 infty 2.53125 11.0469 296 0 0 289 0 200582460
2.8e-09 25.2031 2.875 10.6094 88 0 0 105 0 461719281
2.8e-09 infty 2.375 10.5938 286 0 0 276 0 176531074
2.8e-09 infty 2.76562 10.75 278 0 0 257 0 0
2.8e-09 25.1719 2.42188 10.6562 111 0 483486232 83 0 234632
2.8e-09 infty 2.51562 11 231 0 0 215 0 0
2.8e-09 infty 2.3125 10.7812 244 0 0 222 0 0
2.8e-09 infty 2.85938 10.5938 259 0 0 277 0 0
2.8e-09 25.7344 2.53125 11.0156 125 0 379721807 135 0 0
2.8e-09 26.0781 3.32812 11 144 0 403224334 168 0 0
2.8e-09 infty 3.0625 10.6875 259 0 0 252 0 0
2.8e-09 26.7812 2.28125 10.7188 225 0 0 261 0 338374236
2.8e-09 infty 3.26562 10.8125 264 0 42878953 263 0 0
2.8e-09 26.3281 2.39062 10.6094 195 0 372565745 177 0 0
2.8e-09 infty 3.0625 10.6875 272 0 76118408 260 0 0
2.8e-09 infty 2.29688 10.75 240 0 30344686 256 0 0
2.8e-09 infty 2.95312 10.8125 224 0 0 241 0 0
2.8e-09 26 2.46875 10.7812 182 0 0 179 0 449157342
2.8e-09 infty 2.40625 10.6406 283 0 0 252 0 0
2.8e-09 infty 2.48438 10.8594 240 0 0 228 0 0
2.8e-09 infty 2.76562 10.7344 249 0 0 263 0 0
2.8e-09 24.6094 3.01562 11.0938 35 0 438371150 46 0 32943236
2.8e-09 26.5312 2.51562 10.9531 257 0 0 236 0 369814860
2.8e-09 24.1719 2.45312 10.7656 27 0 0 28 0 376634044
2.8e-09 26.0469 2.375 10.5781 182 0 0 138 0 426073127
2.8e-09 26.1875 2.51562 10.9688 214 0 0 202 0 453455100
2.8e-09 infty 2.95312 10.8125 257 0 0 224 0 0
2.8e-09 infty 2.28125 10.7031 257 0 0 254 0 0
2.8e-09 24.4219 3.3125 10.9531 32 0 467904478 44 0 0
2.8e-09 25.375 2.3125 10.8281 90 0 0 84 0 478142620
2.8e-09 infty 2.28125 10.7188 258 0 0 256 2 306883
2.8e-09 infty 2.5625 10.6406 259 0 0 274 0 0
2.8e-09 infty 2.75 10.7188 275 0 0 233 0 0
2.8e-09 infty 2.29688 10.75 253 0 0 269 0 0
2.8e-09 26.3125 2.28125 10.7344 173 0 381218018 178 0 0
2.8e-09 infty 2.76562 10.7344 275 0 0 233 0 0
2.8e-09 infty 3.32812 11.0469 318 0 0 265 0 0
2.8e-09 25.7969 2.29688 10.75 143 0 300248079 146 0 153864670
2.8e-09 26.2344 2.875 10.625 196 0 421477191 221 0 0
2.8e-09 infty 2.95312 10.8125 247 0 0 226 0 0
2.8e-09 24.4531 3.26562 10.7969 39 0 450797635 42 0 0
2.8e-09 26.2812 2.39062 10.6094 229 0 0 225 0 395342106
2.8e-09 infty 2.51562 10.9531 234 0 0 214 0 0
2.8e-09 infty 2.35938 10.9531 226 0 0 217 0 0
2.8e-09 infty 3.32812 11.0156 208 0 0 187 0 0
2.8e-09 infty 2.29688 10.7656 244 0 0 242 0 0
2.8e-09 25.3906 3.0625 10.6875 94 0 469552445 91 0 0
2.8e-09 infty 2.5 10.9219 210 0 0 246 0 0
2.8e-09 infty 2.3125 10.8125 245 0 0 248 0 0
2.8e-09 24.0469 3 11.0469 34 0 0 26 0 456206978
2.8e-09 24.625 2.375 10.5938 52 0 0 51 0 466241720
2.8e-09 infty 2.3125 10.7812 225 0 0 270 0 0
2.8e-09 infty 2.79688 10.8281 247 0 0 232 0 0
2.8e-09 infty 2.76562 10.7344 228 0 0 249 0 0
2.8e-09 26.2188 3.04688 10.6562 205 0 0 216 0 433654150
2.8e-09 infty 2.51562 10.9688 211 0 0 233 0 0
2.8e-09 infty 2.78125 10.7969 221 0 0 230 0 0
2.8e-09 infty 2.32812 10.8594 207 0 0 209 0 0
2.8e-09 infty 2.42188 10.6875 262 0 0 279 0 0
2.8e-09 infty 3.29688 10.8906 245 0 0 225 0 0
2.8e-09 infty 2.78125 10.7656 240 0 0 269 0 0
2.8e-09 infty 2.96875 10.8438 223 0 0 212 0 0
2.8e-09 infty 2.53125 10.5781 257 0 0 268 0 0
2.8e-09 infty 2.32812 10.8438 201 0 0 254 0 0
2.8e-09 infty 3.01562 11.0625 278 0 0 287 0 0
2.8e-09 infty 2.35938 10.9531 232 0 0 222 0 110410535
2.8e-09 infty 3.01562 10.5938 279 0 0 277 0 0
2.8e-09 infty 3 10.9531 236 0 0 228 0 0
2.8e-09 infty 2.48438 10.8438 226 0 0 245 0 0
2.8e-09 infty 2.79688 10.8281 213 0 0 232 0 76174935
2.8e-09 infty 2.375 10.5938 269 0 0 282 0 0
2.8e-09 24.1719 2.42188 10.6719 24 0 0 15 0 380774762
2.8e-09 infty 3.35938 10.625 249 0 0 279 0 0
2.8e-09 26.6875 2.39062 10.6094 274 0 386447419 248 0 0
2.8e-09 infty 3.28125 10.8281 236 0 0 230 0 0
2.8e-09 24.4062 3.26562 10.7656 45 0 104216804 45 0 370909568
2.8e-09 infty 2.34375 10.9219 230 0 0 260 0 0
2.8e-09 25.375 2.45312 10.7656 92 0 485275911 83 0 0
2.8e-09 infty 2.5625 10.6562 278 0 0 261 0 0
2.8e-09 infty 2.40625 10.6562 291 0 0 277 0 0
2.8e-09 25.8906 2.96875 10.8438 149 0 0 112 0 403045741
2.8e-09 infty 2.5 10.8906 223 0 0 227 0 0
2.8e-09 24.7812 2.3125 10.7812 48 0 489233239 56 0 0
2.8e-09 24.8125 3.29688 10.875 66 0 468794764 64 0 0
2.8e-09 infty 2.98438 10.9062 216 0 0 216 0 0
2.8e-09 infty 2.4375 10.7031 259 0 0 229 0 0
2.8e-09 infty 2.45312 10.75 246 0 0 265 0 0
2.8e-09 23.8594 2.29688 10.75 22 0 449682606 19 0 0
2.8e-09 25.3438 2.39062 10.625 100 0 0 85 0 376087020
2.8e-09 infty 3.0625 10.6719 264 0 0 271 0 0
2.8e-09 infty 3.32812 11.0469 267 0 0 272 0 0
2.8e-09 infty 3 10.9531 227 0 0 214 0 481
2.8e-09 infty 3.26562 10.7656 229 0 0 250 0 0
2.8e-09 infty 2.48438 10.875 233 0 0 235 0 0
2.8e-09 26.5 2.78125 10.7656 251 0 0 242 0 385735158
2.8e-09 infty 2.76562 10.75 258 0 0 243 0 0
2.8e-09 24.4062 2.29688 10.75 51 0 2650056 45 0 473915531
2.8e-09 26.0938 2.39062 10.6094 157 0 185563011 175 0 203686970
2.8e-09 infty 2.3125 10.7969 230 0 0 229 0 0
2.8e-09 infty 2.95312 10.8125 224 0 0 250 0 0
2.8e-09 25.375 2.34375 10.8906 102 0 476376273 99 0 0
2.8e-09 24.9844 3 11.0156 72 0 485264842 57 0 0
2.8e-09 24.8594 2.32812 10.8594 43 0 0 52 0 440096109
2.8e-09 infty 2.75 10.6875 238 0 0 284 0 0
2.8e-09 infty 2.28125 10.7188 260 0 0 223 0 0
2.8e-09 25.7969 2.53125 11.0781 177 0 457077381 177 0 0
2.8e-09 24.4688 2.32812 10.8438 38 0 0 46 0 434531900
2.8e-09 infty 2.75 10.6875 261 0 0 249 0 0
2.8e-09 24.625 2.84375 11.0469 55 0 0 48 0 456372817
2.8e-09 23.7344 2.42188 10.6875 22 0 10843303 22 0 394569517
2.8e-09 infty 2.79688 10.7969 217 0 0 243 0 0
2.8e-09 infty 2.4375 10.7344 257 0 0 263 0 0
2.8e-09 24.9062 2.96875 10.8906 49 0 408717273 53 0 0
2.8e-09 26.5469 3.28125 10.8125 246 0 0 241 0 357591348
2.8e-09 26.7031 2.40625 10.6562 257 0 0 268 0 377862573
2.8e-09 25.2344 3.34375 10.6094 85 0 441772003 93 0 0
2.8e-09 infty 2.8125 10.8594 220 0 0 215 0 0
2.8e-09 24.3281 2.82812 10.9062 19 0 406135495 32 0 0
2.8e-09 infty 2.875 10.6094 279 0 0 301 0 0
2.8e-09 infty 2.375 10.5781 248 0 0 260 0 0
2.8e-09 infty 2.90625 10.6719 280 0 0 257 0 0
2.8e-09 infty 2.42188 10.6875 259 0 0 245 0 0
2.8e-09 25.6562 2.28125 10.7031 100 0 424392547 102 0 0
2.8e-09 infty 2.48438 10.8281 258 0 0 249 0 0
2.8e-09 25.75 3.07812 10.7344 145 0 486290323 141 0 0
2.8e-09 infty 2.34375 10.8906 224 0 0 231 0 0
2.8e-09 26.125 2.51562 11 169 0 374033597 176 0 0
2.8e-09 infty 2.73438 10.6562 254 0 0 276 0 0
2.8e-09 25.1719 3.04688 10.6562 99 0 0 77 0 483288055
2.8e-09 25.3281 3.03125 10.6094 81 0 390513570 97 0 0
2.8e-09 infty 2.40625 10.625 266 0 0 302 0 0
2.8e-09 infty 2.95312 10.7969 252 0 0 260 0 0
2.8e-09 infty 2.5625 10.6406 298 0 0 285 0 208414722
2.8e-09 26.7812 3.03125 10.625 282 0 339072318 269 0 0
2.8e-09 26.375 2.3125 10.7969 247 0 0 239 0 462880778
2.8e-09 infty 2.89062 10.6406 259 0 0 262 0 0
2.8e-09 25.6719 2.51562 10.9375 136 0 408871136 102 0 0
2.8e-09 infty 2.46875 10.8125 257 0 0 257 0 0
2.8e-09 infty 2.39062 10.625 299 0 0 278 0 0
2.8e-09 infty 3.07812 10.7344 280 0 0 234 0 0
2.8e-09 26.5625 2.35938 10.9531 219 0 0 233 0 348484631
2.8e-09 infty 2.34375 10.8906 234 0 0 243 0 0
2.8e-09 infty 3.0625 10.6719 256 0 0 265 0 0
2.8e-09 infty 2.34375 10.8906 244 0 0 244 0 0
2.8e-09 25.2188 2.76562 10.7344 69 0 452988278 68 0 0
2.8e-09 infty 2.28125 10.7188 237 0 0 268 0 0
2.8e-09 infty 2.29688 10.75 240 0 0 255 0 0
2.8e-09 infty 2.29688 10.75 241 0 0 229 0 0
2.8e-09 infty 2.78125 10.7812 258 0 0 261 0 0
2.8e-09 24.6562 3.03125 10.6094 41 0 1067111 48 0 441156410
2.8e-09 23.9375 2.84375 10.9844 23 0 408142866 27 0 0
2.8e-09 infty 2.35938 11.0156 213 0 0 248 0 0
2.8e-09 infty 3.28125 10.8438 271 0 0 226 0 178000719
2.8e-09 24.8125 2.32812 10.875 53 0 471580537 48 0 0
2.8e-09 23.75 2.42188 10.6719 22 0 398653353 15 0 0
2.8e-09 24.5312 3.01562 11.0625 27 0 400209774 32 0 0
2.8e-09 23.4688 2.32812 10.8594 15 0 449389379 18 0 0
2.8e-09 26.4844 2.5 10.9062 235 0 390372351 240 0 0
2.8e-09 infty 2.75 10.7031 267 0 0 283 0 0
2.8e-09 26.2188 2.4375 10.7188 169 0 433768191 201 0 0
2.8e-09 25.7344 2.89062 10.6406 119 0 119559069 98 0 260675380
2.8e-09 infty 2.90625 10.6875 259 0 0 241 0 0
2.8e-09 infty 2.34375 10.9375 243 0 0 216 0 0
2.8e-09 infty 2.90625 10.7031 258 0 0 234 0 0
2.8e-09 infty 2.51562 10.9375 248 0 0 196 0 0
2.8e-09 infty 2.84375 11 242 0 0 214 0 0
2.8e-09 26.4531 2.32812 10.8594 224 0 407512642 205 0 4490885
2.8e-09 infty 2.89062 10.6719 263 0 0 246 0 0
2.8e-09 infty 2.28125 10.7188 270 0 0 229 0 0
2.8e-09 26.2188 2.375 11.0625 229 0 434501101 208 0 0
2.8e-09 24.0938 2.875 10.625 27 0 409729432 29 0 20518993
2.8e-09 25.3906 3.26562 10.7656 94 0 424393007 95 0 45870551
2.8e-09 23.9844 2.46875 10.7812 19 0 379948351 21 0 0
2.8e-09 25.2344 2.3125 10.7969 56 0 0 94 0 443695999
2.8e-09 25.375 2.29688 10.7656 99 0 255847117 112 0 222546786
2.8e-09 infty 2.39062 10.5938 288 0 0 297 0 188601985
2.8e-09 infty 2.95312 10.7969 242 0 0 242 0 0
2.8e-09 24.1094 2.54688 10.6094 28 0 418566639 23 0 0
2.8e-09 26.4531 2.98438 10.9375 204 0 0 204 0 413893566
2.8e-09 infty 2.42188 10.6719 267 0 0 237 0 0
2.8e-09 infty 2.35938 10.9844 223 0 0 193 0 0
2.8e-09 infty 2.375 10.5938 299 0 0 283 0 0
2.8e-09 infty 2.5625 10.6562 246 0 0 277 0 119313811
2.8e-09 infty 2.5 10.8906 214 0 0 231 0 0
2.8e-09 infty 2.76562 10.7344 245 0 0 255 0 0
2.8e-09 infty 2.42188 10.6875 246 0 0 255 0 0
2.8e-09 infty 2.35938 11.0156 198 0 0 223 0 0
2.8e-09 23.5938 2.5625 10.6406 14 0 381857321 12 0 0
2.8e-09 infty 2.51562 10.9688 233 0 0 230 0 0
2.8e-09 26.5312 2.5 10.9219 221 0 369542747 246 0 0
2.8e-09 infty 2.4375 10.7031 250 0 0 243 0 0
2.8e-09 infty 2.53125 11.0156 201 0 22542292 245 0 0
2.8e-09 infty 2.375 11.0781 281 0 0 286 0 103976829
2.8e-09 infty 3.32812 10.5781 283 0 0 299 0 0
2.8e-09 infty 2.89062 10.6562 261 0 0 263 0 23511612
2.8e-09 infty 2.53125 11.0312 207 0 0 215 0 0
2.8e-09 infty 2.34375 10.8906 243 0 0 205 0 0
2.8e-09 infty 2.8125 10.875 247 0 218879833 250 0 0
2.8e-09 infty 2.51562 10.9531 236 0 206136586 216 0 0
2.8e-09 infty 2.76562 10.7344 246 0 0 229 0 0
2.8e-09 24.875 3.25 10.75 62 0 0 65 0 426932210
2.8e-09 infty 2.9375 10.7812 268 0 0 225 0 0
2.8e-09 26.9062 2.76562 10.7344 249 0 279344372 256 0 0
2.8e-09 infty 2.98438 10.9531 216 0 1466249 247 0 0
2.8e-09 infty 2.98438 10.9062 234 0 0 226 0 0
2.8e-09 25.7031 3.07812 10.7031 118 0 0 101 0 391091941
2.8e-09 infty 3.3125 10.9531 206 0 144232 201 0 0
2.8e-09 infty 2.5625 10.6406 268 0 0 251 0 0
2.8e-09 25.6406 2.84375 11.0156 117 0 0 111 0 434425391
2.8e-09 infty 2.4375 10.7031 226 0 0 259 0 0
2.8e-09 infty 2.32812 10.8594 219 0 0 210 0 0
2.8e-09 infty 2.375 11.0938 296 0 0 289 0 0
2.8e-09 infty 2.8125 10.875 206 0 0 221 0 0
2.8e-09 infty 2.42188 10.6562 285 0 0 270 0 0
2.8e-09 25.8125 2.28125 10.7188 151 0 450719280 144 0 0
2.8e-09 infty 3.29688 10.9062 257 0 0 204 0 0
2.8e-09 25.7031 3.3125 10.9844 140 0 394515738 124 0 0
2.8e-09 infty 2.35938 11 249 0 0 205 0 0
2.8e-09 infty 2.39062 10.5938 304 0 0 274 0 0
2.8e-09 infty 3.04688 10.625 268 0 0 277 0 0
2.8e-09 infty 3.01562 10.5781 257 0 0 285 0 0
2.8e-09 25.3906 3.25 10.7344 114 0 469091061 108 0 0
2.8e-09 infty 2.3125 10.8125 215 0 0 244 0 0
2.8e-09 25.2656 2.42188 10.6562 87 0 77903858 92 0 344474250
2.8e-09 infty 2.79688 10.8281 240 0 0 241 0 0
2.8e-09 24.8438 2.76562 10.7344 68 0 0 68 0 446026337
2.8e-09 infty 3.04688 10.6562 273 0 0 291 0 0
2.8e-09 infty 2.875 10.6094 271 0 15400748 276 0 0
2.8e-09 infty 2.8125 10.8906 214 0 0 227 0 0
2.8e-09 infty 2.40625 10.625 281 0 0 278 0 0
2.8e-09 26.1875 2.35938 10.9844 212 0 453361301 211 0 0
2.8e-09 infty 2.53125 10.5781 287 0 0 295 0 0
2.8e-09 infty 2.35938 11.0312 222 0 0 193 0 0
2.8e-09 25.6562 2.875 10.625 116 0 0 116 0 426308439
2.8e-09 infty 2.46875 10.8125 219 0 0 251 0 0
2.8e-09 24.8125 2.85938 11.0938 66 0 469052794 69 0 0
2.8e-09 infty 2.79688 10.8125 229 0 0 253 0 0
2.8e-09 infty 2.90625 10.7031 230 0 432315 260 0 0
2.8e-09 infty 2.32812 10.875 218 0 0 214 0 0
2.8e-09 25.6406 2.51562 10.9531 124 0 431741212 130 0 0
2.8e-09 infty 2.85938 10.5938 259 0 0 253 0 0
2.8e-09 infty 2.39062 10.5938 268 0 61252730 294 0 0
2.8e-09 26.2969 2.5625 10.6406 220 0 385875737 193 0 0
2.8e-09 infty 2.90625 10.6719 250 0 0 286 0 0
2.8e-09 infty 2.51562 11 221 0 0 230 0 0
2.8e-09 infty 2.28125 10.7344 242 0 0 253 0 0
2.8e-09 infty 2.90625 10.6719 259 0 0 270 0 0
2.8e-09 infty 3.03125 10.625 309 0 0 270 0 0
2.8e-09 infty 3.29688 10.8906 221 0 0 253 0 0
2.8e-09 25.2969 3.03125 10.625 77 0 0 68 0 401324913
2.8e-09 25.2656 3.07812 10.7344 61 0 0 73 0 423224315
2.8e-09 infty 2.73438 10.6562 286 0 0 271 0 0
2.8e-09 infty 2.42188 10.6562 273 0 0 258 0 0
2.8e-09 infty 2.9375 10.7656 275 0 0 244 0 164098475
2.8e-09 infty 2.45312 10.7656 248 0 0 247 0 0
2.8e-09 infty 2.85938 10.5938 282 0 0 264 0 0
2.8e-09 25.7969 2.26562 10.7031 162 0 460025351 138 0 0
2.8e-09 infty 2.8125 10.8906 193 0 0 233 0 88054218
2.8e-09 25.0469 2.54688 10.5938 65 0 443919610 76 0 0
2.8e-09 infty 2.85938 11.0938 242 0 0 316 0 0
2.8e-09 infty 3.04688 10.6562 251 0 240354732 266 0 0
2.8e-09 infty 2.82812 10.9531 220 0 0 223 0 0
2.8e-09 infty 2.42188 10.6719 236 0 0 274 0 0
2.8e-09 26.8906 2.5 10.8906 227 0 289300375 214 0 0
2.8e-09 infty 2.85938 10.5938 277 0 0 271 0 0
2.8e-09 infty 2.89062 10.6406 272 0 0 275 0 0
2.8e-09 infty 2.82812 10.9531 207 0 0 197 0 0
2.8e-09 23.9844 2.5 10.9219 19 0 0 21 0 378609680
2.8e-09 infty 2.34375 10.8906 228 0 0 230 0 0
2.8e-09 infty 2.9375 10.75 250 0 0 222 0 0
2.8e-09 infty 2.75 10.6875 265 0 0 247 0 0
2.8e-09 26.3594 2.5 10.8906 217 0 476431230 243 0 0
2.8e-09 25.9531 2.46875 10.7812 189 0 484363375 176 0 0
2.8e-09 infty 2.84375 10.9688 221 0 0 229 0 0
2.8e-09 25.0938 2.39062 10.6094 56 0 406861179 80 0 0
2.8e-09 24.5781 2.875 10.625 37 0 491709620 47 0 0
2.8e-09 25.4219 3.07812 10.7031 82 0 0 106 0 451100478
2.8e-09 infty 2.95312 10.8125 219 0 0 240 0 0
2.8e-09 infty 2.9375 10.7656 239 0 0 246 0 0
2.8e-09 25.375 2.34375 10.8906 93 0 0 93 0 477472064
2.8e-09 infty 2.90625 10.6719 252 0 0 252 0 0
2.8e-09 infty 2.29688 10.75 261 0 0 267 0 0
2.8e-09 26.1094 2.82812 10.9531 202 0 0 158 0 381704543
2.8e-09 infty 2.40625 10.6406 283 0 0 239 0 149577543
2.8e-09 infty 2.96875 10.8438 230 0 76584745 223 0 0
2.8e-09 infty 2.9375 10.75 252 0 104589673 238 0 0
2.8e-09 26.2188 2.53125 11.0938 221 0 0 201 0 431759636
2.8e-09 25.4844 2.78125 10.7656 120 0 409237803 94 0 0
2.8e-09 infty 2.875 10.625 268 0 0 260 0 75173036
2.8e-09 26.6562 2.40625 10.625 291 0 405896765 242 0 0
2.8e-09 26.2188 2.40625 10.625 203 0 0 204 0 435181890
2.8e-09 infty 3.26562 10.7812 279 0 0 216 0 0
2.8e-09 infty 2.39062 10.6094 293 0 0 268 0 0
2.8e-09 infty 2.48438 10.8438 241 0 0 216 0 0
2.8e-09 infty 2.95312 10.7969 250 0 0 231 0 0
2.8e-09 26.3281 2.9375 10.75 233 0 0 261 0 490292517
2.8e-09 23.1562 2.28125 10.7188 9 0 0 5 0 405041838
2.8e-09 infty 2.35938 11.0312 198 0 0 221 0 0
2.8e-09 25.0469 2.34375 10.9062 71 0 439986578 75 0 0
2.8e-09 24.0938 2.39062 10.5938 31 0 0 35 0 430832195
2.8e-09 24.3594 2.42188 10.6719 29 0 381081032 38 0 0
2.8e-09 24.0312 2.375 11.0469 31 0 463965996 19 0 0
2.8e-09 24.1094 2.35938 10.9531 18 0 415992991 40 0 0
2.8e-09 infty 3.04688 10.6406 285 0 0 279 0 0
2.8e-09 infty 2.34375 10.9219 221 0 0 210 0 0
2.8e-09 infty 2.48438 10.8594 218 0 0 222 0 0
2.8e-09 infty 3.35938 10.625 283 0 35504347 278 0 0
2.8e-09 24.125 2.98438 10.9531 25 0 372888964 28 0 31017008
2.8e-09 infty 2.79688 10.8125 242 0 0 247 0 0
2.8e-09 24.8125 2.89062 10.6562 65 0 0 71 0 462486823
2.8e-09 24.8125 2.73438 10.6719 53 0 128602544 71 0 334004137
2.8e-09 26.4531 2.3125 10.8125 275 0 411399708 249 0 0
2.8e-09 infty 2.82812 10.9219 212 0 0 246 0 86444173
2.8e-09 infty 2.45312 10.7656 249 0 0 241 0 0
2.8e-09 infty 2.45312 10.75 219 0 0 291 0 0
2.8e-09 infty 2.32812 10.8438 247 0 0 228 0 0
2.8e-09 25.6719 2.39062 10.5938 113 0 0 111 0 412426933
2.8e-09 24.3906 2.90625 10.7031 49 0 225032219 40 0 262073848
2.8e-09 25.6875 3.04688 10.6562 95 0 404289355 104 0 0
2.8e-09 infty 3.0625 10.6719 258 0 0 261 0 0
2.8e-09 infty 2.76562 10.7188 256 0 0 252 0 0
2.8e-09 infty 2.4375 10.7188 283 0 0 253 0 0
2.8e-09 24.9688 2.29688 10.7812 81 0 0 70 0 492935161
2.8e-09 25.2344 2.29688 10.75 93 0 444320424 69 0 0
2.8e-09 infty 2.5 10.9219 221 0 0 226 0 0
2.8e-09 24.2344 2.53125 11.0469 37 0 458609883 36 0 0
2.8e-09 infty 2.875 10.6094 276 0 0 253 0 0
2.8e-09 infty 2.28125 10.7031 238 0 0 258 0 0
2.8e-09 23.125 2.4375 10.7344 11 0 423847125 9 0 0
2.8e-09 infty 2.39062 10.5938 272 0 187265758 297 0 0
2.8e-09 24.1094 2.39062 10.5938 47 0 174092394 29 0 242561190
2.8e-09 25.3281 2.4375 10.7188 55 0 384489259 84 0 0
2.8e-09 26.9062 2.54688 10.5938 294 0 0 312 0 282306153
2.8e-09 infty 2.45312 10.7656 232 0 0 258 0 0
2.8e-09 24 2.32812 10.8594 26 0 0 33 0 489620099
2.8e-09 infty 2.46875 10.8125 233 0 0 230 0 0
2.8e-09 infty 2.54688 10.6094 280 0 0 278 0 0
2.8e-09 24.0938 2.42188 10.6719 22 0 0 28 0 425293415
2.8e-09 infty 2.28125 10.7344 271 0 0 255 0 0
2.8e-09 infty 2.29688 10.7812 230 0 0 218 0 0
2.8e-09 infty 3.25 10.75 243 0 0 244 0 0
2.8e-09 infty 3.01562 11.0938 297 0 0 295 0 0
2.8e-09 infty 2.34375 10.9375 225 0 0 206 0 0
2.8e-09 infty 2.28125 10.7188 247 0 83694434 251 0 0
2.8e-09 infty 2.9375 10.75 217 0 0 267 0 0
2.8e-09 26.9062 2.4375 10.7031 245 0 278991808 251 0 0
2.8e-09 infty 2.29688 10.7656 220 0 0 237 0 0
2.8e-09 26.5156 2.29688 10.7656 246 0 374978320 241 0 0
2.8e-09 infty 3.28125 10.8281 240 0 0 246 0 0
2.8e-09 infty 2.32812 10.8594 221 0 0 223 0 236039904
2.8e-09 24.3125 2.39062 10.5938 33 0 413512340 44 0 0
2.8e-09 24.875 2.76562 10.7344 66 0 0 60 0 422821242
2.8e-09 infty 2.46875 10.7969 271 0 0 235 0 0
2.8e-09 infty 2.39062 10.625 274 0 0 250 0 0
2.8e-09 26.0938 2.48438 10.8438 179 0 391037084 179 0 0
2.8e-09 infty 3.34375 10.5938 294 0 190676039 274 0 0
2.8e-09 25.375 2.32812 10.8281 98 0 0 107 0 481410141
2.8e-09 infty 2.29688 10.7344 281 0 0 271 0 0
2.8e-09 25.6562 2.375 11.0938 105 0 418664971 109 0 0
2.8e-09 23.8594 2.28125 10.7188 30 0 89875541 22 0 361167190
2.8e-09 infty 2.26562 10.7031 270 0 46909842 286 0 0
2.8e-09 infty 3.32812 11.0312 193 0 0 241 0 0
2.8e-09 26.3594 3.04688 10.6406 285 0 0 270 0 476653557
2.8e-09 infty 2.42188 10.6719 270 0 0 258 0 0
2.8e-09 infty 2.34375 10.9375 222 0 0 230 0 0
2.8e-09 infty 2.40625 10.6406 252 0 0 276 0 0
2.8e-09 infty 2.78125 10.7812 222 0 0 244 0 0
2.8e-09 infty 2.46875 10.7969 239 0 0 221 0 199632281
2.8e-09 infty 2.98438 10.9062 231 0 0 229 0 31721880
2.8e-09 infty 2.29688 10.75 229 0 0 226 0 0
2.8e-09 infty 2.54688 10.6094 263 0 0 264 0 0
2.8e-09 25.5625 2.375 10.5938 132 0 490841772 121 0 0
2.8e-09 26.3125 2.32812 10.8438 160 0 0 168 0 383942431
2.8e-09 infty 2.5 10.8906 225 0 18772373 246 0 0
2.8e-09 24.5781 2.98438 10.9219 58 0 0 39 0 489743882
2.8e-09 infty 2.8125 10.8906 244 0 0 225 0 0
2.8e-09 infty 2.85938 10.5781 278 0 0 268 0 0
2.8e-09 26.6094 2.5625 10.625 264 0 0 289 0 435790954
2.8e-09 25.2188 2.76562 10.7344 79 0 456139064 74 0 0
2.8e-09 26.9688 2.32812 10.8438 236 0 256638359 228 0 0
2.8e-09 25.25 2.39062 10.5938 101 0 432501694 81 0 0
2.8e-09 infty 2.875 10.6094 295 0 0 270 0 0
2.8e-09 infty 3 10.9688 226 0 11130898 234 0 0
2.8e-09 24.0781 2.34375 10.9375 31 0 438860403 32 0 0
2.8e-09 24.6875 2.75 10.6875 39 0 420460661 47 0 0
2.8e-09 25.375 2.4375 10.7031 92 0 480698640 110 0 0
2.8e-09 24.6094 2.51562 10.9375 46 0 462301620 33 0 11959481
2.8e-09 25.3125 2.4375 10.7031 58 0 0 84 0 392697714
2.8e-09 infty 2.875 10.6094 264 0 0 276 0 0
2.8e-09 infty 2.96875 10.8438 257 0 0 223 0 0
2.8e-09 infty 2.75 10.7031 264 0 0 274 0 0
2.8e-09 infty 2.82812 10.9688 218 0 0 224 0 128086698
2.8e-09 infty 2.4375 10.7188 272 0 0 229 0 0
2.8e-09 infty 2.54688 10.6094 287 0 0 288 0 0
2.8e-09 infty 2.5625 10.625 274 0 0 301 0 0
2.8e-09 infty 2.39062 10.625 300 0 0 283 0 0
2.8e-09 infty 2.53125 11.0938 290 0 0 270 0 0
2.8e-09 25.3906 2.5 10.9062 101 0 468201543 88 0 0
2.8e-09 24.9844 2.45312 10.7656 100 0 239678603 85 0 246557447
2.8e-09 infty 2.73438 10.6719 250 0 0 239 0 0
2.8e-09 infty 2.54688 10.5938 238 0 0 263 0 0
2.8e-09 infty 2.51562 11 222 0 0 241 0 0
2.8e-09 infty 2.85938 10.5938 310 0 0 258 0 0
2.8e-09 infty 2.89062 10.6562 244 0 0 276 0 0
2.8e-09 infty 2.34375 10.9062 243 0 0 217 0 0
2.8e-09 infty 2.39062 10.6094 267 0 0 309 0 31545762
2.8e-09 26.2812 2.3125 10.8125 173 0 0 178 0 400462891
2.8e-09 25.2188 2.42188 10.6875 89 0 450230463 90 0 0
2.8e-09 infty 2.39062 10.6094 263 0 0 301 0 0
2.8e-09 infty 2.51562 11.0156 205 0 0 201 0 0
2.8e-09 24.9219 2.95312 10.7969 63 0 400519618 53 0 0
2.8e-09 infty 2.95312 10.8125 235 0 0 250 0 0
2.8e-09 27 2.53125 11.0469 291 0 0 271 0 245809810
2.8e-09 infty 2.29688 10.7656 239 0 0 255 0 0
2.8e-09 infty 2.76562 10.7344 264 0 0 257 0 0
2.8e-09 infty 2.29688 10.75 225 0 0 256 0 0
2.8e-09 infty 2.82812 10.9375 208 0 0 240 0 0
2.8e-09 26.25 3 11 202 0 418918229 211 0 0
2.8e-09 25.0312 2.34375 10.8906 71 0 451657836 65 0 0
2.8e-09 infty 2.95312 10.8125 255 0 0 260 0 181945773
2.8e-09 infty 2.32812 10.875 215 0 0 235 0 0
2.8e-09 infty 2.39062 10.625 280 0 0 287 0 0
2.8e-09 infty 2.75 10.6875 279 0 0 287 0 0
2.8e-09 infty 2.84375 11 217 0 0 238 0 0
2.8e-09 infty 2.54688 10.5938 308 0 0 280 0 0
2.8e-09 infty 2.84375 11.0312 211 0 0 213 0 0
2.8e-09 24.7969 3.04688 10.6406 62 0 0 64 0 473360855
2.8e-09 infty 2.42188 10.6719 261 0 96078282 268 0 0
2.8e-09 24.4688 3.25 10.7656 55 0 433116229 36 0 0
2.8e-09 25.3438 2.29688 10.7812 64 0 0 81 0 376172287
2.8e-09 infty 2.45312 10.7344 242 0 0 245 0 0
2.8e-09 infty 3.34375 10.5938 303 0 0 264 0 0
2.8e-09 infty 2.34375 10.9375 225 0 97509667 194 0 0
2.8e-09 infty 2.28125 10.7344 237 0 0 256 0 0
2.8e-09 infty 2.34375 10.8906 243 0 0 234 0 4400193
2.8e-09 infty 2.29688 10.75 256 0 0 266 0 0
2.8e-09 infty 2.40625 10.6562 263 0 0 236 0 0
2.8e-09 23.6094 2.28125 10.7031 15 0 93080831 16 0 396375689
2.8e-09 infty 2.29688 10.7812 247 0 0 242 0 0
2.8e-09 infty 3.32812 11 226 0 0 228 0 0
2.8e-09 infty 2.89062 10.6719 275 0 0 278 0 0
2.8e-09 25.9688 2.79688 10.8125 192 0 0 144 0 477204634
2.8e-09 infty 2.40625 10.6406 285 0 0 299 0 0
2.8e-09 infty 2.78125 10.7969 236 0 0 286 0 0
2.8e-09 infty 3.29688 10.9062 225 0 0 223 0 0
2.8e-09 26.4219 2.35938 10.9531 231 0 0 231 0 432887203
2.8e-09 infty 2.46875 10.7812 244 0 0 220 0 0
2.8e-09 23.8906 2.32812 10.8594 24 0 0 22 0 435283013
2.8e-09 infty 2.51562 11 235 0 0 236 0 0
2.8e-09 infty 2.5 10.9062 224 0 0 224 0 0
2.8e-09 infty 2.35938 10.9688 207 0 0 203 0 0
2.8e-09 25.1406 2.5 10.9219 76 0 378705250 71 0 0
2.8e-09 infty 2.51562 10.9844 227 0 0 220 0 0
2.8e-09 infty 3.29688 10.875 225 0 0 248 0 0
2.8e-09 infty 3.29688 10.9062 220 0 0 249 0 0
2.8e-09 infty 3.07812 10.7344 299 0 0 249 0 0
2.8e-09 24.5469 3.03125 10.5938 48 0 0 40 0 384447597
2.8e-09 infty 2.29688 10.75 247 0 0 231 0 0
2.8e-09 25.4844 2.29688 10.7656 82 0 0 107 0 409849630
2.8e-09 24.9375 2.45312 10.75 61 0 385697324 56 0 0
2.8e-09 26.1719 2.375 10.5938 204 0 462481849 236 0 0
2.8e-09 infty 2.92188 10.7188 256 0 0 279 0 0
2.8e-09 infty 2.48438 10.8594 227 0 0 215 0 0
2.8e-09 24.5469 2.48438 10.8281 28 0 0 41 0 388283038
2.8e-09 infty 2.26562 10.7031 250 0 0 293 0 0
2.8e-09 infty 2.73438 10.6719 263 0 0 249 0 0
2.8e-09 infty 2.76562 10.7344 210 0 0 273 0 0
2.8e-09 24.9062 2.95312 10.8281 49 0 175899435 47 0 226956806
2.8e-09 23.6719 2.75 10.7031 31 0 0 22 0 452150523
2.8e-09 infty 3.04688 10.6406 291 0 0 266 0 214158840
2.8e-09 infty 2.375 11.0938 271 0 0 306 0 0
2.8e-09 24.1719 3.3125 10.9844 21 0 382415575 33 0 0
2.8e-09 infty 2.54688 10.6094 262 0 0 266 0 0
2.8e-09 25.4531 2.78125 10.7969 104 0 0 101 0 430343211
2.8e-09 infty 2.375 11.0938 279 0 0 293 0 0
2.8e-09 infty 3.01562 11.0938 284 0 0 263 0 0
2.8e-09 25.75 3.25 10.75 141 0 0 167 0 491217130
2.8e-09 infty 2.51562 10.9688 203 0 0 211 0 0
2.8e-09 infty 2.8125 10.8906 219 0 0 216 0 0
2.8e-09 infty 2.375 10.5938 297 0 0 285 0 2677407
2.8e-09 25.1875 2.4375 10.7031 79 0 474627059 86 0 0
2.8e-09 25.2969 2.375 11.0938 99 0 401386992 103 0 0
2.8e-09 25.0312 2.82812 10.9688 71 0 451078338 62 0 0
2.8e-09 25.4844 3.28125 10.8438 82 0 0 108 0 409480360
2.8e-09 25.3438 2.34375 10.9062 72 0 376643140 48 0 0
2.8e-09 24.8125 2.4375 10.7031 60 0 469302120 50 0 0
2.8e-09 infty 3.3125 10.9844 218 0 0 208 0 0
2.8e-09 infty 2.78125 10.7656 215 0 0 221 0 0
2.8e-09 infty 2.45312 10.7344 267 0 29382940 239 0 0
2.8e-09 24.5625 2.39062 10.5938 29 0 383334308 41 0 0
2.8e-09 26.9688 2.5625 10.625 270 0 0 272 0 258440965
2.8e-09 infty 2.79688 10.8125 217 0 0 245 0 0
2.8e-09 infty 2.32812 10.8594 233 0 0 251 0 0
2.8e-09 infty 2.28125 10.7344 248 0 0 268 0 0
2.8e-09 infty 2.48438 10.875 228 0 0 249 0 0
2.8e-09 infty 2.32812 10.8438 223 0 0 256 0 0
2.8e-09 infty 3.3125 10.9844 234 0 0 230 0 0
2.8e-09 infty 2.35938 10.9688 228 0 0 235 0 0
2.8e-09 24.9844 2.96875 10.8594 76 0 0 65 0 484238252
2.8e-09 infty 2.51562 10.9688 226 0 0 231 0 0
2.8e-09 24.9062 2.3125 10.8281 64 0 0 58 0 401924959
2.8e-09 infty 3.07812 10.7031 262 0 7109921 246 0 0
2.8e-09 infty 2.53125 11.0312 216 0 1010373 217 0 7347662
2.8e-09 25.7188 2.90625 10.6875 82 0 0 96 0 388303945
2.8e-09 26.7969 2.4375 10.7188 261 0 0 261 0 329985020
2.8e-09 infty 2.34375 10.9062 234 0 0 250 0 0
2.8e-09 infty 2.73438 10.6562 268 0 0 292 0 0
2.8e-09 26.9219 2.90625 10.7031 249 0 274866111 254 0 0
2.8e-09 24.2656 2.9375 10.7812 34 0 0 32 0 440816734
2.8e-09 infty 2.73438 10.6562 225 0 0 273 0 0
2.8e-09 infty 2.42188 10.6719 290 0 0 237 0 0
2.8e-09 infty 2.32812 10.875 223 0 0 243 0 0
2.8e-09 infty 2.35938 11 200 0 0 248 0 0
2.8e-09 infty 2.35938 11.0312 238 0 0 213 0 24041078
2.8e-09 25.375 2.82812 10.9375 106 0 0 101 0 483352136
2.8e-09 26.3438 2.42188 10.6875 258 0 481788263 252 0 0
2.8e-09 infty 2.875 10.6406 257 0 0 298 0 0
2.8e-09 23.6094 2.875 10.6094 12 0 371150104 15 0 0
2.8e-09 26.3438 2.78125 10.7656 250 0 0 267 0 485273708
2.8e-09 infty 2.48438 10.8125 253 0 0 219 0 0
2.8e-09 infty 2.53125 11.0469 299 0 349928 287 0 0
2.8e-09 infty 2.92188 10.7188 258 0 0 256 0 0
2.8e-09 24.1406 2.84375 10.9844 37 0 394740290 28 0 0
2.8e-09 24.25 2.42188 10.6875 34 0 277093102 31 0 169866767
2.8e-09 25.625 2.82812 10.9375 126 0 0 145 0 444278221
2.8e-09 infty 3.29688 10.8594 238 0 0 214 0 0
2.8e-09 26.75 2.85938 10.5938 270 0 0 293 0 353929833
2.8e-09 infty 3.28125 10.8438 239 0 230025451 241 0 0
2.8e-09 25.1094 2.84375 11.0781 66 0 404860311 60 0 0
2.8e-09 25.8281 2.79688 10.8438 132 0 436839858 125 0 0
2.8e-09 infty 2.79688 10.8125 223 0 0 208 0 0
2.8e-09 infty 2.76562 10.7188 258 0 0 255 0 0
2.8e-09 infty 2.51562 10.9688 201 0 0 221 0 0
2.8e-09 25.25 2.42188 10.6719 94 0 0 81 0 432138343
2.8e-09 infty 2.8125 10.875 226 0 0 226 0 85123113
2.8e-09 23.7344 2.90625 10.7031 21 0 407453503 18 0 245243
2.8e-09 infty 2.45312 10.75 245 0 0 237 0 0
2.8e-09 24.6094 2.40625 10.6406 43 0 469347187 42 0 0
2.8e-09 24.5 3.3125 11 31 0 367472633 35 0 49079201
2.8e-09 infty 3.32812 11.0469 272 0 0 313 0 0
2.8e-09 infty 2.53125 10.5781 269 0 127387 295 0 0
2.8e-09 infty 3.3125 10.9531 221 0 0 229 0 0
2.8e-09 infty 2.35938 10.9531 226 0 0 219 0 0
2.8e-09 25.0156 2.48438 10.8281 76 0 456233315 83 0 0
2.8e-09 26.7812 2.84375 11.0625 294 0 0 286 0 334487229
2.8e-09 infty 2.28125 10.7188 249 0 0 276 0 0
2.8e-09 infty 2.76562 10.75 252 0 0 269 0 0
2.8e-09 infty 2.29688 10.7812 263 0 0 259 0 0
2.8e-09 infty 2.39062 10.5938 258 0 0 279 0 0
2.8e-09 25.4062 2.51562 10.9688 90 0 12003987 90 0 442761375
2.8e-09 infty 2.73438 10.6562 259 0 0 225 0 0
2.8e-09 26.0156 3 11.0312 178 0 0 180 0 440908584
2.8e-09 26.3281 2.78125 10.7812 177 0 0 182 0 370985456
2.8e-09 infty 2.46875 10.7969 241 0 0 264 0 0
2.8e-09 infty 2.35938 11.0156 215 0 0 232 0 0
2.8e-09 infty 2.53125 11.0938 278 0 0 274 0 897635
2.8e-09 infty 2.84375 10.9844 244 0 0 217 0 0
2.8e-09 infty 2.45312 10.7656 263 0 0 245 0 0
2.8e-09 infty 2.9375 10.7656 263 0 0 225 0 0
2.8e-09 infty 2.79688 10.8438 242 0 0 242 0 0
2.8e-09 24.0312 2.8125 10.875 33 0 0 40 0 470016152
2.8e-09 infty 2.92188 10.7031 250 0 0 271 0 0
2.8e-09 26.6094 2.5 10.9219 220 0 329053662 198 0 0
2.8e-09 infty 3.01562 10.5938 284 0 0 277 0 223394740
2.8e-09 25.3906 2.78125 10.7656 92 0 0 100 0 475078492
2.8e-09 infty 2.54688 10.5938 274 0 0 286 0 0
2.8e-09 infty 2.34375 10.9375 225 0 0 204 0 0
2.8e-09 23.8125 2.875 10.6094 25 0 487145708 23 0 0
2.8e-09 25.625 3 10.9688 117 0 439258742 143 0 0
2.8e-09 25.2344 2.40625 10.625 78 0 0 85 0 442994109
2.8e-09 23.3906 2.48438 10.8438 15 0 265244009 18 0 114749829
2.8e-09 infty 2.82812 10.9062 231 0 0 232 0 0
2.8e-09 25.2812 2.85938 10.5938 83 0 316405568 94 0 99629777
2.8e-09 infty 2.4375 10.7188 251 0 0 254 0 0
2.8e-09 infty 2.28125 10.7188 259 0 0 276 0 0
2.8e-09 26.9375 2.34375 10.8906 219 0 265431129 243 0 0
2.8e-09 25.4375 2.28125 10.7188 104 0 220274293 109 0 220487744
2.8e-09 infty 2.45312 10.7344 253 0 0 238 0 0
2.8e-09 infty 2.5 10.9219 227 0 0 230 0 0
2.8e-09 26.2188 2.75 10.7031 187 0 437274065 202 0 0
2.8e-09 infty 2.76562 10.7188 251 0 0 253 0 0
2.8e-09 infty 2.95312 10.8281 243 0 0 242 0 0
2.8e-09 infty 2.90625 10.6875 278 0 0 252 0 0
2.8e-09 24.2656 2.45312 10.7344 35 0 445627028 39 0 0
2.8e-09 infty 2.8125 10.8594 252 0 0 252 0 0
2.8e-09 infty 2.26562 10.7031 259 0 0 293 0 0
2.8e-09 26.1406 3.03125 10.5938 195 0 490862209 228 0 0
2.8e-09 infty 2.98438 10.9219 240 0 0 245 0 0
2.8e-09 26.6562 2.82812 10.9219 228 0 0 213 0 302042294
2.8e-09 infty 2.45312 10.7656 220 0 0 256 0 0
2.8e-09 26.9219 3.04688 10.6562 255 0 277271817 255 0 0
2.8e-09 infty 2.45312 10.7656 238 0 0 228 0 0
2.8e-09 23.875 2.35938 10.9688 17 0 0 22 0 447635823
2.8e-09 26.9688 2.4375 10.7031 276 0 0 257 0 253298675
2.8e-09 25.1875 2.51562 11 102 0 5716222 106 0 465693353
2.8e-09 infty 2.75 10.6875 261 0 0 259 0 12406
2.8e-09 infty 2.39062 10.6094 273 0 0 261 0 0
2.8e-09 24.2188 3 11.0469 38 0 469862050 47 0 0
2.8e-09 24.3125 2.98438 10.8906 29 0 17297784 25 0 398889188
2.8e-09 infty 2.39062 10.625 267 0 0 289 0 0
2.8e-09 infty 2.375 11.0938 277 0 0 283 0 27356501
2.8e-09 infty 2.5625 10.6406 255 0 0 253 0 0
2.8e-09 26.4219 2.42188 10.6562 248 0 0 283 0 430133239
2.8e-09 infty 2.48438 10.8125 226 0 0 238 0 0
2.8e-09 24.875 2.34375 10.9375 53 0 424320980 60 0 0
2.8e-09 infty 2.46875 10.7812 253 0 0 245 0 0
2.8e-09 infty 3.01562 11.0469 286 0 0 307 0 0
2.8e-09 infty 3.29688 10.9219 232 0 0 232 0 0
2.8e-09 infty 2.42188 10.6562 262 0 0 276 0 0
2.8e-09 26.75 3.07812 10.7031 270 0 352963382 278 0 0
2.8e-09 25.375 2.45312 10.75 109 0 0 103 0 476802306
2.8e-09 infty 2.375 10.5938 299 0 1561261 275 0 0
2.8e-09 infty 2.82812 10.9375 212 0 0 229 0 0
2.8e-09 26.1406 2.5625 10.6406 215 0 493694467 234 0 0
2.8e-09 infty 2.92188 10.7031 280 0 0 273 0 0
2.8e-09 24.9375 2.34375 10.9062 52 0 0 49 0 390146251
2.8e-09 infty 2.79688 10.8125 252 0 0 235 0 0
2.8e-09 infty 2.95312 10.7969 247 0 0 246 0 0
2.8e-09 infty 3.29688 10.875 242 0 0 226 0 12964236
2.8e-09 24.4375 2.96875 10.875 52 0 422038506 50 0 35662663
2.8e-09 infty 2.39062 10.5938 294 0 0 285 0 208171164
2.8e-09 infty 2.42188 10.6719 265 0 0 277 0 163473061
2.8e-09 25.3594 2.32812 10.8594 102 0 177688464 102 0 309568477
2.8e-09 infty 2.85938 10.5938 297 0 0 296 0 0
2.8e-09 24.7344 2.54688 10.6094 46 0 0 56 0 392999517
2.8e-09 25.4688 2.48438 10.875 109 0 387966162 93 0 31504422
2.8e-09 infty 2.46875 10.7812 243 0 0 250 0 0
2.8e-09 infty 2.875 10.6094 269 0 0 272 0 0
2.8e-09 infty 2.51562 10.9375 232 0 0 211 0 0
2.8e-09 infty 2.46875 10.7812 256 0 0 251 0 0
2.8e-09 25.0156 2.34375 10.9219 71 0 0 57 0 460975609
2.8e-09 infty 2.42188 10.6719 261 0 0 247 0 0
2.8e-09 infty 2.29688 10.75 247 0 0 262 0 0
2.8e-09 infty 2.51562 10.9688 244 0 0 209 0 0
2.8e-09 infty 2.34375 10.9375 238 0 0 199 0 0
2.8e-09 infty 2.28125 10.7344 259 0 0 240 0 0
2.8e-09 infty 2.92188 10.7344 275 0 0 260 0 0
2.8e-09 infty 2.42188 10.6719 236 0 138263004 283 0 0
2.8e-09 infty 2.5625 10.625 247 0 0 258 0 0
2.8e-09 24.9531 2.9375 10.75 73 0 0 49 0 374870206
2.8e-09 infty 2.76562 10.7188 231 0 0 255 0 0
2.8e-09 24.8438 2.875 10.625 63 0 0 58 0 442523280
2.8e-09 infty 2.5 10.8906 233 0 0 226 0 0
2.8e-09 24.4844 2.51562 10.9375 49 0 425637437 36 0 0
2.8e-09 infty 2.375 11.0781 272 0 0 335 0 0
2.8e-09 infty 2.34375 10.9375 216 0 0 220 0 0
2.8e-09 infty 2.39062 10.6094 284 0 0 277 0 0
2.8e-09 25.5312 2.34375 10.9219 82 0 378892794 91 0 0
2.8e-09 23.3125 2.89062 10.6562 7 0 285730699 13 0 146286363
2.8e-09 infty 2.26562 10.7031 255 0 0 266 0 0
2.8e-09 26.3438 2.78125 10.7812 259 0 478450750 250 0 0
2.8e-09 infty 2.51562 10.9844 226 0 0 208 0 0
2.8e-09 infty 3.0625 10.6719 251 0 0 261 0 10365403
2.8e-09 24.4844 2.84375 11.0469 37 0 428925065 49 0 0
2.8e-09 infty 2.5 10.875 233 0 0 223 0 0
2.8e-09 infty 2.45312 10.75 265 0 0 243 0 0
2.8e-09 23.7969 2.48438 10.8438 21 0 350324 17 0 373221204
2.8e-09 infty 2.76562 10.7344 249 0 0 275 0 0
2.8e-09 25.25 2.875 10.6406 91 0 431415772 76 0 0
2.8e-09 infty 2.78125 10.7812 245 0 0 216 0 214733660
2.8e-09 infty 2.34375 10.8906 235 0 0 216 0 192255636
2.8e-09 24.8281 2.875 10.6094 69 0 0 54 0 455595858
2.8e-09 infty 2.96875 10.8594 225 0 0 237 0 0
2.8e-09 25.7188 2.45312 10.7656 110 0 385025365 103 0 0
2.8e-09 23.9219 2.4375 10.7188 22 0 416330331 29 0 0
2.8e-09 infty 2.73438 10.6562 272 0 0 291 0 0
2.8e-09 infty 2.3125 10.8125 242 0 0 255 0 0
2.8e-09 infty 3.0625 10.6875 238 0 0 259 0 0
2.8e-09 infty 2.98438 10.9219 217 0 0 219 0 29651836
2.8e-09 infty 2.82812 10.9531 227 0 0 228 0 0
2.8e-09 infty 2.90625 10.7031 271 0 0 279 0 0
2.8e-09 24.1094 2.34375 10.9531 36 0 0 25 0 415566774
2.8e-09 23.8906 2.46875 10.8125 30 0 113813476 23 0 322254484
2.8e-09 infty 2.95312 10.7969 231 0 0 216 0 0
2.8e-09 infty 3.01562 10.5938 264 0 0 267 0 0
2.8e-09 26.2969 2.3125 10.7969 193 0 387048008 170 0 0
2.8e-09 infty 2.40625 10.6562 291 0 0 261 0 138513339
2.8e-09 25.1094 2.375 11.0469 65 0 0 66 0 399536596
2.8e-09 24.0156 2.5 10.9062 31 0 0 29 0 477990039
2.8e-09 infty 2.3125 10.7969 238 0 0 233 0 0
2.8e-09 24.1875 2.42188 10.6875 31 0 0 27 0 372842222
2.8e-09 infty 2.75 10.7031 263 0 0 247 0 0
2.8e-09 infty 2.34375 10.9062 235 0 0 240 0 0
2.8e-09 infty 3.01562 10.5938 278 0 22453679 290 0 0
2.8e-09 infty 2.35938 11.0312 206 0 0 200 0 0
2.8e-09 infty 2.5625 10.6406 278 0 0 283 0 0
2.8e-09 infty 2.89062 10.6562 276 0 0 271 0 0
2.8e-09 infty 2.51562 11.0156 207 0 0 215 0 0
2.8e-09 infty 2.90625 10.6719 249 0 0 253 0 0
2.8e-09 infty 2.26562 10.7031 256 0 0 275 0 0
2.8e-09 infty 2.4375 10.7188 273 0 0 287 0 0
2.8e-09 24.8125 2.32812 10.8594 51 0 461066035 63 0 0
2.8e-09 infty 2.375 10.5938 279 0 0 297 0 0
2.8e-09 24.0156 2.32812 10.8438 29 0 474341811 34 0 0
2.8e-09 infty 2.48438 10.8125 240 0 0 239 0 57553633
2.8e-09 infty 2.28125 10.7188 237 0 0 259 0 0
2.8e-09 25.5 3.32812 11.0312 94 0 0 105 0 395829254
2.8e-09 infty 2.28125 10.7188 277 0 0 240 0 0
2.8e-09 infty 2.73438 10.6719 291 0 0 253 0 0
2.8e-09 infty 3.04688 10.6406 255 0 0 258 0 0
2.8e-09 24.1562 2.54688 10.5938 34 0 391417137 28 0 0
2.8e-09 25.8125 2.375 10.5781 180 0 0 148 0 443740054
2.8e-09 infty 2.39062 10.6094 281 0 0 255 0 0
2.8e-09 26.8594 2.28125 10.7031 245 0 301215219 257 0 0
2.8e-09 25.625 2.54688 10.5938 110 0 0 114 0 438345062
2.8e-09 25.0156 3.01562 11.0781 66 0 465199076 67 0 0
2.8e-09 25.6875 3.0625 10.6875 112 0 0 104 0 407744810
2.8e-09 infty 2.28125 10.7031 243 0 0 250 0 0
2.8e-09 infty 2.32812 10.8281 231 0 0 247 0 0
2.8e-09 26.1094 2.51562 10.9844 193 0 0 168 0 381052335
2.8e-09 24.8594 2.3125 10.8281 52 0 142123871 55 0 288013946
2.8e-09 24.8594 2.4375 10.7031 71 0 0 60 0 433215535
2.8e-09 infty 3.26562 10.7969 216 0 0 241 0 0
2.8e-09 25.6562 2.5 10.9219 130 0 422499708 120 0 0
2.8e-09 26.1562 2.34375 10.8906 252 0 0 235 0 478593160
2.8e-09 infty 2.84375 11.0469 313 0 0 283 0 0
2.8e-09 infty 2.78125 10.7812 270 0 0 237 0 0
2.8e-09 infty 2.85938 10.5938 249 0 0 283 0 145032599
2.8e-09 infty 2.46875 10.7969 234 0 0 247 0 0
2.8e-09 23.6875 2.53125 11.0938 31 0 316725308 21 0 116756300
2.8e-09 infty 2.85938 11.0938 335 0 0 270 0 0
2.8e-09 infty 2.98438 10.9375 205 0 0 209 0 0
2.8e-09 infty 2.28125 10.7031 254 0 0 272 0 0
2.8e-09 infty 2.28125 10.7188 256 0 0 246 0 0
2.8e-09 infty 2.82812 10.9062 243 0 0 216 0 0
2.8e-09 24.5938 2.375 11.0938 53 0 483134391 55 0 0
2.8e-09 24.7344 2.84375 11.0156 52 0 389707270 48 0 3304111
2.8e-09 infty 2.78125 10.7812 239 0 0 246 0 0
2.8e-09 infty 2.82812 10.9375 265 0 0 221 0 0
2.8e-09 infty 2.95312 10.8125 230 0 0 230 0 0
2.8e-09 infty 3.29688 10.9062 187 0 0 198 0 0
2.8e-09 23.6562 3.03125 10.6094 21 0 0 16 0 462813411
2.8e-09 infty 2.32812 10.8594 236 0 0 193 0 0
2.8e-09 23.9688 3 11 16 0 386539181 17 0 0
2.8e-09 infty 3.34375 10.6094 300 0 0 276 0 0
2.8e-09 infty 2.42188 10.6562 268 0 0 262 0 0
2.8e-09 infty 2.46875 10.8125 226 0 0 241 0 0
2.8e-09 infty 2.28125 10.7031 252 0 0 277 0 0
2.8e-09 infty 2.92188 10.7344 258 0 0 246 0 14584270
2.8e-09 infty 2.3125 10.8125 233 0 0 243 0 0
2.8e-09 26.2188 2.28125 10.7188 193 0 0 196 0 440162706
2.8e-09 infty 2.4375 10.7188 250 0 0 249 0 0
2.8e-09 24.9688 2.48438 10.8281 77 0 490407583 68 0 0
2.8e-09 infty 2.46875 10.7969 234 0 0 220 0 0
2.8e-09 26.2344 2.76562 10.7344 222 0 428721616 197 0 0
2.8e-09 infty 2.85938 10.5938 281 0 0 270 0 0
2.8e-09 infty 2.28125 10.7344 263 0 0 245 0 0
2.8e-09 infty 2.85938 10.5938 288 0 0 233 0 0
2.8e-09 24.5625 3.32812 11 31 0 376343199 32 0 0
2.8e-09 infty 2.78125 10.7656 277 0 0 256 0 0
2.8e-09 25.7031 2.29688 10.7344 101 0 0 96 0 395415259
2.8e-09 25.4062 2.45312 10.7344 94 0 460805475 98 0 0
2.8e-09 infty 2.4375 10.7031 265 0 0 277 0 119424706
2.8e-09 infty 3.32812 11.0938 262 0 0 289 0 179546295
2.8e-09 infty 2.3125 10.8125 242 0 0 232 0 0
2.8e-09 infty 2.875 10.6094 269 0 0 288 0 0
2.8e-09 infty 2.35938 10.9688 237 0 0 221 0 0
2.8e-09 infty 3.29688 10.8906 205 0 102738325 218 0 0
2.8e-09 25.7344 2.4375 10.7188 110 0 0 100 0 375384828
2.8e-09 infty 2.5 10.875 220 0 0 244 0 0
2.8e-09 infty 2.78125 10.7969 247 0 0 222 0 0
2.8e-09 23.7188 2.84375 11.0312 16 0 422935568 20 0 0
2.8e-09 infty 2.375 10.5938 281 0 0 264 0 38114630
2.8e-09 infty 2.75 10.7031 255 0 0 254 0 0
2.8e-09 infty 2.78125 10.7656 246 0 0 248 0 0
2.8e-09 infty 2.39062 10.6094 283 0 0 288 0 0
2.8e-09 infty 2.73438 10.6719 261 0 0 277 0 0
2.8e-09 24.2969 2.5625 10.6406 40 0 0 27 0 426369014
2.8e-09 infty 2.51562 10.9375 209 0 0 230 0 0
2.8e-09 25.8281 2.92188 10.7031 163 0 0 134 0 439030707
2.8e-09 infty 2.28125 10.7344 246 0 0 252 0 0
2.8e-09 infty 2.39062 10.6094 261 0 0 270 0 0
2.8e-09 infty 2.5 10.8906 209 0 0 243 0 0
2.8e-09 infty 3.03125 10.6094 301 0 0 280 0 0
2.8e-09 infty 3.28125 10.8281 221 0 0 236 0 0
2.8e-09 25.75 2.46875 10.7812 137 0 0 129 0 493420988
2.8e-09 infty 2.79688 10.8281 207 0 0 230 0 0
2.8e-09 infty 2.92188 10.7188 257 0 0 261 0 0
2.8e-09 23.4688 2.53125 11.0156 14 0 451407320 13 0 0
2.8e-09 25.7656 2.375 11.0938 153 0 481437546 153 0 0
2.8e-09 infty 3.0625 10.7031 270 0 0 288 0 0
2.8e-09 23.7188 2.90625 10.7031 19 0 276645238 16 0 139545171
2.8e-09 infty 3.01562 11.0938 298 0 34275744 280 0 0
2.8e-09 infty 3.28125 10.8594 210 0 0 235 0 0
2.8e-09 infty 2.375 10.5781 273 0 0 272 0 0
2.8e-09 24.7656 2.3125 10.7969 41 0 0 44 0 377531534
2.8e-09 25.8594 2.48438 10.8281 148 0 414170347 116 0 0
2.8e-09 26.7344 2.42188 10.6875 256 0 363572485 251 0 0
2.8e-09 infty 2.84375 11.0156 216 0 0 213 0 0
2.8e-09 24.9844 2.3125 10.8125 82 0 267313147 81 0 215679034
2.8e-09 infty 2.5625 10.625 273 0 0 240 0 0
2.8e-09 infty 2.54688 10.5938 290 0 0 278 0 0
2.8e-09 infty 3.29688 10.875 230 0 0 225 0 0
2.8e-09 infty 3.03125 10.5938 267 0 0 256 0 0
2.8e-09 25.2656 2.5625 10.6406 86 0 343915889 100 0 82547551
2.8e-09 24.875 2.90625 10.7031 74 0 0 69 0 428519015
2.8e-09 infty 2.39062 10.6094 270 0 0 298 0 0
2.8e-09 26.3438 3.34375 10.5938 285 0 0 270 0 484530943
2.8e-09 infty 2.28125 10.7188 259 0 0 265 0 0
2.8e-09 infty 2.375 11.0781 292 0 0 274 0 0
2.8e-09 24.9062 2.34375 10.9062 61 0 0 60 0 410461366
2.8e-09 infty 2.84375 11.0469 297 0 0 329 0 0
2.8e-09 24.9688 2.32812 10.8281 69 0 490955832 69 0 0
2.8e-09 24.3594 2.28125 10.7031 32 0 0 29 0 386243983
2.8e-09 26.8281 2.28125 10.7344 267 0 316976441 240 0 0
2.8e-09 infty 2.35938 10.9688 230 0 0 233 0 0
2.8e-09 infty 2.34375 10.9375 220 0 0 243 0 0
2.8e-09 26.2812 2.39062 10.6094 203 0 398885011 212 0 0
2.8e-09 25.8281 2.375 10.5781 168 0 100394412 154 0 333484001
2.8e-09 infty 2.96875 10.875 227 0 0 219 0 0
2.8e-09 infty 2.875 10.625 259 0 0 267 0 0
2.8e-09 infty 2.46875 10.7812 237 0 104571421 224 0 0
2.8e-09 infty 2.4375 10.7344 251 0 0 242 0 0
2.8e-09 26.1875 2.5625 10.625 210 0 32275782 197 0 420983886
2.8e-09 25.4375 2.28125 10.7188 109 0 0 106 0 442909373
2.8e-09 infty 2.5625 10.6406 261 0 108174289 262 0 0
2.8e-09 infty 3.34375 10.6094 229 0 0 298 0 0
2.8e-09 26.875 2.75 10.6719 287 0 292601301 257 0 0
2.8e-09 25.4375 2.4375 10.7344 108 0 0 126 0 440313031
2.8e-09 infty 2.39062 10.6094 252 0 0 276 0 0
2.8e-09 25.4219 2.45312 10.7344 133 0 7288144 79 0 439608096
2.8e-09 25.9219 2.3125 10.7969 141 0 0 140 0 383169647
2.8e-09 infty 2.26562 10.7031 238 0 0 253 0 0
2.8e-09 infty 2.29688 10.7656 230 0 0 226 0 0
2.8e-09 infty 2.375 10.5781 286 0 0 273 0 163078813
2.8e-09 infty 2.26562 10.7031 288 0 0 250 0 0
2.8e-09 infty 2.92188 10.7031 251 0 0 266 0 0
2.8e-09 24.375 2.75 10.7031 43 0 322972291 35 0 51728168
2.8e-09 25.4062 2.8125 10.875 89 0 0 95 0 458051275
2.8e-09 25.1406 2.42188 10.6562 58 0 386368965 62 0 0
2.8e-09 22.9219 3.28125 10.8281 5 0 0 8 0 429166125
2.8e-09 infty 3.0625 10.6875 286 0 0 238 0 0
2.8e-09 24.7188 3.01562 10.5781 52 0 402910483 41 0 0
2.8e-09 26.2188 2.35938 10.9844 230 0 436595501 239 0 0
2.8e-09 infty 2.92188 10.7188 247 0 0 257 0 0
2.8e-09 infty 2.29688 10.7812 258 0 0 249 0 0
2.8e-09 25.2812 2.3125 10.7969 72 0 120557762 79 0 293775715
2.8e-09 infty 2.92188 10.7344 258 0 0 259 0 0
2.8e-09 infty 2.5 10.8906 214 0 0 210 0 0
2.8e-09 25.4688 2.29688 10.7656 105 0 315524207 119 0 100540591
2.8e-09 25.6719 2.82812 10.9375 134 0 416304059 126 0 0
2.8e-09 26.375 2.48438 10.8438 226 0 0 217 0 459069712
2.8e-09 infty 2.51562 11.0156 241 0 0 223 0 0
2.8e-09 infty 3.28125 10.8594 232 0 2771506 239 0 0
2.8e-09 26.9688 2.51562 10.9688 219 0 0 200 0 254949955
2.8e-09 25.3438 2.40625 10.6406 89 0 374866081 90 0 0
2.8e-09 infty 2.34375 10.8906 217 0 0 222 0 0
2.8e-09 23.3281 2.28125 10.7188 13 0 204563674 12 0 216463708
2.8e-09 24.4844 2.32812 10.875 38 0 224235360 40 0 201277199
2.8e-09 infty 2.29688 10.7656 239 0 0 223 0 0
2.8e-09 infty 2.375 11.0469 295 0 0 281 0 0
2.8e-09 infty 2.29688 10.7656 232 0 0 262 0 0
2.8e-09 24.7031 2.42188 10.6719 45 0 0 54 0 409941246
2.8e-09 infty 2.26562 10.7031 252 0 0 266 0 0
2.8e-09 infty 2.32812 10.8281 224 0 0 239 0 171284771
2.8e-09 infty 2.48438 10.8438 210 0 0 260 0 0
2.8e-09 infty 2.79688 10.8281 214 0 0 218 0 0
2.8e-09 infty 2.3125 10.8281 238 0 0 224 0 0
2.8e-09 infty 2.84375 11.0625 316 0 0 271 0 0
2.8e-09 24.2344 2.4375 10.7031 34 0 0 36 0 466756647
2.8e-09 25.3281 2.90625 10.6719 78 0 390471379 70 0 0
2.8e-09 24.9531 2.76562 10.75 70 0 0 55 0 380719043
2.8e-09 24.7344 2.5625 10.6406 46 0 166957541 45 0 227839927
2.8e-09 infty 2.85938 11.0938 263 0 0 276 0 0
2.8e-09 infty 2.28125 10.7188 275 0 0 261 0 0
2.8e-09 25.5938 2.40625 10.625 109 0 333337659 114 0 128471236
2.8e-09 24.3906 2.5 10.9062 41 0 224077126 32 0 262590614
2.8e-09 infty 2.85938 10.5781 288 0 0 288 0 0
2.8e-09 infty 3.03125 10.625 304 0 0 278 0 0
2.8e-09 infty 3.32812 11.0625 320 0 0 293 0 0
2.8e-09 infty 2.28125 10.7188 248 0 0 266 0 0
2.8e-09 25.2656 2.75 10.7188 79 0 0 83 0 427102757
2.8e-09 25.75 2.39062 10.6094 150 0 491879547 149 0 0
2.8e-09 infty 2.42188 10.6875 268 0 0 252 0 0
2.8e-09 26.5469 2.79688 10.8281 219 0 0 229 0 354501353
2.8e-09 25.5469 2.79688 10.8438 96 0 374767109 94 0 0
2.8e-09 24.7344 2.26562 10.7031 36 0 19539059 38 0 377147711
2.8e-09 24.6875 2.84375 11.0625 39 0 416180686 51 0 0
2.8e-09 infty 2.51562 10.9531 225 0 0 240 0 0
2.8e-09 infty 2.3125 10.7969 232 0 0 226 0 48199193
2.8e-09 infty 2.54688 10.5938 269 0 0 286 0 0
2.8e-09 infty 2.48438 10.8281 257 0 0 227 0 0
2.8e-09 infty 2.3125 10.7812 239 0 0 224 0 0
2.8e-09 23.2188 2.79688 10.7969 12 0 0 9 0 372480430
2.8e-09 24.9688 2.48438 10.8438 55 0 0 48 0 373796193
2.8e-09 infty 2.46875 10.7812 247 0 0 249 0 0
2.8e-09 infty 2.875 10.6094 251 0 0 275 0 0
2.8e-09 infty 2.75 10.6875 256 0 0 242 0 0
2.8e-09 infty 3.25 10.7344 223 0 0 240 0 0
2.8e-09 24.8281 2.79688 10.8438 53 0 451780019 43 0 0
2.8e-09 24.5469 2.53125 11.0938 43 0 390427898 38 0 0
2.8e-09 infty 2.76562 10.7344 276 0 0 243 0 0
2.8e-09 25.4531 2.78125 10.7656 95 0 8726979 120 0 415765298
2.8e-09 infty 2.40625 10.6562 282 0 0 247 0 0
2.8e-09 infty 2.79688 10.8281 258 0 0 230 0 0
2.8e-09 infty 2.40625 10.6406 283 0 143204772 261 0 0
2.8e-09 infty 2.9375 10.7656 242 0 0 269 0 0
2.8e-09 infty 2.4375 10.7188 234 0 0 241 0 0
2.8e-09 infty 2.39062 10.6094 256 0 0 262 0 0
2.8e-09 infty 2.96875 10.8438 260 0 0 253 0 0
2.8e-09 infty 2.92188 10.7188 251 0 0 277 0 0
2.8e-09 infty 2.8125 10.875 204 0 0 248 0 0
2.8e-09 24.125 2.35938 11.0156 38 0 410701836 31 0 0
2.8e-09 infty 2.3125 10.8281 227 2 4781488 237 0 0
2.8e-09 infty 2.29688 10.75 236 0 0 279 0 0
2.8e-09 infty 3.01562 11.0625 275 0 0 288 0 0
2.8e-09 25.7969 2.28125 10.7344 143 0 0 152 0 461671611
2.8e-09 infty 3.03125 10.625 281 0 0 310 0 0
2.8e-09 infty 3.07812 10.7031 271 0 0 275 0 0
2.8e-09 24.0156 2.48438 10.8281 39 0 474484949 32 0 0
2.8e-09 infty 2.29688 10.75 253 0 0 269 0 0
2.8e-09 23.2656 2.29688 10.7812 11 0 259258021 13 0 203468619
2.8e-09 infty 2.375 11.0938 312 0 0 280 0 0
2.8e-09 25.3594 2.28125 10.7344 66 0 0 73 0 371978751
2.8e-09 23.8125 2.73438 10.6562 27 0 143983657 23 0 342288242
2.8e-09 infty 2.46875 10.7812 243 0 0 251 0 0
2.8e-09 26.6719 2.40625 10.6406 296 0 0 259 0 393841133
2.8e-09 24.4688 2.82812 10.9375 35 0 436383125 44 0 0
2.8e-09 26.1094 2.96875 10.8438 169 0 86619462 187 0 301979368
2.8e-09 infty 2.5625 10.6562 269 0 112261530 247 0 0
2.8e-09 infty 2.29688 10.75 261 0 0 270 0 0
2.8e-09 infty 2.73438 10.6719 247 0 0 260 0 0
2.8e-09 24.4062 2.92188 10.7188 42 0 0 44 0 475424305
2.8e-09 infty 2.35938 10.9844 247 0 0 193 0 0
2.8e-09 infty 3.25 10.75 248 0 0 217 0 160948777
2.8e-09 infty 2.46875 10.7812 269 0 207769893 237 0 0
2.8e-09 infty 2.39062 10.6094 295 0 0 263 0 0
2.8e-09 infty 2.84375 10.9844 233 0 0 219 0 0
2.8e-09 infty 2.46875 10.8125 239 0 0 244 0 0
2.8e-09 23.8594 2.32812 10.8281 23 0 388523206 26 0 63259622
2.8e-09 infty 2.85938 10.5938 254 0 0 323 0 0
2.8e-09 27 2.84375 11 234 0 0 223 0 242689851
2.8e-09 25.3438 3.29688 10.875 75 0 0 70 0 379315814
2.8e-09 infty 2.5 10.9219 230 0 0 230 0 0
2.8e-09 infty 2.5 10.8906 245 0 0 243 0 0
2.8e-09 infty 2.90625 10.6875 233 0 211296951 247 0 0
2.8e-09 22.7812 2.8125 10.875 5 0 395455418 6 0 0
2.8e-09 23.7969 2.45312 10.75 18 0 0 17 0 370781430
2.8e-09 infty 2.79688 10.8281 236 0 0 239 0 0
2.8e-09 infty 2.53125 10.5781 250 0 0 261 0 0
2.8e-09 infty 3.29688 10.8906 214 0 214037063 193 0 0
2.8e-09 24.2812 2.85938 10.5781 48 0 0 40 0 434628547
2.8e-09 infty 2.5625 10.625 257 0 75975582 248 0 0
2.8e-09 26.5156 2.3125 10.8281 225 0 371378765 220 0 0
2.8e-09 infty 3.34375 10.5938 270 0 0 272 0 0
2.8e-09 infty 2.84375 10.9844 240 0 0 241 0 0
2.8e-09 23.6875 2.85938 10.5938 20 0 0 15 0 439248783
2.8e-09 24.6406 2.54688 10.6094 57 0 0 48 0 448633575
2.8e-09 infty 2.32812 10.875 224 0 0 225 0 0
2.8e-09 25.9375 2.51562 10.9844 152 0 0 182 0 491563695
2.8e-09 24.3906 2.4375 10.7188 38 0 0 46 0 488101897
2.8e-09 infty 2.3125 10.7969 231 0 0 253 0 0
2.8e-09 infty 3.32812 11 205 0 0 220 0 149075148
2.8e-09 24.3906 2.82812 10.9219 29 0 484231231 46 0 0
2.8e-09 infty 2.82812 10.9062 233 0 0 225 0 0
2.8e-09 infty 3.03125 10.625 312 0 6076433 251 0 0
2.8e-09 infty 2.26562 10.7031 266 0 0 250 0 0
2.8e-09 26.8281 2.78125 10.7812 235 0 301482591 251 0 12651944
2.8e-09 24.4531 3.29688 10.8906 54 0 397888460 43 0 52934819
2.8e-09 26.25 2.35938 11.0156 196 0 0 215 0 412414055
2.8e-09 infty 2.39062 10.6094 289 0 0 302 0 0
2.8e-09 infty 3.28125 10.8281 212 0 0 239 0 0
2.8e-09 23.3125 2.73438 10.6562 8 0 427910714 9 0 0
2.8e-09 26.8906 2.32812 10.875 245 0 0 228 0 284928324
2.8e-09 23.2188 2.40625 10.6406 11 0 0 10 0 373764232
2.8e-09 infty 2.26562 10.7031 247 0 0 245 0 0
2.8e-09 infty 2.35938 10.9844 214 0 0 212 0 0
2.8e-09 infty 3.04688 10.6562 309 0 0 268 0 0
2.8e-09 25.3906 2.73438 10.6719 87 0 469875045 81 0 0
2.8e-09 25.8594 2.42188 10.6719 131 0 0 122 0 422246391
2.8e-09 infty 2.28125 10.7344 241 0 0 241 0 0
2.8e-09 infty 3 10.9688 207 0 0 203 0 0
2.8e-09 25.7812 2.26562 10.7031 157 0 0 132 0 469889602
2.8e-09 24.8906 2.5 10.9219 67 0 416760388 59 0 0
2.8e-09 infty 2.45312 10.7344 265 0 0 225 0 0
2.8e-09 infty 3.07812 10.7188 246 0 0 260 0 0
2.8e-09 infty 2.39062 10.6094 276 0 83609178 286 0 0
2.8e-09 infty 3.28125 10.8281 225 0 0 246 0 0
2.8e-09 infty 3 11.0469 255 0 0 281 0 0
2.8e-09 infty 2.75 10.6875 274 0 0 283 0 0
2.8e-09 26.6875 2.73438 10.6719 259 0 386247590 272 0 0
2.8e-09 infty 2.5 10.8906 249 0 0 235 0 0
2.8e-09 25.1719 3.01562 11.0781 86 0 484517265 86 0 0
2.8e-09 infty 2.76562 10.75 235 0 0 259 0 0
2.8e-09 infty 2.4375 10.7031 248 0 0 260 0 0
2.8e-09 24.2656 2.5625 10.625 36 0 443241102 27 0 0
2.8e-09 infty 2.375 11.0938 301 0 0 281 0 0
2.8e-09 25.8438 2.42188 10.6719 142 0 424255815 130 0 0
