0.02794	0.0005
0.04941	0.0004
0.05532	0.0001
0.06101	0.0002
0.06735	0.0005
0.07306	0.0001
0.0794	0.001
0.08509	0.0031
0.09158	0.0045
0.09727	0.0052
0.1029	0.0051
0.1086	0.0044
0.1143	0.0049
0.12	0.005
0.1257	0.0047
0.1314	0.0049
0.1371	0.0051
0.1428	0.0048
0.1485	0.0048
0.1542	0.0047
0.1598	0.005
0.1655	0.005
0.1712	0.0051
0.1769	0.0056
0.1826	0.0053
0.1883	0.0052
0.194	0.005
0.1997	0.0053
0.2054	0.0055
0.211	0.0048
0.2167	0.0053
0.2224	0.0056
0.2281	0.0051
0.2338	0.0052
0.2395	0.0054
0.2452	0.0052
0.2509	0.0052
0.2566	0.0052
0.2622	0.005
0.2679	0.0055
0.2736	0.0051
0.2793	0.0063
0.285	0.0059
0.2907	0.0053
0.2964	0.0057
0.3021	0.0057
0.3077	0.0059
0.3134	0.0053
0.3191	0.0062
0.3248	0.0063
0.3305	0.0058
0.3362	0.0056
0.3419	0.006
0.3476	0.0059
0.3533	0.0064
0.3589	0.0063
0.3646	0.0057
0.3703	0.0063
0.376	0.0062
0.3817	0.0075
0.3874	0.0065
0.3931	0.006
0.3988	0.0061
0.4045	0.0062
0.4101	0.0062
0.4158	0.0065
0.4215	0.0065
0.4272	0.0072
0.4329	0.0066
0.4386	0.0068
0.4443	0.0068
0.45	0.0077
0.4556	0.0072
0.4613	0.0073
0.467	0.007
0.4727	0.0069
0.4784	0.0079
0.4841	0.0072
0.4898	0.0071
0.4955	0.0073
0.5011	0.0077
0.5069	0.0075
0.5259	0.006
0.5386	0.0061
0.5508	0.0059
0.5566	0.0065
0.5623	0.0066
0.5681	0.0065
0.5738	0.007
0.5796	0.0077
0.5853	0.0069
0.591	0.0072
0.5967	0.0068
0.6039	0.0076
0.6105	0.0075
0.6163	0.0069
0.622	0.0071
0.6277	0.0074
0.6335	0.0076
0.6396	0.0072
0.646	0.0072
0.6525	0.0077
0.6583	0.0071
0.6641	0.0075
0.6698	0.007
0.6755	0.0071
0.6813	0.008
0.687	0.0079
0.6927	0.0083
0.6985	0.0074
0.7043	0.0078
0.7101	0.0085
0.7158	0.0086
0.7215	0.0076
0.7273	0.0075
0.7334	0.0081
0.7391	0.0086
0.7448	0.0079
0.7505	0.0078
0.7562	0.0087
0.7619	0.0088
0.7679	0.0082
0.7739	0.0085
0.7796	0.0092
0.7853	0.0091
0.7911	0.0093
0.7968	0.0088
0.8025	0.0096
0.8082	0.0088
0.8139	0.0095
0.8196	0.009
0.8254	0.0088
0.8311	0.0106
0.8368	0.0089
0.8425	0.0096
0.8489	0.0096
0.8554	0.0099
0.8611	0.0097
0.8669	0.0098
0.8726	0.0097
0.8784	0.0106
0.8848	0.0097
0.8906	0.0105
0.8963	0.0097
0.9021	0.0107
0.9077	0.0105
0.9135	0.0111
0.9192	0.0103
0.925	0.0105
0.9309	0.0111
0.9382	0.0111
0.9439	0.0111
0.9495	0.0109
0.957	0.0112
0.9637	0.0113
0.9694	0.0108
0.976	0.0118
0.9817	0.0126
0.988	0.0112
0.9938	0.0116
0.9996	0.0126
1.005	0.0126
1.019	0.0122
1.031	0.0095
1.044	0.0099
1.057	0.0101
1.062	0.0101
1.068	0.0101
1.074	0.0105
1.08	0.0113
1.085	0.0111
1.092	0.0108
1.098	0.0106
1.103	0.0114
1.109	0.0109
1.115	0.0108
1.12	0.0119
1.126	0.0119
1.132	0.0113
1.138	0.0116
1.144	0.0112
1.152	0.0115
1.157	0.0121
1.163	0.012
1.169	0.0122
1.175	0.013
1.181	0.0121
1.187	0.0125
1.192	0.0125
1.198	0.0129
1.204	0.0127
1.211	0.0129
1.217	0.0129
1.223	0.0133
1.229	0.0137
1.235	0.0131
1.241	0.013
1.247	0.0141
1.255	0.0145
1.261	0.0143
1.267	0.0139
1.273	0.0144
1.279	0.0142
1.284	0.0148
1.29	0.0145
1.296	0.0151
1.301	0.0151
1.308	0.0155
1.314	0.015
1.32	0.0163
1.326	0.0154
1.332	0.0154
1.337	0.0151
1.343	0.016
1.349	0.0159
1.356	0.0165
1.362	0.0168
1.367	0.0165
1.373	0.0169
1.379	0.0165
1.385	0.0163
1.39	0.0174
1.396	0.0173
1.402	0.018
1.409	0.0178
1.416	0.0184
1.422	0.018
1.428	0.0189
1.433	0.019
1.439	0.019
1.445	0.0188
1.451	0.019
1.459	0.0196
1.464	0.02
1.471	0.0195
1.476	0.0196
1.482	0.0203
1.488	0.0201
1.494	0.0207
1.5	0.0204
1.506	0.0203
1.52	0.0213
1.532	0.0173
1.544	0.0175
1.557	0.017
1.562	0.0173
1.568	0.0175
1.575	0.0182
1.58	0.0181
1.586	0.0182
1.592	0.0188
1.598	0.0184
1.605	0.0181
1.611	0.0185
1.616	0.0189
1.622	0.0195
1.628	0.0206
1.634	0.0193
1.64	0.0195
1.646	0.0199
1.652	0.0201
1.658	0.0215
1.663	0.0203
1.669	0.0201
1.675	0.0206
1.681	0.0209
1.686	0.0207
1.692	0.0207
1.698	0.0216
1.704	0.0219
1.709	0.0215
1.715	0.0217
1.721	0.0241
1.727	0.0228
1.732	0.0229
1.738	0.0228
1.744	0.0229
1.75	0.0231
1.755	0.0229
1.761	0.0243
1.767	0.0244
1.773	0.0242
1.778	0.0249
1.784	0.0244
1.79	0.0255
1.795	0.0252
1.801	0.0257
1.807	0.0254
1.812	0.0263
1.818	0.0255
1.826	0.0269
1.832	0.027
1.838	0.0274
1.843	0.0271
1.849	0.0271
1.855	0.028
1.861	0.0283
1.867	0.0284
1.872	0.0284
1.878	0.0293
1.884	0.0299
1.889	0.0289
1.895	0.0292
1.901	0.0302
1.907	0.0307
1.912	0.0298
1.919	0.0313
1.924	0.0319
1.93	0.031
1.936	0.0317
1.941	0.0324
1.947	0.032
1.953	0.0324
1.959	0.033
1.964	0.0334
1.97	0.0333
1.976	0.0343
1.982	0.0338
1.987	0.0335
1.994	0.0351
1.999	0.0346
2.005	0.0348
2.019	0.0357
2.032	0.0279
2.044	0.0293
2.057	0.0283
2.063	0.0293
2.068	0.0308
2.074	0.0302
2.08	0.0305
2.086	0.0302
2.091	0.0312
2.098	0.0309
2.103	0.0321
2.109	0.0337
2.116	0.0333
2.121	0.0323
2.128	0.0331
2.134	0.0329
2.139	0.0336
2.145	0.0344
2.151	0.0359
2.157	0.0349
2.163	0.0349
2.169	0.0354
2.175	0.0359
2.18	0.037
2.186	0.0364
2.192	0.0365
2.199	0.0371
2.204	0.0376
2.21	0.0384
2.216	0.0379
2.222	0.0383
2.229	0.0397
2.235	0.0391
2.24	0.0395
2.246	0.0405
2.252	0.0407
2.258	0.042
2.264	0.0413
2.269	0.0422
2.275	0.0428
2.281	0.0423
2.287	0.0444
2.292	0.0438
2.298	0.0441
2.304	0.046
2.31	0.0445
2.316	0.0455
2.323	0.0463
2.329	0.0459
2.334	0.0469
2.341	0.0461
2.346	0.0479
2.352	0.0473
2.358	0.0492
2.364	0.0495
2.369	0.0494
2.375	0.0496
2.381	0.0508
2.386	0.0496
2.392	0.0532
2.399	0.0507
2.404	0.0527
2.41	0.053
2.416	0.0533
2.422	0.0535
2.428	0.0555
2.434	0.0548
2.44	0.0552
2.445	0.0562
2.451	0.0567
2.458	0.0577
2.465	0.0576
2.471	0.0571
2.477	0.0592
2.484	0.0612
2.489	0.0617
2.495	0.062
2.501	0.0623
2.507	0.0619
2.519	0.0628
2.531	0.0484
2.543	0.0499
2.556	0.0508
2.562	0.0539
2.569	0.0524
2.575	0.0538
2.581	0.0528
2.586	0.0547
2.592	0.0549
2.599	0.056
2.605	0.0557
2.611	0.0575
2.619	0.0564
2.625	0.0603
2.631	0.0579
2.636	0.0601
2.642	0.0591
2.648	0.06
2.655	0.0604
2.66	0.0609
2.666	0.0622
2.672	0.0626
2.678	0.0632
2.684	0.0644
2.69	0.0654
2.695	0.0639
2.701	0.065
2.707	0.0672
2.713	0.0669
2.719	0.0666
2.724	0.0695
2.73	0.0694
2.736	0.0693
2.742	0.0707
2.749	0.0713
2.754	0.0706
2.76	0.0722
2.768	0.0736
2.773	0.0737
2.779	0.0747
2.786	0.077
2.792	0.0752
2.799	0.0774
2.804	0.077
2.81	0.0772
2.816	0.0791
2.822	0.079
2.828	0.082
2.833	0.0832
2.839	0.0823
2.845	0.0845
2.85	0.0857
2.856	0.0854
2.862	0.0862
2.868	0.0878
2.874	0.0871
2.88	0.0887
2.886	0.0887
2.898	0.09
2.904	0.0943
2.912	0.091
2.917	0.094
2.923	0.0931
2.929	0.0949
2.935	0.0961
2.94	0.0978
2.946	0.0984
2.952	0.0991
2.963	0.102
2.969	0.1013
2.982	0.1055
2.988	0.1049
3.	0.0818
3.006	0.0825
3.011	0.0832
3.017	0.0824
3.023	0.0877
3.029	0.086
3.034	0.087
3.04	0.0877
3.052	0.0892
3.058	0.0914
3.065	0.0915
3.07	0.0909
3.078	0.0939
3.083	0.0942
3.089	0.0948
3.095	0.0942
3.101	0.0973
3.107	0.0972
3.112	0.0994
3.133	0.1029
3.139	0.1038
3.145	0.1061
3.157	0.0813
3.164	0.0819
3.169	0.0846
3.176	0.0833
3.182	0.0834
3.188	0.0863
3.195	0.0868
3.201	0.087
3.213	0.0904
3.219	0.0904
3.224	0.0913
3.23	0.0937
3.236	0.0924
3.243	0.0926
3.249	0.0933
3.255	0.0942
3.261	0.0957
3.267	0.0984
3.272	0.0971
3.278	0.0984
3.29	0.1009
3.302	0.1035
3.31	0.1039
3.317	0.1069
3.323	0.1069
3.335	0.0824
3.342	0.0838
3.347	0.084
3.353	0.0853
3.359	0.0859
3.365	0.0866
3.377	0.0881
3.383	0.0887
3.389	0.0932
3.395	0.0916
3.4	0.0921
3.406	0.0947
3.413	0.0937
3.419	0.0951
3.425	0.0969
3.431	0.0972
3.436	0.0992
3.442	0.0986
3.455	0.1009
3.461	0.0993
3.472	0.104
3.478	0.1042
3.484	0.105
3.49	0.1069
3.501	0.0848
3.507	0.0856
3.513	0.0858
3.52	0.0861
3.526	0.0863
3.533	0.0882
3.544	0.0891
3.55	0.0909
3.556	0.09
3.562	0.0933
3.569	0.0937
3.575	0.0944
3.581	0.0954
3.587	0.0958
3.592	0.0974
3.604	0.0999
3.61	0.0996
3.615	0.1015
3.621	0.1017
3.627	0.1036
3.638	0.1045
3.644	0.1048
3.65	0.1063
3.656	0.1073
3.668	0.0836
3.674	0.085
3.68	0.0854
3.686	0.0842
3.697	0.0882
3.703	0.0894
3.709	0.0901
3.715	0.0899
3.72	0.0919
3.727	0.0929
3.733	0.0949
3.74	0.0943
3.745	0.0948
3.751	0.0975
3.758	0.099
3.769	0.101
3.775	0.1019
3.787	0.1017
3.794	0.1046
3.8	0.1036
3.807	0.1042
3.813	0.1063
3.819	0.1082
3.83	0.0854
3.837	0.0857
3.842	0.0876
3.848	0.087
3.86	0.0896
3.866	0.088
3.872	0.0898
3.878	0.0919
3.883	0.0909
3.889	0.0932
3.895	0.0954
3.901	0.094
3.907	0.0954
3.913	0.0962
3.926	0.1008
3.932	0.0997
3.944	0.1032
3.95	0.1022
3.955	0.1054
3.961	0.1046
3.967	0.1064
3.974	0.1066
3.98	0.1083
3.985	0.1081
3.997	0.0847
4.009	0.0857
4.016	0.0872
4.021	0.0883
4.028	0.0899
4.034	0.0904
4.042	0.0938
4.048	0.0914
4.054	0.0927
4.06	0.0946
4.066	0.0966
4.072	0.0956
4.083	0.0979
4.089	0.0974
4.096	0.0981
4.101	0.1004
4.114	0.1022
4.12	0.1036
4.125	0.1043
4.132	0.1069
4.138	0.108
4.143	0.1064
4.149	0.1084
4.155	0.1112
4.175	0.0881
4.181	0.091
4.187	0.09
4.193	0.0891
4.198	0.0919
4.204	0.0931
4.21	0.091
4.216	0.0939
4.221	0.0946
4.227	0.0949
4.233	0.0963
4.239	0.0982
4.253	0.1005
4.265	0.101
4.271	0.1032
4.277	0.1024
4.283	0.1034
4.289	0.1069
4.295	0.108
4.301	0.1089
4.307	0.1095
4.319	0.0869
4.331	0.0888
4.337	0.0892
4.344	0.0895
4.349	0.0905
4.355	0.0897
4.361	0.0928
4.366	0.0929
4.373	0.0952
4.379	0.0943
4.385	0.0957
4.392	0.0951
4.404	0.0985
4.41	0.1005
4.422	0.1017
4.427	0.1018
4.433	0.1039
4.439	0.1035
4.445	0.1059
4.45	0.105
4.456	0.107
4.462	0.1091
4.468	0.1102
4.488	0.087
4.494	0.0863
4.5	0.0877
4.506	0.0903
4.512	0.0896
4.518	0.0905
4.524	0.0909
4.531	0.0933
4.537	0.0933
4.542	0.0963
4.554	0.097
4.56	0.0987
4.567	0.0982
4.573	0.099
4.585	0.1021
4.591	0.104
4.597	0.1044
4.603	0.1042
4.609	0.1055
4.615	0.1061
4.621	0.1102
4.626	0.1091
4.632	0.1097
4.638	0.1087
4.65	0.1097
4.657	0.1131
4.663	0.1159
4.674	0.0903
4.68	0.0898
4.686	0.0912
4.691	0.0914
4.697	0.0928
4.709	0.0962
4.714	0.0961
4.72	0.0953
4.726	0.0979
4.732	0.0978
4.744	0.1028
4.749	0.1018
4.755	0.1036
4.761	0.1066
4.767	0.1052
4.772	0.1062
4.779	0.1073
4.785	0.1079
4.79	0.1085
4.796	0.1103
4.808	0.1133
4.82	0.0879
4.826	0.0896
4.831	0.0911
4.837	0.0902
4.843	0.09
4.849	0.0907
4.861	0.0939
4.867	0.0931
4.873	0.097
4.878	0.0948
4.884	0.0964
4.896	0.0986
4.903	0.1011
4.909	0.1007
4.915	0.1013
4.921	0.1045
4.926	0.1052
4.932	0.1047
4.938	0.1074
4.945	0.1082
4.951	0.1085
4.956	0.1085
4.963	0.1105
4.975	0.1135
4.988	0.0891
4.993	0.0894
4.999	0.0905
5.005	0.0911
5.012	0.0923
5.025	0.0926
5.032	0.0959
5.038	0.0957
5.045	0.0979
5.05	0.1007
5.064	0.1005
5.07	0.1012
5.076	0.1031
5.081	0.1032
5.087	0.1045
5.093	0.106
5.099	0.1074
5.105	0.1085
5.111	0.1078
5.124	0.1119
5.129	0.1127
5.142	0.0889
5.149	0.0891
5.155	0.0901
5.162	0.0914
5.174	0.0939
5.182	0.0911
5.188	0.0935
5.194	0.0934
5.199	0.0952
5.205	0.0971
5.211	0.0969
5.224	0.0997
5.23	0.1007
5.236	0.1024
5.242	0.103
5.247	0.1047
5.253	0.1055
5.259	0.1049
5.265	0.106
5.278	0.1096
5.284	0.1097
5.289	0.1102
5.296	0.1131
5.302	0.1128
5.315	0.0897
5.321	0.0898
5.327	0.0917
5.34	0.0927
5.345	0.0946
5.351	0.0949
5.357	0.0967
5.369	0.0973
5.376	0.0996
5.383	0.0986
5.389	0.102
5.394	0.1019
5.4	0.1025
5.407	0.1047
5.413	0.1071
5.418	0.1072
5.424	0.1105
5.43	0.1086
5.435	0.1085
5.441	0.1103
5.447	0.1124
5.459	0.1142
5.472	0.0904
5.478	0.0906
5.484	0.0924
5.489	0.0913
5.495	0.0919
5.507	0.0941
5.513	0.0946
5.519	0.0966
5.525	0.0964
5.537	0.0988
5.543	0.1009
5.549	0.1
5.554	0.1031
5.56	0.1052
5.566	0.1063
5.572	0.1094
5.577	0.106
5.583	0.1059
5.59	0.1072
5.595	0.109
5.608	0.114
5.613	0.1137
5.626	0.09
5.633	0.09
5.639	0.0914
5.645	0.0927
5.652	0.0907
5.658	0.0962
5.664	0.0953
5.67	0.0954
5.682	0.1016
5.689	0.1016
5.701	0.0987
5.707	0.0996
5.714	0.0999
5.721	0.1023
5.726	0.1043
5.733	0.1033
5.74	0.1067
5.746	0.106
5.759	0.1064
5.765	0.1083
5.77	0.1156
5.776	0.1126
5.783	0.1193
5.789	0.1114
5.794	0.1173
5.8	0.1153
5.812	0.0914
5.818	0.0902
5.83	0.0939
5.836	0.0925
5.842	0.096
5.848	0.0936
5.854	0.0933
5.86	0.0999
5.873	0.1023
5.879	0.0998
5.884	0.0993
5.89	0.1005
5.896	0.1053
5.902	0.1033
5.908	0.105
5.914	0.1079
5.921	0.1056
5.927	0.1027
5.932	0.1065
5.938	0.1074
5.944	0.1105
5.949	0.1071
5.955	0.1101
5.968	0.1153
5.973	0.1213
5.986	0.0906
5.993	0.097
5.999	0.0972
6.005	0.0921
6.01	0.1001
6.016	0.0967
6.022	0.0906
6.034	0.0951
6.041	0.0986
6.048	0.0964
6.061	0.0994
6.067	0.1041
6.073	0.0983
6.079	0.1036
6.086	0.1059
6.092	0.1017
6.097	0.1024
6.103	0.1122
6.109	0.117
6.115	0.1033
6.12	0.1114
6.126	0.1116
6.138	0.1129
6.145	0.1093
6.151	0.1148
6.157	0.1174
6.169	0.0931
6.175	0.0864
6.182	0.0924
6.188	0.095
6.193	0.0914
6.199	0.0971
6.205	0.0951
6.21	0.1008
6.222	0.0906
6.23	0.095
6.237	0.0981
6.242	0.096
6.248	0.103
6.261	0.1047
6.268	0.1047
6.274	0.1086
6.28	0.1052
6.286	0.1036
6.292	0.101
6.298	0.101
6.303	0.1097
6.311	0.1034
6.317	0.1055
6.323	0.1011
6.33	0.1152
6.336	0.1065
6.342	0.1185
6.355	0.1168
6.369	0.0918
6.374	0.0856
6.381	0.0835
6.387	0.0886
6.392	0.0919
6.399	0.0932
6.405	0.0976
6.412	0.0877
6.417	0.0931
6.424	0.102
6.43	0.1104
6.435	0.0981
6.441	0.093
6.448	0.0921
6.46	0.0979
6.467	0.0972
6.473	0.1042
6.479	0.1024
6.485	0.0983
6.49	0.1098
6.496	0.108
6.503	0.0995
6.508	0.1126
6.515	0.1012
6.521	0.1141
6.526	0.1181
6.539	0.0757
6.545	0.0797
6.558	0.0768
6.564	0.0826
6.57	0.0873
6.576	0.0859
6.582	0.0828
6.588	0.0797
6.594	0.0899
6.6	0.0913
6.606	0.0986
6.613	0.0927
6.619	0.0987
6.631	0.0876
6.637	0.0864
6.643	0.0927
6.649	0.0946
6.654	0.0892
6.661	0.0855
6.667	0.0936
6.673	0.1043
6.679	0.0895
6.684	0.0939
6.69	0.0943
6.696	0.0869
6.702	0.0925
6.708	0.0944
6.72	0.0971
6.726	0.0958
6.732	0.104
6.738	0.099
6.744	0.0951
6.75	0.1019
6.755	0.1054
6.761	0.0917
6.767	0.0997
6.773	0.0948
6.78	0.0984
6.786	0.1119
6.792	0.1062
6.805	0.0793
6.811	0.0809
6.817	0.0844
6.823	0.0806
6.829	0.0848
6.835	0.0772
6.84	0.0876
6.846	0.0832
6.852	0.0797
6.857	0.0781
6.863	0.0821
6.869	0.0848
6.881	0.0845
6.887	0.0847
6.893	0.0839
6.899	0.0781
6.904	0.0859
6.91	0.0868
6.916	0.0818
6.922	0.0802
6.928	0.0795
6.934	0.0861
6.941	0.0912
6.946	0.0869
6.952	0.0793
6.958	0.0822
6.964	0.0877
6.97	0.0913
6.977	0.0898
6.984	0.0836
6.991	0.0965
6.997	0.085
7.002	0.0874
7.008	0.0927
7.014	0.0849
7.02	0.0853
7.025	0.0959
7.031	0.0881
7.037	0.0916
7.043	0.0874
7.048	0.0875
7.055	0.0889
7.061	0.0878
7.067	0.0862
7.073	0.0855
7.079	0.0939
7.085	0.0909
7.09	0.0902
7.096	0.1008
7.102	0.0849
7.107	0.0908
7.113	0.0872
7.119	0.089
7.131	0.093
7.137	0.0889
7.143	0.0984
7.148	0.0897
7.156	0.1024
7.161	0.0852
7.168	0.0998
7.174	0.0956
7.181	0.1016
7.187	0.0877
7.193	0.0895
7.199	0.0942
7.205	0.0946
7.211	0.0885
7.223	0.0973
7.229	0.0961
7.235	0.0917
7.24	0.0944
7.247	0.0932
7.253	0.0919
7.259	0.091
7.265	0.0887
7.271	0.0969
7.277	0.099
7.283	0.0994
7.29	0.097
7.305	0.0731
7.312	0.0694
7.318	0.0695
7.325	0.0774
7.331	0.0679
7.337	0.0729
7.342	0.0741
7.348	0.07
7.354	0.0721
7.36	0.0728
7.365	0.0673
7.372	0.0687
7.384	0.0671
7.392	0.0678
7.397	0.068
7.404	0.0684
7.41	0.0666
7.417	0.068
7.422	0.0675
7.428	0.0725
7.435	0.0717
7.44	0.0733
7.446	0.0708
7.453	0.0702
7.458	0.0746
7.465	0.0673
7.472	0.0675
7.478	0.0647
7.484	0.0662
7.49	0.0706
7.496	0.0683
7.502	0.0647
7.507	0.0621
7.514	0.0625
7.519	0.0635
7.526	0.0664
7.531	0.0658
7.537	0.0631
7.543	0.0666
7.549	0.0655
7.554	0.0606
7.56	0.0677
7.567	0.0693
7.572	0.0639
7.579	0.0656
7.584	0.0626
7.59	0.0671
7.596	0.0668
7.602	0.0662
7.608	0.0664
7.613	0.0687
7.619	0.0588
7.632	0.0685
7.637	0.0636
7.644	0.0644
7.65	0.0634
7.656	0.0611
7.662	0.064
7.668	0.0598
7.673	0.0598
7.679	0.0573
7.686	0.0616
7.692	0.061
7.698	0.064
7.704	0.0616
7.71	0.0639
7.722	0.0672
7.728	0.0611
7.734	0.06
7.739	0.0617
7.745	0.0595
7.751	0.0634
7.757	0.0588
7.763	0.0562
7.769	0.0637
7.774	0.0581
7.781	0.0586
7.786	0.0565
7.792	0.0654
7.804	0.0444
7.812	0.0428
7.818	0.041
7.823	0.0432
7.829	0.0426
7.835	0.0406
7.841	0.0391
7.847	0.0451
7.853	0.0438
7.859	0.0452
7.865	0.0401
7.872	0.0443
7.884	0.0391
7.891	0.0423
7.898	0.0424
7.903	0.0419
7.909	0.0389
7.915	0.0408
7.921	0.0404
7.927	0.0382
7.933	0.0418
7.939	0.0384
7.945	0.0391
7.95	0.0401
7.956	0.0372
7.962	0.0381
7.968	0.0374
7.974	0.038
7.979	0.0382
7.985	0.0364
7.991	0.0389
7.996	0.0387
8.002	0.0353
8.008	0.0368
8.014	0.0398
8.02	0.0376
8.026	0.0343
8.031	0.0348
8.037	0.0343
8.043	0.0346
8.05	0.0338
8.056	0.0369
8.062	0.0339
8.068	0.0377
8.074	0.0332
8.08	0.0318
8.085	0.0358
8.091	0.0366
8.098	0.0342
8.103	0.0369
8.109	0.0343
8.115	0.0346
8.121	0.0336
8.133	0.0321
8.139	0.0336
8.145	0.0354
8.151	0.035
8.157	0.0337
8.163	0.033
8.169	0.0338
8.175	0.0327
8.18	0.031
8.187	0.0313
8.193	0.0303
8.198	0.0335
8.205	0.0323
8.212	0.0352
8.224	0.0306
8.231	0.032
8.236	0.031
8.242	0.0304
8.248	0.0339
8.254	0.0316
8.259	0.0296
8.267	0.0307
8.272	0.0319
8.278	0.031
8.284	0.0303
8.29	0.0307
8.305	0.024
8.311	0.0232
8.317	0.0224
8.323	0.0232
8.329	0.0244
8.334	0.023
8.341	0.0229
8.347	0.0222
8.352	0.0236
8.359	0.0225
8.365	0.022
8.371	0.0203
8.385	0.0209
8.39	0.0215
8.396	0.0214
8.402	0.0225
8.409	0.0222
8.415	0.0209
8.42	0.0243
8.426	0.0207
8.432	0.0212
8.438	0.0212
8.443	0.0206
8.449	0.0203
8.455	0.0211
8.46	0.0212
8.466	0.0213
8.472	0.0217
8.478	0.0215
8.484	0.0214
8.489	0.0205
8.496	0.0204
8.501	0.0224
8.507	0.0204
8.513	0.0208
8.519	0.023
8.525	0.0201
8.53	0.0201
8.536	0.0199
8.542	0.0191
8.547	0.0202
8.553	0.0204
8.56	0.0195
8.565	0.0193
8.572	0.0203
8.578	0.022
8.583	0.02
8.589	0.0197
8.595	0.0194
8.601	0.0192
8.606	0.0192
8.612	0.0223
8.619	0.0183
8.633	0.0205
8.639	0.0191
8.645	0.0197
8.651	0.0187
8.657	0.019
8.662	0.0194
8.668	0.0196
8.675	0.0197
8.681	0.0201
8.687	0.0186
8.693	0.0209
8.698	0.0214
8.704	0.0207
8.71	0.0186
8.725	0.0193
8.732	0.0196
8.738	0.0206
8.744	0.0208
8.75	0.02
8.755	0.0185
8.762	0.0183
8.769	0.0188
8.774	0.019
8.78	0.0184
8.786	0.0191
8.792	0.0179
8.805	0.0148
8.811	0.0146
8.816	0.0142
8.822	0.0145
8.828	0.0147
8.834	0.0145
8.84	0.0153
8.845	0.0147
8.851	0.0136
8.858	0.0145
8.863	0.0146
8.87	0.0139
8.884	0.0142
8.89	0.0147
8.896	0.0171
8.902	0.0138
8.907	0.0154
8.913	0.0137
8.919	0.0134
8.925	0.0144
8.93	0.014
8.936	0.0144
8.942	0.0147
8.949	0.0142
8.955	0.0135
8.962	0.0131
8.968	0.0142
8.974	0.0147
8.979	0.015
8.986	0.015
8.991	0.0139
8.997	0.014
9.003	0.0136
9.008	0.0149
9.014	0.0145
9.02	0.0138
9.027	0.0139
9.033	0.0138
9.039	0.0132
9.045	0.0141
9.05	0.0134
9.056	0.0132
9.062	0.0128
9.068	0.0144
9.074	0.0137
9.08	0.0127
9.086	0.0128
9.092	0.013
9.098	0.0139
9.104	0.0138
9.11	0.0129
9.116	0.014
9.121	0.0132
9.134	0.0146
9.139	0.0135
9.145	0.0134
9.151	0.0143
9.157	0.0138
9.164	0.0146
9.17	0.0128
9.175	0.0133
9.182	0.0132
9.187	0.013
9.193	0.0145
9.199	0.0134
9.205	0.0128
9.211	0.013
9.225	0.0126
9.232	0.013
9.238	0.0122
9.245	0.0127
9.251	0.0136
9.256	0.0132
9.262	0.0143
9.268	0.0142
9.274	0.0133
9.28	0.0131
9.286	0.0141
9.292	0.0136
9.305	0.0103
9.31	0.0099
9.316	0.0105
9.322	0.0113
9.328	0.0101
9.333	0.0106
9.339	0.0101
9.345	0.0098
9.351	0.0109
9.357	0.0105
9.363	0.0103
9.369	0.0105
9.385	0.0099
9.391	0.0102
9.398	0.0095
9.405	0.0096
9.412	0.0102
9.419	0.0097
9.425	0.0101
9.43	0.0106
9.436	0.0094
9.442	0.0096
9.447	0.0099
9.453	0.0092
9.459	0.0094
9.465	0.0101
9.471	0.01
9.477	0.0102
9.484	0.0096
9.49	0.0106
9.495	0.0101
9.503	0.0096
9.508	0.0096
9.514	0.0101
9.52	0.0102
9.525	0.0101
9.531	0.01
9.537	0.0094
9.543	0.0103
9.549	0.01
9.555	0.0103
9.561	0.0093
9.566	0.0093
9.572	0.0095
9.578	0.01
9.584	0.0103
9.59	0.0096
9.595	0.0098
9.601	0.0094
9.607	0.0094
9.612	0.0091
9.618	0.0099
9.624	0.0095
9.636	0.0095
9.643	0.009
9.649	0.0093
9.654	0.0098
9.66	0.0096
9.666	0.0104
9.672	0.0103
9.678	0.0092
9.684	0.0099
9.69	0.0092
9.696	0.0095
9.701	0.0102
9.707	0.0089
9.714	0.0092
9.726	0.0096
9.734	0.0092
9.739	0.0097
9.745	0.0089
9.751	0.0091
9.758	0.0099
9.764	0.0098
9.77	0.0087
9.776	0.0097
9.782	0.0092
9.788	0.01
9.793	0.0097
9.806	0.0074
9.813	0.0075
9.82	0.0075
9.827	0.0079
9.833	0.0082
9.839	0.0074
9.845	0.007
9.851	0.0074
9.857	0.0083
9.863	0.0075
9.869	0.0075
9.875	0.0074
9.888	0.0073
9.894	0.007
9.899	0.0075
9.906	0.0077
9.911	0.007
9.917	0.0071
9.924	0.0075
9.929	0.007
9.935	0.0074
9.941	0.0072
9.946	0.0075
9.952	0.0074
9.958	0.0073
9.964	0.0072
9.97	0.0077
9.976	0.0074
9.981	0.0079
9.987	0.0071
9.994	0.0065
9.999	0.0078
10.01	0.0074
10.01	0.007
10.02	0.0072
10.02	0.0075
10.03	0.0077
10.04	0.0076
10.04	0.0075
10.05	0.0069
10.05	0.0065
10.06	0.0074
10.07	0.0071
10.07	0.0078
10.08	0.0076
10.08	0.0071
10.09	0.0077
10.1	0.0077
10.1	0.0072
10.11	0.0069
10.11	0.0069
10.12	0.0069
10.13	0.0072
10.14	0.0069
10.14	0.0066
10.15	0.0071
10.16	0.0073
10.16	0.0068
10.17	0.007
10.17	0.0073
10.18	0.0076
10.19	0.0074
10.19	0.0067
10.2	0.0067
10.2	0.007
10.21	0.007
10.23	0.0072
10.23	0.007
10.24	0.0074
10.24	0.0074
10.25	0.0076
10.26	0.007
10.26	0.0069
10.27	0.0068
10.27	0.0071
10.28	0.0074
10.29	0.0073
10.29	0.0072
10.31	0.006
10.31	0.0057
10.32	0.0056
10.32	0.0054
10.33	0.0051
10.34	0.0055
10.34	0.0058
10.35	0.0057
10.35	0.0056
10.36	0.0057
10.37	0.0054
10.37	0.0061
10.38	0.006
10.39	0.0055
10.4	0.0055
10.4	0.0057
10.41	0.0058
10.41	0.0058
10.42	0.0055
10.42	0.0054
10.43	0.0051
10.44	0.0059
10.44	0.0059
10.45	0.0054
10.45	0.0062
10.46	0.0053
10.47	0.0054
10.47	0.0057
10.48	0.006
10.49	0.0058
10.49	0.0059
10.5	0.006
10.51	0.0063
10.51	0.0059
10.52	0.0057
10.52	0.0057
10.53	0.0053
10.54	0.0058
10.55	0.0058
10.55	0.0056
10.56	0.0054
10.56	0.0061
10.57	0.0051
10.57	0.0052
10.58	0.0056
10.59	0.0055
10.59	0.0051
10.6	0.0054
10.6	0.0057
10.61	0.0059
10.62	0.0058
10.62	0.0054
10.63	0.006
10.64	0.0056
10.65	0.0057
10.65	0.0055
10.66	0.0062
10.67	0.0053
10.67	0.0056
10.68	0.0057
10.68	0.0056
10.69	0.0056
10.7	0.0057
10.7	0.0056
10.71	0.0053
10.71	0.005
10.73	0.0053
10.73	0.0055
10.74	0.0058
10.74	0.0056
10.75	0.0054
10.76	0.0062
10.76	0.0054
10.77	0.0055
10.78	0.0054
10.78	0.0055
10.79	0.0057
10.79	0.0055
10.81	0.0043
10.81	0.0048
10.82	0.0047
10.82	0.0045
10.83	0.0051
10.84	0.0044
10.84	0.0047
10.85	0.0047
10.85	0.0045
10.86	0.0046
10.86	0.0043
10.87	0.0045
10.88	0.0045
10.89	0.0043
10.9	0.0046
10.9	0.0043
10.91	0.0046
10.91	0.0048
10.92	0.0047
10.93	0.0048
10.93	0.0047
10.94	0.0044
10.94	0.0043
10.95	0.0048
10.95	0.0044
10.96	0.0048
10.97	0.0039
10.97	0.0046
10.98	0.0046
10.98	0.0044
10.99	0.0051
10.99	0.0045
11.	0.0048
11.01	0.0048
11.01	0.0051
11.02	0.0044
11.02	0.0049
11.03	0.0044
11.04	0.0045
11.04	0.0047
11.05	0.0045
11.05	0.0049
11.06	0.0043
11.07	0.0044
11.07	0.0046
11.08	0.0051
11.08	0.0043
11.09	0.0045
11.1	0.0041
11.1	0.0044
11.11	0.0046
11.11	0.0044
11.12	0.0042
11.13	0.0048
11.14	0.0044
11.15	0.0045
11.15	0.0042
11.16	0.0045
11.16	0.0048
11.17	0.0042
11.17	0.0048
11.18	0.0047
11.19	0.0045
11.19	0.0045
11.2	0.0043
11.21	0.0046
11.21	0.0045
11.22	0.0044
11.23	0.0042
11.23	0.0045
11.24	0.0044
11.25	0.0042
11.25	0.0044
11.26	0.004
11.27	0.0046
11.27	0.0047
11.28	0.0051
11.28	0.0041
11.29	0.0048
11.29	0.0045
11.31	0.0035
11.31	0.0037
11.32	0.0038
11.32	0.0036
11.33	0.004
11.34	0.0035
11.34	0.0038
11.35	0.0032
11.35	0.0037
11.36	0.0035
11.36	0.0037
11.37	0.0037
11.38	0.0035
11.39	0.0037
11.4	0.0038
11.4	0.0035
11.41	0.0036
11.42	0.0041
11.42	0.004
11.43	0.0037
11.43	0.0034
11.44	0.0037
11.45	0.0036
11.45	0.0039
11.46	0.0038
11.47	0.0038
11.47	0.0041
11.48	0.0034
11.48	0.0032
11.49	0.0037
11.5	0.004
11.5	0.0037
11.51	0.004
11.51	0.004
11.52	0.0037
11.52	0.0039
11.53	0.004
11.54	0.0035
11.54	0.0034
11.55	0.0039
11.55	0.0037
11.56	0.0038
11.57	0.0038
11.57	0.0036
11.58	0.0036
11.58	0.0038
11.59	0.004
11.59	0.0035
11.6	0.0035
11.61	0.0034
11.61	0.0042
11.62	0.0036
11.62	0.0036
11.63	0.004
11.64	0.0034
11.65	0.0037
11.65	0.0042
11.66	0.0036
11.67	0.004
11.67	0.0039
11.68	0.0037
11.68	0.0036
11.69	0.0037
11.7	0.0039
11.7	0.0036
11.71	0.0035
11.71	0.0036
11.73	0.0039
11.74	0.0039
11.74	0.0034
11.75	0.0033
11.75	0.0036
11.76	0.004
11.77	0.0037
11.77	0.0035
11.78	0.0037
11.78	0.0039
11.79	0.0035
11.79	0.0039
11.81	0.0031
11.81	0.0032
11.82	0.003
11.83	0.003
11.83	0.003
11.84	0.0031
11.85	0.0031
11.85	0.0034
11.86	0.0028
11.86	0.0032
11.87	0.0031
11.87	0.0031
11.88	0.0033
11.89	0.0025
11.9	0.0033
11.9	0.0032
11.91	0.0033
11.92	0.0034
11.92	0.003
11.93	0.0028
11.93	0.0032
11.94	0.0031
11.95	0.003
11.95	0.0033
11.96	0.003
11.96	0.0033
11.97	0.0035
11.97	0.003
11.98	0.0034
11.99	0.0029
11.99	0.0033
12.	0.0028
12.	0.0029
12.01	0.0028
12.02	0.0029
12.02	0.0033
12.03	0.0038
12.03	0.0033
12.04	0.0032
12.05	0.003
12.05	0.0028
12.06	0.0032
12.06	0.0034
12.07	0.003
12.07	0.0034
12.08	0.0031
12.09	0.0029
12.09	0.0031
12.1	0.0035
12.1	0.0031
12.11	0.0028
12.12	0.0031
12.12	0.0032
12.13	0.0033
12.14	0.0031
12.15	0.0031
12.15	0.0034
12.16	0.0028
12.17	0.0032
12.17	0.0027
12.18	0.0036
12.18	0.003
12.19	0.0034
12.2	0.003
12.2	0.0032
12.21	0.0031
12.21	0.0031
12.22	0.003
12.23	0.0031
12.24	0.0029
12.25	0.003
12.25	0.0029
12.26	0.0034
12.26	0.0026
12.27	0.0032
12.27	0.0032
12.28	0.0031
12.29	0.0029
12.29	0.0034
12.3	0.0032
12.31	0.0025
12.32	0.0027
12.32	0.0026
12.33	0.0031
12.33	0.003
12.34	0.0032
12.35	0.0028
12.35	0.0026
12.36	0.0028
12.36	0.003
12.37	0.0028
12.38	0.0027
12.38	0.0027
12.39	0.0028
12.4	0.0027
12.41	0.0028
12.41	0.0031
12.42	0.0028
12.43	0.0026
12.43	0.003
12.44	0.0027
12.44	0.0031
12.45	0.0031
12.46	0.0025
12.46	0.0029
12.47	0.0029
12.47	0.0026
12.48	0.0025
12.49	0.0028
12.49	0.0029
12.5	0.0025
12.51	0.0029
12.51	0.003
12.52	0.0026
12.52	0.0025
12.53	0.0032
12.54	0.0028
12.54	0.0027
12.55	0.0026
12.55	0.0026
12.56	0.0026
12.57	0.0029
12.57	0.0028
12.58	0.0025
12.58	0.0026
12.59	0.0028
12.6	0.0028
12.6	0.0028
12.61	0.0034
12.61	0.0026
12.62	0.0029
12.62	0.0028
12.63	0.0028
12.64	0.0027
12.65	0.0026
12.65	0.0029
12.66	0.0031
12.67	0.0027
12.67	0.0028
12.68	0.0027
12.68	0.0027
12.69	0.0027
12.7	0.0027
12.7	0.0029
12.71	0.0025
12.71	0.0025
12.72	0.003
12.73	0.0025
12.74	0.0029
12.75	0.0027
12.75	0.0026
12.76	0.003
12.76	0.0025
12.77	0.0027
12.78	0.0028
12.78	0.0026
12.79	0.0028
12.79	0.0027
12.8	0.0027
12.81	0.0023
12.82	0.0024
12.82	0.0028
12.83	0.0024
12.83	0.0025
12.84	0.0028
12.85	0.0038
12.85	0.0027
12.86	0.0022
12.86	0.0023
12.87	0.0027
12.88	0.0025
12.88	0.0028
12.9	0.0019
12.9	0.0025
12.91	0.0024
12.91	0.0024
12.92	0.0029
12.93	0.0028
12.93	0.0023
12.94	0.0024
12.95	0.0022
12.95	0.0024
12.96	0.0022
12.96	0.0027
12.97	0.0023
12.98	0.0025
12.98	0.0025
12.99	0.0024
12.99	0.0026
13.	0.0025
13.	0.0023
13.01	0.0026
13.02	0.0025
13.02	0.0026
13.03	0.0026
13.04	0.0024
13.04	0.0022
13.05	0.0026
13.05	0.0027
13.06	0.0025
13.06	0.0024
13.07	0.0022
13.08	0.0022
13.08	0.0024
13.09	0.0024
13.1	0.0021
13.1	0.0025
13.11	0.0024
13.11	0.0026
13.12	0.0023
13.13	0.0027
13.13	0.0027
13.14	0.0026
13.15	0.0026
13.16	0.0028
13.16	0.0029
13.17	0.0024
13.17	0.0024
13.18	0.0023
13.18	0.0024
13.19	0.0025
13.2	0.0023
13.2	0.0028
13.21	0.0026
13.21	0.0022
13.22	0.0024
13.23	0.0024
13.24	0.0027
13.25	0.0026
13.25	0.0026
13.26	0.0027
13.26	0.0028
13.27	0.0024
13.27	0.0025
13.28	0.003
13.29	0.0026
13.29	0.0027
13.3	0.0026
13.31	0.0023
13.32	0.0022
13.33	0.0026
13.33	0.0023
13.34	0.0021
13.34	0.0025
13.35	0.0023
13.35	0.0019
13.36	0.0019
13.37	0.0023
13.37	0.0024
13.38	0.0024
13.38	0.0024
13.4	0.0021
13.4	0.0026
13.41	0.0024
13.41	0.0027
13.42	0.0021
13.43	0.0023
13.43	0.0023
13.44	0.0022
13.45	0.0029
13.45	0.0024
13.46	0.0025
13.46	0.0021
13.47	0.0023
13.48	0.0022
13.48	0.0024
13.49	0.0021
13.5	0.0024
13.5	0.0023
13.51	0.0026
13.51	0.0022
13.52	0.0023
13.53	0.0026
13.53	0.0022
13.54	0.0027
13.54	0.0019
13.55	0.002
13.55	0.0023
13.56	0.0022
13.57	0.0022
13.57	0.0025
13.58	0.0026
13.58	0.0024
13.59	0.0024
13.59	0.0025
13.6	0.0022
13.61	0.0023
13.61	0.0023
13.62	0.0022
13.62	0.0025
13.63	0.0025
13.64	0.0021
13.65	0.0026
13.65	0.0019
13.66	0.0021
13.67	0.0025
13.67	0.0024
13.68	0.0022
13.68	0.0024
13.69	0.0023
13.7	0.0023
13.7	0.0024
13.71	0.0021
13.71	0.0022
13.72	0.0024
13.73	0.0019
13.74	0.0025
13.75	0.0026
13.75	0.0024
13.76	0.0025
13.76	0.0024
13.77	0.0019
13.78	0.0022
13.78	0.0019
13.79	0.0022
13.8	0.0021
13.81	0.002
13.82	0.0023
13.82	0.002
13.83	0.002
13.84	0.002
13.84	0.0025
13.85	0.0026
13.85	0.0019
13.86	0.0022
13.87	0.0023
13.87	0.0021
13.88	0.0021
13.88	0.0019
13.9	0.0018
13.9	0.0022
13.91	0.0022
13.91	0.0021
13.92	0.0021
13.93	0.0022
13.93	0.0019
13.94	0.002
13.94	0.0021
13.95	0.0023
13.95	0.0023
13.96	0.002
13.97	0.0025
13.97	0.0022
13.98	0.0023
13.98	0.0019
13.99	0.0021
14.	0.0023
14.	0.0017
14.01	0.002
14.01	0.0022
14.02	0.002
14.03	0.0019
14.03	0.002
14.04	0.0024
14.05	0.0022
14.05	0.0024
14.06	0.0021
14.06	0.0019
14.07	0.0021
14.07	0.002
14.08	0.002
14.09	0.0021
14.09	0.0021
14.1	0.0021
14.1	0.0022
14.11	0.0025
14.12	0.0022
14.12	0.0021
14.13	0.002
14.14	0.0023
14.15	0.0021
14.15	0.0021
14.16	0.002
14.17	0.002
14.17	0.0021
14.18	0.002
14.18	0.0017
14.19	0.002
14.2	0.0019
14.2	0.0021
14.21	0.0022
14.21	0.0023
14.22	0.0024
14.23	0.0022
14.24	0.0022
14.24	0.0021
14.25	0.0024
14.26	0.0019
14.26	0.0019
14.27	0.0026
14.27	0.0019
14.28	0.002
14.29	0.0019
14.29	0.0024
14.3	0.0019
14.31	0.0019
14.32	0.0021
14.32	0.0018
14.33	0.0017
14.34	0.0024
14.34	0.0021
14.35	0.002
14.35	0.0021
14.36	0.0018
14.36	0.0021
14.37	0.0018
14.38	0.0017
14.38	0.0021
14.4	0.002
14.4	0.002
14.41	0.0022
14.41	0.0021
14.42	0.0022
14.43	0.002
14.43	0.0018
14.44	0.0021
14.44	0.0021
14.45	0.0019
14.46	0.0024
14.46	0.0021
14.47	0.002
14.47	0.0023
14.48	0.0019
14.49	0.0021
14.49	0.0023
14.5	0.0021
14.5	0.002
14.51	0.002
14.52	0.0017
14.52	0.0019
14.53	0.0019
14.53	0.0022
14.54	0.0024
14.55	0.002
14.55	0.0024
14.56	0.0021
14.57	0.002
14.57	0.0023
14.58	0.0022
14.58	0.0023
14.59	0.0022
14.6	0.0023
14.6	0.002
14.61	0.002
14.61	0.0019
14.62	0.002
14.62	0.0024
14.63	0.0024
14.64	0.0021
14.65	0.0023
14.65	0.0022
14.66	0.0023
14.67	0.0022
14.67	0.0018
14.68	0.0021
14.68	0.0023
14.69	0.002
14.7	0.0023
14.7	0.0022
14.71	0.0019
14.71	0.0022
14.72	0.0021
14.73	0.0018
14.74	0.0017
14.75	0.0026
14.75	0.0023
14.76	0.0027
14.76	0.0018
14.77	0.0022
14.77	0.0022
14.78	0.0017
14.79	0.002
14.79	0.0026
14.8	0.0019
14.81	0.0021
14.82	0.0021
14.82	0.002
14.83	0.002
14.84	0.0022
14.84	0.0019
14.85	0.0021
14.86	0.0019
14.86	0.0019
14.87	0.0017
14.88	0.0018
14.88	0.0017
14.89	0.0021
14.9	0.002
14.91	0.0019
14.91	0.0016
14.92	0.002
14.93	0.0019
14.93	0.0019
14.94	0.0021
14.94	0.002
14.95	0.0019
14.96	0.0018
14.96	0.0018
14.97	0.0015
14.97	0.0021
14.98	0.0018
14.98	0.0019
14.99	0.0019
15.	0.0019
15.	0.0018
15.01	0.0018
15.01	0.0019
15.02	0.0016
15.03	0.0022
15.03	0.0018
15.04	0.0022
15.04	0.0021
15.05	0.0018
15.05	0.002
15.06	0.002
15.07	0.0024
15.07	0.0022
15.08	0.0021
15.08	0.0019
15.09	0.0023
15.1	0.0022
15.1	0.002
15.11	0.002
15.11	0.0019
15.12	0.002
15.13	0.0021
15.14	0.0016
15.15	0.0019
15.16	0.0021
15.16	0.0019
15.17	0.0019
15.18	0.0019
15.18	0.002
15.19	0.0023
15.19	0.0023
15.2	0.0022
15.2	0.002
15.21	0.0022
15.22	0.002
15.22	0.0021
15.24	0.002
15.24	0.002
15.25	0.0023
15.26	0.0019
15.26	0.0021
15.27	0.0023
15.27	0.0024
15.28	0.0019
15.29	0.002
15.29	0.0023
15.3	0.002
15.31	0.0019
15.32	0.0018
15.33	0.0017
15.33	0.0018
15.34	0.0019
15.34	0.0019
15.35	0.002
15.36	0.0014
15.36	0.002
15.37	0.0017
15.37	0.0016
15.38	0.0018
15.38	0.002
15.39	0.002
15.4	0.0015
15.41	0.0016
15.42	0.0023
15.42	0.002
15.43	0.002
15.43	0.0017
15.44	0.0018
15.44	0.0021
15.45	0.0017
15.46	0.0019
15.46	0.0021
15.47	0.0018
15.47	0.0022
15.48	0.0021
15.49	0.0018
15.49	0.0018
15.5	0.002
15.5	0.0018
15.51	0.0018
15.51	0.0021
15.52	0.0017
15.53	0.0015
15.53	0.0021
15.54	0.0014
15.54	0.0022
15.55	0.002
15.55	0.002
15.56	0.0023
15.57	0.0021
15.57	0.0021
15.58	0.0018
15.58	0.002
15.59	0.002
15.6	0.0017
15.6	0.002
15.61	0.0017
15.61	0.0021
15.62	0.002
15.63	0.0019
15.63	0.0017
15.65	0.0018
15.65	0.002
15.66	0.0022
15.66	0.0019
15.67	0.0021
15.68	0.0021
15.68	0.0022
15.69	0.0016
15.69	0.0019
15.7	0.0019
15.71	0.0019
15.71	0.0017
15.72	0.0021
15.72	0.0021
15.74	0.0017
15.74	0.0022
15.75	0.0022
15.75	0.002
15.76	0.002
15.76	0.0023
15.77	0.0021
15.78	0.0025
15.78	0.002
15.79	0.002
15.8	0.0023
15.8	0.0021
15.81	0.0018
15.82	0.0016
15.83	0.0022
15.83	0.0018
15.84	0.0018
15.84	0.0021
15.85	0.002
15.86	0.002
15.86	0.0022
15.87	0.0019
15.87	0.0023
15.88	0.0018
15.89	0.0018
15.89	0.002
15.9	0.002
15.91	0.002
15.92	0.0019
15.92	0.0022
15.93	0.0016
15.93	0.0021
15.94	0.0019
15.95	0.0018
15.95	0.0018
15.96	0.0019
15.97	0.0018
15.97	0.0019
15.98	0.0016
15.98	0.0021
15.99	0.0022
16.	0.0018
16.	0.002
16.01	0.002
16.01	0.0018
16.02	0.0016
16.03	0.0021
16.03	0.0015
16.04	0.0021
16.05	0.0015
16.05	0.0016
16.06	0.002
16.06	0.0015
16.07	0.0018
16.08	0.0019
16.08	0.0018
16.09	0.0023
16.09	0.0019
16.1	0.0023
16.1	0.0021
16.11	0.0018
16.12	0.0019
16.12	0.0021
16.13	0.002
16.13	0.0019
16.15	0.0021
16.15	0.0019
16.16	0.0019
16.17	0.0019
16.17	0.0022
16.18	0.0018
16.18	0.0018
16.19	0.0022
16.2	0.0022
16.2	0.0021
16.21	0.0021
16.21	0.0017
16.22	0.0021
16.23	0.0018
16.24	0.0016
16.24	0.0017
16.25	0.0022
16.26	0.002
16.26	0.0019
16.27	0.0019
16.27	0.0018
16.28	0.0018
16.29	0.0023
16.29	0.0016
16.3	0.0023
16.3	0.0018
16.32	0.0021
16.32	0.0019
16.33	0.0018
16.34	0.0017
16.34	0.002
16.35	0.0023
16.35	0.0021
16.36	0.0016
16.37	0.0021
16.37	0.0017
16.38	0.0021
16.38	0.0022
16.39	0.0017
16.4	0.0013
16.41	0.0019
16.42	0.0018
16.42	0.0019
16.43	0.0018
16.43	0.0019
16.44	0.0016
16.44	0.002
16.45	0.0019
16.46	0.0023
16.46	0.0021
16.47	0.0017
16.47	0.0017
16.48	0.0018
16.49	0.0023
16.49	0.0021
16.5	0.0017
16.5	0.0021
16.51	0.002
16.51	0.002
16.52	0.0017
16.53	0.0019
16.53	0.0018
16.54	0.0018
16.54	0.0023
16.55	0.0019
16.55	0.002
16.56	0.0022
16.57	0.0016
16.57	0.0023
16.58	0.0021
16.58	0.0018
16.59	0.0018
16.6	0.0012
16.6	0.0018
16.61	0.0021
16.61	0.0022
16.62	0.0019
16.63	0.0018
16.63	0.0023
16.64	0.0018
16.65	0.0023
16.66	0.0019
16.66	0.0017
16.67	0.002
16.67	0.0021
16.68	0.002
16.68	0.002
16.69	0.002
16.7	0.0018
16.7	0.0017
16.71	0.0017
16.71	0.0019
16.72	0.0021
16.73	0.0018
16.74	0.002
16.74	0.0018
16.75	0.0021
16.76	0.0018
16.76	0.0021
16.77	0.0019
16.77	0.0018
16.78	0.002
16.78	0.0021
16.79	0.0016
16.8	0.0021
16.8	0.0019
16.82	0.0019
16.82	0.0017
16.83	0.0017
16.83	0.0018
16.84	0.0019
16.85	0.002
16.85	0.0018
16.86	0.0013
16.86	0.0018
16.87	0.0017
16.88	0.0015
16.88	0.0021
16.89	0.0017
16.89	0.002
16.91	0.0016
16.91	0.0019
16.92	0.0017
16.92	0.002
16.93	0.0018
16.94	0.0017
16.94	0.0019
16.95	0.0017
16.96	0.002
16.96	0.0015
16.97	0.0019
16.97	0.0019
16.98	0.0016
16.98	0.002
16.99	0.0015
17.	0.0017
17.	0.0017
17.01	0.002
17.02	0.0015
17.02	0.0018
17.03	0.0019
17.03	0.002
17.04	0.0019
17.05	0.0018
17.05	0.0018
17.06	0.0017
17.06	0.0019
17.07	0.0018
17.07	0.0017
17.08	0.0021
17.09	0.0016
17.09	0.0015
17.1	0.0019
17.1	0.0017
17.11	0.0021
17.11	0.0018
17.12	0.0017
17.13	0.0016
17.13	0.0019
17.14	0.002
17.15	0.0017
17.16	0.0018
17.16	0.0019
17.17	0.0018
17.18	0.0016
17.18	0.002
17.19	0.0018
17.19	0.002
17.2	0.0018
17.2	0.0017
17.21	0.002
17.22	0.0018
17.22	0.0021
17.23	0.0019
17.24	0.0018
17.25	0.0019
17.25	0.0019
17.26	0.0015
17.26	0.0019
17.27	0.002
17.28	0.0016
17.28	0.002
17.29	0.002
17.29	0.0019
17.3	0.0018
17.31	0.0021
17.32	0.0017
17.33	0.0018
17.33	0.0018
17.34	0.002
17.34	0.0019
17.35	0.0017
17.35	0.0017
17.36	0.0021
17.37	0.0018
17.37	0.0019
17.38	0.002
17.38	0.002
17.39	0.0019
17.41	0.0017
17.41	0.0017
17.42	0.0018
17.42	0.0016
17.43	0.002
17.44	0.0021
17.44	0.0018
17.45	0.0018
17.45	0.0016
17.46	0.0017
17.47	0.0018
17.47	0.0019
17.48	0.002
17.48	0.0016
17.49	0.0023
17.5	0.0021
17.5	0.0018
17.51	0.0022
17.51	0.0018
17.52	0.0018
17.53	0.0018
17.53	0.0021
17.54	0.0018
17.54	0.0018
17.55	0.0019
17.55	0.0017
17.56	0.0018
17.57	0.0019
17.57	0.0019
17.58	0.0017
17.58	0.0019
17.59	0.0018
17.6	0.0021
17.6	0.002
17.61	0.0021
17.61	0.002
17.62	0.002
17.62	0.0015
17.63	0.0016
17.64	0.0018
17.65	0.0016
17.66	0.0017
17.66	0.0016
17.67	0.0017
17.68	0.0019
17.68	0.0017
17.69	0.0019
17.69	0.0019
17.7	0.002
17.71	0.002
17.71	0.002
17.72	0.0019
17.72	0.0019
17.73	0.0016
17.74	0.002
17.75	0.0019
17.75	0.0017
17.76	0.0016
17.77	0.0018
17.77	0.0016
17.78	0.0019
17.78	0.0021
17.79	0.0019
17.8	0.0018
17.8	0.002
17.81	0.0019
17.82	0.0018
17.83	0.0017
17.83	0.0014
17.84	0.0021
17.85	0.0018
17.85	0.002
17.86	0.002
17.86	0.0023
17.87	0.0025
17.88	0.0019
17.88	0.0015
17.89	0.0018
17.89	0.0019
17.91	0.0021
17.91	0.0016
17.92	0.002
17.93	0.0021
17.93	0.0018
17.94	0.002
17.94	0.0019
17.95	0.002
17.95	0.0018
17.96	0.0018
17.97	0.0018
17.97	0.0024
17.98	0.0023
17.98	0.002
17.99	0.0021
18.	0.0018
18.	0.0018
18.01	0.002
18.01	0.002
18.02	0.0022
18.03	0.0014
18.03	0.0019
18.04	0.0016
18.04	0.0018
18.05	0.0018
18.06	0.002
18.06	0.002
18.07	0.0021
18.07	0.0019
18.08	0.002
18.09	0.0018
18.09	0.0019
18.1	0.0019
18.1	0.0016
18.11	0.0016
18.12	0.0018
18.12	0.0017
18.13	0.0019
18.13	0.0015
18.14	0.002
18.15	0.0021
18.16	0.0014
18.17	0.002
18.17	0.0018
18.18	0.0019
18.18	0.002
18.19	0.0018
18.2	0.002
18.2	0.0018
18.21	0.0018
18.21	0.0019
18.22	0.0019
18.23	0.0018
18.23	0.0019
18.25	0.0018
18.25	0.002
18.26	0.0018
18.26	0.0017
18.27	0.0018
18.28	0.002
18.28	0.002
18.29	0.0017
18.29	0.0025
18.3	0.0025
18.3	0.0018
18.31	0.002
18.32	0.0019
18.33	0.0013
18.34	0.002
18.34	0.0019
18.35	0.0018
18.36	0.0018
18.36	0.0017
18.37	0.0019
18.37	0.002
18.38	0.0017
18.39	0.002
18.39	0.0019
18.41	0.0015
18.41	0.0019
18.42	0.0018
18.42	0.0018
18.43	0.0018
18.44	0.0016
18.44	0.0017
18.45	0.0016
18.46	0.002
18.46	0.0017
18.47	0.0016
18.47	0.0019
18.48	0.0018
18.49	0.0018
18.49	0.0021
18.5	0.0019
18.5	0.0018
18.51	0.002
18.51	0.0017
18.52	0.0016
18.53	0.0018
18.53	0.002
18.54	0.0018
18.54	0.0022
18.55	0.0021
18.56	0.0013
18.56	0.0019
18.57	0.0017
18.57	0.0022
18.58	0.0016
18.59	0.0016
18.59	0.002
18.6	0.0016
18.6	0.0019
18.61	0.0018
18.62	0.0019
18.62	0.002
18.63	0.002
18.63	0.0017
18.64	0.0019
18.65	0.0018
18.66	0.0021
18.66	0.002
18.67	0.002
18.68	0.002
18.68	0.002
18.69	0.0017
18.69	0.0019
18.7	0.0019
18.7	0.0017
18.71	0.0022
18.72	0.0022
18.72	0.002
18.73	0.0021
18.74	0.0018
18.75	0.0019
18.76	0.002
18.76	0.0018
18.77	0.002
18.77	0.0023
18.78	0.0021
18.79	0.002
18.79	0.0019
18.8	0.0018
18.8	0.002
18.81	0.0022
18.82	0.0017
18.83	0.0017
18.83	0.0017
18.84	0.0015
18.85	0.0018
18.85	0.0016
18.86	0.0015
18.86	0.0018
18.87	0.0014
18.87	0.0019
18.88	0.0017
18.89	0.0021
18.89	0.0019
18.91	0.0013
18.91	0.002
18.92	0.002
18.93	0.0019
18.93	0.0021
18.94	0.0019
18.94	0.0017
18.95	0.0016
18.96	0.002
18.96	0.0022
18.97	0.0017
18.98	0.0018
18.98	0.0019
18.99	0.0017
19.	0.0017
19.	0.0019
19.01	0.0021
19.01	0.0015
19.02	0.002
19.02	0.0016
19.03	0.0017
19.04	0.0022
19.04	0.0019
19.05	0.0022
19.06	0.002
19.06	0.002
19.07	0.0019
19.07	0.0018
19.08	0.0022
19.09	0.0019
19.09	0.0023
19.1	0.0019
19.1	0.0018
19.11	0.0017
19.12	0.0021
19.12	0.0021
19.13	0.0018
19.13	0.0017
19.14	0.0019
19.15	0.0022
19.16	0.002
19.16	0.0017
19.17	0.0019
19.17	0.002
19.18	0.0018
19.19	0.002
19.19	0.0021
19.2	0.0023
19.2	0.002
19.21	0.0017
19.22	0.0021
19.22	0.0023
19.23	0.002
19.24	0.0021
19.25	0.0022
19.25	0.0022
19.26	0.002
19.27	0.002
19.27	0.0019
19.28	0.0022
19.28	0.0021
19.29	0.0022
19.3	0.0023
19.3	0.0023
19.31	0.0023
19.31	0.002
19.32	0.002
19.33	0.002
19.34	0.002
19.34	0.0023
19.35	0.002
19.36	0.0018
19.36	0.0023
19.37	0.0023
19.38	0.002
19.38	0.0021
19.39	0.0025
19.4	0.002
19.41	0.0026
19.41	0.0021
19.42	0.002
19.43	0.0024
19.43	0.0021
19.44	0.0021
19.44	0.0024
19.45	0.002
19.45	0.0022
19.46	0.0018
19.47	0.0022
19.47	0.0019
19.48	0.0023
19.48	0.002
19.49	0.002
19.5	0.002
19.5	0.0018
19.51	0.0019
19.51	0.0024
19.52	0.0025
19.52	0.0017
19.53	0.0021
19.54	0.0022
19.54	0.0019
19.55	0.002
19.55	0.0019
19.56	0.0017
19.57	0.0019
19.57	0.0022
19.58	0.0019
19.58	0.0021
19.59	0.0022
19.6	0.0023
19.6	0.002
19.61	0.0025
19.62	0.0022
19.62	0.0023
19.63	0.0016
19.63	0.0021
19.64	0.0019
19.65	0.0021
19.66	0.0024
19.67	0.0021
19.67	0.0017
19.68	0.002
19.69	0.0022
19.69	0.0024
19.7	0.0025
19.7	0.0025
19.71	0.002
19.72	0.0023
19.72	0.0025
19.73	0.0023
19.73	0.0022
19.75	0.0019
19.75	0.0022
19.76	0.0022
19.76	0.0023
19.77	0.0019
19.78	0.0023
19.78	0.0022
19.79	0.0025
19.79	0.0022
19.8	0.0024
19.8	0.0022
19.81	0.0024
19.83	0.002
19.83	0.0022
19.84	0.002
19.84	0.0022
19.85	0.002
19.86	0.002
19.86	0.0024
19.87	0.0019
19.87	0.002
19.88	0.0022
19.89	0.0022
19.89	0.0024
19.9	0.0022
19.91	0.0023
19.91	0.0019
19.92	0.0021
19.93	0.0021
19.93	0.0019
19.94	0.0026
19.94	0.0025
19.95	0.0026
19.96	0.0021
19.96	0.0025
19.97	0.0023
19.97	0.0023
19.98	0.0026
19.99	0.0023
19.99	0.0024
20.	0.0021
20.01	0.0027
20.01	0.0023
20.02	0.0024
20.02	0.0028
20.03	0.002
20.04	0.0023
20.04	0.0023
20.05	0.0023
20.05	0.0026
20.06	0.0024
20.06	0.0024
20.07	0.0025
20.08	0.0022
20.08	0.0026
20.09	0.0023
20.09	0.0022
20.1	0.0027
20.1	0.0028
20.11	0.0025
20.12	0.0025
20.12	0.0022
20.13	0.0025
20.13	0.0023
20.14	0.0024
20.15	0.0024
20.16	0.0023
20.16	0.0025
20.17	0.002
20.17	0.0024
20.18	0.0026
20.19	0.0026
20.19	0.0027
20.2	0.0024
20.2	0.0027
20.21	0.0028
20.22	0.0027
20.22	0.0025
20.23	0.0028
20.23	0.0027
20.25	0.0024
20.25	0.0028
20.26	0.003
20.26	0.0028
20.27	0.0026
20.28	0.0029
20.28	0.0026
20.29	0.0029
20.3	0.0031
20.3	0.0025
20.31	0.003
20.31	0.0025
20.33	0.0023
20.33	0.0025
20.34	0.0028
20.35	0.0023
20.35	0.0023
20.36	0.0026
20.36	0.0023
20.37	0.003
20.38	0.0028
20.38	0.0025
20.39	0.0023
20.39	0.0025
20.4	0.0026
20.41	0.0025
20.42	0.0023
20.42	0.0026
20.43	0.0027
20.44	0.0024
20.44	0.0025
20.45	0.0025
20.45	0.0024
20.46	0.0028
20.47	0.0024
20.47	0.0025
20.48	0.0026
20.48	0.0026
20.49	0.0024
20.49	0.0029
20.5	0.003
20.51	0.0027
20.51	0.0029
20.52	0.0028
20.52	0.0027
20.53	0.0027
20.54	0.0026
20.54	0.0024
20.55	0.003
20.56	0.0027
20.56	0.0027
20.57	0.0027
20.57	0.0028
20.58	0.003
20.59	0.0028
20.59	0.0029
20.6	0.0028
20.6	0.0027
20.61	0.0026
20.62	0.0031
20.62	0.003
20.63	0.0028
20.64	0.0028
20.64	0.0034
20.65	0.003
20.66	0.0029
20.67	0.003
20.67	0.0031
20.68	0.0029
20.69	0.0032
20.69	0.0031
20.7	0.0027
20.7	0.0028
20.71	0.0035
20.72	0.0028
20.72	0.0027
20.73	0.0037
20.73	0.0032
20.75	0.0026
20.75	0.0033
20.76	0.0029
20.76	0.003
20.77	0.0034
20.78	0.003
20.78	0.0035
20.79	0.0032
20.8	0.0033
20.8	0.0032
20.81	0.0031
20.81	0.0032
20.83	0.0024
20.83	0.0025
20.84	0.0027
20.84	0.0027
20.85	0.0032
20.86	0.003
20.86	0.0028
20.87	0.0027
20.87	0.0029
20.88	0.0027
20.89	0.0032
20.89	0.003
20.9	0.003
20.91	0.0028
20.92	0.0029
20.93	0.0028
20.93	0.0033
20.94	0.0028
20.94	0.0034
20.95	0.0032
20.95	0.0034
20.96	0.0034
20.97	0.0037
20.97	0.0031
20.98	0.0031
20.99	0.0029
20.99	0.0028
21.	0.0038
21.	0.0033
21.01	0.0032
21.02	0.0031
21.02	0.0029
21.03	0.0034
21.03	0.0031
21.04	0.0033
21.05	0.0034
21.05	0.0032
21.06	0.0031
21.06	0.0036
21.07	0.0034
21.08	0.0034
21.08	0.0034
21.09	0.0038
21.09	0.0032
21.1	0.0033
21.11	0.0032
21.11	0.0038
21.12	0.0034
21.13	0.0036
21.13	0.0038
21.14	0.0035
21.14	0.0035
21.16	0.0037
21.16	0.0035
21.17	0.0036
21.17	0.0036
21.18	0.0041
21.19	0.0034
21.19	0.0038
21.2	0.0038
21.2	0.0043
21.21	0.0042
21.22	0.0041
21.22	0.0039
21.23	0.0037
21.23	0.0038
21.25	0.0038
21.25	0.0041
21.26	0.0039
21.26	0.0037
21.27	0.0041
21.27	0.0036
21.28	0.004
21.29	0.004
21.29	0.0041
21.3	0.0043
21.3	0.0037
21.31	0.0042
21.32	0.004
21.33	0.0035
21.33	0.0033
21.34	0.0042
21.35	0.0036
21.35	0.0036
21.36	0.0033
21.36	0.0037
21.37	0.0035
21.38	0.0037
21.38	0.0038
21.39	0.0035
21.39	0.0036
21.4	0.0036
21.41	0.0036
21.42	0.0036
21.43	0.004
21.43	0.0038
21.44	0.0038
21.44	0.004
21.45	0.004
21.45	0.0042
21.46	0.004
21.47	0.0041
21.47	0.0042
21.48	0.0038
21.48	0.0045
21.49	0.0045
21.5	0.0041
21.5	0.0043
21.51	0.0038
21.51	0.0042
21.52	0.0039
21.52	0.0046
21.53	0.0043
21.54	0.0044
21.54	0.0045
21.55	0.0039
21.55	0.0045
21.56	0.0047
21.57	0.0044
21.57	0.0048
21.58	0.0045
21.58	0.0042
21.59	0.0043
21.6	0.0043
21.6	0.0046
21.61	0.005
21.61	0.0047
21.62	0.0047
21.62	0.0046
21.63	0.0048
21.64	0.0048
21.64	0.0048
21.66	0.0047
21.66	0.0048
21.67	0.0047
21.67	0.0049
21.68	0.0051
21.69	0.0051
21.69	0.005
21.7	0.0051
21.7	0.005
21.71	0.0054
21.72	0.0047
21.72	0.005
21.73	0.005
21.74	0.0051
21.75	0.0047
21.76	0.0052
21.76	0.0054
21.77	0.0049
21.77	0.0055
21.78	0.0055
21.79	0.0056
21.79	0.0059
21.8	0.0055
21.81	0.006
21.81	0.006
21.82	0.006
21.83	0.0049
21.84	0.0048
21.84	0.0051
21.85	0.005
21.86	0.005
21.86	0.005
21.87	0.0051
21.87	0.005
21.88	0.0053
21.89	0.005
21.89	0.0051
21.9	0.0049
21.9	0.0051
21.92	0.0052
21.92	0.0053
21.93	0.0051
21.93	0.0049
21.94	0.0052
21.94	0.0053
21.95	0.0052
21.96	0.0059
21.96	0.0053
21.97	0.0056
21.97	0.0054
21.98	0.0055
21.99	0.0058
21.99	0.0059
22.	0.0058
22.	0.006
22.01	0.0058
22.01	0.0056
22.02	0.0061
22.03	0.006
22.03	0.0061
22.04	0.0064
22.04	0.0059
22.05	0.0061
22.06	0.0061
22.06	0.0068
22.07	0.0067
22.07	0.0063
22.08	0.0064
22.09	0.0065
22.09	0.0066
22.1	0.0063
22.11	0.0063
22.12	0.0066
22.12	0.0069
22.13	0.0066
22.13	0.0071
22.14	0.0065
22.14	0.0069
22.16	0.0066
22.16	0.007
22.17	0.0071
22.17	0.0071
22.18	0.0071
22.19	0.007
22.19	0.0074
22.2	0.0072
22.2	0.0074
22.21	0.0074
22.21	0.0077
22.22	0.0081
22.23	0.0074
22.23	0.0077
22.24	0.0074
22.25	0.0073
22.25	0.0083
22.26	0.0079
22.27	0.0077
22.28	0.0077
22.29	0.008
22.29	0.0082
22.3	0.0082
22.3	0.0083
22.31	0.0091
22.32	0.0084
22.32	0.0085
22.33	0.0068
22.35	0.007
22.35	0.0071
22.36	0.0072
22.36	0.0069
22.37	0.0073
22.37	0.0068
22.38	0.0068
22.39	0.0071
22.39	0.0074
22.4	0.007
22.4	0.0073
22.41	0.0076
22.42	0.0074
22.43	0.0077
22.43	0.0077
22.44	0.0075
22.45	0.008
22.45	0.0073
22.46	0.0079
22.46	0.0085
22.47	0.0078
22.47	0.0085
22.48	0.0079
22.49	0.0084
22.49	0.0083
22.5	0.0083
22.51	0.0084
22.52	0.009
22.52	0.0087
22.53	0.0093
22.53	0.0089
22.54	0.0086
22.54	0.0093
22.55	0.0091
22.56	0.009
22.56	0.0093
22.57	0.0097
22.58	0.0096
22.59	0.0097
22.59	0.0097
22.6	0.0094
22.6	0.0107
22.61	0.0105
22.61	0.0099
22.62	0.0101
22.63	0.0105
22.63	0.0109
22.64	0.0107
22.64	0.0105
22.65	0.0111
22.66	0.0109
22.67	0.0111
22.67	0.0116
22.68	0.0113
22.69	0.0111
22.69	0.0108
22.7	0.0116
22.7	0.0121
22.71	0.0114
22.71	0.0117
22.72	0.0125
22.73	0.0123
22.73	0.0115
22.74	0.0122
22.76	0.0121
22.76	0.012
22.77	0.0128
22.78	0.0131
22.78	0.0129
22.79	0.013
22.79	0.0134
22.8	0.0128
22.8	0.0125
22.81	0.0139
22.82	0.0138
22.82	0.0129
22.83	0.0109
22.84	0.0106
22.85	0.0109
22.86	0.0112
22.87	0.0106
22.87	0.0111
22.88	0.0113
22.89	0.0117
22.9	0.0114
22.9	0.0118
22.91	0.0118
22.92	0.0118
22.92	0.0126
22.93	0.0127
22.94	0.013
22.94	0.0121
22.95	0.0119
22.95	0.0132
22.96	0.0122
22.97	0.0138
22.97	0.0123
22.98	0.0124
22.98	0.0125
22.99	0.0133
23.	0.0129
23.01	0.0136
23.01	0.0141
23.02	0.0142
23.03	0.0137
23.03	0.0141
23.04	0.014
23.04	0.0139
23.06	0.0141
23.06	0.0155
23.07	0.0151
23.07	0.0144
23.08	0.0145
23.09	0.0164
23.09	0.0149
23.1	0.0153
23.1	0.0156
23.11	0.0153
23.12	0.0155
23.12	0.0146
23.13	0.0162
23.13	0.0153
23.14	0.0161
23.14	0.0158
23.15	0.0161
23.16	0.0172
23.17	0.0162
23.18	0.0184
23.18	0.0175
23.19	0.0171
23.19	0.0171
23.2	0.0168
23.2	0.0182
23.21	0.018
23.22	0.0174
23.23	0.0184
23.23	0.0179
23.24	0.0183
23.25	0.0187
23.26	0.0191
23.26	0.0204
23.27	0.0204
23.28	0.0187
23.28	0.0213
23.29	0.0194
23.29	0.0217
23.3	0.0216
23.31	0.0208
23.31	0.0214
23.32	0.0201
23.34	0.0165
23.34	0.0165
23.35	0.0163
23.35	0.0165
23.36	0.0168
23.37	0.0177
23.37	0.0174
23.38	0.0177
23.39	0.0177
23.4	0.0184
23.4	0.0183
23.41	0.0177
23.41	0.0179
23.42	0.0179
23.42	0.0179
23.43	0.0191
23.44	0.0194
23.44	0.0198
23.45	0.0201
23.45	0.0183
23.46	0.0198
23.47	0.0207
23.47	0.0196
23.48	0.0214
23.49	0.0203
23.5	0.0203
23.51	0.0211
23.51	0.0211
23.52	0.0222
23.52	0.0216
23.54	0.0223
23.54	0.0233
23.55	0.0239
23.55	0.0227
23.56	0.023
23.57	0.0223
23.57	0.0247
23.58	0.0257
23.58	0.025
23.59	0.0238
23.6	0.024
23.6	0.0246
23.61	0.024
23.62	0.0237
23.62	0.0252
23.63	0.026
23.63	0.026
23.64	0.026
23.65	0.0281
23.66	0.0272
23.66	0.0258
23.67	0.026
23.68	0.0284
23.68	0.0285
23.69	0.0289
23.7	0.0279
23.71	0.0287
23.71	0.0289
23.72	0.0313
23.72	0.0292
23.73	0.0305
23.74	0.032
23.74	0.0292
23.75	0.0301
23.76	0.0312
23.77	0.0327
23.77	0.0304
23.78	0.0345
23.78	0.0309
23.79	0.032
23.8	0.0325
23.8	0.0332
23.81	0.0343
23.82	0.0329
23.84	0.0261
23.84	0.0263
23.85	0.0274
23.86	0.0284
23.87	0.029
23.88	0.0282
23.88	0.0283
23.89	0.0285
23.89	0.0294
23.9	0.0297
23.91	0.029
23.91	0.0292
23.92	0.0304
23.92	0.0303
23.93	0.0308
23.93	0.0321
23.94	0.0304
23.94	0.0309
23.95	0.0309
23.96	0.0305
23.96	0.0319
23.97	0.032
23.98	0.0335
23.99	0.0342
23.99	0.0345
24.	0.0337
24.01	0.0339
24.01	0.0373
24.02	0.0335
24.03	0.0362
24.04	0.0387
24.04	0.0375
24.05	0.0356
24.05	0.036
24.06	0.0378
24.07	0.0371
24.07	0.0397
24.08	0.0387
24.09	0.0384
24.09	0.0386
24.1	0.0398
24.1	0.0401
24.11	0.0399
24.12	0.0401
24.13	0.0409
24.13	0.0395
24.14	0.0429
24.15	0.0411
24.15	0.044
24.16	0.0427
24.16	0.0486
24.17	0.0447
24.18	0.0445
24.18	0.0458
24.19	0.0435
24.2	0.0469
24.21	0.0453
24.21	0.0459
24.22	0.0475
24.22	0.0459
24.23	0.0496
24.24	0.0483
24.24	0.0466
24.25	0.0465
24.26	0.0496
24.27	0.0572
24.27	0.0498
24.28	0.0504
24.29	0.0551
24.3	0.0515
24.3	0.0541
24.31	0.054
24.31	0.0544
24.32	0.0552
24.33	0.0566
24.34	0.0439
24.35	0.0462
24.36	0.0448
24.36	0.0475
24.37	0.0484
24.38	0.0493
24.38	0.0464
24.39	0.0451
24.39	0.0475
24.4	0.0472
24.41	0.0482
24.41	0.0497
24.42	0.0544
24.42	0.0488
24.44	0.0581
24.45	0.0535
24.45	0.0511
24.46	0.0515
24.46	0.0553
24.47	0.0534
24.48	0.0551
24.48	0.0581
24.49	0.056
24.49	0.0562
24.5	0.0548
24.51	0.057
24.52	0.0556
24.53	0.0681
24.53	0.0589
24.54	0.0574
24.54	0.0581
24.55	0.0578
24.56	0.062
24.56	0.0589
24.57	0.0638
24.57	0.0617
24.58	0.0609
24.59	0.0646
24.59	0.0643
24.6	0.067
24.6	0.0664
24.61	0.0701
24.62	0.0673
24.63	0.0678
24.63	0.0703
24.64	0.0705
24.65	0.065
24.65	0.0709
24.66	0.0749
24.66	0.073
24.67	0.0724
24.68	0.0723
24.69	0.0752
24.69	0.0738
24.7	0.0731
24.71	0.0831
24.71	0.0808
24.72	0.076
24.73	0.0755
24.73	0.0857
24.74	0.0789
24.74	0.083
24.75	0.0802
24.76	0.0809
24.77	0.0808
24.77	0.0841
24.79	0.0925
24.8	0.0886
24.8	0.089
24.81	0.0905
24.81	0.0941
24.83	0.0944
24.84	0.0796
24.85	0.0758
24.85	0.072
24.86	0.0709
24.86	0.0782
24.87	0.0798
24.88	0.0782
24.88	0.0772
24.89	0.0775
24.9	0.0802
24.9	0.0781
24.91	0.0767
24.91	0.0819
24.92	0.0803
24.93	0.0828
24.94	0.084
24.94	0.0945
24.95	0.0849
24.95	0.0921
24.96	0.0937
24.97	0.0932
24.98	0.0865
24.99	0.0929
24.99	0.0882
25.	0.09
25.	0.0937
25.01	0.0909
25.02	0.0907
25.02	0.0926
25.03	0.1062
25.03	0.0971
25.04	0.0969
25.04	0.0987
25.05	0.1027
25.06	0.0998
25.06	0.0976
25.07	0.1046
25.07	0.098
25.08	0.1134
25.09	0.1072
25.09	0.1083
25.1	0.1065
25.11	0.1072
25.12	0.1052
25.12	0.1117
25.13	0.1158
25.14	0.0871
25.15	0.0903
25.16	0.0902
25.16	0.0904
25.17	0.09
25.18	0.0906
25.18	0.0931
25.19	0.0922
25.19	0.0925
25.2	0.0943
25.21	0.0915
25.21	0.0984
25.22	0.0968
25.23	0.0999
25.23	0.1085
25.24	0.0994
25.24	0.1007
25.26	0.1077
25.27	0.1066
25.28	0.1054
25.28	0.1056
25.29	0.109
25.3	0.1233
25.31	0.0935
25.32	0.0905
25.32	0.0842
25.33	0.0909
25.34	0.0872
25.34	0.0966
25.35	0.0908
25.35	0.096
25.36	0.0937
25.37	0.0971
25.37	0.0937
25.38	0.0986
25.39	0.103
25.39	0.0986
25.4	0.1096
25.4	0.0973
25.41	0.1018
25.41	0.0976
25.42	0.1027
25.43	0.1035
25.43	0.1065
25.44	0.1138
25.45	0.1135
25.46	0.0828
25.47	0.0805
25.48	0.0863
25.49	0.0869
25.49	0.0911
25.5	0.0907
25.5	0.0918
25.51	0.0925
25.52	0.0991
25.52	0.0897
25.53	0.0897
25.53	0.0913
25.54	0.0949
25.55	0.0915
25.55	0.0957
25.56	0.0944
25.56	0.0952
25.58	0.1042
25.58	0.0981
25.59	0.0984
25.59	0.0989
25.6	0.1052
25.61	0.1102
25.61	0.1067
25.62	0.0805
25.64	0.0816
25.64	0.0823
25.65	0.0862
25.66	0.0826
25.66	0.0875
25.67	0.0845
25.67	0.0876
25.68	0.091
25.68	0.0857
25.69	0.0894
25.7	0.0899
25.7	0.0994
25.71	0.0974
25.72	0.0933
25.72	0.0982
25.73	0.0952
25.73	0.0954
25.74	0.1014
25.75	0.1038
25.76	0.1024
25.77	0.0977
25.78	0.108
25.79	0.1054
25.8	0.1038
25.8	0.1102
25.81	0.1082
25.82	0.0833
25.83	0.0827
25.83	0.0839
25.84	0.0899
25.84	0.0897
25.85	0.0879
25.85	0.0899
25.86	0.0905
25.87	0.0891
25.87	0.0916
25.88	0.0873
25.88	0.094
25.89	0.092
25.9	0.0968
25.9	0.1047
25.91	0.1008
25.91	0.0989
25.93	0.0967
25.94	0.0981
25.94	0.106
25.95	0.0988
25.96	0.1068
25.96	0.1096
25.98	0.0835
25.98	0.0827
25.99	0.0837
25.99	0.0856
26.	0.0866
26.	0.084
26.01	0.0886
26.02	0.0866
26.02	0.0905
26.03	0.0893
26.03	0.1016
26.04	0.0914
26.05	0.1003
26.05	0.0891
26.06	0.0906
26.06	0.0975
26.08	0.0937
26.08	0.1015
26.1	0.0978
26.1	0.102
26.11	0.0998
26.11	0.1073
26.12	0.0985
26.13	0.1046
26.13	0.1067
26.14	0.1063
26.15	0.0844
26.16	0.0867
26.16	0.0967
26.17	0.0867
26.17	0.0847
26.18	0.0864
26.19	0.0882
26.19	0.0984
26.2	0.0899
26.21	0.0906
26.21	0.0934
26.22	0.096
26.22	0.0901
26.23	0.0954
26.24	0.0956
26.25	0.0986
26.26	0.1018
26.27	0.1048
26.28	0.1027
26.29	0.1024
26.29	0.1
26.3	0.1095
26.3	0.1073
26.32	0.0786
26.32	0.0929
26.33	0.087
26.33	0.0833
26.34	0.0828
26.35	0.0865
26.35	0.0869
26.36	0.0843
26.37	0.0864
26.37	0.0945
26.38	0.0947
26.38	0.0963
26.39	0.0925
26.39	0.091
26.41	0.0993
26.42	0.11
26.43	0.097
26.43	0.0998
26.44	0.099
26.45	0.1024
26.45	0.1037
26.46	0.1007
26.47	0.1011
26.47	0.105
26.48	0.1048
26.48	0.1085
26.49	0.1104
26.5	0.0835
26.51	0.0834
26.51	0.0911
26.52	0.0839
26.53	0.0912
26.53	0.086
26.54	0.0872
26.55	0.0979
26.55	0.0915
26.56	0.0883
26.57	0.0935
26.58	0.0979
26.59	0.0958
26.6	0.1028
26.6	0.1067
26.61	0.1023
26.61	0.1049
26.62	0.0961
26.63	0.0986
26.63	0.1045
26.64	0.1016
26.64	0.1038
26.65	0.1033
26.66	0.1115
26.66	0.1051
26.67	0.1048
26.67	0.1095
26.68	0.1147
26.69	0.0866
26.7	0.0834
26.71	0.0903
26.72	0.089
26.73	0.0966
26.74	0.0985
26.74	0.0938
26.75	0.0938
26.76	0.0958
26.76	0.0959
26.77	0.1012
26.78	0.099
26.79	0.0965
26.79	0.1066
26.8	0.1009
26.81	0.1012
26.81	0.1042
26.82	0.1034
26.82	0.1042
26.83	0.1132
26.83	0.1053
26.85	0.0872
26.85	0.0867
26.86	0.0837
26.86	0.092
26.87	0.0869
26.88	0.0844
26.88	0.0928
26.89	0.0914
26.89	0.0926
26.9	0.0957
26.92	0.0926
26.93	0.0951
26.93	0.0955
26.94	0.0974
26.94	0.0973
26.95	0.0954
26.96	0.1081
26.96	0.0977
26.97	0.102
26.97	0.1059
26.98	0.104
26.99	0.106
26.99	0.1095
27.	0.1055
27.	0.1134