2.8e-09 infty 2.90625 9.5 757 0 0 733 0 0
2.8e-09 infty 2.8125 9.57812 645 0 116315899 648 0 0
2.8e-09 infty 2.82812 9.59375 636 0 72020334 646 0 0
2.8e-09 infty 3.28125 9.51562 694 0 965586 694 0 0
2.8e-09 infty 2.48438 9.4375 812 0 0 788 0 0
2.8e-09 infty 2.5625 9.51562 710 0 0 696 0 0
2.8e-09 infty 3 9.59375 641 0 0 614 0 0
2.8e-09 infty 3.04688 9.46875 728 0 0 770 0 0
2.8e-09 infty 3.04688 9.45312 780 0 0 791 0 13903157
2.8e-09 infty 3.26562 9.51562 661 0 133908209 729 0 17348344
2.8e-09 infty 3.3125 9.5625 684 0 0 678 0 0
2.8e-09 infty 2.85938 9.45312 846 0 0 787 0 326935
2.8e-09 infty 3.42188 9.5 698 0 0 770 0 27499339
2.8e-09 infty 2.92188 9.51562 717 0 0 704 0 0
2.8e-09 infty 2.9375 9.53125 678 0 0 705 0 0
2.8e-09 infty 3.34375 9.59375 641 0 0 643 0 0
2.8e-09 infty 3.5 9.5625 650 0 104474140 702 0 0
2.8e-09 infty 3.32812 9.57812 616 0 0 641 0 0
2.8e-09 infty 3.375 9.45312 827 0 0 793 0 0
2.8e-09 infty 3.26562 9.5 694 0 0 706 0 0
2.8e-09 infty 2.82812 9.42188 787 0 0 838 0 0
2.8e-09 infty 3.79688 9.51562 714 0 0 729 0 0
2.8e-09 infty 3.40625 9.48438 712 0 0 725 0 1413932
2.8e-09 infty 2.92188 9.51562 714 0 70921 648 0 0
2.8e-09 infty 3 9.59375 606 0 0 649 0 180390587
2.8e-09 infty 2.53125 9.46875 740 0 0 744 0 0
2.8e-09 28.0625 3.01562 9.9375 780 0 334255078 783 0 0
2.8e-09 infty 3.26562 9.51562 706 0 0 766 0 48077778
2.8e-09 infty 2.79688 9.57812 634 0 0 640 0 5961944
2.8e-09 27.6719 2.54688 9.5 791 0 282227163 703 0 137729680
2.8e-09 infty 2.95312 9.54688 680 0 0 682 0 0
2.8e-09 infty 2.9375 9.53125 684 0 0 685 0 0
2.8e-09 infty 3.26562 9.51562 715 0 0 679 0 0
2.8e-09 infty 2.78125 9.5625 653 0 0 632 0 0
2.8e-09 infty 2.75 9.51562 675 0 47766881 724 0 4978
2.8e-09 26.8125 3.4375 9.51562 405 0 0 401 0 403626461
2.8e-09 infty 2.84375 9.4375 793 0 0 785 0 0
2.8e-09 infty 2.875 9.46875 802 0 0 786 0 63352329
2.8e-09 infty 2.54688 9.5 655 0 281823 734 0 226236217
2.8e-09 infty 3.34375 9.57812 616 0 0 654 0 0
2.8e-09 infty 2.98438 9.57812 664 0 0 646 0 0
2.8e-09 infty 2.875 9.46875 780 0 0 770 0 0
2.8e-09 infty 2.54688 9.5 742 0 0 750 0 0
2.8e-09 infty 2.46875 9.59375 644 0 0 628 0 0
2.8e-09 infty 3.57812 9.46875 779 0 0 733 0 0
2.8e-09 infty 2.51562 9.46875 797 0 0 742 0 0
2.8e-09 infty 2.48438 9.59375 631 0 387592 681 0 0
2.8e-09 infty 3.46875 9.53125 641 0 0 693 0 0
2.8e-09 infty 2.76562 9.53125 714 0 59263135 683 0 37383145
2.8e-09 infty 3.5625 9.45312 747 0 0 806 0 0
2.8e-09 infty 3.48438 9.54688 662 0 0 644 0 0
2.8e-09 infty 2.51562 9.45312 793 0 0 778 0 0
2.8e-09 infty 3.3125 9.5625 659 0 0 673 0 0
2.8e-09 infty 3.39062 9.46875 762 0 0 749 0 0
2.8e-09 infty 2.48438 9.4375 808 0 0 831 0 0
2.8e-09 infty 2.79688 9.5625 645 0 0 698 0 0
2.8e-09 infty 2.78125 9.54688 654 0 4425614 632 0 0
2.8e-09 infty 3.79688 9.51562 726 0 0 658 0 0
2.8e-09 infty 2.53125 9.48438 741 0 0 806 0 0
2.8e-09 infty 2.76562 9.54688 691 0 0 657 0 0
2.8e-09 infty 3.01562 9.4375 804 0 210933510 813 0 0
2.8e-09 infty 2.89062 9.48438 733 0 0 768 0 0
2.8e-09 infty 3.54688 9.4375 748 0 0 761 0 211856555
2.8e-09 27.5156 2.48438 9.4375 855 0 512193392 826 0 0
2.8e-09 infty 3.79688 9.51562 696 0 0 752 0 0
2.8e-09 infty 2.76562 9.53125 653 0 0 659 0 0
2.8e-09 infty 3 9.59375 624 0 0 591 0 0
2.8e-09 27.7188 2.82812 9.59375 579 0 0 661 0 392703580
2.8e-09 infty 2.89062 9.48438 740 0 0 734 0 0
2.8e-09 infty 2.98438 9.57812 657 0 0 649 0 5162568
2.8e-09 infty 3.59375 9.48438 747 0 231867991 727 0 0
2.8e-09 infty 3 9.59375 644 0 30382988 636 0 0
2.8e-09 infty 2.53125 9.46875 740 0 145689525 741 0 0
2.8e-09 infty 2.89062 9.48438 733 0 0 752 0 117339151
2.8e-09 infty 3.0625 9.48438 803 0 0 767 0 0
2.8e-09 infty 3.4375 9.5 734 0 12253186 706 0 0
2.8e-09 infty 2.79688 9.5625 630 0 0 637 0 161052393
2.8e-09 infty 2.51562 9.45312 785 0 0 780 0 0
2.8e-09 27.6406 2.5625 9.5 681 0 16151355 702 0 419261811
2.8e-09 infty 2.48438 9.59375 583 0 0 632 0 0
2.8e-09 26.7031 3.29688 9.53125 313 0 467589733 385 0 0
2.8e-09 infty 3.0625 9.46875 726 0 24813556 738 0 0
2.8e-09 infty 3.3125 9.5625 676 0 0 589 0 0
2.8e-09 infty 2.96875 9.5625 668 0 0 693 0 187080634
2.8e-09 infty 2.5 9.45312 808 0 0 768 0 0
2.8e-09 infty 2.85938 9.45312 829 0 3820920 826 0 0
2.8e-09 infty 3.07812 9.5 687 0 0 700 0 0
2.8e-09 infty 2.9375 9.53125 713 0 0 710 0 0
2.8e-09 infty 2.8125 9.59375 618 0 0 615 0 0
2.8e-09 infty 3.54688 9.45312 797 0 0 793 0 0
2.8e-09 infty 3.78125 9.5 763 0 2413957 755 0 0
2.8e-09 infty 2.76562 9.53125 726 0 0 669 0 47517644
2.8e-09 infty 2.82812 9.59375 561 0 0 610 0 0
2.8e-09 infty 3.01562 9.4375 828 0 0 808 0 158902105
2.8e-09 infty 3.59375 9.48438 762 0 0 718 0 27223571
2.8e-09 infty 3.48438 9.54688 720 0 0 675 0 0
2.8e-09 infty 3.4375 9.5 674 0 0 679 0 0
2.8e-09 infty 3.45312 9.51562 645 0 0 720 0 0
2.8e-09 infty 2.54688 9.5 754 0 0 740 0 0
2.8e-09 infty 3.48438 9.54688 634 0 0 643 0 81266869
2.8e-09 infty 2.54688 9.5 759 0 0 690 0 86441646
2.8e-09 infty 3.42188 9.5 717 0 1251160 760 0 0
2.8e-09 infty 3.51562 9.59375 638 0 0 620 0 66688589
2.8e-09 infty 3.42188 9.5 709 0 0 694 0 0
2.8e-09 infty 2.95312 9.54688 687 0 0 694 0 0
2.8e-09 infty 3.35938 9.4375 813 0 0 878 0 0
2.8e-09 infty 2.5625 9.51562 695 0 0 709 0 0
2.8e-09 infty 2.89062 9.48438 741 0 0 749 0 0
2.8e-09 infty 2.84375 9.4375 818 0 117499352 769 0 7141992
2.8e-09 infty 2.76562 9.54688 667 0 0 685 0 0
2.8e-09 infty 2.76562 9.53125 671 0 58174987 674 0 0
2.8e-09 infty 3.0625 9.48438 784 0 0 732 0 0
2.8e-09 infty 3.42188 9.5 775 0 20854280 718 0 0
2.8e-09 infty 2.54688 9.48438 751 0 0 722 0 0
2.8e-09 infty 2.78125 9.54688 706 0 0 661 0 0
2.8e-09 infty 2.53125 9.48438 696 0 0 738 0 0
2.8e-09 infty 2.48438 9.42188 840 0 0 826 0 0
2.8e-09 infty 2.9375 9.53125 699 0 278534 637 0 0
2.8e-09 27.0312 3.07812 9.5 392 0 0 393 0 405765330
2.8e-09 infty 3.8125 9.53125 752 0 0 657 0 0
2.8e-09 infty 2.54688 9.48438 750 0 67851705 751 0 0
2.8e-09 infty 2.5 9.45312 776 0 0 833 0 0
2.8e-09 infty 3.35938 9.59375 594 0 176858662 641 0 0
2.8e-09 infty 2.46875 9.59375 619 0 1263938 608 0 24816335
2.8e-09 infty 2.54688 9.5 723 0 0 757 0 0
2.8e-09 infty 2.46875 9.59375 672 0 0 593 0 0
2.8e-09 infty 3.375 9.4375 762 0 0 795 0 0
2.8e-09 infty 3.51562 9.57812 631 0 0 625 0 0
2.8e-09 infty 2.875 9.46875 759 0 0 759 0 0
2.8e-09 infty 3.03125 9.45312 774 0 0 801 0 47846445
2.8e-09 infty 2.82812 9.42188 845 0 0 810 0 0
2.8e-09 infty 3.59375 9.5 706 0 0 762 0 0
2.8e-09 28.1719 2.51562 9.46875 790 0 290821401 810 0 0
2.8e-09 infty 3.375 9.45312 743 0 0 789 0 0
2.8e-09 infty 3.59375 9.48438 724 0 0 734 0 0
2.8e-09 infty 2.48438 9.42188 817 0 0 828 0 0
2.8e-09 infty 2.53125 9.46875 739 0 0 779 0 0
2.8e-09 infty 2.53125 9.46875 778 0 0 707 0 147975698
2.8e-09 28.2031 3.84375 9.5625 709 0 192229820 658 0 84027528
2.8e-09 infty 3.29688 9.54688 652 0 0 631 0 0
2.8e-09 infty 2.5625 9.51562 719 0 3329725 691 0 0
2.8e-09 infty 3.07812 9.5 740 0 0 745 0 31578158
2.8e-09 infty 3.42188 9.5 734 0 0 733 0 55062140
2.8e-09 infty 3.07812 9.5 698 0 0 738 0 0
2.8e-09 infty 2.98438 9.57812 689 0 0 619 0 0
2.8e-09 infty 2.82812 9.59375 601 0 0 648 0 5222750
2.8e-09 infty 3.0625 9.48438 759 0 0 767 0 0
2.8e-09 infty 2.54688 9.5 689 0 0 751 0 28082870
2.8e-09 infty 3.26562 9.51562 726 0 97768 731 0 4921055
2.8e-09 27.7188 3.57812 9.46875 745 0 387528221 726 0 0
2.8e-09 infty 2.90625 9.5 771 0 0 681 0 0
2.8e-09 infty 2.84375 9.4375 814 0 0 793 0 0
2.8e-09 infty 3.8125 9.53125 679 0 0 671 0 0
2.8e-09 infty 3.03125 9.45312 783 0 0 851 0 60503691
2.8e-09 27.5312 2.5 9.45312 741 0 505007872 761 0 0
2.8e-09 infty 3.04688 9.46875 709 0 0 750 0 12017959
2.8e-09 27.7031 3.51562 9.57812 636 0 397800909 629 0 0
2.8e-09 infty 2.8125 9.57812 627 0 81144663 623 0 0
2.8e-09 infty 2.48438 9.59375 619 0 22411969 624 0 28685237
2.8e-09 infty 2.48438 9.59375 578 0 0 623 0 0
2.8e-09 infty 2.75 9.51562 672 0 0 705 0 5544311
2.8e-09 infty 2.84375 9.4375 843 0 143790 819 0 0
2.8e-09 infty 3.84375 9.5625 639 0 0 690 0 26806993
2.8e-09 infty 2.53125 9.48438 728 0 0 748 0 2476951
2.8e-09 27.8281 2.90625 9.5 723 0 341538168 714 0 0
2.8e-09 infty 2.92188 9.51562 686 0 0 759 0 0
2.8e-09 infty 2.5 9.45312 773 0 0 792 0 35247841
2.8e-09 infty 2.51562 9.46875 821 0 0 770 0 0
2.8e-09 infty 2.5 9.4375 789 0 0 804 0 104179052
2.8e-09 infty 2.89062 9.48438 748 0 0 777 0 0
2.8e-09 infty 2.78125 9.54688 660 0 0 653 0 0
2.8e-09 infty 3.3125 9.5625 623 0 0 701 0 0
2.8e-09 infty 2.85938 9.45312 788 0 0 758 0 0
2.8e-09 infty 2.82812 9.42188 794 0 0 818 0 0
2.8e-09 infty 2.84375 9.4375 843 0 118625143 839 0 0
2.8e-09 27.7812 2.5 9.45312 826 0 361766000 772 0 0
2.8e-09 infty 3.78125 9.5 697 0 0 729 0 0
2.8e-09 infty 2.85938 9.45312 770 0 0 809 0 187857070
2.8e-09 infty 2.8125 9.57812 632 0 2469443 632 0 0
2.8e-09 infty 3.53125 9.59375 580 0 0 589 0 0
2.8e-09 infty 2.5625 9.5 689 0 0 729 0 0
2.8e-09 infty 3.4375 9.5 729 0 0 694 0 0
2.8e-09 infty 2.48438 9.42188 817 0 0 816 0 0
2.8e-09 infty 2.76562 9.53125 664 0 0 707 0 132336939
2.8e-09 infty 2.92188 9.51562 680 0 0 703 0 167978328
2.8e-09 infty 2.48438 9.4375 845 0 0 833 0 0
2.8e-09 infty 2.96875 9.5625 645 0 0 674 0 0
2.8e-09 infty 2.54688 9.48438 746 0 0 714 0 0
2.8e-09 infty 2.96875 9.5625 604 0 0 649 0 0
2.8e-09 infty 2.98438 9.57812 633 0 0 609 0 68376687
2.8e-09 infty 2.51562 9.45312 810 0 0 745 0 49766665
2.8e-09 infty 2.48438 9.59375 602 0 0 617 0 0
2.8e-09 infty 2.84375 9.4375 763 0 0 826 0 0
2.8e-09 infty 2.96875 9.5625 671 0 0 658 0 0
2.8e-09 infty 2.76562 9.53125 687 0 0 695 0 0
2.8e-09 infty 2.98438 9.57812 672 0 0 649 0 0
2.8e-09 infty 2.53125 9.46875 754 0 0 770 0 0
2.8e-09 infty 2.92188 9.51562 752 0 0 695 0 0
2.8e-09 infty 2.5 9.45312 842 0 0 805 0 0
2.8e-09 infty 3.375 9.4375 833 0 0 854 0 0
2.8e-09 infty 2.5625 9.5 719 0 0 702 0 0
2.8e-09 infty 3.28125 9.51562 688 0 0 750 0 0
2.8e-09 infty 2.875 9.46875 774 0 145393843 760 0 0
2.8e-09 infty 3.35938 9.4375 821 0 0 781 0 0
2.8e-09 infty 2.95312 9.54688 657 0 0 656 0 0
2.8e-09 27.1562 2.90625 9.5 513 0 0 523 0 461191243
2.8e-09 infty 2.5625 9.51562 754 0 0 733 0 23942009
2.8e-09 infty 2.75 9.51562 716 0 0 722 0 0
2.8e-09 27.0625 2.76562 9.53125 555 0 0 541 0 516854224
2.8e-09 infty 2.54688 9.48438 690 0 60275064 736 0 0
2.8e-09 26.6094 3.39062 9.45312 338 0 398009088 332 0 0
2.8e-09 infty 3.53125 9.42188 811 0 0 842 0 0
2.8e-09 infty 3.3125 9.54688 648 0 0 627 0 0
2.8e-09 infty 2.51562 9.46875 794 0 0 752 0 0
2.8e-09 infty 2.76562 9.54688 664 0 0 681 0 130628099
2.8e-09 infty 3.01562 9.4375 811 0 108374483 789 0 0
2.8e-09 infty 3.28125 9.51562 737 0 0 663 0 0
2.8e-09 infty 3.59375 9.48438 697 0 0 727 0 0
2.8e-09 infty 2.9375 9.53125 669 0 38511451 682 0 0
2.8e-09 infty 3.03125 9.45312 813 0 0 789 0 0
2.8e-09 infty 3.54688 9.4375 805 0 19153518 778 0 98145364
2.8e-09 infty 2.5625 9.5 742 0 0 758 0 43932076
2.8e-09 infty 3.375 9.4375 834 0 0 820 0 0
2.8e-09 28.1094 2.85938 9.45312 791 0 248290532 756 0 64051168
2.8e-09 infty 3.45312 9.51562 697 0 0 737 0 11116346
2.8e-09 infty 2.9375 9.53125 718 0 0 697 0 0
2.8e-09 infty 3.82812 9.54688 671 0 0 641 0 0
2.8e-09 infty 3 9.59375 627 0 0 627 0 0
2.8e-09 infty 3.5625 9.45312 784 0 0 776 0 0
2.8e-09 infty 3.07812 9.5 688 0 0 743 0 0
2.8e-09 infty 2.84375 9.4375 841 0 5752049 780 0 0
2.8e-09 infty 3.46875 9.53125 714 0 0 723 0 54148345
2.8e-09 infty 2.51562 9.45312 758 0 0 778 0 1906986
2.8e-09 infty 3.3125 9.5625 647 0 0 711 0 0
2.8e-09 infty 2.8125 9.57812 634 0 116584261 629 0 0
2.8e-09 infty 2.54688 9.5 736 0 87471456 739 0 0
2.8e-09 infty 2.75 9.51562 697 0 197266695 731 0 0
2.8e-09 infty 3.0625 9.48438 731 0 0 722 0 0
2.8e-09 infty 3.46875 9.53125 707 0 143401909 693 0 0
2.8e-09 infty 3.35938 9.59375 631 0 0 590 0 0
2.8e-09 27.6094 3.59375 9.48438 722 0 0 701 0 450125409
2.8e-09 infty 2.84375 9.4375 807 0 0 793 0 0
2.8e-09 infty 2.84375 9.4375 817 0 27876920 791 0 0
2.8e-09 infty 2.5 9.4375 834 0 105910766 738 0 0
2.8e-09 infty 3.375 9.4375 813 0 0 776 0 0
2.8e-09 infty 2.79688 9.5625 657 0 0 675 0 0
2.8e-09 infty 3.03125 9.45312 813 0 0 751 0 34490674
2.8e-09 infty 3.39062 9.45312 798 0 0 780 0 0
2.8e-09 infty 2.54688 9.48438 727 0 20895159 738 0 0
2.8e-09 infty 2.875 9.46875 769 0 0 721 0 0
2.8e-09 infty 2.85938 9.45312 763 0 0 764 0 0
2.8e-09 infty 2.9375 9.53125 674 0 0 730 0 142254702
2.8e-09 infty 2.76562 9.53125 688 0 0 665 0 78486608
2.8e-09 infty 3.0625 9.48438 738 0 0 749 0 133923046
2.8e-09 infty 2.82812 9.59375 626 0 2587961 618 0 0
2.8e-09 infty 3.54688 9.4375 777 0 0 819 0 0
2.8e-09 infty 2.5 9.45312 841 0 0 775 0 0
2.8e-09 infty 3.0625 9.46875 753 0 0 750 0 0
2.8e-09 infty 2.54688 9.5 712 0 0 714 0 0
2.8e-09 infty 2.51562 9.45312 790 0 0 764 0 0
2.8e-09 27.2656 2.9375 9.53125 502 0 402159122 506 0 0
2.8e-09 infty 3.48438 9.54688 683 0 0 639 0 0
2.8e-09 infty 2.82812 9.59375 657 0 0 618 0 10650308
2.8e-09 infty 3 9.59375 638 0 0 621 0 0
2.8e-09 infty 2.98438 9.57812 612 0 17415388 661 0 40313235
2.8e-09 infty 2.90625 9.5 748 0 94107042 719 0 20857712
2.8e-09 infty 2.90625 9.5 727 0 102724115 749 0 142109276
2.8e-09 infty 2.98438 9.57812 649 0 50539749 638 0 0
2.8e-09 infty 2.82812 9.59375 576 0 0 610 0 0
2.8e-09 infty 3.28125 9.51562 674 0 0 764 0 0
2.8e-09 infty 3.34375 9.57812 603 0 0 613 0 0
2.8e-09 infty 3.59375 9.48438 745 0 0 746 0 0
2.8e-09 infty 2.84375 9.4375 739 0 217790160 798 0 0
2.8e-09 infty 3.28125 9.53125 733 0 135920455 691 0 0
2.8e-09 infty 3.45312 9.51562 711 0 0 724 0 0
2.8e-09 infty 3.46875 9.53125 658 0 0 702 0 0
2.8e-09 infty 2.54688 9.5 729 0 0 770 0 0
2.8e-09 infty 2.90625 9.5 750 0 0 738 0 0
2.8e-09 infty 3.35938 9.4375 809 0 0 820 0 0
2.8e-09 infty 2.5625 9.5 711 0 0 747 0 0
2.8e-09 infty 2.54688 9.5 727 0 0 772 0 0
2.8e-09 infty 3.34375 9.57812 658 0 104037478 629 0 0
2.8e-09 infty 2.79688 9.57812 622 0 0 681 0 0
2.8e-09 infty 3.29688 9.54688 674 0 0 646 0 0
2.8e-09 infty 3.82812 9.54688 667 0 16486654 704 0 0
2.8e-09 infty 2.875 9.46875 790 0 0 760 0 41196165
2.8e-09 infty 3.375 9.4375 702 0 0 784 0 103495111
2.8e-09 infty 3.32812 9.57812 657 0 0 637 0 40718986
2.8e-09 infty 2.5625 9.51562 711 0 0 724 0 0
2.8e-09 infty 2.79688 9.57812 633 0 0 652 0 0
2.8e-09 infty 2.85938 9.45312 722 0 0 759 0 0
2.8e-09 infty 2.5 9.4375 831 0 0 809 0 0
2.8e-09 infty 2.53125 9.48438 780 0 3290719 714 0 0
2.8e-09 infty 2.5625 9.5 721 0 0 743 0 0
2.8e-09 26.4844 3.01562 9.4375 355 0 0 349 0 466579245
2.8e-09 infty 3.07812 9.48438 736 0 5287307 773 0 0
2.8e-09 infty 2.76562 9.53125 700 0 0 691 0 0
2.8e-09 infty 3.46875 9.53125 669 0 189836860 653 0 47085563
2.8e-09 infty 2.90625 9.5 718 0 0 746 0 0
2.8e-09 infty 3.01562 9.4375 779 0 0 818 0 0
2.8e-09 infty 2.79688 9.5625 628 0 0 616 0 0
2.8e-09 infty 3.79688 9.51562 706 0 0 684 0 0
2.8e-09 infty 2.53125 9.48438 735 0 40927813 697 0 0
2.8e-09 infty 2.5625 9.5 751 0 0 692 0 0
2.8e-09 infty 3.3125 9.54688 695 0 103989234 695 0 0
2.8e-09 infty 3.42188 9.48438 762 0 0 747 0 0
2.8e-09 infty 3.375 9.45312 757 0 0 789 0 0
2.8e-09 28.2188 2.85938 9.45312 802 0 78651537 846 0 191668715
2.8e-09 infty 2.5 9.4375 823 0 0 795 0 0
2.8e-09 infty 2.875 9.46875 769 0 0 735 0 0
2.8e-09 infty 3.42188 9.48438 750 0 0 757 0 0
2.8e-09 28.1406 3.79688 9.51562 741 0 302560150 706 0 0
2.8e-09 infty 3.54688 9.4375 770 0 0 803 0 139529146
2.8e-09 infty 2.5625 9.5 795 0 0 727 0 0
2.8e-09 infty 3.57812 9.46875 728 0 26920573 747 0 28534459
2.8e-09 infty 3.4375 9.5 716 0 17510298 730 0 0
2.8e-09 infty 2.8125 9.57812 650 0 0 649 0 0
2.8e-09 infty 3.32812 9.5625 618 0 38580 622 0 0
2.8e-09 infty 2.76562 9.54688 671 0 0 646 0 0
2.8e-09 infty 3.04688 9.46875 790 0 0 723 0 0
2.8e-09 infty 3.5625 9.45312 748 0 0 790 0 0
2.8e-09 infty 2.51562 9.45312 814 0 0 774 0 18309541
2.8e-09 27.0625 2.53125 9.46875 545 0 467212797 585 0 51201665
2.8e-09 infty 3.01562 9.4375 837 0 0 773 0 0
2.8e-09 infty 2.5 9.4375 751 0 0 854 0 0
2.8e-09 infty 3.34375 9.57812 604 0 0 632 0 0
2.8e-09 infty 2.9375 9.53125 726 0 0 674 0 0
2.8e-09 infty 2.78125 9.54688 689 0 0 643 0 0
2.8e-09 infty 3.28125 9.51562 693 0 0 715 0 0
2.8e-09 infty 2.90625 9.5 702 0 0 694 0 101684506
2.8e-09 infty 2.54688 9.5 692 0 0 742 0 14057385
2.8e-09 27.6875 2.84375 9.4375 751 0 408141646 768 0 0
2.8e-09 infty 2.48438 9.4375 792 0 0 792 0 0
2.8e-09 infty 2.53125 9.48438 718 0 0 769 0 0
2.8e-09 infty 2.90625 9.5 696 0 0 701 0 0
2.8e-09 infty 3.78125 9.5 746 0 0 730 0 0
2.8e-09 infty 3.78125 9.5 740 0 0 736 0 53024
2.8e-09 infty 2.48438 9.42188 815 0 119660854 792 0 0
2.8e-09 infty 3.01562 9.4375 825 0 0 838 0 0
2.8e-09 infty 3.51562 9.57812 673 0 0 667 0 2916
2.8e-09 infty 3.46875 9.53125 694 0 0 717 0 0
2.8e-09 infty 2.53125 9.48438 761 0 0 724 0 0
2.8e-09 infty 2.89062 9.48438 703 0 0 720 0 0
2.8e-09 infty 2.79688 9.5625 654 0 0 674 0 0
2.8e-09 infty 3.46875 9.53125 664 0 0 662 0 0
2.8e-09 infty 3.375 9.4375 806 0 57614886 758 0 0
2.8e-09 infty 2.5625 9.51562 695 0 0 693 0 0
2.8e-09 infty 2.54688 9.48438 762 0 0 745 0 0
2.8e-09 infty 3.53125 9.59375 587 0 0 609 0 0
2.8e-09 infty 2.53125 9.46875 795 0 0 699 0 0
2.8e-09 infty 3.0625 9.48438 737 0 0 751 0 60252067
2.8e-09 infty 3.07812 9.5 721 0 0 721 0 0
2.8e-09 infty 2.84375 9.4375 783 0 0 782 0 0
2.8e-09 infty 2.85938 9.45312 775 0 167788237 736 0 0
2.8e-09 infty 3.5 9.5625 657 0 0 646 0 135671665
2.8e-09 infty 2.875 9.46875 776 0 0 742 0 0
2.8e-09 infty 3.0625 9.48438 693 0 0 757 0 0
2.8e-09 infty 2.53125 9.46875 726 0 0 784 0 0
2.8e-09 infty 3.01562 9.4375 771 0 0 793 0 0
2.8e-09 infty 2.9375 9.53125 712 0 0 653 0 0
2.8e-09 26.8594 3.32812 9.5625 468 0 508055898 454 0 0
2.8e-09 infty 2.53125 9.48438 744 0 0 767 0 0
2.8e-09 infty 2.9375 9.53125 687 0 0 688 0 0
2.8e-09 infty 2.51562 9.46875 756 0 0 763 0 0
2.8e-09 28.1562 2.76562 9.54688 691 0 0 694 0 296527892
2.8e-09 infty 3.01562 9.4375 778 0 405285 782 0 0
2.8e-09 infty 3.4375 9.5 737 0 0 692 0 0
2.8e-09 infty 3.29688 9.54688 671 0 0 678 0 128569382
2.8e-09 27.75 2.82812 9.42188 781 1 377107303 800 0 0
2.8e-09 infty 2.75 9.51562 641 0 0 704 0 18183627
2.8e-09 infty 3.46875 9.53125 696 0 0 698 0 0
2.8e-09 infty 2.95312 9.54688 657 0 0 627 0 0
2.8e-09 infty 3.78125 9.5 715 0 0 742 0 0
2.8e-09 infty 2.76562 9.54688 629 0 0 684 0 0
2.8e-09 infty 2.9375 9.53125 703 0 0 705 0 0
2.8e-09 infty 2.96875 9.5625 637 0 0 664 0 0
2.8e-09 infty 2.79688 9.5625 643 0 0 672 0 0
2.8e-09 infty 3 9.59375 585 0 0 565 0 0
2.8e-09 infty 3.03125 9.4375 816 0 194911244 796 0 0
2.8e-09 infty 3.28125 9.53125 669 0 97937770 683 0 0
2.8e-09 infty 3.53125 9.59375 645 0 0 624 0 0
2.8e-09 infty 2.5625 9.5 713 0 149732965 727 0 0
2.8e-09 infty 2.76562 9.54688 707 0 0 658 0 0
2.8e-09 infty 2.75 9.51562 697 0 0 669 0 0
2.8e-09 infty 3.42188 9.5 791 0 0 714 0 0
2.8e-09 28.2344 2.54688 9.5 757 0 0 753 0 264858664
2.8e-09 infty 2.79688 9.5625 672 0 0 651 0 0
2.8e-09 infty 2.5 9.4375 797 0 0 774 0 0
2.8e-09 infty 2.96875 9.5625 625 0 0 633 0 0
2.8e-09 infty 3.42188 9.48438 757 0 0 691 0 0
2.8e-09 infty 3 9.59375 634 0 0 597 0 0
2.8e-09 infty 3.51562 9.57812 651 0 0 634 0 0
2.8e-09 infty 2.48438 9.4375 831 0 0 806 0 0
2.8e-09 infty 2.76562 9.53125 742 0 81179581 670 0 0
2.8e-09 infty 2.48438 9.42188 836 0 0 858 0 4302537
2.8e-09 infty 2.75 9.51562 721 0 0 662 0 0
2.8e-09 infty 2.9375 9.53125 666 0 0 642 0 0
2.8e-09 infty 2.51562 9.46875 767 0 0 754 0 0
2.8e-09 infty 2.54688 9.5 715 0 0 677 0 51810348
2.8e-09 infty 2.92188 9.51562 691 0 0 711 0 0
2.8e-09 infty 2.89062 9.48438 768 0 0 722 0 0
2.8e-09 infty 3.03125 9.4375 787 0 0 824 0 91858342
2.8e-09 infty 2.5625 9.51562 698 0 0 701 0 0
2.8e-09 infty 2.48438 9.4375 800 0 0 845 0 2210947
2.8e-09 infty 3.48438 9.54688 712 0 0 694 0 0
2.8e-09 infty 2.89062 9.48438 797 0 0 710 0 0
2.8e-09 infty 2.5625 9.51562 684 0 0 710 0 0
2.8e-09 infty 2.53125 9.48438 738 0 0 774 0 0
2.8e-09 infty 3.4375 9.51562 700 0 0 702 0 0
2.8e-09 infty 3.0625 9.48438 771 0 0 782 0 0
2.8e-09 infty 2.46875 9.59375 628 0 0 578 0 0
2.8e-09 infty 2.75 9.53125 637 0 0 714 0 0
2.8e-09 infty 3.48438 9.5625 650 0 327804 640 0 0
2.8e-09 infty 2.75 9.51562 720 0 0 702 0 0
2.8e-09 infty 2.53125 9.46875 728 0 0 781 0 0
2.8e-09 infty 3.57812 9.46875 800 0 0 764 0 0
2.8e-09 infty 3.0625 9.46875 756 0 0 755 0 0
2.8e-09 infty 3.32812 9.5625 588 0 0 651 0 0
2.8e-09 infty 3.39062 9.46875 761 0 17383448 780 0 51530993
2.8e-09 infty 2.92188 9.51562 686 0 206868 794 0 0
2.8e-09 infty 3.5625 9.45312 794 0 0 777 0 0
2.8e-09 infty 3.0625 9.48438 801 0 0 770 0 0
2.8e-09 infty 3.51562 9.59375 614 0 3838332 651 0 0
2.8e-09 infty 3.28125 9.53125 700 0 0 674 0 0
2.8e-09 infty 2.5 9.45312 771 0 0 756 0 0
2.8e-09 infty 3.26562 9.51562 662 0 0 723 3 962256
2.8e-09 infty 2.48438 9.9375 830 0 0 797 0 21200222
2.8e-09 infty 3.04688 9.46875 785 0 0 786 0 0
2.8e-09 infty 2.875 9.46875 769 0 0 747 0 0
2.8e-09 infty 2.48438 9.59375 647 0 0 596 0 0
2.8e-09 infty 3.01562 9.4375 808 0 0 825 0 9479760
2.8e-09 infty 3.35938 9.4375 816 0 0 799 0 0
2.8e-09 infty 3.8125 9.51562 687 0 0 700 0 0
2.8e-09 infty 3.34375 9.59375 620 0 0 633 0 1490407
2.8e-09 infty 3.375 9.45312 812 0 0 778 0 59889610
2.8e-09 infty 3.40625 9.46875 766 0 0 775 0 0
2.8e-09 infty 3.29688 9.54688 690 0 3653106 679 0 0
2.8e-09 infty 2.8125 9.59375 590 0 491722 627 0 0
2.8e-09 infty 3.4375 9.5 730 0 0 714 0 74304911
2.8e-09 infty 2.9375 9.53125 636 0 0 701 0 6175087
2.8e-09 infty 3.03125 9.45312 773 0 0 714 0 0
2.8e-09 infty 3.0625 9.46875 807 0 0 762 0 0
2.8e-09 infty 3.42188 9.5 743 0 0 721 0 0
2.8e-09 infty 3.46875 9.54688 667 0 0 683 0 0
2.8e-09 infty 2.5 9.45312 809 0 0 775 0 0
2.8e-09 infty 3.8125 9.53125 687 0 0 743 0 0
2.8e-09 infty 3 9.59375 613 0 0 606 0 0
2.8e-09 26.3125 3.8125 9.53125 309 0 443387982 291 0 0
2.8e-09 infty 2.76562 9.53125 665 0 0 722 0 0
2.8e-09 infty 3.48438 9.54688 643 0 103060441 696 0 0
2.8e-09 infty 2.90625 9.5 732 0 27602545 700 0 0
2.8e-09 infty 2.5625 9.5 694 0 0 740 0 0
2.8e-09 infty 3.48438 9.5625 684 0 0 636 0 0
2.8e-09 infty 3.39062 9.45312 748 0 0 776 0 43942225
2.8e-09 infty 2.8125 9.57812 620 0 0 601 0 0
2.8e-09 infty 3.5625 9.45312 744 0 0 792 0 28125722
2.8e-09 infty 2.51562 9.46875 770 0 0 734 0 172307723
2.8e-09 infty 2.48438 9.4375 796 0 0 790 0 0
2.8e-09 infty 2.75 9.51562 669 0 0 674 0 0
2.8e-09 infty 2.8125 9.57812 657 0 0 615 0 130722554
2.8e-09 infty 3 9.59375 623 0 0 611 0 0
2.8e-09 infty 2.78125 9.54688 675 0 0 659 0 0
2.8e-09 infty 2.51562 9.45312 763 4 17885644 808 0 0
2.8e-09 infty 3.03125 9.45312 764 0 0 765 0 24885265
2.8e-09 infty 2.54688 9.5 703 0 0 723 0 0
2.8e-09 infty 2.82812 9.9375 782 0 0 762 2 0
2.8e-09 infty 3.42188 9.5 735 0 0 718 0 0
2.8e-09 infty 2.48438 9.4375 793 0 8175895 803 0 0
2.8e-09 infty 3.32812 9.57812 660 0 379250 638 0 0
2.8e-09 infty 3.0625 9.48438 700 0 0 797 0 0
2.8e-09 infty 3.45312 9.53125 681 0 0 719 0 0
2.8e-09 infty 2.85938 9.45312 758 0 0 769 0 177010849
2.8e-09 infty 2.79688 9.5625 710 0 0 659 0 0
2.8e-09 infty 3.34375 9.59375 575 0 0 613 0 0
2.8e-09 infty 2.53125 9.46875 795 0 0 776 0 0
2.8e-09 infty 2.48438 9.42188 791 0 87044501 791 0 0
2.8e-09 infty 2.79688 9.5625 643 0 32049422 671 0 2978221
2.8e-09 infty 3.3125 9.54688 646 0 0 681 0 62274193
2.8e-09 infty 3.48438 9.5625 636 0 0 658 0 0
2.8e-09 infty 2.875 9.46875 725 0 0 757 0 0
2.8e-09 infty 2.54688 9.48438 778 0 0 751 0 47274415
2.8e-09 infty 2.5625 9.5 664 0 0 684 0 160426071
2.8e-09 infty 2.5 9.4375 807 0 35368879 812 0 0
2.8e-09 infty 3.07812 9.5 734 0 0 680 0 0
2.8e-09 infty 2.5 9.45312 765 0 0 793 0 3431278
2.8e-09 26.6562 2.95312 9.54688 340 0 495087931 370 0 0
2.8e-09 infty 3.26562 9.51562 680 0 0 718 0 0
2.8e-09 infty 3.29688 9.53125 676 0 0 648 0 0
2.8e-09 infty 2.85938 9.45312 763 0 0 775 0 0
2.8e-09 infty 2.98438 9.57812 624 0 0 608 0 0
2.8e-09 27.75 2.75 9.51562 689 0 120693869 688 0 251396525
2.8e-09 27.625 2.95312 9.54688 685 0 382760161 689 0 60588490
2.8e-09 infty 2.75 9.51562 736 0 16379873 696 0 0
2.8e-09 infty 2.84375 9.4375 735 0 2658599 821 0 0
2.8e-09 infty 3.26562 9.51562 751 0 0 713 0 0
2.8e-09 infty 2.8125 9.57812 634 0 0 663 0 136610976
2.8e-09 infty 2.90625 9.5 737 0 0 681 0 23597053
2.8e-09 infty 2.5625 9.5 731 0 0 706 0 243586989
2.8e-09 infty 3.4375 9.51562 707 0 94968336 684 0 217751
2.8e-09 infty 2.95312 9.54688 663 0 0 633 0 44511281
2.8e-09 infty 2.84375 9.4375 839 0 0 817 0 84378753
2.8e-09 28.0938 2.51562 9.46875 742 0 60175749 772 0 262002348
2.8e-09 infty 2.96875 9.5625 676 0 0 680 0 0
2.8e-09 infty 3.28125 9.53125 704 0 0 659 0 0
2.8e-09 infty 3.03125 9.45312 798 0 81672395 813 0 0
2.8e-09 infty 3.3125 9.5625 702 0 0 653 0 0
2.8e-09 infty 3.46875 9.54688 707 0 182774002 737 0 0
2.8e-09 infty 3.51562 9.57812 646 0 0 611 0 0
2.8e-09 infty 2.92188 9.51562 718 0 0 699 0 0
2.8e-09 infty 2.96875 9.5625 625 0 41217578 626 0 5134877
2.8e-09 infty 2.78125 9.54688 666 0 0 670 0 0
2.8e-09 infty 3.42188 9.5 735 0 0 741 0 17313940
2.8e-09 infty 2.8125 9.57812 635 0 0 677 0 126837753
2.8e-09 infty 3.34375 9.59375 602 0 0 605 0 15697131
2.8e-09 infty 3.32812 9.57812 652 0 0 639 0 72972390
2.8e-09 infty 2.89062 9.48438 825 0 0 753 0 4605891
2.8e-09 infty 2.54688 9.48438 719 0 0 737 0 0
2.8e-09 infty 3.0625 9.48438 729 0 0 755 0 0
2.8e-09 infty 2.48438 9.4375 764 0 0 814 0 2840515
2.8e-09 27.7656 2.53125 9.46875 751 0 361830741 765 0 7783431
2.8e-09 infty 3.39062 9.45312 774 0 0 807 0 50906650
2.8e-09 infty 2.76562 9.53125 688 0 0 668 0 0
2.8e-09 infty 2.53125 9.48438 776 0 0 746 0 98086468
2.8e-09 infty 3.5 9.5625 631 0 0 639 0 0
2.8e-09 infty 2.85938 9.45312 872 0 0 788 0 0
2.8e-09 infty 3.01562 9.42188 850 0 87180 784 0 50165192
2.8e-09 infty 2.48438 9.4375 814 0 0 853 0 0
2.8e-09 infty 3.0625 9.46875 755 0 0 726 0 0
2.8e-09 infty 3.35938 9.4375 777 0 0 873 0 0
2.8e-09 infty 3.4375 9.5 752 0 0 713 0 0
2.8e-09 infty 2.8125 9.57812 647 0 0 593 0 0
2.8e-09 infty 3.04688 9.46875 800 0 0 738 0 0
2.8e-09 infty 3.45312 9.51562 674 0 0 695 0 0
2.8e-09 infty 3.46875 9.53125 648 0 0 695 0 0
2.8e-09 infty 2.82812 9.59375 606 0 162176485 649 0 0
2.8e-09 infty 2.76562 9.54688 686 0 0 674 0 0
2.8e-09 infty 2.90625 9.5 730 0 0 690 0 0
2.8e-09 infty 2.85938 9.45312 746 0 0 725 0 187337315
2.8e-09 infty 2.76562 9.54688 647 0 0 655 0 0
2.8e-09 infty 2.79688 9.5625 613 0 94671193 656 0 0
2.8e-09 infty 2.9375 9.53125 703 0 0 664 0 0
2.8e-09 infty 2.82812 9.59375 622 0 0 631 0 0
2.8e-09 infty 3.375 9.45312 779 0 52984481 781 0 0
2.8e-09 infty 2.8125 9.57812 628 0 0 658 0 0
2.8e-09 infty 3.48438 9.54688 688 0 211227 677 0 2480805
2.8e-09 infty 2.85938 9.45312 790 0 0 808 0 0
2.8e-09 infty 3.57812 9.46875 731 0 0 751 0 0
2.8e-09 infty 2.85938 9.45312 822 0 0 811 0 0
2.8e-09 infty 2.53125 9.46875 783 0 0 762 0 230314511
2.8e-09 infty 3.48438 9.5625 654 0 0 648 0 0
2.8e-09 infty 2.5 9.4375 811 0 20334514 796 0 143282106
2.8e-09 28.2031 2.53125 9.46875 818 0 49979520 702 0 224539515
2.8e-09 infty 3.0625 9.48438 790 0 0 690 0 0
2.8e-09 28.1875 3.07812 9.5 768 0 155059316 761 0 126664049
2.8e-09 infty 2.5625 9.5 703 0 11691445 716 0 0
2.8e-09 infty 2.85938 9.45312 769 0 172931728 743 0 0
2.8e-09 infty 2.84375 9.4375 888 0 0 812 0 0
2.8e-09 infty 2.84375 9.4375 752 0 0 798 0 0
2.8e-09 infty 2.92188 9.51562 781 0 88041998 708 0 0
2.8e-09 infty 3.3125 9.5625 642 0 0 616 0 0
2.8e-09 infty 3.3125 9.5625 684 0 0 601 0 42490249
2.8e-09 infty 3.28125 9.51562 736 0 244679887 670 0 0
2.8e-09 infty 2.78125 9.54688 695 0 40958141 682 0 146538604
2.8e-09 infty 2.96875 9.5625 653 0 0 651 0 0
2.8e-09 infty 2.85938 9.45312 817 0 0 796 0 163132653
2.8e-09 infty 2.5 9.45312 772 0 0 783 0 0
2.8e-09 infty 3 9.59375 666 0 0 629 0 203304
2.8e-09 infty 3.57812 9.46875 768 0 0 720 0 0
2.8e-09 infty 2.48438 9.4375 794 0 0 766 0 17112201
2.8e-09 infty 3.3125 9.5625 640 0 0 623 0 35353351
2.8e-09 infty 2.5 9.45312 773 0 0 770 0 0
2.8e-09 infty 2.48438 9.4375 794 0 0 804 0 85112167
2.8e-09 infty 2.54688 9.5 745 0 3397014 697 0 0
2.8e-09 infty 2.53125 9.46875 732 0 0 745 0 52587789
2.8e-09 infty 2.84375 9.4375 823 0 0 807 0 0
2.8e-09 infty 3.03125 9.45312 788 0 76885432 773 0 0
2.8e-09 infty 3.39062 9.46875 727 0 1701089 749 0 0
2.8e-09 infty 2.89062 9.48438 743 0 0 725 0 0
2.8e-09 infty 2.92188 9.51562 696 0 16805203 698 0 0
2.8e-09 infty 3.32812 9.57812 606 0 0 603 0 153607362
2.8e-09 infty 2.5 9.4375 794 0 0 804 0 0
2.8e-09 infty 3.01562 9.42188 875 0 0 821 0 0
2.8e-09 infty 2.48438 9.42188 828 0 125250080 816 0 22122846
2.8e-09 infty 3.82812 9.54688 649 0 0 667 0 0
2.8e-09 infty 2.76562 9.54688 662 0 0 693 0 0
2.8e-09 infty 2.875 9.46875 771 0 0 751 0 0
2.8e-09 28.25 3.3125 9.5625 657 0 40605857 650 0 219508697
2.8e-09 infty 2.5 9.45312 803 0 0 776 0 0
2.8e-09 infty 2.9375 9.53125 635 0 204164401 633 0 0
2.8e-09 infty 3.79688 9.51562 710 0 0 712 0 0
2.8e-09 infty 2.875 9.46875 819 0 0 763 0 0
2.8e-09 26.875 2.82812 9.59375 448 0 502204561 441 0 0
2.8e-09 infty 2.96875 9.5625 661 0 0 616 0 0
2.8e-09 26.2031 2.9375 9.53125 285 0 503030526 280 0 0
2.8e-09 infty 3.78125 9.5 704 0 0 747 0 0
2.8e-09 26.6875 3.79688 9.51562 379 0 473855632 411 0 67948
2.8e-09 infty 3.04688 9.46875 787 0 0 773 0 0
2.8e-09 infty 2.5625 9.5 742 0 0 700 0 0
2.8e-09 infty 2.5625 9.51562 715 0 1105782 703 0 23885396
2.8e-09 infty 2.76562 9.53125 692 0 0 658 0 0
2.8e-09 infty 3.0625 9.48438 731 0 0 733 0 4855
2.8e-09 infty 2.51562 9.46875 794 0 0 830 0 0
2.8e-09 infty 3.51562 9.57812 654 0 184846533 645 0 0
2.8e-09 infty 3.8125 9.53125 679 0 0 694 0 0
2.8e-09 infty 2.89062 9.48438 737 0 0 752 0 0
2.8e-09 infty 2.84375 9.4375 838 0 31800636 778 0 0
2.8e-09 infty 2.8125 9.57812 651 0 0 657 0 0
2.8e-09 infty 2.53125 9.46875 745 0 0 822 0 0
2.8e-09 infty 2.53125 9.46875 772 0 0 737 0 0
2.8e-09 infty 2.9375 9.53125 673 0 0 676 0 0
2.8e-09 infty 3.5625 9.45312 814 0 0 761 0 0
2.8e-09 infty 2.9375 9.53125 678 0 0 680 0 0
2.8e-09 infty 2.875 9.46875 758 0 0 752 0 0
2.8e-09 infty 3.29688 9.54688 655 0 0 702 0 12103516
2.8e-09 25.6875 2.5 9.45312 181 0 418828077 167 0 0
2.8e-09 infty 3.45312 9.51562 699 0 0 711 0 0
2.8e-09 infty 2.76562 9.54688 642 0 0 698 0 0
2.8e-09 infty 2.90625 9.5 688 0 0 714 0 4904867
2.8e-09 infty 2.875 9.46875 804 0 0 790 0 0
2.8e-09 infty 3.35938 9.59375 596 0 0 651 0 40396189
2.8e-09 infty 2.9375 9.53125 715 0 0 734 0 0
2.8e-09 infty 3.35938 9.4375 846 0 14432335 848 0 0
2.8e-09 infty 3.5 9.5625 639 0 0 630 0 0
2.8e-09 infty 3.3125 9.54688 651 0 0 672 0 0
2.8e-09 infty 2.78125 9.5625 713 0 0 675 0 0
2.8e-09 infty 3.5625 9.45312 737 0 0 767 0 0
2.8e-09 infty 2.53125 9.46875 767 0 0 764 0 0
2.8e-09 infty 3.34375 9.59375 585 0 0 619 0 0
2.8e-09 infty 2.90625 9.5 677 0 41847903 727 0 0
2.8e-09 infty 3.07812 9.5 716 0 64880047 695 0 913920
2.8e-09 infty 3.4375 9.51562 701 0 0 757 0 0
2.8e-09 infty 2.5625 9.5 775 0 0 750 0 0
2.8e-09 infty 2.96875 9.5625 661 0 0 677 0 0
2.8e-09 infty 2.84375 9.4375 814 0 0 782 0 0
2.8e-09 infty 2.82812 9.42188 850 0 115928174 813 0 0
2.8e-09 infty 2.53125 9.48438 723 0 0 690 0 0
2.8e-09 infty 3 9.59375 633 0 0 663 0 0
2.8e-09 infty 2.78125 9.54688 646 0 0 662 0 0
2.8e-09 infty 3.0625 9.48438 731 0 0 747 0 9637611
2.8e-09 infty 2.84375 9.4375 771 0 99850755 788 0 0
2.8e-09 infty 2.96875 9.5625 655 0 23665836 665 0 0
2.8e-09 infty 3.03125 9.45312 748 0 0 834 0 26762384
2.8e-09 infty 3.4375 9.51562 710 0 0 755 0 0
2.8e-09 infty 2.48438 9.59375 604 0 17927894 630 0 0
2.8e-09 infty 2.78125 9.5625 725 0 0 662 0 0
2.8e-09 infty 3.51562 9.59375 630 0 0 639 0 721633
2.8e-09 infty 2.89062 9.48438 688 0 3243299 746 0 0
2.8e-09 infty 3.34375 9.57812 638 0 34311254 657 0 44910405
2.8e-09 infty 2.79688 9.5625 650 0 0 657 0 0
2.8e-09 infty 3.8125 9.53125 695 0 0 670 0 0
2.8e-09 infty 3.01562 9.42188 772 0 0 831 0 0
2.8e-09 infty 3.40625 9.48438 712 0 0 767 0 0
2.8e-09 infty 3.26562 9.51562 692 0 0 683 0 226816712
2.8e-09 infty 2.92188 9.51562 727 0 0 754 0 0
2.8e-09 infty 3.45312 9.53125 679 0 158191700 681 0 0
2.8e-09 infty 3.28125 9.53125 691 0 33076732 677 0 0
2.8e-09 infty 3.57812 9.46875 768 0 0 768 0 0
2.8e-09 infty 3.29688 9.53125 697 0 0 723 0 0
2.8e-09 infty 2.90625 9.5 680 0 0 711 0 0
2.8e-09 infty 3.35938 9.4375 888 0 0 808 0 0
2.8e-09 infty 2.75 9.51562 697 0 0 718 0 0
2.8e-09 infty 3.0625 9.48438 757 0 0 736 0 0
2.8e-09 infty 2.9375 9.53125 666 0 0 709 0 0
2.8e-09 infty 3.04688 9.46875 774 0 22610283 771 0 0
2.8e-09 infty 3.3125 9.5625 681 0 0 634 0 86473405
2.8e-09 infty 3.78125 9.5 750 0 0 697 0 81186273
2.8e-09 infty 2.48438 9.42188 789 0 0 744 0 0
2.8e-09 infty 2.95312 9.54688 632 0 0 657 0 0
2.8e-09 infty 2.98438 9.57812 612 0 0 606 0 0
2.8e-09 infty 2.8125 9.57812 606 0 0 672 0 0
2.8e-09 infty 2.48438 9.42188 809 0 0 803 0 0
2.8e-09 infty 3.03125 9.45312 762 0 0 768 0 0
2.8e-09 infty 2.84375 9.4375 811 0 60264415 794 0 0
2.8e-09 infty 2.89062 9.48438 752 0 0 741 0 0
2.8e-09 infty 2.53125 9.48438 775 0 0 778 0 7580953
2.8e-09 infty 2.53125 9.48438 767 0 0 732 0 37145842
2.8e-09 infty 2.85938 9.45312 781 0 0 751 0 0
2.8e-09 infty 2.79688 9.57812 641 0 0 720 0 163248457
2.8e-09 infty 2.82812 9.59375 625 0 0 656 0 8972402
2.8e-09 infty 3.4375 9.5 702 0 36638155 776 0 175057058
2.8e-09 infty 3.3125 9.5625 657 0 0 638 0 0
2.8e-09 infty 2.48438 9.59375 644 0 852210 566 0 0
2.8e-09 infty 2.48438 9.4375 823 0 0 848 0 0
2.8e-09 infty 3.01562 9.4375 795 0 132215051 800 0 0
2.8e-09 infty 2.75 9.53125 673 0 0 635 0 0
2.8e-09 infty 3.0625 9.48438 787 0 0 783 0 0
2.8e-09 infty 2.90625 9.5 764 0 0 716 0 0
2.8e-09 infty 2.48438 9.42188 823 0 0 758 0 46060
2.8e-09 infty 2.51562 9.46875 727 0 0 797 0 0
2.8e-09 infty 3.0625 9.46875 780 0 0 746 0 0
2.8e-09 infty 2.85938 9.45312 799 0 0 811 0 0
2.8e-09 infty 2.53125 9.46875 745 0 224477358 709 0 0
2.8e-09 infty 3.39062 9.46875 776 0 0 762 0 0
2.8e-09 infty 3.45312 9.51562 720 0 0 677 0 0
2.8e-09 infty 2.85938 9.45312 725 0 0 743 0 0
2.8e-09 infty 2.51562 9.45312 737 0 0 779 0 111936889
2.8e-09 infty 3.5 9.5625 673 0 200584676 672 0 0
2.8e-09 infty 3.01562 9.4375 810 0 0 826 0 0
2.8e-09 infty 2.95312 9.54688 672 0 1495419 659 0 249417574
2.8e-09 infty 2.8125 9.57812 609 0 0 636 0 0
2.8e-09 infty 2.875 9.46875 763 0 0 806 0 0
2.8e-09 infty 3.4375 9.5 713 0 0 695 0 0
2.8e-09 infty 2.82812 9.59375 612 0 180380389 622 0 0
2.8e-09 infty 2.9375 9.53125 680 0 0 701 0 0
2.8e-09 infty 2.79688 9.57812 606 0 0 615 0 0
2.8e-09 infty 2.8125 9.57812 623 0 0 598 0 0
2.8e-09 infty 2.84375 9.4375 772 0 0 793 0 0
2.8e-09 infty 2.84375 9.4375 825 0 0 832 0 0
2.8e-09 infty 2.78125 9.54688 684 0 0 636 0 0
2.8e-09 infty 2.875 9.46875 779 0 154628946 826 0 0
2.8e-09 infty 2.78125 9.54688 667 0 0 714 0 0
2.8e-09 infty 3.53125 9.9375 851 0 0 762 0 0
2.8e-09 infty 2.84375 9.4375 845 0 12332095 727 0 0
2.8e-09 infty 2.85938 9.45312 808 0 0 798 0 0
2.8e-09 infty 3.46875 9.53125 677 0 0 685 0 0
2.8e-09 infty 3.53125 9.59375 606 0 410219 630 0 0
2.8e-09 infty 3 9.59375 606 0 0 610 0 0
2.8e-09 infty 2.54688 9.5 727 0 0 748 0 0
2.8e-09 infty 3.29688 9.54688 661 0 0 717 0 0
2.8e-09 infty 2.76562 9.54688 665 0 0 670 0 0
2.8e-09 infty 3.375 9.45312 747 0 29928114 778 0 0
2.8e-09 infty 3.32812 9.57812 615 0 55258578 668 0 0
2.8e-09 infty 2.82812 9.59375 670 0 0 593 0 0
2.8e-09 infty 3.0625 9.48438 750 0 0 739 0 0
2.8e-09 infty 3.29688 9.53125 678 0 23586970 713 0 0
2.8e-09 infty 2.78125 9.54688 713 0 0 649 0 20986249
2.8e-09 infty 2.5 9.4375 799 0 0 752 0 0
2.8e-09 infty 2.5625 9.51562 714 0 0 739 0 0
2.8e-09 27.625 3.29688 9.54688 648 0 0 643 0 441734554
2.8e-09 infty 2.84375 9.4375 768 0 234 764 0 239031875
2.8e-09 infty 2.98438 9.57812 665 0 0 603 0 946706
2.8e-09 infty 2.5625 9.5 741 0 0 725 0 192742037
2.8e-09 infty 3.46875 9.54688 622 0 0 673 0 0
2.8e-09 infty 2.48438 9.42188 863 0 0 804 0 0
2.8e-09 infty 3 9.59375 620 0 0 614 0 0
2.8e-09 infty 2.5 9.4375 770 0 31574316 740 0 0
2.8e-09 infty 3.32812 9.5625 717 0 0 629 0 0
2.8e-09 infty 3 9.59375 627 0 0 601 0 0
2.8e-09 27.6875 3.5625 9.45312 799 0 0 754 0 407164521
2.8e-09 27.0781 2.90625 9.5 512 0 25536895 532 0 484214702
2.8e-09 27.7812 3.32812 9.57812 657 0 0 680 0 360447795
2.8e-09 infty 2.76562 9.53125 699 0 0 726 0 0
2.8e-09 infty 2.54688 9.48438 796 0 0 744 0 0
2.8e-09 infty 2.5625 9.51562 750 0 35509282 767 0 0
2.8e-09 infty 3.3125 9.5625 669 0 0 726 0 0
2.8e-09 infty 2.98438 9.57812 650 0 0 612 0 0
2.8e-09 infty 2.8125 9.57812 651 0 0 646 0 0
2.8e-09 infty 2.95312 9.54688 656 0 0 692 0 0
2.8e-09 infty 3.26562 9.51562 690 0 116334318 680 0 0
2.8e-09 infty 2.875 9.46875 776 0 0 781 0 0
2.8e-09 infty 3.5 9.57812 680 0 0 671 0 0
2.8e-09 infty 2.75 9.51562 743 0 97994925 689 0 58757907
2.8e-09 infty 2.76562 9.53125 729 0 124985194 733 0 0
2.8e-09 infty 2.76562 9.53125 687 0 68118673 685 0 0
2.8e-09 infty 3.40625 9.48438 749 0 0 780 0 0
2.8e-09 infty 3 9.59375 623 0 0 572 0 0
2.8e-09 infty 3.34375 9.59375 656 0 0 624 0 0
2.8e-09 infty 2.85938 9.45312 802 0 0 761 0 5406509
2.8e-09 27.75 2.79688 9.5625 656 0 378147372 670 0 0
2.8e-09 27.1562 2.5 9.4375 560 0 460688265 598 0 0
2.8e-09 infty 3.40625 9.46875 762 0 0 800 0 0
2.8e-09 infty 2.79688 9.57812 638 0 0 590 0 0
2.8e-09 infty 2.48438 9.4375 850 0 0 796 0 30365641
2.8e-09 infty 2.5625 9.5 709 0 0 739 0 0
2.8e-09 infty 3.48438 9.54688 673 0 0 668 0 7786543
2.8e-09 infty 2.53125 9.48438 695 0 0 698 0 0
2.8e-09 infty 3.54688 9.4375 790 0 0 808 0 0
2.8e-09 infty 3.45312 9.51562 719 0 0 627 0 0
2.8e-09 infty 3.01562 9.4375 860 0 27470254 792 0 0
2.8e-09 infty 2.78125 9.54688 688 0 0 644 0 0
2.8e-09 infty 3.53125 9.59375 638 0 0 629 0 0
2.8e-09 infty 3.59375 9.48438 745 0 3686893 776 0 0
2.8e-09 infty 2.5 9.45312 837 0 10833030 824 0 0
2.8e-09 infty 2.75 9.53125 724 0 0 651 0 0
2.8e-09 infty 3.3125 9.54688 666 0 0 692 0 0
2.8e-09 infty 3.34375 9.57812 643 0 184326 617 0 187370655
2.8e-09 infty 2.95312 9.54688 736 0 0 640 0 0
2.8e-09 infty 2.51562 9.45312 766 0 79574218 725 0 269523
2.8e-09 infty 2.95312 9.54688 639 0 0 658 0 2566183
2.8e-09 infty 2.51562 9.45312 734 0 0 784 0 68430122
2.8e-09 27.6562 3 9.59375 617 0 0 626 0 420349464
2.8e-09 infty 3.39062 9.45312 783 0 0 735 0 0
2.8e-09 infty 3.79688 9.51562 704 0 41350137 705 0 0
2.8e-09 infty 2.82812 9.42188 817 0 0 795 0 0
2.8e-09 infty 2.95312 9.54688 641 0 0 634 0 0
2.8e-09 infty 2.54688 9.5 751 0 0 732 0 87074512
2.8e-09 infty 3 9.59375 586 0 19846948 619 0 0
2.8e-09 infty 2.90625 9.5 751 0 139994185 746 0 13202859
2.8e-09 infty 2.53125 9.46875 773 0 0 753 0 0
2.8e-09 infty 2.51562 9.45312 738 0 0 783 0 0
2.8e-09 infty 2.98438 9.57812 584 0 0 593 0 67098835
2.8e-09 infty 3.3125 9.5625 603 0 0 630 0 0
2.8e-09 infty 3.8125 9.51562 721 0 0 710 0 0
2.8e-09 infty 2.8125 9.57812 656 0 0 626 0 1490968
2.8e-09 infty 2.5 9.4375 723 0 0 804 0 0
2.8e-09 27.5938 3.42188 9.48438 770 0 69593795 722 0 391721670
2.8e-09 infty 2.89062 9.48438 736 0 0 732 0 0
2.8e-09 infty 3.46875 9.53125 706 0 0 664 0 0
2.8e-09 infty 3 9.59375 630 0 0 635 0 0
2.8e-09 infty 3.51562 9.57812 636 0 1904745 668 0 0
2.8e-09 infty 2.98438 9.57812 626 0 0 645 0 14599075
2.8e-09 infty 2.48438 9.59375 620 0 0 647 0 0
2.8e-09 infty 3.48438 9.54688 676 0 0 675 0 0
2.8e-09 infty 2.89062 9.48438 736 0 0 735 0 0
2.8e-09 infty 3.4375 9.5 694 0 0 695 0 0
2.8e-09 infty 2.90625 9.5 751 0 0 722 0 0
2.8e-09 infty 2.82812 9.59375 641 0 0 610 0 0
2.8e-09 infty 3.4375 9.5 686 0 0 711 0 0
2.8e-09 infty 2.8125 9.57812 642 0 0 648 0 0
2.8e-09 infty 2.51562 9.45312 775 0 0 797 0 0
2.8e-09 infty 2.54688 9.5 746 0 0 737 0 216879460
2.8e-09 infty 2.9375 9.53125 671 0 226317696 660 0 0
2.8e-09 infty 3.5625 9.45312 750 0 0 792 0 99866286
2.8e-09 infty 2.5 9.4375 836 0 0 765 0 17912312
2.8e-09 infty 3.8125 9.53125 695 0 0 700 0 0
2.8e-09 infty 2.48438 9.4375 781 0 0 748 0 0
2.8e-09 infty 3.01562 9.4375 795 0 0 796 0 0
2.8e-09 26.2656 3.3125 9.54688 258 0 96584962 301 0 367414314
2.8e-09 infty 2.95312 9.54688 665 0 0 666 0 1527
2.8e-09 infty 3.07812 9.48438 747 0 252012093 747 0 0
2.8e-09 infty 3.78125 9.5 759 0 0 712 0 0
2.8e-09 infty 2.85938 9.45312 762 0 41196900 799 0 0
2.8e-09 infty 2.76562 9.53125 714 0 0 746 0 0
2.8e-09 infty 2.875 9.46875 816 0 0 809 0 0
2.8e-09 infty 3.51562 9.59375 638 0 0 599 0 0
2.8e-09 infty 3.29688 9.53125 678 0 0 685 0 0
2.8e-09 infty 2.48438 9.59375 614 0 0 569 0 166577
2.8e-09 infty 2.8125 9.57812 671 0 0 643 0 0
2.8e-09 infty 3.39062 9.45312 724 0 30886479 765 0 0
2.8e-09 infty 2.76562 9.53125 698 0 0 707 0 77262893
2.8e-09 infty 3.5 9.5625 661 0 62270111 646 0 0
2.8e-09 infty 2.54688 9.5 699 0 69672759 746 0 0
2.8e-09 infty 2.54688 9.5 774 0 0 738 0 0
2.8e-09 infty 2.875 9.46875 766 0 0 794 0 0
2.8e-09 infty 2.48438 9.42188 799 0 0 884 0 71841511
2.8e-09 infty 3.78125 9.5 732 0 0 720 0 0
2.8e-09 25.5781 3.48438 9.5625 144 0 0 163 0 485879917
2.8e-09 infty 2.5 9.4375 738 0 0 811 0 58099627
2.8e-09 infty 3.57812 9.46875 771 0 0 754 0 0
2.8e-09 infty 3.51562 9.57812 654 0 0 596 0 0
2.8e-09 infty 2.79688 9.57812 608 0 0 651 0 10693304
2.8e-09 27.7812 2.85938 9.45312 787 0 0 765 0 360228985
2.8e-09 infty 2.54688 9.5 721 0 0 699 0 40488651
2.8e-09 infty 2.53125 9.46875 755 0 0 812 0 0
2.8e-09 infty 3.5 9.5625 648 0 0 658 0 116762721
2.8e-09 infty 2.96875 9.5625 694 0 0 645 0 62973858
2.8e-09 infty 3.57812 9.46875 737 0 0 781 0 0
2.8e-09 infty 2.48438 9.59375 656 0 0 590 0 0
2.8e-09 27.3125 2.98438 9.57812 588 0 139458209 613 0 362810148
2.8e-09 infty 2.84375 9.4375 868 0 0 807 0 0
2.8e-09 27.7812 3.0625 9.48438 748 0 290361144 738 0 72378244
2.8e-09 infty 3.51562 9.57812 661 0 0 658 0 7376875
2.8e-09 infty 2.53125 9.48438 722 0 0 717 0 0
2.8e-09 infty 3.42188 9.48438 739 0 144479 726 0 0
2.8e-09 infty 3.35938 9.59375 592 0 0 613 0 240956793
2.8e-09 infty 3.26562 9.5 767 0 0 726 0 0
2.8e-09 infty 2.96875 9.5625 636 0 0 657 0 0
2.8e-09 infty 3.4375 9.5 720 0 0 698 0 0
2.8e-09 infty 3.29688 9.54688 678 0 0 646 0 0
2.8e-09 infty 2.54688 9.5 752 0 26757982 720 0 0
2.8e-09 infty 2.53125 9.46875 763 0 0 740 0 89859974
2.8e-09 27.3906 2.82812 9.59375 603 0 0 615 0 446649611
2.8e-09 infty 3.07812 9.5 675 0 10919321 783 0 0
2.8e-09 infty 2.90625 9.5 777 0 0 752 0 0
2.8e-09 infty 3.40625 9.46875 788 0 0 761 0 0
2.8e-09 infty 2.82812 9.59375 667 0 0 602 0 0
2.8e-09 infty 2.75 9.51562 688 0 3255322 683 0 0
2.8e-09 infty 3.78125 9.5 709 0 37332067 758 0 0
2.8e-09 infty 3.32812 9.57812 628 0 0 635 0 0
2.8e-09 27.9062 2.48438 9.59375 597 0 0 636 0 303796648
2.8e-09 infty 2.5625 9.51562 720 0 0 759 0 0
2.8e-09 infty 3.34375 9.59375 626 0 105064877 584 0 50831377
2.8e-09 infty 3.07812 9.5 724 0 0 715 0 0
2.8e-09 infty 2.48438 9.59375 639 0 0 644 0 0
2.8e-09 infty 2.79688 9.57812 628 0 0 610 0 0
2.8e-09 infty 3.35938 9.4375 786 0 0 805 0 0
2.8e-09 infty 3.84375 9.5625 681 0 0 690 0 0
2.8e-09 infty 2.79688 9.5625 685 0 193354499 653 0 24205332
2.8e-09 infty 3.39062 9.45312 762 0 0 792 0 0
2.8e-09 infty 2.46875 9.59375 592 0 0 619 0 0
2.8e-09 infty 2.53125 9.46875 765 0 31051723 772 0 0
2.8e-09 infty 3.42188 9.5 747 0 0 743 0 715431
2.8e-09 infty 2.53125 9.48438 737 0 0 759 0 0
2.8e-09 infty 3.8125 9.53125 708 0 0 700 0 0
2.8e-09 infty 3.51562 9.59375 591 0 0 626 0 0
2.8e-09 infty 2.82812 9.59375 628 0 46133087 651 0 60709033
2.8e-09 infty 2.53125 9.46875 764 0 0 800 0 0
2.8e-09 infty 2.90625 9.5 745 0 0 709 0 0
2.8e-09 infty 2.79688 9.5625 648 0 0 689 0 0
2.8e-09 infty 2.95312 9.54688 658 0 0 685 0 0
2.8e-09 infty 3.54688 9.4375 754 0 0 808 0 354263
2.8e-09 infty 3.84375 9.5625 667 0 0 626 0 0
2.8e-09 27.3281 2.78125 9.5625 650 0 487270288 656 0 0
2.8e-09 infty 3.01562 9.4375 804 0 0 826 0 0
2.8e-09 infty 2.54688 9.48438 742 0 0 730 0 0
2.8e-09 infty 2.76562 9.53125 687 0 0 651 0 0
2.8e-09 28.25 2.53125 9.48438 722 0 0 770 0 259134004
2.8e-09 infty 2.78125 9.5625 630 0 0 671 0 78028039
2.8e-09 infty 2.76562 9.54688 657 0 4478198 661 0 0
2.8e-09 infty 2.54688 9.48438 722 0 0 762 0 0
2.8e-09 infty 3.4375 9.5 713 0 0 679 0 0
2.8e-09 infty 2.5 9.4375 789 0 0 730 0 0
2.8e-09 infty 3.04688 9.46875 799 0 0 736 0 0
2.8e-09 infty 3.01562 9.4375 808 0 3099007 851 0 0
2.8e-09 infty 2.54688 9.48438 678 0 0 707 0 0
2.8e-09 infty 2.92188 9.51562 681 0 0 732 0 0
2.8e-09 infty 2.95312 9.54688 720 0 0 667 0 0
2.8e-09 infty 2.51562 9.46875 772 0 0 789 0 43541162
2.8e-09 infty 3.07812 9.5 700 0 0 789 0 0
2.8e-09 26.7344 3.5 9.5625 368 0 445920383 353 0 0
2.8e-09 infty 3.01562 9.9375 790 0 0 782 0 0
2.8e-09 infty 2.84375 9.4375 797 0 0 754 0 46554497
2.8e-09 infty 2.84375 9.4375 779 0 130573536 769 0 0
2.8e-09 infty 2.5 9.45312 798 0 6616522 782 0 0
2.8e-09 infty 3.26562 9.51562 745 0 0 707 0 0
2.8e-09 infty 3.375 9.4375 817 0 0 835 0 0
2.8e-09 infty 2.82812 9.59375 638 0 0 595 0 0
2.8e-09 infty 2.5 9.4375 790 0 0 776 0 0
2.8e-09 26.0312 3.07812 9.5 234 0 473664926 229 0 0
2.8e-09 infty 2.5 9.4375 757 0 3944246 763 0 0
2.8e-09 infty 3.82812 9.54688 720 0 0 684 0 127775093
2.8e-09 infty 3.01562 9.42188 763 0 0 844 0 0
2.8e-09 infty 3.01562 9.4375 757 0 0 809 0 0
2.8e-09 infty 2.84375 9.4375 890 0 0 748 0 0
2.8e-09 infty 2.76562 9.53125 769 0 835127 661 0 13535204
2.8e-09 infty 3.59375 9.48438 752 0 0 778 0 0
2.8e-09 27.7188 2.53125 9.48438 699 0 27719929 778 0 362778949
2.8e-09 infty 2.75 9.51562 699 0 0 728 0 0
2.8e-09 27.6719 3 9.59375 619 0 0 637 0 419827128
2.8e-09 infty 2.46875 9.59375 587 0 0 640 0 0
2.8e-09 infty 3.35938 9.59375 587 0 3006716 599 0 0
2.8e-09 infty 2.89062 9.48438 804 0 14366332 748 0 0
2.8e-09 infty 2.84375 9.4375 795 0 0 872 0 0
2.8e-09 infty 2.98438 9.57812 665 0 0 652 0 0
2.8e-09 27.7969 2.78125 9.54688 689 0 351643266 663 0 0
2.8e-09 infty 2.8125 9.57812 632 0 0 616 0 887564
2.8e-09 27.125 3.53125 9.59375 458 0 0 475 0 483551704
2.8e-09 infty 3.07812 9.5 745 0 0 741 0 0
2.8e-09 infty 2.98438 9.57812 676 0 0 620 0 0
2.8e-09 infty 2.48438 9.4375 795 0 0 810 0 0
2.8e-09 infty 2.48438 9.42188 788 0 0 781 0 0
2.8e-09 infty 3.53125 9.9375 807 0 136422451 820 0 157529
2.8e-09 infty 3.59375 9.48438 805 0 0 804 0 0
2.8e-09 infty 3.375 9.45312 796 0 0 781 0 0
2.8e-09 infty 3.48438 9.5625 624 0 0 649 0 65544373
2.8e-09 infty 3.35938 9.59375 600 0 0 644 0 28605241
2.8e-09 infty 2.90625 9.5 748 0 0 731 0 0
2.8e-09 infty 2.95312 9.54688 660 0 0 730 0 0
2.8e-09 infty 2.54688 9.5 690 0 0 738 0 38258907
2.8e-09 infty 2.8125 9.57812 629 0 0 637 0 0
2.8e-09 28.1094 2.51562 9.46875 751 0 0 796 0 314952451
2.8e-09 infty 2.98438 9.57812 633 0 399235 658 0 0
2.8e-09 infty 2.51562 9.45312 818 0 0 815 0 0
2.8e-09 infty 2.90625 9.51562 721 0 0 688 0 0
2.8e-09 infty 2.5625 9.51562 712 0 0 742 0 0
2.8e-09 infty 2.51562 9.45312 794 0 24205303 769 0 0
2.8e-09 infty 2.48438 9.59375 647 0 0 615 0 0
2.8e-09 infty 2.875 9.46875 798 0 0 780 0 74403827
2.8e-09 infty 2.5 9.45312 819 0 0 776 0 17812746
2.8e-09 infty 2.84375 9.4375 780 0 96074659 796 0 95265569
2.8e-09 infty 2.8125 9.59375 648 0 0 595 0 72854088
2.8e-09 infty 2.5625 9.5 712 0 14759170 711 0 121110059
2.8e-09 infty 3.45312 9.53125 699 0 60060808 694 0 0
2.8e-09 infty 3.79688 9.51562 721 0 0 689 0 0
2.8e-09 infty 3.01562 9.4375 797 0 0 793 0 0
2.8e-09 infty 3.26562 9.51562 683 0 0 708 0 0
2.8e-09 infty 3.375 9.45312 747 0 86813092 773 0 0
2.8e-09 27.375 3.34375 9.57812 635 0 0 627 0 460612845
2.8e-09 infty 3.0625 9.48438 772 0 3828748 742 0 0
2.8e-09 infty 2.48438 9.4375 808 0 0 829 0 204667939
2.8e-09 27.7188 2.51562 9.46875 709 0 393658226 738 0 0
2.8e-09 infty 3.0625 9.48438 758 0 23040426 747 0 0
2.8e-09 infty 2.82812 9.42188 789 0 0 851 0 0
2.8e-09 infty 3.32812 9.57812 650 0 0 601 0 0
2.8e-09 infty 2.48438 9.9375 802 0 108642437 832 0 0
2.8e-09 26.7031 3.51562 9.59375 368 0 388551367 312 0 78650057
2.8e-09 infty 2.5625 9.51562 702 0 0 652 0 0
2.8e-09 infty 2.98438 9.57812 657 0 0 635 0 0
2.8e-09 infty 3.42188 9.5 754 0 0 736 0 17342722
2.8e-09 infty 3.0625 9.48438 796 0 0 706 0 0
2.8e-09 infty 3.59375 9.5 705 0 0 784 0 0
2.8e-09 infty 3.07812 9.5 778 0 0 727 0 0
2.8e-09 infty 2.51562 9.45312 794 0 19911 739 0 0
2.8e-09 infty 3.82812 9.53125 692 0 0 678 0 14120431
2.8e-09 infty 3.59375 9.48438 739 0 36061692 777 0 9591850
2.8e-09 infty 3.01562 9.4375 842 0 0 839 0 0
2.8e-09 infty 2.48438 9.59375 662 0 0 551 0 0
2.8e-09 infty 2.98438 9.57812 662 0 0 618 0 0
2.8e-09 infty 3.40625 9.46875 729 0 39935300 757 0 0
2.8e-09 infty 2.84375 9.4375 807 0 0 764 0 0
2.8e-09 infty 2.53125 9.48438 735 0 0 687 0 0
2.8e-09 28.1719 3.39062 9.46875 713 0 0 730 0 288471659
2.8e-09 infty 2.53125 9.48438 726 0 203999752 742 0 0
2.8e-09 infty 2.76562 9.53125 661 0 0 724 0 0
2.8e-09 infty 2.8125 9.57812 580 0 0 638 0 0
2.8e-09 infty 2.75 9.51562 720 0 67472826 721 0 0
2.8e-09 infty 3.79688 9.51562 670 0 0 707 0 0
2.8e-09 infty 2.5625 9.51562 691 0 0 737 0 0
2.8e-09 infty 2.82812 9.59375 623 0 0 639 0 8265373
2.8e-09 infty 3.01562 9.42188 838 0 0 807 0 0
