2.8e-09 1.875 2.39062 0 206223353 2 0 206132131 0 3
2.8e-09 1.75 2.28125 0 195779098 4 17 195785724 0 18
2.8e-09 1.65625 2.03125 0 233590921 4 0 233653558 0 0
2.8e-09 2.40625 2.9375 0 232600479 1 1 232634269 13 4
2.8e-09 2.07812 2.45312 0 247564832 5 1 247580730 0 6
2.8e-09 2.125 2.5 0 224224143 0 0 224477858 2 0
2.8e-09 2.0625 2.4375 0 256704455 0 0 256229398 2 6
2.8e-09 2.07812 2.45312 0 244444769 0 0 244456559 0 0
2.8e-09 2.09375 2.48438 0 236248208 6 1 236342983 0 0
2.8e-09 1.67188 2.04688 0 223765857 0 0 223747222 3 0
2.8e-09 2.09375 2.46875 0 237335540 2 0 237390357 0 0
2.8e-09 2.0625 2.4375 0 253593480 2 3 253807091 0 0
2.8e-09 1.65625 2.03125 0 231592819 15 1 231442881 0 0
2.8e-09 2.39062 2.92188 0 237793995 0 0 237754494 0 0
2.8e-09 2.14062 2.53125 0 216312745 2 5 216294196 0 0
2.8e-09 2.0625 2.4375 0 256198475 1 0 256032409 4 3
2.8e-09 1.70312 2.23438 0 214564147 0 3 214580060 0 0
2.8e-09 1.70312 2.23438 0 211798673 1 0 211804992 8 2
2.8e-09 1.6875 2.21875 0 220655906 3 0 220577215 0 0
2.8e-09 2.25 2.78125 0 237162868 2 8 237030460 0 0
2.8e-09 1.75 2.26562 0 196604048 1 2 196523813 0 0
2.8e-09 2.34375 2.875 0 196207454 9 2 196308118 0 1
2.8e-09 1.73438 2.26562 0 200919570 1 0 201075752 1 0
2.8e-09 2.34375 2.875 0 195045023 0 0 194797640 0 0
2.8e-09 1.76562 2.28125 0 254783919 3 0 254629962 1 0
2.8e-09 1.8125 2.34375 0 230232343 2 0 230089180 2 0
2.8e-09 2.28125 2.8125 0 224666962 0 0 224378229 2 1
2.8e-09 2.39062 2.92188 0 239791122 1 0 239846193 4 0
2.8e-09 1.76562 2.29688 0 249967410 4 4 249929940 3 0
2.8e-09 1.84375 2.375 0 216718856 4 0 216634257 0 0
2.8e-09 1.8125 2.34375 0 229821108 5 14 229599378 0 0
2.8e-09 1.75 2.28125 0 195768853 5 2 195767834 3 0
2.8e-09 1.76562 2.29688 0 251509500 0 0 251413024 0 1
2.8e-09 2.14062 2.51562 0 217380513 1 0 217733582 2 0
2.8e-09 1.73438 2.26562 0 197107012 1 2 197023405 0 0
2.8e-09 1.89062 2.42188 0 199413943 4 6 199560412 3 0
2.8e-09 1.67188 2.04688 0 224454285 1 0 224310607 0 0
2.8e-09 2.15625 2.53125 0 212111422 15 4 212026163 10 0
2.8e-09 1.67188 2.20312 0 222751647 0 2 222740215 0 0
2.8e-09 2.1875 2.5625 0 199085519 8 14 199088021 2 0
2.8e-09 1.65625 2.03125 0 234260358 3 0 234133204 1 0
2.8e-09 2.1875 2.5625 0 201734116 1 0 201623240 3 0
2.8e-09 1.76562 2.29688 0 251797327 4 0 251852379 1 0
2.8e-09 1.79688 2.32812 0 234175046 1 4 234371843 5 0
2.8e-09 1.71875 2.25 0 205019316 3 4 205022888 0 5
2.8e-09 1.8125 2.34375 0 228285155 4 7 228323533 0 0
2.8e-09 1.875 2.40625 0 201715853 0 1 201761503 2 0
2.8e-09 2.14062 2.53125 0 215583077 16 5 215353905 0 1
2.8e-09 1.8125 2.34375 0 230024879 0 0 230028322 0 0
2.8e-09 1.67188 2.04688 0 228305959 7 9 227988903 3 0
2.8e-09 2.0625 2.45312 0 250945009 13 1 250806027 0 0
2.8e-09 1.73438 2.26562 0 198108378 6 0 198141937 6 16
2.8e-09 1.75 2.28125 0 193959897 4 0 193924504 0 0
2.8e-09 2.28125 2.79688 0 225486528 2 0 225580389 5 0
2.8e-09 2.21875 2.75 0 250991068 10 1 251178916 0 0
2.8e-09 2.17188 2.54688 0 204603493 0 1 204535137 1 0
2.8e-09 2.09375 2.48438 0 235565997 5 0 235337774 1 0
2.8e-09 1.65625 2.03125 0 234781092 6 9 234847297 0 0
2.8e-09 2.23438 2.76562 0 242556845 1 0 242596435 3 0
2.8e-09 2.0625 2.45312 0 249815323 1 0 249834889 1 0
2.8e-09 2.32812 2.85938 0 200555153 0 0 200527629 0 0
2.8e-09 1.71875 2.25 0 207825478 8 22 207600867 3 11
2.8e-09 2.0625 2.4375 0 253195949 0 0 253134932 0 0
2.8e-09 1.82812 2.35938 0 223424861 15 1 223397090 1 0
2.8e-09 1.84375 2.375 0 217436294 1 0 217599083 4 0
2.8e-09 2.15625 2.53125 0 212216911 0 0 212521170 1 9
2.8e-09 1.875 2.40625 0 202727026 2 0 202585554 3 1
2.8e-09 1.8125 2.34375 0 231548002 0 0 231319022 11 5
2.8e-09 1.79688 2.32812 0 233815780 0 0 233621382 3 0
2.8e-09 1.875 2.40625 0 203943391 1 0 204204048 18 23
2.8e-09 1.78125 2.3125 0 244994963 3 12 244977993 1 0
2.8e-09 1.75 2.28125 0 257866457 1 0 257814108 4 9
2.8e-09 1.90625 2.4375 0 257890945 0 0 257983230 2 0
2.8e-09 1.85938 2.39062 0 208670128 3 1 208727422 5 2
2.8e-09 1.70312 2.23438 0 212787195 3 1 212562537 2 0
2.8e-09 1.71875 2.25 0 205629618 0 0 205650377 4 0
2.8e-09 2.17188 2.54688 0 207334758 0 1 207282272 1 1
2.8e-09 1.85938 2.39062 0 211970179 0 0 211821157 2 1
2.8e-09 1.89062 2.42188 0 195256326 14 15 195350663 0 0
2.8e-09 1.6875 2.21875 0 220779212 8 2 220889599 8 1
2.8e-09 1.75 2.28125 0 256588435 2 1 256694952 13 0
2.8e-09 2.375 2.90625 0 249736076 0 0 249715031 0 4
2.8e-09 2.09375 2.46875 0 237233127 0 0 237328669 0 0
2.8e-09 1.78125 2.29688 0 246939558 0 0 246904549 3 0
2.8e-09 2.29688 2.8125 0 218787752 1 0 218697492 4 2
2.8e-09 1.875 2.40625 0 202788138 0 0 202791247 2 0
2.8e-09 1.85938 2.39062 0 210327606 2 1 210289082 0 33
2.8e-09 1.75 2.28125 0 256393489 16 6 256457057 5 0
2.8e-09 1.875 2.40625 0 204575564 10 27 204480352 5 0
2.8e-09 1.875 2.40625 0 203299110 0 0 203092259 4 1
2.8e-09 1.6875 2.21875 0 216522782 6 22 216507818 4 4
2.8e-09 1.73438 2.25 0 202675585 4 2 202729442 0 0
2.8e-09 1.76562 2.29688 0 252713078 4 0 252454102 0 24
2.8e-09 2.17188 2.5625 0 203856480 0 6 203680939 0 0
2.8e-09 1.71875 2.25 0 206903469 1 0 206925945 0 0
2.8e-09 2.59375 2.96875 0 216827623 1 0 216889497 5 0
2.8e-09 1.8125 2.34375 0 230119319 2 7 229969667 4 9
2.8e-09 1.76562 2.29688 0 248812312 4 0 248722370 5 0
2.8e-09 1.65625 2.03125 0 233031944 4 3 233043814 3 8
2.8e-09 1.8125 2.34375 0 230581322 12 0 230372439 0 0
2.8e-09 2.09375 2.48438 0 235906242 0 0 236001758 4 0
2.8e-09 2.34375 2.875 0 195489705 9 2 195329149 0 0
2.8e-09 1.89062 2.42188 0 194978130 4 3 194964193 0 0
2.8e-09 2.17188 2.5625 0 203352955 2 4 203328805 3 0
2.8e-09 2.20312 2.73438 0 254596013 4 3 255116766 6 2
2.8e-09 1.70312 2.23438 0 210825021 4 0 210746715 1 3
2.8e-09 2.1875 2.5625 0 200988192 2 0 200964389 0 0
2.8e-09 1.90625 2.4375 0 193776912 1 0 193983397 8 10
2.8e-09 2.3125 2.84375 0 210903821 1 0 210946737 5 0
2.8e-09 1.65625 2.04688 0 229363959 1 0 229174768 2 0
2.8e-09 2.64062 3.03125 0 197434852 4 0 197341910 1 4
2.8e-09 2.07812 2.46875 0 242280129 0 0 242280284 0 0
2.8e-09 1.6875 2.21875 0 220585975 2 0 220521375 13 3
2.8e-09 2.1875 2.5625 0 200951872 4 7 200763942 2 3
2.8e-09 1.67188 2.04688 0 228525411 1 2 228644385 0 2
2.8e-09 2.28125 2.8125 0 222422215 0 0 222550494 1 0
2.8e-09 2.39062 2.92188 0 239506902 2 0 239681776 1 0
2.8e-09 2.29688 2.82812 0 213315812 2 6 213291799 4 1
2.8e-09 2.10938 2.48438 0 231923649 15 0 232091035 6 0
2.8e-09 1.65625 2.03125 0 231976108 1 0 231999825 1 0
2.8e-09 1.6875 2.21875 0 218476189 0 0 218124663 4 0
2.8e-09 2.1875 2.5625 0 200065539 0 0 200120806 7 4
2.8e-09 1.65625 2.03125 0 232125219 9 10 232349106 3 0
2.8e-09 2.07812 2.45312 0 247382396 0 0 247363963 6 1
2.8e-09 2.125 2.51562 0 221853591 6 3 222036335 4 0
2.8e-09 1.71875 2.25 0 206666766 1 0 206891764 6 0
2.8e-09 2.21875 2.75 0 247062376 0 0 246727207 0 0
2.8e-09 2.67188 3.04688 0 249957745 1 0 250190268 0 0
2.8e-09 2.09375 2.46875 0 241350553 1 0 241318372 6 1
2.8e-09 1.67188 2.04688 0 226437387 1 0 226305853 0 0
2.8e-09 2.09375 2.46875 0 239491135 0 0 239498811 0 0
2.8e-09 2.65625 3.03125 0 256588503 1 0 256546418 1 0
2.8e-09 2.39062 2.92188 0 240404881 5 0 240448383 13 22
2.8e-09 2.10938 2.48438 0 230251077 0 0 230330648 2 1
2.8e-09 2.34375 2.875 0 198939406 2 0 198945283 0 0
2.8e-09 2.0625 2.4375 0 253031243 0 0 253056183 0 3
2.8e-09 1.82812 2.35938 0 221773992 1 0 221924370 0 0
2.8e-09 2.35938 2.89062 0 256946299 2 0 257219776 10 0
2.8e-09 2.32812 2.85938 0 203305770 0 0 203558514 4 0
2.8e-09 2.17188 2.54688 0 205052627 6 0 205197670 2 1
2.8e-09 2.40625 2.9375 0 231760144 2 0 231736462 8 0
2.8e-09 2.28125 2.8125 0 223863254 2 0 223807788 0 0
2.8e-09 1.78125 2.29688 0 246899315 11 3 246865617 3 1
2.8e-09 2.20312 2.73438 0 193956141 0 1 194001652 6 0
2.8e-09 1.67188 2.04688 0 226800881 0 2 226686967 0 0
2.8e-09 1.65625 2.04688 0 229681757 0 0 229857430 1 0
2.8e-09 1.79688 2.32812 0 234679439 0 2 234675468 1 0
2.8e-09 1.71875 2.23438 0 208303734 1 1 208358700 1 0
2.8e-09 1.8125 2.34375 0 231505184 5 18 231338792 4 0
2.8e-09 1.82812 2.35938 0 221021696 0 0 221037047 0 0
2.8e-09 2.32812 2.85938 0 200836652 0 0 200599757 2 0
2.8e-09 2.29688 2.82812 0 213539435 2 1 213315077 1 1
2.8e-09 2.34375 2.875 0 199433333 6 1 199478495 0 4
2.8e-09 1.70312 2.23438 0 212179414 2 8 212208115 1 0
2.8e-09 1.89062 2.42188 0 198235424 2 0 198205895 1 8
2.8e-09 1.73438 2.26562 0 199695817 0 0 199633664 0 0
2.8e-09 2.23438 2.76562 0 246029176 0 0 245732493 0 0
2.8e-09 2.0625 2.4375 0 254815060 1 2 255081071 1 0
2.8e-09 2.07812 2.45312 0 247844629 0 0 247653311 1 1
2.8e-09 2.34375 2.85938 0 199905658 1 2 200053621 1 0
2.8e-09 2.32812 2.85938 0 202578413 1 0 202738198 0 0
2.8e-09 2.09375 2.46875 0 237198300 0 0 237265713 0 0
2.8e-09 1.67188 2.04688 0 228391836 1 0 228519602 12 4
2.8e-09 2.1875 2.5625 0 198191520 1 0 198204382 3 1
2.8e-09 1.67188 2.04688 0 226703962 7 15 226856654 0 0
2.8e-09 1.79688 2.32812 0 234337864 1 0 234268226 4 0
2.8e-09 1.85938 2.375 0 213212091 0 0 213144699 0 0
2.8e-09 2.40625 2.9375 0 235617617 0 0 235590326 0 0
2.8e-09 2.59375 2.98438 0 214778664 3 0 215048348 0 0
2.8e-09 2.17188 2.54688 0 205776202 1 0 205930213 2 0
2.8e-09 1.85938 2.39062 0 210977397 0 0 210875910 5 0
2.8e-09 1.84375 2.375 0 214503918 10 17 214472881 8 5
2.8e-09 1.73438 2.26562 0 199843675 2 0 199838489 0 0
2.8e-09 1.84375 2.375 0 214714257 1 4 214672382 0 0
2.8e-09 1.75 2.28125 0 256708633 11 6 256664489 4 0
2.8e-09 1.65625 2.03125 0 233718386 0 0 233722104 3 1
2.8e-09 2.40625 2.92188 0 236986027 1 0 236751719 0 0
2.8e-09 1.71875 2.25 0 204051875 1 5 204126245 2 0
2.8e-09 2.09375 2.48438 0 235896740 1 0 235803663 6 17
2.8e-09 1.65625 2.04688 0 229832317 19 13 229782571 1 0
2.8e-09 2.26562 2.79688 0 228174251 20 1 227897356 0 0
2.8e-09 1.67188 2.04688 0 224637417 3 17 224677460 0 0
2.8e-09 1.65625 2.04688 0 230259845 2 4 230139638 1 0
2.8e-09 2.0625 2.4375 0 252504454 0 0 252411469 3 1
2.8e-09 2.65625 3.03125 0 195916714 1 0 196143876 0 0
2.8e-09 2.09375 2.46875 0 238776507 1 2 238754948 1 3
2.8e-09 2.125 2.5 0 225222573 7 0 225042499 4 6
2.8e-09 1.89062 2.40625 0 200561227 2 0 200551480 3 0
2.8e-09 1.70312 2.23438 0 210719888 8 0 210665346 1 0
2.8e-09 1.73438 2.26562 0 200480047 0 0 200506123 5 0
2.8e-09 1.6875 2.21875 0 220373016 1 0 220307443 3 0
2.8e-09 2.10938 2.48438 0 233826551 1 0 233698067 2 1
2.8e-09 1.875 2.40625 0 205505705 0 0 205332046 0 0
2.8e-09 2.15625 2.54688 0 209929333 4 3 210003067 8 0
2.8e-09 1.67188 2.04688 0 226230907 3 0 226340678 5 13
2.8e-09 1.67188 2.04688 0 228436440 1 11 228277103 1 2
2.8e-09 1.65625 2.03125 0 233546464 2 0 233370369 2 0
2.8e-09 2.125 2.5 0 225741409 8 1 225792581 0 0
2.8e-09 2.625 3 0 207777895 4 4 207867964 0 0
2.8e-09 2.375 2.90625 0 247586057 2 0 247760011 0 0
2.8e-09 1.6875 2.21875 0 217849844 0 0 218025744 2 0
2.8e-09 2.32812 2.85938 0 204410321 0 3 204293332 0 0
2.8e-09 1.70312 2.23438 0 209748276 5 0 209712841 10 1
2.8e-09 1.67188 2.04688 0 227103788 10 5 226932711 1 12
2.8e-09 1.70312 2.21875 0 215042307 5 0 215200062 0 0
2.8e-09 2.64062 3.01562 0 198541286 2 0 198601263 2 0
2.8e-09 2.64062 3.01562 0 199781568 9 5 199594654 2 0
2.8e-09 1.84375 2.375 0 215508857 0 0 215434869 0 0
2.8e-09 2.57812 2.95312 0 227303416 3 0 227542328 0 0
2.8e-09 1.75 2.28125 0 195129260 1 0 195043480 5 0
2.8e-09 2.14062 2.53125 0 215687633 0 0 215548790 1 0
2.8e-09 1.65625 2.04688 0 229245773 5 0 229258841 1 2
2.8e-09 1.85938 2.39062 0 210632747 6 2 210718413 3 0
2.8e-09 2.57812 2.95312 0 226058389 5 1 226615499 2 0
2.8e-09 2.09375 2.46875 0 240180467 10 19 240404564 1 0
2.8e-09 1.79688 2.32812 0 239244881 9 18 239279396 0 0
2.8e-09 1.8125 2.34375 0 228472785 1 0 228579163 1 0
2.8e-09 1.79688 2.32812 0 236535615 4 0 236273870 2 2
2.8e-09 1.6875 2.21875 0 216368502 10 1 216302113 1 1
2.8e-09 2.28125 2.8125 0 222829851 1 0 222494683 0 0
2.8e-09 2.39062 2.92188 0 241090468 0 0 241116373 0 0
2.8e-09 2.17188 2.54688 0 205950317 0 0 205825512 0 0
2.8e-09 2.59375 2.96875 0 220395574 2 1 220179142 0 0
2.8e-09 1.79688 2.32812 0 235616493 1 7 235463337 0 1
2.8e-09 2.09375 2.46875 0 241272592 3 6 241165194 4 3
2.8e-09 1.67188 2.04688 0 227429802 0 0 227473440 0 0
2.8e-09 2.67188 3.04688 0 253417610 0 0 253654673 1 0
2.8e-09 2.375 2.89062 0 251147974 5 1 251157560 0 3
2.8e-09 1.84375 2.375 0 216752174 0 1 216943543 1 2
2.8e-09 2.125 2.5 0 224025534 5 3 224000631 12 3
2.8e-09 1.6875 2.21875 0 218101171 4 1 218015966 0 0
2.8e-09 2.125 2.5 0 224112440 9 0 223754908 0 0
2.8e-09 1.84375 2.375 0 218053095 0 0 218121137 0 0
2.8e-09 2.29688 2.82812 0 216106485 2 1 215703697 1 0
2.8e-09 2.10938 2.48438 0 233210772 0 0 233194604 3 2
2.8e-09 1.78125 2.3125 0 240805657 2 4 240750926 5 1
2.8e-09 1.85938 2.39062 0 211571429 1 0 211708484 2 0
2.8e-09 2.25 2.78125 0 237514838 0 0 237173427 1 0
2.8e-09 2.3125 2.84375 0 211253844 0 2 211181353 1 0
2.8e-09 2.35938 2.89062 0 253064800 2 1 253248172 5 0
2.8e-09 2.42188 2.95312 0 228119082 9 10 228404359 0 0
2.8e-09 1.85938 2.39062 0 210858343 0 0 211100836 0 0
2.8e-09 2.29688 2.82812 0 217164733 0 0 217431491 1 2
2.8e-09 2.17188 2.54688 0 205587936 4 0 205775302 6 0
2.8e-09 2.1875 2.5625 0 199716707 4 5 199565746 2 0
2.8e-09 2.10938 2.48438 0 231933334 3 1 232031249 0 2
2.8e-09 1.90625 2.42188 0 194694311 0 0 194711613 3 0
2.8e-09 2.10938 2.5 0 229521146 10 1 229694232 0 0
2.8e-09 2.60938 2.98438 0 212927115 5 1 212459814 0 0
2.8e-09 1.73438 2.26562 0 201650616 0 0 201644516 4 47
2.8e-09 2.625 3 0 207330172 0 0 207189728 1 0
2.8e-09 2.28125 2.8125 0 223623583 0 0 223609779 2 1
2.8e-09 1.71875 2.23438 0 208547140 0 0 208516951 1 0
2.8e-09 1.82812 2.35938 0 221861923 11 2 221694366 1 0
2.8e-09 1.71875 2.25 0 203409955 4 0 203263991 0 0
2.8e-09 1.82812 2.35938 0 220567652 1 0 220500533 2 1
2.8e-09 1.76562 2.29688 0 251444204 0 1 251339586 6 0
2.8e-09 2.625 3 0 205222360 1 2 205427479 1 0
2.8e-09 2.625 3 0 204263495 2 0 204685791 10 2
2.8e-09 2.57812 2.95312 0 225974994 2 1 226050274 2 0
2.8e-09 2.07812 2.45312 0 248371019 0 1 248009702 1 6
2.8e-09 2.07812 2.46875 0 242853917 2 0 242790418 0 0
2.8e-09 2.10938 2.48438 0 229989401 16 0 230062642 6 2
2.8e-09 2.39062 2.92188 0 239121389 3 0 238977696 5 0
2.8e-09 1.70312 2.23438 0 214320854 1 0 214541806 0 0
2.8e-09 2.23438 2.76562 0 245597120 3 0 245546841 0 0
2.8e-09 2.10938 2.48438 0 232427686 1 1 232513657 0 0
2.8e-09 1.84375 2.375 0 217032759 2 0 217121199 0 0
2.8e-09 2.10938 2.48438 0 232448962 8 3 232350821 0 0
2.8e-09 1.6875 2.21875 0 221132950 2 0 221119508 2 0
2.8e-09 1.65625 2.03125 0 232921006 0 0 232949279 21 2
2.8e-09 2.57812 2.96875 0 222163562 0 0 222178244 1 0
2.8e-09 1.76562 2.29688 0 249690409 3 0 249754373 0 0
2.8e-09 2.34375 2.875 0 199484427 0 0 199525770 2 2
2.8e-09 1.67188 2.04688 0 224883925 2 0 224787898 0 0
2.8e-09 2.20312 2.73438 0 195276670 2 0 195144275 5 1
2.8e-09 2.375 2.90625 0 244597813 1 0 244493831 0 0
2.8e-09 1.89062 2.40625 0 200611257 0 0 200663949 0 0
2.8e-09 1.65625 2.03125 0 234947951 20 57 234806214 1 4
2.8e-09 1.76562 2.29688 0 251243195 2 0 251032191 0 0
2.8e-09 1.73438 2.26562 0 197383008 3 0 197712620 4 0
2.8e-09 1.75 2.28125 0 258167668 3 0 258305860 0 0
2.8e-09 2.60938 2.98438 0 211264156 1 7 211473065 5 9
2.8e-09 1.6875 2.21875 0 217911961 4 2 217856425 0 0
2.8e-09 2.59375 2.98438 0 214785474 0 0 214847480 2 5
2.8e-09 2.64062 3.01562 0 198316116 2 0 198039750 0 0
2.8e-09 1.90625 2.4375 0 257393717 6 3 257068453 4 1
2.8e-09 1.71875 2.25 0 204753865 1 0 204826778 0 0
2.8e-09 1.71875 2.25 0 204728189 3 0 204664781 1 0
2.8e-09 2.21875 2.75 0 251552744 0 0 251170097 26 15
2.8e-09 2.32812 2.85938 0 203122002 0 0 203047293 2 0
2.8e-09 1.70312 2.23438 0 211331525 4 0 211524199 0 0
2.8e-09 2.10938 2.48438 0 230002693 3 1 229730256 7 5
2.8e-09 1.65625 2.04688 0 228726306 1 0 228795877 0 0
2.8e-09 1.73438 2.25 0 202942781 0 0 202977126 0 0
2.8e-09 2.1875 2.5625 0 200873554 0 0 201239702 2 1
2.8e-09 2.09375 2.48438 0 235710984 1 0 235844143 0 0
2.8e-09 1.73438 2.26562 0 197567000 0 3 197778492 1 1
2.8e-09 2.57812 2.96875 0 222384509 0 1 222401070 10 9
2.8e-09 2.35938 2.89062 0 252305548 0 8 251947516 0 0
2.8e-09 1.78125 2.3125 0 245360855 6 10 245433893 5 1
2.8e-09 1.73438 2.26562 0 200794316 9 6 200752025 7 1
2.8e-09 2.25 2.76562 0 239000360 1 0 238893233 3 9
2.8e-09 1.67188 2.04688 0 223861527 0 0 223886292 0 0
2.8e-09 2.32812 2.85938 0 202317051 0 0 202585883 1 0
2.8e-09 2.59375 2.96875 0 219668097 3 5 219558509 8 2
2.8e-09 2.10938 2.48438 0 234007367 5 0 234118992 0 0
2.8e-09 1.79688 2.32812 0 235392872 0 0 235441528 0 0
2.8e-09 2.0625 2.4375 0 252633337 4 1 252631349 3 1
2.8e-09 1.71875 2.25 0 203787382 0 2 203708836 12 3
2.8e-09 2.23438 2.76562 0 244069218 2 2 244148521 0 0
2.8e-09 1.70312 2.23438 0 212942247 2 0 212964728 3 0
2.8e-09 1.85938 2.39062 0 210663288 1 0 210650250 1 0
2.8e-09 2.26562 2.79688 0 229514136 0 0 229557849 1 0
2.8e-09 2.32812 2.85938 0 203841957 3 1 203601333 5 0
2.8e-09 1.67188 2.04688 0 227276074 5 5 227331928 0 0
2.8e-09 2.125 2.5 0 227854330 11 1 228089454 3 0
2.8e-09 1.78125 2.3125 0 244394193 1 0 244276584 15 0
2.8e-09 1.73438 2.26562 0 201916426 3 0 202036989 3 0
2.8e-09 1.65625 2.03125 0 232672050 8 4 232628814 1 0
2.8e-09 2.0625 2.45312 0 250007449 0 0 250100938 0 0
2.8e-09 1.8125 2.34375 0 227955856 1 0 227861477 1 1
2.8e-09 1.75 2.28125 0 195375156 0 0 195496428 2 1
2.8e-09 1.85938 2.39062 0 208280714 0 1 208348979 0 0
2.8e-09 2.125 2.5 0 227441310 0 0 227413341 1 4
2.8e-09 2.15625 2.54688 0 210078831 0 0 210000044 0 0
2.8e-09 1.84375 2.35938 0 219381994 1 0 219480560 1 0
2.8e-09 2.14062 2.51562 0 216559617 14 6 216460597 2 0
2.8e-09 2.0625 2.4375 0 253953946 1 0 253754027 2 0
2.8e-09 1.65625 2.04688 0 229347177 2 5 229199858 2 1
2.8e-09 1.82812 2.35938 0 220188210 5 0 220241718 0 0
2.8e-09 2.125 2.5 0 228071538 7 2 228146122 0 0
2.8e-09 2.1875 2.71875 0 197054710 1 7 196899648 7 4
2.8e-09 1.75 2.26562 0 196700456 0 0 196634873 1 2
2.8e-09 2.125 2.5 0 223500667 0 0 223508183 1 2
2.8e-09 2.32812 2.84375 0 205821011 3 2 205587686 1 0
2.8e-09 2.3125 2.84375 0 211441769 5 1 211565275 0 0
2.8e-09 1.65625 2.03125 0 230740007 2 1 230774175 0 0
2.8e-09 1.76562 2.29688 0 250076526 2 0 250127076 4 0
2.8e-09 1.78125 2.3125 0 245038452 0 0 244792763 1 2
2.8e-09 2.23438 2.76562 0 241242341 0 0 240982315 1 0
2.8e-09 1.71875 2.25 0 205322689 0 0 205365007 3 0
2.8e-09 1.67188 2.04688 0 228434963 10 4 228358604 1 0
2.8e-09 2.25 2.78125 0 236901381 0 0 236788420 13 6
2.8e-09 2.17188 2.54688 0 205807242 3 0 205635771 0 1
2.8e-09 1.89062 2.42188 0 195937043 1 0 196077650 1 3
2.8e-09 2.67188 3.04688 0 249159930 10 14 249284191 5 2
2.8e-09 2.14062 2.51562 0 216519590 1 1 216462810 0 0
2.8e-09 2.26562 2.78125 0 232721152 15 8 232498147 1 0
2.8e-09 1.6875 2.21875 0 215922693 1 0 216251251 2 0
2.8e-09 2.28125 2.8125 0 220982777 2 2 221073241 0 7
2.8e-09 1.85938 2.39062 0 207420164 1 0 207591970 5 2
2.8e-09 1.75 2.28125 0 195857225 0 0 195799683 0 3
2.8e-09 2.32812 2.85938 0 201297353 0 0 201518424 1 0
2.8e-09 2.21875 2.75 0 247065284 0 0 247073008 13 17
2.8e-09 1.89062 2.42188 0 197919953 0 0 198016502 1 3
2.8e-09 2.60938 2.98438 0 213848382 1 0 213834674 5 3
2.8e-09 2.1875 2.5625 0 200693574 7 5 200781913 0 0
2.8e-09 2.3125 2.84375 0 207591441 3 1 207786609 8 15
2.8e-09 2.09375 2.46875 0 239830972 0 0 239848462 9 6
2.8e-09 1.75 2.28125 0 255285960 0 0 255379060 0 0
2.8e-09 1.78125 2.3125 0 245376485 0 4 245592913 8 5
2.8e-09 2.07812 2.45312 0 246572772 0 4 246586830 1 0
2.8e-09 1.85938 2.39062 0 210719169 4 0 210815091 1 0
2.8e-09 1.89062 2.42188 0 198912510 0 0 198976386 2 1
2.8e-09 2.67188 3.04688 0 253143733 0 0 252643337 2 2
2.8e-09 1.8125 2.34375 0 229409274 11 1 229541369 0 0
2.8e-09 1.73438 2.26562 0 201724399 8 4 201898371 0 0
2.8e-09 2.59375 2.96875 0 218764917 3 0 218495690 11 3
2.8e-09 2.10938 2.5 0 229414184 1 0 229642909 10 7
2.8e-09 2.375 2.90625 0 245425737 2 0 245324235 3 11
2.8e-09 1.67188 2.04688 0 224102279 1 0 224050862 7 8
2.8e-09 1.90625 2.4375 0 257556069 1 0 257530613 4 10
2.8e-09 1.76562 2.29688 0 251301955 11 7 251406932 10 1
2.8e-09 2.20312 2.73438 0 258552832 3 0 258154065 0 0
2.8e-09 1.8125 2.34375 0 228300183 11 6 228365333 1 0
2.8e-09 1.8125 2.32812 0 232750018 0 0 232807736 0 0
2.8e-09 1.79688 2.32812 0 236925542 0 0 236858353 0 0
2.8e-09 1.84375 2.375 0 217483980 2 0 217668586 0 0
2.8e-09 2.65625 3.04688 0 255395975 10 0 254965693 2 0
2.8e-09 1.73438 2.26562 0 197416667 0 0 197438927 0 1
2.8e-09 2.0625 2.4375 0 255964141 15 0 255952846 1 0
2.8e-09 1.70312 2.23438 0 210560702 0 0 210697239 0 0
2.8e-09 2.10938 2.48438 0 235050576 2 0 235020064 6 13
2.8e-09 1.76562 2.29688 0 250665187 1 0 250787319 4 3
2.8e-09 1.8125 2.34375 0 232171573 1 0 232117041 0 0
2.8e-09 1.73438 2.26562 0 198624367 3 0 198633908 0 0
2.8e-09 2.09375 2.46875 0 237993915 0 0 237692419 10 9
2.8e-09 1.85938 2.39062 0 208663091 1 0 208807043 1 0
2.8e-09 2.67188 3.04688 0 253493853 1 1 254016630 0 0
2.8e-09 2.17188 2.54688 0 206620268 2 3 206584842 15 5
2.8e-09 1.73438 2.26562 0 201674892 0 0 201646128 0 0
2.8e-09 2.3125 2.84375 0 211571803 6 0 211291616 3 0
2.8e-09 1.75 2.28125 0 257306297 0 0 257481194 0 1
2.8e-09 2.09375 2.46875 0 238685663 0 0 238866702 0 0
2.8e-09 1.6875 2.21875 0 218915232 3 1 218662153 0 1
2.8e-09 1.75 2.28125 0 256617030 4 25 256913105 4 4
2.8e-09 1.79688 2.32812 0 238529557 1 5 238502769 4 0
2.8e-09 1.8125 2.32812 0 232938231 0 6 232593065 0 0
2.8e-09 1.67188 2.04688 0 226378751 0 0 226289045 1 0
2.8e-09 2.25 2.78125 0 234846665 0 0 234739516 4 0
2.8e-09 2.20312 2.73438 0 254904481 10 2 254932430 5 0
2.8e-09 2.59375 2.96875 0 220632756 6 5 220784027 4 2
2.8e-09 1.82812 2.35938 0 222132750 9 5 222288516 1 0
2.8e-09 1.875 2.40625 0 203845235 1 0 203760577 14 15
2.8e-09 2.15625 2.53125 0 211554716 2 1 211500499 3 0
2.8e-09 2.20312 2.71875 0 196500503 0 0 196539123 3 0
2.8e-09 1.82812 2.34375 0 226135392 6 0 226049159 0 0
2.8e-09 1.76562 2.29688 0 248458712 0 0 248499623 5 0
2.8e-09 1.73438 2.25 0 202911598 0 0 202915413 0 0
2.8e-09 2.29688 2.8125 0 218847125 2 0 218761807 1 0
2.8e-09 1.67188 2.04688 0 226449753 0 0 226671932 4 0
2.8e-09 2.0625 2.4375 0 253930455 0 0 254127753 0 0
2.8e-09 1.6875 2.21875 0 215919508 1 0 215647165 2 7
2.8e-09 1.67188 2.04688 0 226773306 4 0 226931564 8 1
2.8e-09 2.20312 2.73438 0 255282287 1 0 254959033 2 7
2.8e-09 2.20312 2.73438 0 194519817 8 64 194452419 2 0
2.8e-09 1.70312 2.23438 0 214061079 0 0 213944517 4 0
2.8e-09 2.32812 2.85938 0 205658752 0 19 205655339 2 6
2.8e-09 2.57812 2.95312 0 225151029 1 0 225519148 0 0
2.8e-09 1.75 2.28125 0 194400509 1 5 194501140 0 0
2.8e-09 2.09375 2.48438 0 236400851 2 0 236720582 3 4
2.8e-09 2.0625 2.4375 0 253841453 6 4 253975408 4 0
2.8e-09 2.26562 2.79688 0 226095461 3 0 226132739 6 0
2.8e-09 1.67188 2.04688 0 223886537 3 1 223863224 0 0
2.8e-09 2.57812 2.95312 0 222814999 0 0 222969878 6 6
2.8e-09 2.57812 2.95312 0 223071332 1 1 223352415 0 0
2.8e-09 1.6875 2.21875 0 220176829 3 1 220109540 1 0
2.8e-09 1.85938 2.39062 0 207203768 0 6 207273448 0 0
2.8e-09 2.1875 2.5625 0 202296876 3 0 202163715 0 0
2.8e-09 2.28125 2.8125 0 224625626 6 0 224786797 9 1
2.8e-09 2.1875 2.5625 0 200610830 1 0 200885327 0 0
2.8e-09 1.65625 2.03125 0 233273939 0 0 233378209 6 2
2.8e-09 1.70312 2.23438 0 213351496 5 1 213291532 0 0
2.8e-09 2.39062 2.92188 0 238737267 3 2 238610467 8 3
2.8e-09 2.20312 2.73438 0 255432593 1 0 255415706 4 1
2.8e-09 1.75 2.26562 0 196708562 0 13 196691254 6 3
2.8e-09 1.89062 2.40625 0 200487137 1 0 200585727 0 0
2.8e-09 2.14062 2.51562 0 217651905 0 0 217746086 0 0
2.8e-09 1.75 2.28125 0 195005573 0 0 194927388 0 6
2.8e-09 2.21875 2.73438 0 253967238 3 1 253958179 14 2
2.8e-09 1.65625 2.03125 0 231993866 3 1 231972217 3 0
2.8e-09 2.3125 2.84375 0 207280015 2 0 207444146 0 0
2.8e-09 1.89062 2.42188 0 195498997 0 0 195577597 5 0
2.8e-09 1.89062 2.42188 0 199349082 1 1 199392568 3 0
2.8e-09 1.82812 2.35938 0 222597950 2 0 222681190 0 0
2.8e-09 2.15625 2.53125 0 210471653 1 0 210346205 11 4
2.8e-09 2.09375 2.46875 0 237781535 4 0 238046534 0 0
2.8e-09 2.65625 3.04688 0 254231536 6 3 254013196 2 2
2.8e-09 1.76562 2.29688 0 249252226 4 1 249197584 4 13
2.8e-09 2.375 2.90625 0 245128901 7 0 244779223 0 0
2.8e-09 1.78125 2.3125 0 245184238 1 0 245234743 11 4
2.8e-09 2.07812 2.45312 0 249367961 7 5 249255917 1 0
2.8e-09 1.65625 2.03125 0 232941224 1 0 232766653 0 0
2.8e-09 1.6875 2.21875 0 216581534 1 2 216483444 0 0
2.8e-09 1.73438 2.26562 0 198398293 1 0 198468365 6 0
2.8e-09 2.1875 2.5625 0 202404907 0 0 202393092 0 0
2.8e-09 2.1875 2.5625 0 200954710 11 0 200844686 0 0
2.8e-09 2.25 2.78125 0 234487126 19 1 234331208 0 0
2.8e-09 1.75 2.28125 0 258415045 0 0 258417587 2 0
2.8e-09 1.6875 2.21875 0 220424088 1 0 220366513 1 0
2.8e-09 2.29688 2.82812 0 213760418 4 1 214041723 1 0
2.8e-09 2.29688 2.82812 0 215689551 2 9 215541528 1 0
2.8e-09 1.875 2.40625 0 202439114 0 1 202587602 2 8
2.8e-09 1.73438 2.26562 0 201756981 2 0 201891895 0 0
2.8e-09 1.78125 2.29688 0 247406200 1 0 247270599 11 2
2.8e-09 1.70312 2.23438 0 214699728 0 0 214487727 0 0
2.8e-09 1.65625 2.04688 0 230116483 5 8 230035210 3 0
2.8e-09 1.73438 2.26562 0 200494073 1 2 200404225 0 0
2.8e-09 1.79688 2.32812 0 234775714 4 1 234687822 2 0
2.8e-09 2.21875 2.75 0 251262238 2 12 251144603 0 0
2.8e-09 1.70312 2.23438 0 209466298 2 0 209495030 10 2
2.8e-09 1.70312 2.23438 0 211386193 1 0 211361016 4 0
2.8e-09 1.67188 2.20312 0 222956668 1 2 222805591 3 0
2.8e-09 1.65625 2.04688 0 230204415 0 0 230013217 5 3
2.8e-09 1.79688 2.32812 0 238654658 6 1 238617760 5 0
2.8e-09 1.79688 2.3125 0 240164005 1 0 240055614 0 0
2.8e-09 1.85938 2.39062 0 211014805 2 1 210900002 5 1
2.8e-09 1.84375 2.375 0 213771311 2 0 213885380 4 1
2.8e-09 2.07812 2.45312 0 245042532 2 5 245178630 3 5
2.8e-09 2.26562 2.79688 0 231099100 0 0 230878779 0 0
2.8e-09 2.10938 2.5 0 229130589 8 2 229011273 8 11
2.8e-09 1.65625 2.03125 0 232235241 0 0 231930100 0 0
2.8e-09 1.70312 2.23438 0 211501845 3 18 211660204 2 0
2.8e-09 2.26562 2.79688 0 227930797 0 0 228005156 3 2
2.8e-09 2.60938 3 0 208678843 0 0 208632456 5 0
2.8e-09 2.07812 2.45312 0 247099863 3 1 246929439 3 10
2.8e-09 1.65625 2.03125 0 232232319 1 0 232265128 8 1
2.8e-09 1.79688 2.32812 0 236068303 0 0 236038143 1 0
2.8e-09 2.0625 2.45312 0 250025038 0 1 250476140 7 6
2.8e-09 2.42188 2.9375 0 229454521 1 12 229740220 12 12
2.8e-09 2.15625 2.53125 0 212476133 0 1 212158791 0 5
2.8e-09 2.07812 2.45312 0 246009193 3 0 245971148 8 1
2.8e-09 1.79688 2.3125 0 239414485 2 2 239623924 2 0
2.8e-09 1.82812 2.35938 0 224987451 0 0 225120114 0 0
2.8e-09 2.29688 2.82812 0 217993346 3 0 218053543 0 0
2.8e-09 2.40625 2.9375 0 233609950 0 0 233369275 3 0
2.8e-09 2.0625 2.4375 0 252811372 0 2 252886933 1 3
2.8e-09 2.67188 3.04688 0 253850190 1 0 253470244 1 0
2.8e-09 1.70312 2.23438 0 209992166 2 0 209873040 5 1
2.8e-09 2.42188 2.9375 0 230186678 0 0 230087060 0 0
2.8e-09 2.28125 2.8125 0 219373821 0 6 219249121 3 0
2.8e-09 2.125 2.5 0 223305649 10 0 223480584 10 6
2.8e-09 2.59375 2.98438 0 215352685 5 3 215457947 3 2
2.8e-09 1.82812 2.35938 0 221952763 0 5 222020735 1 0
2.8e-09 1.82812 2.35938 0 219568472 0 0 219788202 1 5
2.8e-09 1.89062 2.42188 0 198178231 1 1 198027980 0 0
2.8e-09 2.17188 2.54688 0 207740549 3 0 207795030 3 0
2.8e-09 2.29688 2.82812 0 214252950 0 0 214309951 0 0
2.8e-09 1.84375 2.375 0 213219752 4 0 213237448 0 0
2.8e-09 1.90625 2.42188 0 194848891 2 0 194722235 0 0
2.8e-09 1.89062 2.40625 0 200234781 0 0 200035943 1 0
2.8e-09 2.15625 2.53125 0 213716659 1 0 213762076 1 0
2.8e-09 1.82812 2.35938 0 224700839 3 0 224787281 0 0
2.8e-09 2.15625 2.54688 0 209534624 1 0 209589148 2 12
2.8e-09 2.34375 2.875 0 195330935 5 4 195458075 6 1
2.8e-09 2.26562 2.79688 0 230216529 0 0 230071214 5 2
2.8e-09 2.625 3 0 203994361 0 0 203985675 0 3
2.8e-09 2.10938 2.48438 0 233339555 17 3 233338854 0 0
2.8e-09 1.6875 2.21875 0 216554398 1 0 216599100 1 0
2.8e-09 1.76562 2.29688 0 253730846 2 0 253817643 0 7
2.8e-09 1.8125 2.34375 0 228494863 5 0 228418440 2 0
2.8e-09 2.34375 2.875 0 195404948 1 1 195398457 6 1
2.8e-09 1.76562 2.29688 0 251407305 14 0 251696162 2 0
2.8e-09 2.64062 3.01562 0 198863047 4 1 199304083 1 0
2.8e-09 2.10938 2.48438 0 232575464 0 0 232411719 0 0
2.8e-09 1.76562 2.29688 0 250568067 1 0 250675426 5 7
2.8e-09 2.25 2.78125 0 232915000 1 3 232810964 0 0
2.8e-09 1.73438 2.26562 0 200837012 4 0 201041554 2 0
2.8e-09 1.85938 2.375 0 212835980 4 0 212878351 2 0
2.8e-09 2.375 2.90625 0 249170887 0 0 249293735 32 23
2.8e-09 2.07812 2.45312 0 247517634 11 0 247626266 0 21
2.8e-09 2.1875 2.5625 0 201377238 11 15 201306551 1 0
2.8e-09 2.26562 2.79688 0 230251902 2 0 230053529 0 0
2.8e-09 2.17188 2.54688 0 205241973 2 1 205298795 3 0
2.8e-09 1.65625 2.04688 0 229962651 0 0 230017525 0 0
2.8e-09 2.625 3 0 204389957 0 0 204893432 0 0
2.8e-09 2.15625 2.53125 0 211481196 1 0 211222498 3 0
2.8e-09 1.6875 2.21875 0 216542662 3 0 216378573 4 6
2.8e-09 2.07812 2.46875 0 242439477 1 0 242543751 6 1
2.8e-09 1.71875 2.25 0 207394737 4 0 207422050 6 37
2.8e-09 1.79688 2.32812 0 238215437 1 0 238368491 5 8
2.8e-09 1.71875 2.25 0 202797061 4 0 203177313 0 0
2.8e-09 2.09375 2.46875 0 237099941 16 10 237034254 8 18
2.8e-09 1.875 2.40625 0 203699866 4 7 203738115 6 1
2.8e-09 1.85938 2.39062 0 208204837 1 0 207945866 0 0
2.8e-09 2.17188 2.54688 0 206506386 4 0 206693226 13 32
2.8e-09 1.76562 2.29688 0 251555950 11 9 251892694 5 12
2.8e-09 2.07812 2.45312 0 248959054 4 0 248896815 3 0
2.8e-09 2.26562 2.79688 0 226179037 3 0 226156951 10 2
2.8e-09 1.70312 2.23438 0 212308620 0 0 212303414 3 0
2.8e-09 2.1875 2.5625 0 199850145 0 0 199953941 0 0
2.8e-09 2.10938 2.48438 0 234864023 3 1 234706793 13 53
2.8e-09 1.79688 2.32812 0 238421453 3 0 238579124 3 0
2.8e-09 1.89062 2.42188 0 199554095 1 0 199815091 1 6
2.8e-09 2.23438 2.76562 0 245746319 0 0 245631532 0 0
2.8e-09 1.875 2.40625 0 201341002 0 0 201338503 8 7
2.8e-09 1.75 2.26562 0 196264992 2 0 196275082 0 0
2.8e-09 1.79688 2.32812 0 236834014 10 8 236951540 0 6
2.8e-09 2.10938 2.48438 0 229965893 18 13 229991928 10 1
2.8e-09 1.6875 2.21875 0 216038208 1 6 216087080 0 0
2.8e-09 2.29688 2.82812 0 217037826 0 1 216908834 0 0
2.8e-09 2.34375 2.875 0 198397647 0 0 198289697 0 0
2.8e-09 2.59375 2.98438 0 215699226 6 4 215876068 9 22
2.8e-09 2.65625 3.03125 0 256153784 0 0 256166465 2 0
2.8e-09 1.84375 2.375 0 217670847 3 2 217512910 0 0
2.8e-09 1.73438 2.26562 0 197725748 0 0 197792838 0 0
2.8e-09 1.76562 2.29688 0 252052021 10 1 251760683 0 0
2.8e-09 1.75 2.28125 0 195098637 5 2 194913240 0 0
2.8e-09 2.625 3 0 208020801 18 11 207843342 4 0
2.8e-09 1.79688 2.32812 0 236438716 8 19 236320231 1 0
2.8e-09 1.65625 2.03125 0 233498474 0 0 233507089 8 0
2.8e-09 2.59375 2.96875 0 218280396 1 0 218294840 2 0
2.8e-09 2.59375 2.96875 0 219511499 2 22 219733413 5 1
2.8e-09 2.60938 3 0 208599503 1 0 208443666 2 0
2.8e-09 2.125 2.5 0 224654698 2 0 224697868 0 0
2.8e-09 1.82812 2.35938 0 222351741 1 0 222272367 5 1
2.8e-09 2.23438 2.76562 0 243892019 2 0 243810912 4 1
2.8e-09 1.875 2.40625 0 204656904 0 0 204660747 4 0
2.8e-09 2.15625 2.54688 0 208671588 3 0 208717292 9 7
2.8e-09 1.79688 2.32812 0 236479391 0 0 236601121 0 0
2.8e-09 2.23438 2.76562 0 241125710 4 5 241105985 1 0
2.8e-09 1.70312 2.23438 0 213924328 7 7 214125138 2 0
2.8e-09 1.89062 2.42188 0 196528638 0 0 196615507 0 4
2.8e-09 1.875 2.39062 0 206451583 2 0 206396428 4 0
2.8e-09 1.75 2.28125 0 258225204 0 0 258293439 0 20
2.8e-09 1.76562 2.29688 0 252008034 5 3 252013219 2 0
2.8e-09 2.3125 2.84375 0 208161941 0 0 208265669 4 0
2.8e-09 1.84375 2.375 0 213930923 10 2 213965322 2 1
2.8e-09 1.73438 2.26562 0 199743763 0 0 199747714 2 0
2.8e-09 1.73438 2.26562 0 201130796 8 4 201275896 3 0
2.8e-09 1.82812 2.35938 0 224286500 2 0 224369036 2 0
2.8e-09 1.82812 2.34375 0 225834543 1 0 226012782 4 2
2.8e-09 2.07812 2.45312 0 244450599 1 0 244397184 1 0
2.8e-09 2.375 2.90625 0 246804555 0 0 247101713 2 4
2.8e-09 1.75 2.28125 0 194075918 1 7 194227874 0 0
2.8e-09 1.65625 2.03125 0 234669093 2 0 234693383 0 0
2.8e-09 1.85938 2.39062 0 210220273 3 2 210231360 2 0
2.8e-09 2.15625 2.53125 0 210591130 0 0 210471384 5 0
2.8e-09 1.75 2.28125 0 257558723 19 7 257602379 3 0
2.8e-09 1.67188 2.20312 0 223002867 4 2 223093422 4 1
2.8e-09 2.40625 2.9375 0 235207160 1 0 235683555 8 18
2.8e-09 2.1875 2.71875 0 196995357 1 0 196846693 2 0
2.8e-09 2.23438 2.75 0 246711538 4 3 246749157 20 9
2.8e-09 1.84375 2.375 0 217679891 0 0 217706301 1 0
2.8e-09 1.65625 2.03125 0 234227649 0 0 234204189 0 0
2.8e-09 1.70312 2.23438 0 210987685 0 0 210913215 0 0
2.8e-09 2.17188 2.5625 0 203215033 2 0 203272447 3 2
2.8e-09 1.73438 2.26562 0 197943622 1 0 197835314 0 0
2.8e-09 1.84375 2.375 0 216900791 1 0 216846837 4 1
2.8e-09 1.76562 2.29688 0 251298967 11 3 251025489 2 0
2.8e-09 1.67188 2.04688 0 224569536 11 13 224689022 1 0
2.8e-09 2.625 3 0 208068000 3 2 208212025 2 2
2.8e-09 1.85938 2.39062 0 207676597 1 0 207510955 4 9
2.8e-09 1.65625 2.04688 0 229871579 2 0 229822320 2 1
2.8e-09 2.23438 2.76562 0 240300304 0 0 240125680 2 1
2.8e-09 1.70312 2.23438 0 211185589 0 0 211176042 4 2
2.8e-09 1.76562 2.29688 0 252855751 0 0 252841895 4 3
2.8e-09 1.67188 2.20312 0 222583708 0 0 222537267 0 0
2.8e-09 2.0625 2.4375 0 256485161 0 0 256496023 1 0
2.8e-09 2.10938 2.48438 0 232515201 3 10 232240552 1 2
2.8e-09 2.125 2.5 0 223388900 11 1 223377479 1 0
2.8e-09 1.73438 2.26562 0 198953181 2 2 198827316 6 2
2.8e-09 1.85938 2.39062 0 209319577 6 0 209186225 7 0
2.8e-09 2.3125 2.84375 0 211003055 3 0 211180711 2 0
2.8e-09 2.17188 2.54688 0 204369629 0 0 204245028 2 0
2.8e-09 2.20312 2.73438 0 256220204 0 0 256548546 4 0
2.8e-09 1.85938 2.39062 0 210894368 2 2 210919375 3 13
2.8e-09 2.15625 2.54688 0 209032887 1 0 209208459 0 1
2.8e-09 1.65625 2.03125 0 231797441 2 14 231725025 0 0
2.8e-09 1.89062 2.42188 0 195452152 4 0 195484722 4 9
2.8e-09 1.8125 2.34375 0 231887428 1 0 231897169 5 0
2.8e-09 1.84375 2.375 0 214891813 3 1 214822441 3 0
2.8e-09 1.71875 2.25 0 205418745 0 0 205578892 0 0
2.8e-09 2.625 3 0 205971640 2 2 205796858 0 0
2.8e-09 1.73438 2.25 0 202840757 0 0 202695643 0 0
2.8e-09 2.64062 3.01562 0 200070917 2 0 200043598 1 0
2.8e-09 2.0625 2.4375 0 251692125 4 0 251780799 0 0
2.8e-09 2.34375 2.875 0 199339130 0 1 199172186 1 0
2.8e-09 2.15625 2.53125 0 212955516 2 0 213092506 1 1
2.8e-09 1.78125 2.3125 0 245404764 0 0 245553205 0 0
2.8e-09 2.64062 3.01562 0 198009256 0 0 198223694 3 0
2.8e-09 2.07812 2.45312 0 248306154 0 0 248325672 0 0
2.8e-09 1.75 2.28125 0 195672988 0 0 195604038 1 0
2.8e-09 1.70312 2.23438 0 211713022 2 3 211680488 0 0
2.8e-09 1.70312 2.23438 0 213796143 5 1 213638791 0 20
2.8e-09 1.84375 2.375 0 215903035 7 1 215807343 2 4
2.8e-09 2.15625 2.53125 0 213931628 0 4 214329026 3 2
2.8e-09 1.78125 2.3125 0 242538688 0 0 242361804 1 5
2.8e-09 1.67188 2.04688 0 226880471 0 0 227100873 0 0
2.8e-09 2.64062 3.01562 0 201898600 0 0 202145834 0 0
2.8e-09 1.875 2.40625 0 204136589 0 0 203887558 5 1
2.8e-09 1.67188 2.04688 0 228215736 0 3 228330321 1 0
2.8e-09 1.84375 2.375 0 215976069 1 2 216184537 0 3
2.8e-09 2.59375 2.98438 0 214857703 0 0 214804450 0 0
2.8e-09 2.125 2.5 0 225770666 0 0 225787526 9 14
2.8e-09 2.14062 2.51562 0 219279719 12 4 219224646 1 0
2.8e-09 2.57812 2.95312 0 226869823 0 0 226824287 0 0
2.8e-09 1.71875 2.23438 0 208385848 1 15 208351331 2 9
2.8e-09 2.42188 2.95312 0 228347785 3 0 228104656 0 0
2.8e-09 1.71875 2.25 0 206285283 0 0 206261786 3 6
2.8e-09 1.71875 2.25 0 205515622 0 0 205528508 1 1
2.8e-09 2.28125 2.8125 0 220814545 0 0 221095668 1 0
2.8e-09 1.75 2.28125 0 256217794 0 7 256138734 1 7
2.8e-09 2.59375 2.96875 0 217148851 1 1 216986269 0 0
2.8e-09 1.79688 2.32812 0 235230401 5 2 235190346 1 1
2.8e-09 2.57812 2.95312 0 226240172 2 0 226252471 8 3
2.8e-09 2.64062 3.01562 0 201931040 4 0 201789535 4 1
2.8e-09 2.09375 2.48438 0 235929466 2 0 236001793 0 2
2.8e-09 1.73438 2.26562 0 201808666 0 0 201767903 0 0
2.8e-09 1.71875 2.25 0 203532976 0 0 203437834 3 0
2.8e-09 2.15625 2.54688 0 208898208 0 0 209410746 0 0
2.8e-09 2.14062 2.51562 0 219568741 0 0 219674699 1 0
2.8e-09 2.26562 2.79688 0 227318807 0 0 227421999 0 0
2.8e-09 2.21875 2.75 0 250905535 1 0 251488308 8 4
2.8e-09 1.73438 2.26562 0 200613946 0 0 200765655 0 0
2.8e-09 2.29688 2.82812 0 217606056 1 0 217768448 0 0
2.8e-09 2.375 2.90625 0 249439053 2 0 249237273 0 0
2.8e-09 2.25 2.78125 0 235881032 3 13 235895067 4 2
2.8e-09 2.1875 2.5625 0 200767159 0 2 200836853 2 2
2.8e-09 2.20312 2.73438 0 257517210 0 0 257741240 11 2
2.8e-09 1.76562 2.29688 0 253838178 2 0 254180135 23 52
2.8e-09 1.67188 2.04688 0 223663723 0 0 223562934 4 0
2.8e-09 1.6875 2.21875 0 217674259 3 0 217695874 0 0
2.8e-09 1.73438 2.26562 0 201416495 1 0 201502779 7 7
2.8e-09 2.39062 2.92188 0 242021713 4 3 242006080 0 0
2.8e-09 1.8125 2.34375 0 227456128 0 0 227443998 1 0
2.8e-09 1.78125 2.3125 0 244623340 0 0 244705066 0 0
2.8e-09 1.71875 2.25 0 205039835 0 0 204942845 0 1
2.8e-09 2.29688 2.82812 0 215650657 2 0 215434388 8 9
2.8e-09 1.73438 2.26562 0 201483770 1 0 201442496 1 0
2.8e-09 1.875 2.40625 0 204304948 0 0 204245922 7 0
2.8e-09 2.21875 2.75 0 247169994 1 1 247395579 2 0
2.8e-09 2.1875 2.5625 0 198724988 3 2 198826492 0 0
2.8e-09 1.8125 2.34375 0 230040153 0 0 229923995 0 0
2.8e-09 1.73438 2.26562 0 197514722 0 0 197432755 1 0
2.8e-09 2.09375 2.46875 0 238123664 1 5 237727260 4 0
2.8e-09 2.17188 2.54688 0 208422342 0 5 208392315 6 7
2.8e-09 1.8125 2.34375 0 229393423 5 1 229545217 1 0
2.8e-09 2.34375 2.875 0 198001968 2 4 197815346 1 0
2.8e-09 1.79688 2.32812 0 238699827 4 2 238613559 2 7
2.8e-09 2.65625 3.03125 0 195702141 0 0 195515095 1 0
2.8e-09 2.07812 2.45312 0 248986582 4 0 248997127 4 5
2.8e-09 1.76562 2.29688 0 248197456 0 0 248265674 4 1
2.8e-09 2.125 2.5 0 227581930 2 0 227867392 1 0
2.8e-09 1.875 2.40625 0 200990123 1 0 200857061 0 0
2.8e-09 1.6875 2.21875 0 219772174 1 0 219954870 0 0
2.8e-09 1.6875 2.21875 0 218389685 0 0 218356372 0 0
2.8e-09 2.64062 3.01562 0 198849227 5 24 198928960 2 4
2.8e-09 2.09375 2.46875 0 237161498 2 15 237444418 1 0
2.8e-09 1.85938 2.39062 0 210873801 1 0 210982557 2 0
2.8e-09 2.125 2.5 0 228362712 0 0 228134259 1 0
2.8e-09 2.34375 2.875 0 195048680 5 0 194779939 0 0
2.8e-09 2.21875 2.73438 0 254079126 4 1 254415587 1 3
2.8e-09 2.15625 2.53125 0 214530274 1 0 214529421 0 0
2.8e-09 2.34375 2.875 0 196374901 0 0 196090679 0 0
2.8e-09 2.65625 3.03125 0 257617832 0 0 257291052 1 0
2.8e-09 2.375 2.90625 0 249102021 2 4 249153139 13 6
2.8e-09 1.67188 2.04688 0 224134648 0 0 224270363 7 0
2.8e-09 1.70312 2.23438 0 212817100 1 0 212763699 2 1
2.8e-09 2.10938 2.48438 0 230055829 8 6 230060082 1 0
2.8e-09 2.0625 2.4375 0 253932549 0 1 254026570 4 1
2.8e-09 1.89062 2.42188 0 196497171 14 3 196319042 0 0
2.8e-09 2.34375 2.875 0 196141989 1 3 196012385 1 1
2.8e-09 1.6875 2.21875 0 220540942 0 0 220501532 3 0
2.8e-09 1.8125 2.34375 0 226506074 0 0 226485006 1 0
2.8e-09 2.14062 2.51562 0 216946519 0 0 216964905 16 2
2.8e-09 1.71875 2.25 0 206951223 11 16 206831361 0 0
2.8e-09 2.09375 2.46875 0 242344333 6 1 242217986 0 0
2.8e-09 2.40625 2.9375 0 233801487 0 0 233804056 0 0
2.8e-09 1.70312 2.21875 0 214872180 4 0 214816346 2 15
2.8e-09 1.85938 2.39062 0 210747373 0 0 210627036 1 0
2.8e-09 2.0625 2.4375 0 255567844 0 2 255575596 0 0
2.8e-09 1.78125 2.3125 0 245544969 0 0 245810335 7 0
2.8e-09 2.40625 2.9375 0 231713146 0 0 231472135 6 2
2.8e-09 1.70312 2.23438 0 210394191 1 0 210506351 0 0
2.8e-09 1.85938 2.39062 0 211515855 0 0 211526183 1 12
2.8e-09 2.14062 2.51562 0 218242501 6 1 218310018 7 0
2.8e-09 2.35938 2.89062 0 252485302 0 4 251960266 2 7
2.8e-09 1.8125 2.34375 0 229174409 3 0 229283681 0 6
2.8e-09 1.67188 2.20312 0 222033372 2 0 222043098 0 0
2.8e-09 2.20312 2.71875 0 196119061 11 21 196112089 1 0
2.8e-09 2.25 2.78125 0 233150710 2 0 233223486 3 2
2.8e-09 1.875 2.40625 0 201108695 2 0 201234990 1 0
2.8e-09 1.79688 2.32812 0 235167307 2 0 235205684 4 1
2.8e-09 2.20312 2.73438 0 195278044 6 1 195104261 1 0
2.8e-09 1.78125 2.3125 0 246024035 4 4 245900002 0 0
2.8e-09 1.76562 2.29688 0 250264521 0 0 250281893 0 0
2.8e-09 1.84375 2.375 0 215503441 1 0 215483532 1 0
2.8e-09 2.26562 2.79688 0 226630098 1 0 226834681 8 2
2.8e-09 1.875 2.40625 0 201017418 1 0 201133804 0 0
2.8e-09 1.84375 2.375 0 213444475 6 4 213422251 11 2
2.8e-09 2.59375 2.96875 0 219138747 0 0 219288887 1 0
2.8e-09 2.25 2.78125 0 233746748 8 0 233841996 6 1
2.8e-09 1.875 2.40625 0 205426503 3 0 205363057 0 0
2.8e-09 1.875 2.40625 0 203463481 1 0 203472301 0 0
2.8e-09 1.85938 2.39062 0 211830189 2 0 211728168 0 1
2.8e-09 2.28125 2.8125 0 220195476 3 0 220115342 4 2
2.8e-09 2.34375 2.875 0 194708765 4 2 194481022 0 0
2.8e-09 2.39062 2.92188 0 239234577 9 5 239146810 0 0
2.8e-09 2.17188 2.54688 0 207056635 8 0 207150031 1 8
2.8e-09 2.1875 2.5625 0 199655676 2 4 199729312 0 0
2.8e-09 2.0625 2.4375 0 256643140 1 0 256318765 1 0
2.8e-09 1.73438 2.26562 0 198977571 0 0 199200272 6 4
2.8e-09 1.67188 2.04688 0 226028499 1 0 226103213 3 0
2.8e-09 2.15625 2.53125 0 213549138 1 1 213739035 1 5
2.8e-09 1.73438 2.26562 0 199760100 0 2 199720989 1 0
2.8e-09 1.78125 2.3125 0 246015449 3 0 246114278 0 0
2.8e-09 2.32812 2.85938 0 202983170 2 0 202976112 0 0
2.8e-09 2.57812 2.96875 0 221296464 0 0 221080038 3 5
2.8e-09 1.875 2.40625 0 201563457 1 6 201464208 1 0
2.8e-09 2.28125 2.8125 0 224068463 4 1 224188620 9 0
2.8e-09 1.79688 2.32812 0 237828548 1 1 237868380 3 2
2.8e-09 2.625 3 0 204578014 3 2 204374440 2 0
2.8e-09 2.15625 2.53125 0 212749376 2 0 212651684 3 0
2.8e-09 2.07812 2.45312 0 244469723 2 0 244520052 7 1
2.8e-09 2.57812 2.95312 0 227698308 2 0 227212863 0 0
2.8e-09 2.10938 2.48438 0 231804283 2 1 231682147 0 0
2.8e-09 1.70312 2.23438 0 214573085 0 0 214225465 6 0
2.8e-09 2.28125 2.8125 0 222912655 3 0 223098848 6 2
2.8e-09 1.875 2.39062 0 206209934 2 2 206330944 1 0
2.8e-09 1.82812 2.35938 0 220772847 0 2 220690543 0 0
2.8e-09 1.65625 2.04688 0 229113060 0 0 228924078 3 1
2.8e-09 1.82812 2.35938 0 224551967 1 7 224538657 2 2
2.8e-09 1.73438 2.26562 0 201979780 1 7 201948271 0 0
2.8e-09 1.90625 2.4375 0 257159559 0 2 256987168 1 0
2.8e-09 1.78125 2.3125 0 242241384 0 0 242177111 0 0
2.8e-09 2.65625 3.03125 0 258074807 0 0 257928651 4 1
2.8e-09 2.14062 2.53125 0 216395858 0 0 216344006 0 0
2.8e-09 1.78125 2.3125 0 245455574 1 0 245563825 0 0
2.8e-09 1.73438 2.26562 0 198720402 5 0 198980755 0 0
2.8e-09 1.71875 2.25 0 206073617 0 0 206186473 0 0
2.8e-09 2.40625 2.9375 0 232511825 3 0 232771618 3 19
2.8e-09 1.89062 2.42188 0 197112025 5 8 197142486 6 2
2.8e-09 2.28125 2.8125 0 219912337 7 3 219483464 1 0
2.8e-09 1.71875 2.25 0 205132579 0 0 205279379 1 0
2.8e-09 1.82812 2.35938 0 222916708 2 0 222941077 10 8
2.8e-09 1.89062 2.42188 0 198688679 7 1 198936103 0 0
2.8e-09 1.8125 2.34375 0 229985913 1 0 230100049 1 2
2.8e-09 1.78125 2.3125 0 241505917 0 0 241125895 1 6
2.8e-09 1.84375 2.375 0 217653978 0 0 217590291 0 0
2.8e-09 1.71875 2.23438 0 208830150 3 2 208925624 4 0
2.8e-09 1.78125 2.3125 0 246387132 6 0 246228147 2 0
2.8e-09 1.70312 2.23438 0 210394867 0 0 210474989 0 0
2.8e-09 2.32812 2.85938 0 203999238 0 0 203810585 7 5
2.8e-09 2.42188 2.95312 0 229049794 13 6 228800275 8 1
2.8e-09 2.07812 2.45312 0 245762176 1 0 245856918 5 0
2.8e-09 2.21875 2.75 0 251515168 1 0 251639451 1 1
2.8e-09 1.65625 2.04688 0 229852694 0 0 229711593 3 6
2.8e-09 1.89062 2.42188 0 196717094 1 0 196961211 0 0
2.8e-09 2.21875 2.75 0 252806305 1 0 252700001 0 0
2.8e-09 1.73438 2.26562 0 197169164 3 1 197104848 10 2
2.8e-09 1.78125 2.3125 0 245679680 0 16 245636723 1 0
2.8e-09 2.67188 3.04688 0 249520227 11 1 249501973 6 3
2.8e-09 1.89062 2.42188 0 195346653 3 15 195407462 10 0
2.8e-09 2.125 2.51562 0 221632648 3 1 221577043 1 0
2.8e-09 2.14062 2.51562 0 220880802 4 2 220892145 0 0
2.8e-09 2.125 2.51562 0 222753652 0 0 222992747 0 0
2.8e-09 1.89062 2.40625 0 200174675 0 0 200253392 1 0
2.8e-09 2.15625 2.53125 0 213623793 1 0 213691041 0 0
2.8e-09 1.70312 2.23438 0 209040227 0 0 209278986 4 9
2.8e-09 2.21875 2.75 0 249039966 7 4 249001148 0 1
2.8e-09 1.75 2.28125 0 194914805 4 7 194966163 1 3
2.8e-09 1.84375 2.375 0 215945057 1 0 215971201 1 15
2.8e-09 1.70312 2.23438 0 214606176 0 0 214429398 0 1
2.8e-09 2.21875 2.75 0 250475674 4 0 250435546 3 0
2.8e-09 2.10938 2.48438 0 231843040 0 0 231767869 0 0
2.8e-09 2.64062 3.03125 0 196908825 0 0 196723113 16 3
2.8e-09 1.90625 2.42188 0 194246872 2 0 194294098 6 3
2.8e-09 1.82812 2.35938 0 222148202 0 0 221910336 4 0
2.8e-09 1.70312 2.23438 0 209625623 14 7 209906027 12 0
2.8e-09 1.85938 2.39062 0 210009159 0 0 209846901 2 0
2.8e-09 2.09375 2.46875 0 239662789 0 0 239555390 13 1
2.8e-09 2.20312 2.71875 0 196580056 0 0 196628025 0 0
2.8e-09 2.0625 2.4375 0 252995308 2 0 253141337 11 4
2.8e-09 1.65625 2.03125 0 231859424 0 11 231647128 4 1
2.8e-09 2.20312 2.73438 0 193913309 0 1 194023614 1 0
2.8e-09 1.71875 2.25 0 203345635 5 0 203317346 0 0
2.8e-09 2.21875 2.75 0 248305979 15 1 248558607 2 0
2.8e-09 1.70312 2.23438 0 212964550 5 3 213132465 0 0
2.8e-09 2.625 3 0 204711557 0 0 204822565 3 0
2.8e-09 1.65625 2.04688 0 229297008 3 2 229442422 1 0
2.8e-09 2.09375 2.46875 0 239014946 0 0 239068287 0 0
2.8e-09 1.78125 2.3125 0 242575686 0 0 242425065 1 0
2.8e-09 2.28125 2.8125 0 224866244 6 2 224986467 3 5
2.8e-09 2.60938 2.98438 0 210991883 0 1 211024165 2 10
2.8e-09 1.8125 2.34375 0 230407624 0 0 230483357 1 5
2.8e-09 1.75 2.26562 0 196369426 2 12 196377755 1 12
2.8e-09 1.76562 2.29688 0 252429274 1 0 252444780 0 0
2.8e-09 2.21875 2.75 0 252787636 2 0 253106021 15 4
2.8e-09 1.875 2.40625 0 206161518 0 0 205914398 5 0
2.8e-09 2.07812 2.45312 0 244985514 0 6 245019366 1 0
2.8e-09 2.1875 2.5625 0 201620150 0 0 201579063 0 0
2.8e-09 2.34375 2.875 0 198775488 0 0 198865633 3 0
2.8e-09 1.8125 2.34375 0 228522553 14 5 228456013 0 1
2.8e-09 2.64062 3.01562 0 199772199 1 0 199864468 1 0
2.8e-09 1.73438 2.26562 0 197848649 1 0 197771909 5 0
2.8e-09 1.8125 2.34375 0 230717635 0 2 230674206 0 0
2.8e-09 1.89062 2.42188 0 196441921 2 0 196387625 0 0
2.8e-09 1.73438 2.26562 0 196960628 2 0 196999381 2 14
2.8e-09 1.70312 2.23438 0 209659437 1 0 209778559 0 0
2.8e-09 1.6875 2.21875 0 216540156 5 13 216628030 1 0
2.8e-09 1.6875 2.21875 0 215558919 1 0 215621909 19 5
2.8e-09 2.26562 2.79688 0 230201325 4 0 230101130 4 0
2.8e-09 2.39062 2.92188 0 242236492 1 1 242176609 1 3
2.8e-09 2.67188 3.04688 0 249634418 0 1 249619574 1 0
2.8e-09 2.28125 2.8125 0 223811192 0 0 223977128 5 6
2.8e-09 2.39062 2.92188 0 239071568 4 3 238876251 0 0
2.8e-09 1.90625 2.4375 0 194285560 4 2 194062110 0 0
2.8e-09 2.0625 2.4375 0 252790178 0 0 252471441 3 2
2.8e-09 1.65625 2.03125 0 233072121 0 0 233199169 3 0
2.8e-09 1.82812 2.35938 0 223621477 6 1 223766417 10 8
2.8e-09 1.6875 2.21875 0 220813487 0 0 220640225 12 6
2.8e-09 2.20312 2.73438 0 256457360 0 1 256311677 1 0
2.8e-09 2.60938 2.98438 0 213741058 3 1 213746357 7 4
2.8e-09 2.59375 2.96875 0 216174071 19 26 215983390 0 5
2.8e-09 1.71875 2.25 0 204062348 0 0 204015143 6 1
2.8e-09 1.65625 2.03125 0 230415582 0 0 230613911 1 0
2.8e-09 1.84375 2.35938 0 218910707 0 6 219133226 4 0
2.8e-09 1.67188 2.04688 0 226806323 0 0 226883094 1 0
2.8e-09 1.89062 2.42188 0 197275572 0 0 197340345 3 0
2.8e-09 1.85938 2.39062 0 211962466 1 0 212029490 0 0
2.8e-09 1.76562 2.29688 0 251973010 2 2 252113254 4 1
2.8e-09 2.07812 2.45312 0 244243525 0 0 244136758 8 6
2.8e-09 2.17188 2.54688 0 205038237 0 0 204909239 1 8
2.8e-09 2.14062 2.51562 0 219737043 0 0 219740523 9 26
2.8e-09 1.90625 2.42188 0 194829463 4 1 194766351 1 0
2.8e-09 1.8125 2.34375 0 231731699 1 1 231920941 4 0
2.8e-09 2.28125 2.79688 0 225070151 1 0 225014481 1 0
2.8e-09 1.84375 2.375 0 213445259 1 0 213462101 4 2
2.8e-09 2.28125 2.8125 0 224298095 3 4 224417942 5 0
2.8e-09 2.29688 2.82812 0 215454179 1 0 215585325 3 0
2.8e-09 2.28125 2.8125 0 224626423 2 0 224809190 0 0
2.8e-09 1.6875 2.21875 0 219779938 5 1 219770989 0 0
2.8e-09 1.71875 2.25 0 207057679 0 0 207294882 0 0
2.8e-09 2.40625 2.9375 0 233464291 5 3 233504447 1 2
2.8e-09 1.76562 2.29688 0 250767594 1 2 250879476 0 0
2.8e-09 2.42188 2.95312 0 228473654 0 0 228589968 2 0
2.8e-09 1.79688 2.32812 0 238520319 4 0 238813259 0 0
2.8e-09 2.125 2.5 0 227838649 5 28 227707209 1 0
2.8e-09 1.71875 2.23438 0 208747110 1 3 208702720 0 0
2.8e-09 2.1875 2.71875 0 197117717 0 0 197003764 2 2
2.8e-09 2.0625 2.4375 0 252919625 3 5 253164510 10 5
2.8e-09 2.09375 2.46875 0 240823578 3 1 240547081 4 0
2.8e-09 2.15625 2.53125 0 211275954 0 0 211329385 0 0
2.8e-09 2.21875 2.75 0 252749600 0 0 252749215 3 12
2.8e-09 1.76562 2.29688 0 251179043 4 1 251181358 5 4
2.8e-09 1.8125 2.34375 0 231347954 3 0 231636986 1 1
2.8e-09 2.07812 2.46875 0 242762233 1 1 242731383 0 0
2.8e-09 2.125 2.5 0 224716418 21 10 224524457 1 0
2.8e-09 1.84375 2.375 0 217623633 2 0 217650320 1 0
2.8e-09 1.71875 2.25 0 207433187 5 3 207266612 0 6
2.8e-09 1.67188 2.20312 0 222049960 2 0 221876024 2 0
2.8e-09 2.64062 3.01562 0 202040743 2 0 202210717 1 0
2.8e-09 1.84375 2.375 0 213809189 1 0 214011013 5 0
2.8e-09 1.6875 2.21875 0 217460632 0 0 217453750 0 0
2.8e-09 1.67188 2.04688 0 225161334 8 5 225216746 0 0
2.8e-09 2.14062 2.51562 0 221109179 5 1 220996750 0 0
2.8e-09 2.39062 2.92188 0 242223440 0 0 242370306 0 0
2.8e-09 1.84375 2.375 0 216597854 3 1 216691621 0 0
2.8e-09 1.84375 2.35938 0 219088860 0 0 219125347 5 1
2.8e-09 1.71875 2.25 0 206787588 8 3 206827238 1 0
2.8e-09 1.70312 2.23438 0 211746336 0 0 211770181 1 0
2.8e-09 2.15625 2.53125 0 212919325 0 5 213045567 1 0
2.8e-09 2.57812 2.95312 0 226944182 1 0 227058582 5 1
2.8e-09 1.79688 2.32812 0 235203695 0 0 235382890 9 14
2.8e-09 1.79688 2.32812 0 235832091 1 0 235938580 3 0
2.8e-09 2.34375 2.875 0 195128602 0 0 195015346 1 0
2.8e-09 2.125 2.5 0 223474889 0 12 223619253 0 0
2.8e-09 2.17188 2.54688 0 204429459 1 0 204387484 4 1
2.8e-09 1.67188 2.20312 0 221968213 13 1 222186387 2 0
2.8e-09 2.21875 2.75 0 252147608 2 0 252511033 5 0
2.8e-09 2.26562 2.79688 0 230961668 5 0 230861243 0 0
2.8e-09 1.79688 2.32812 0 234937875 0 18 234955520 0 3
2.8e-09 1.84375 2.375 0 215567619 3 0 215900439 2 0
2.8e-09 1.65625 2.03125 0 232661440 3 3 232600427 3 9
2.8e-09 1.82812 2.35938 0 224507016 4 3 224472894 1 0
2.8e-09 2.39062 2.90625 0 243551582 0 0 243440970 9 2
2.8e-09 1.73438 2.25 0 202780894 1 0 202713830 1 0
2.8e-09 1.82812 2.35938 0 220891861 1 0 220745920 0 0
2.8e-09 2.29688 2.8125 0 218776317 4 16 218849318 0 0
2.8e-09 1.67188 2.04688 0 224997828 1 0 224866835 3 1
2.8e-09 2.35938 2.89062 0 258175091 5 1 258099188 6 2
2.8e-09 2.28125 2.8125 0 224811826 4 0 224676847 0 0
2.8e-09 1.90625 2.4375 0 257525371 6 0 257783902 4 12
2.8e-09 2.29688 2.82812 0 217842231 1 0 218072001 6 3
2.8e-09 2.09375 2.46875 0 238094379 5 5 238356721 1 0
2.8e-09 2.29688 2.82812 0 213121819 4 8 212669385 2 0
2.8e-09 1.79688 2.32812 0 237047736 4 0 237091896 0 0
2.8e-09 2.67188 3.04688 0 252037440 2 4 252423162 2 0
2.8e-09 1.73438 2.26562 0 201546534 1 0 201498290 6 2
2.8e-09 2.125 2.51562 0 222925418 1 0 222732966 0 0
2.8e-09 1.70312 2.23438 0 212273357 0 0 212382986 1 0
2.8e-09 1.67188 2.04688 0 226872124 2 0 226873522 4 1
2.8e-09 1.875 2.40625 0 202118189 0 0 202114666 0 0
2.8e-09 2.3125 2.84375 0 207343474 0 0 207385954 1 0
2.8e-09 1.70312 2.23438 0 211475409 0 0 211294518 4 5
2.8e-09 1.75 2.28125 0 258220825 1 0 258191888 7 0
2.8e-09 2.07812 2.45312 0 249024670 0 0 249232648 0 0
2.8e-09 1.6875 2.21875 0 218676153 2 3 218535123 0 0
2.8e-09 1.6875 2.21875 0 219573726 1 0 219529838 10 3
2.8e-09 1.85938 2.39062 0 209624067 1 0 209963660 2 0
2.8e-09 2.1875 2.5625 0 199188050 0 0 199245875 2 0
2.8e-09 2.35938 2.89062 0 257861146 8 0 258226405 3 2
2.8e-09 2.34375 2.85938 0 200377426 0 4 200350012 0 0
2.8e-09 1.89062 2.42188 0 196875571 12 1 196951221 5 4
2.8e-09 2.23438 2.76562 0 241809521 2 0 241760292 1 0
2.8e-09 1.76562 2.29688 0 249473812 0 2 249588082 0 0
2.8e-09 2.28125 2.8125 0 222493609 3 0 222315153 1 0
2.8e-09 2.10938 2.5 0 229917971 4 2 229586353 0 0
2.8e-09 1.65625 2.03125 0 231519264 0 0 231347903 3 0
2.8e-09 1.6875 2.21875 0 216604084 0 0 216552978 2 0
2.8e-09 2.39062 2.92188 0 239682442 0 1 239820050 1 0
2.8e-09 2.32812 2.85938 0 201058339 1 1 201336966 1 0
2.8e-09 1.65625 2.03125 0 231321241 6 0 231632172 12 2
2.8e-09 2.29688 2.82812 0 216212770 5 2 216379130 11 13
2.8e-09 1.89062 2.42188 0 196082819 0 0 196059464 0 6
2.8e-09 2.09375 2.46875 0 239563594 0 0 239663660 2 0
2.8e-09 2.1875 2.5625 0 199569084 0 0 199676240 2 5
2.8e-09 1.71875 2.23438 0 208386486 1 0 208449739 2 0
2.8e-09 2.07812 2.45312 0 247694729 7 0 248010645 1 0
2.8e-09 1.78125 2.29688 0 247430659 0 1 247451825 3 7
2.8e-09 1.84375 2.375 0 213593795 4 0 213572802 4 0
2.8e-09 2.10938 2.5 0 228873505 0 0 228821710 2 3
2.8e-09 2.57812 2.96875 0 222445483 0 0 222247358 0 0
2.8e-09 2.60938 3 0 209118254 1 0 209048177 1 0
2.8e-09 2.07812 2.46875 0 243897689 0 0 243728398 0 0
2.8e-09 2.20312 2.73438 0 194542246 5 5 194326851 0 0
2.8e-09 2.20312 2.73438 0 254932280 1 0 254627409 0 0
2.8e-09 2.1875 2.5625 0 199953796 1 3 199883650 6 0
2.8e-09 1.78125 2.3125 0 244534679 0 1 244468458 1 0
2.8e-09 1.67188 2.04688 0 224004719 5 1 223981288 8 2
2.8e-09 1.71875 2.25 0 207949776 7 1 208093600 2 0
2.8e-09 2.625 3.01562 0 202684452 1 0 202567102 2 4
2.8e-09 1.78125 2.3125 0 240733762 0 0 240488739 0 0
2.8e-09 1.89062 2.42188 0 199388369 3 0 199383836 0 0
2.8e-09 1.65625 2.03125 0 231588197 2 0 231748397 3 1
2.8e-09 2.10938 2.48438 0 234473791 2 11 234312636 0 0
2.8e-09 2.15625 2.53125 0 211290527 0 0 211232831 4 1
2.8e-09 2.29688 2.82812 0 215611645 7 7 215820000 0 0
