2.8e-09 2.34375 2.875 0 201907202 0 1 201848742 1 0
2.8e-09 2.9375 3.46875 0 207372206 7 3 207556290 6 1
2.8e-09 2.71875 3.25 0 231189482 2 0 231598093 0 0
2.8e-09 2.65625 3.04688 0 195544341 1 0 195346443 0 0
2.8e-09 2.82812 3.375 0 187071010 4 17 187235820 0 0
2.8e-09 2.60938 3 0 213783392 0 0 213806361 3 7
2.8e-09 2.6875 3.07812 0 244286420 0 0 244296092 1 0
2.8e-09 2.15625 2.53125 0 216322160 7 0 216393313 0 0
2.8e-09 2.82812 3.35938 0 191511636 1 3 191438896 2 0
2.8e-09 2.60938 3 0 213178501 1 0 213058889 5 4
2.8e-09 2.17188 2.5625 0 204945334 1 3 205220131 3 0
2.8e-09 2.90625 3.4375 0 217397586 7 7 217380879 4 0
2.8e-09 2.375 2.90625 0 190107943 3 4 190182046 1 0
2.8e-09 2.76562 3.3125 0 210851694 0 0 210931067 1 0
2.8e-09 2.84375 3.375 0 247419395 1 0 247652713 6 1
2.8e-09 2.14062 2.53125 0 218356478 1 2 218235851 0 14
2.8e-09 2.29688 2.82812 0 219344800 3 2 219304414 3 0
2.8e-09 2.21875 2.75 0 189530838 0 0 189368285 13 4
2.8e-09 2.17188 2.5625 0 205553168 3 49 205466957 2 8
2.8e-09 2.375 2.90625 0 189820937 2 0 189996087 1 0
2.8e-09 2.79688 3.32812 0 200979403 0 0 200523384 0 0
2.8e-09 2.32812 2.85938 0 208348213 0 0 208363068 0 1
2.8e-09 2.29688 2.82812 0 219755527 0 1 219938160 2 1
2.8e-09 2.75 3.28125 0 220713048 4 0 220330705 5 0
2.8e-09 2.25 2.79688 0 235327851 5 5 235085292 2 0
2.8e-09 2.85938 3.39062 0 236656863 0 0 236231044 4 3
2.8e-09 2.125 2.5 0 228088411 0 0 228053730 7 1
2.8e-09 2.57812 2.96875 0 225492114 8 5 225323557 0 0
2.8e-09 2.1875 2.73438 0 198993168 0 0 198994274 2 1
2.8e-09 2.78125 3.3125 0 207630163 0 4 207601121 2 0
2.8e-09 2.625 3 0 209267689 0 0 209402323 4 0
2.8e-09 2.3125 2.84375 0 213394649 0 0 213305199 1 0
2.8e-09 3.10938 3.5 0 195580423 2 0 195506637 0 0
2.8e-09 2.17188 2.5625 0 205104251 0 0 205205426 5 0
2.8e-09 2.75 3.28125 0 219548964 4 0 219525118 1 1
2.8e-09 2.59375 2.98438 0 218301889 0 9 218912993 0 0
2.8e-09 2.60938 2.98438 0 215175113 0 5 215244711 4 1
2.8e-09 2.40625 2.95312 0 233351136 1 0 233426290 4 0
2.8e-09 2.34375 2.875 0 200885375 9 8 200544717 9 0
2.8e-09 2.71875 3.25 0 232486143 12 10 232354683 18 2
2.8e-09 2.92188 3.45312 0 211355264 5 0 211643925 2 1
2.8e-09 2.60938 2.98438 0 216673584 0 0 216947833 3 0
2.8e-09 2.64062 3.03125 0 201927939 0 0 202104661 2 1
2.8e-09 2.92188 3.45312 0 213188733 2 0 213313428 7 0
2.8e-09 2.1875 2.5625 0 202728432 1 4 202743455 1 0
2.8e-09 2.39062 2.92188 0 242604956 7 0 242803929 3 3
2.8e-09 2.29688 2.82812 0 219483291 0 0 219236829 11 4
2.8e-09 2.85938 3.40625 0 234668644 2 1 234909951 0 0
2.8e-09 2.71875 3.25 0 233743024 1 0 233831268 5 14
2.8e-09 2.1875 2.73438 0 198235386 4 0 198282338 2 0
2.8e-09 3.10938 3.48438 0 200226227 0 0 200217383 0 0
2.8e-09 2.39062 2.92188 0 242297577 16 12 242360018 18 12
2.8e-09 2.125 2.51562 0 223223603 3 3 223392289 3 0
2.8e-09 2.60938 3 0 211512557 1 0 211831057 2 0
2.8e-09 2.89062 3.4375 0 221495297 1 0 221556634 0 0
2.8e-09 2.15625 2.53125 0 215053138 1 0 214909592 0 0
2.8e-09 2.57812 2.96875 0 225199842 2 1 225281131 0 0
2.8e-09 2.59375 2.96875 0 222401967 1 1 222572800 4 2
2.8e-09 3.14062 3.53125 0 246049033 0 0 245773012 0 0
2.8e-09 2.76562 3.29688 0 213409383 3 0 213131486 3 0
2.8e-09 2.60938 3 0 212333694 0 0 212254542 0 0
2.8e-09 2.65625 3.03125 0 198679673 0 0 198661222 2 0
2.8e-09 2.26562 2.79688 0 232910983 6 6 233130446 1 0
2.8e-09 2.28125 2.8125 0 225174071 7 2 225207491 2 0
2.8e-09 2.125 2.51562 0 223723842 8 0 223448506 2 0
2.8e-09 2.28125 2.8125 0 225441139 1 2 225203242 0 0
2.8e-09 2.67188 3.04688 0 192967770 1 1 193177058 2 1
2.8e-09 2.25 2.78125 0 239058381 1 0 239096098 0 19
2.8e-09 2.21875 2.75 0 189589646 0 0 189676259 9 0
2.8e-09 2.60938 3 0 214113724 0 0 213981373 4 1
2.8e-09 2.71875 3.26562 0 230321588 4 0 230291954 4 2
2.8e-09 2.73438 3.26562 0 228237994 0 0 228420023 0 0
2.8e-09 2.625 3 0 211203841 1 10 210955353 0 0
2.8e-09 2.85938 3.39062 0 236780999 0 0 236883247 1 0
2.8e-09 2.28125 2.8125 0 222869341 1 0 222957913 0 0
2.8e-09 2.57812 2.96875 0 226552023 1 4 226635232 3 0
2.8e-09 2.65625 3.04688 0 195331161 1 4 195179965 0 2
2.8e-09 2.8125 3.34375 0 196560835 0 0 196674491 1 0
2.8e-09 2.625 3 0 210599192 0 2 211066139 2 4
2.8e-09 2.20312 2.73438 0 194487820 2 0 194355162 7 11
2.8e-09 2.70312 3.07812 0 241282128 18 7 241684579 2 0
2.8e-09 2.57812 2.96875 0 224494728 2 0 224367047 0 0
2.8e-09 2.125 2.51562 0 223028534 0 0 223148937 8 18
2.8e-09 3.14062 3.51562 0 187654995 1 0 187840068 0 0
2.8e-09 2.17188 2.54688 0 206923618 0 0 206911595 3 0
2.8e-09 2.67188 3.04688 0 193421954 0 0 193372642 0 0
2.8e-09 2.25 2.78125 0 241565492 1 0 241768741 0 0
2.8e-09 2.42188 2.95312 0 231964078 0 13 232007457 1 6
2.8e-09 2.20312 2.73438 0 194738141 4 3 194678940 1 0
2.8e-09 2.20312 2.73438 0 196168582 3 1 196154245 2 2
2.8e-09 2.15625 2.53125 0 216250741 4 6 215806803 4 1
2.8e-09 3.09375 3.46875 0 203092549 4 2 203497934 0 0
2.8e-09 2.21875 2.75 0 187876435 3 0 188073962 8 4
2.8e-09 2.625 3 0 208145019 0 0 208172524 1 0
2.8e-09 2.34375 2.875 0 200265817 0 0 200025239 2 5
2.8e-09 2.1875 2.71875 0 199670478 0 3 199798132 2 0
2.8e-09 2.85938 3.39062 0 239214285 0 0 238642506 0 0
2.8e-09 2.23438 2.76562 0 247510748 0 0 247649104 6 0
2.8e-09 2.375 2.90625 0 190323159 7 0 190645554 2 3
2.8e-09 2.125 2.5 0 227032018 5 5 227047464 4 0
2.8e-09 2.71875 3.25 0 232160295 0 0 232265820 8 2
2.8e-09 2.73438 3.26562 0 227999841 0 0 228078633 1 0
2.8e-09 2.76562 3.3125 0 210266243 5 0 210146187 5 0
2.8e-09 2.71875 3.26562 0 229450354 0 0 229214277 4 1
2.8e-09 2.85938 3.39062 0 237062597 0 0 237549270 2 1
2.8e-09 2.78125 3.3125 0 207703641 0 0 208246962 0 0
2.8e-09 2.21875 2.75 0 191334304 0 0 191414420 0 4
2.8e-09 2.85938 3.39062 0 236387132 17 96 236285272 0 0
2.8e-09 2.35938 2.89062 0 194938081 3 0 194712808 0 0
2.8e-09 3.14062 3.51562 0 187816869 2 1 188435437 4 0
2.8e-09 2.65625 3.03125 0 197981950 1 9 197976526 1 0
2.8e-09 3.14062 3.53125 0 247883933 1 0 247801153 0 0
2.8e-09 3.125 3.5 0 193890415 0 0 193583210 4 0
2.8e-09 2.14062 2.51562 0 220569676 1 0 220443388 1 4
2.8e-09 2.28125 2.8125 0 225408606 6 0 225455265 1 0
2.8e-09 2.39062 2.92188 0 243332564 4 0 243700096 0 0
2.8e-09 2.67188 3.0625 0 189152968 0 0 189310426 2 0
2.8e-09 2.40625 2.9375 0 238105469 2 0 238310743 0 0
2.8e-09 2.35938 2.89062 0 193729299 0 0 193658554 0 0
2.8e-09 2.23438 2.76562 0 244597463 2 0 244622753 2 6
2.8e-09 3.125 3.5 0 192394803 4 0 192011090 0 0
2.8e-09 2.3125 2.85938 0 209593911 0 0 209531508 6 1
2.8e-09 2.375 2.90625 0 189256304 0 2 188993634 2 0
2.8e-09 2.15625 2.54688 0 211225733 0 0 211136610 0 0
2.8e-09 2.25 2.78125 0 241484687 0 0 241702308 2 0
2.8e-09 2.92188 3.45312 0 214041665 0 0 214088947 4 30
2.8e-09 2.1875 2.5625 0 202547482 1 0 202366362 4 0
2.8e-09 2.73438 3.26562 0 227399567 0 0 227269835 0 0
2.8e-09 2.26562 2.79688 0 233186223 0 0 233497182 0 0
2.8e-09 2.64062 3.03125 0 200658529 8 5 200627486 7 0
2.8e-09 2.35938 2.89062 0 193590412 2 0 193512517 0 0
2.8e-09 2.73438 3.26562 0 225903252 0 0 225907722 16 20
2.8e-09 2.76562 3.3125 0 210873490 1 0 210634215 12 11
2.8e-09 2.32812 2.875 0 203461256 1 0 203312425 0 0
2.8e-09 2.125 2.5 0 228415264 4 3 228542728 2 2
2.8e-09 2.17188 2.5625 0 206687856 0 0 206880273 0 0
2.8e-09 2.76562 3.29688 0 212649309 4 3 212455802 0 9
2.8e-09 2.125 2.5 0 227444289 0 1 227464487 0 21
2.8e-09 2.17188 2.5625 0 205456125 0 0 205435250 4 5
2.8e-09 2.14062 2.53125 0 218294479 0 0 218611032 4 0
2.8e-09 2.59375 2.98438 0 220250542 1 0 220234483 6 0
2.8e-09 2.20312 2.73438 0 194355107 8 3 194129567 1 2
2.8e-09 2.32812 2.85938 0 206406177 4 0 206661401 2 9
2.8e-09 2.25 2.78125 0 240703926 2 0 240977702 2 1
2.8e-09 2.75 3.28125 0 221169260 0 0 221178046 0 0
2.8e-09 2.125 2.5 0 229574591 1 0 229608751 0 0
2.8e-09 2.39062 2.9375 0 240599169 4 3 240637951 1 1
2.8e-09 2.125 2.51562 0 224430733 0 0 224471182 1 0
2.8e-09 2.78125 3.3125 0 206242369 4 1 206202323 1 0
2.8e-09 2.6875 3.0625 0 248226561 1 0 248847143 1 0
2.8e-09 2.125 2.5 0 228102721 1 0 227780401 0 0
2.8e-09 2.65625 3.03125 0 198741917 0 0 199086702 0 0
2.8e-09 2.25 2.78125 0 240867195 0 0 240642862 1 8
2.8e-09 2.57812 2.95312 0 227523542 1 0 227559435 7 2
2.8e-09 2.67188 3.04688 0 190736428 0 0 190558257 2 4
2.8e-09 2.125 2.51562 0 225240961 1 0 225350023 0 0
2.8e-09 2.34375 2.875 0 198338077 5 2 198399027 1 0
2.8e-09 2.92188 3.45312 0 213843839 31 15 213349947 2 5
2.8e-09 2.64062 3.01562 0 203655759 0 0 203502310 0 0
2.8e-09 2.67188 3.04688 0 191297270 1 2 191220775 1 0
2.8e-09 2.89062 3.42188 0 223023969 2 0 222802911 0 0
2.8e-09 2.57812 2.95312 0 230548943 7 5 230437011 0 0
2.8e-09 2.125 2.51562 0 223999955 1 0 224039967 3 0
2.8e-09 3.10938 3.5 0 195026477 0 0 194941069 0 0
2.8e-09 2.39062 2.9375 0 241051273 2 0 240791944 4 7
2.8e-09 2.14062 2.53125 0 217374135 1 2 217485851 2 0
2.8e-09 2.70312 3.23438 0 238991168 5 0 239048353 20 12
2.8e-09 2.32812 2.85938 0 205123226 0 0 205072454 2 0
2.8e-09 2.65625 3.03125 0 197281407 0 0 197324085 1 0
2.8e-09 2.92188 3.45312 0 212766057 0 0 213044753 0 6
2.8e-09 2.92188 3.45312 0 210150066 1 2 209997843 1 1
2.8e-09 2.29688 2.82812 0 217922928 3 0 217923445 0 0
2.8e-09 2.34375 2.875 0 201857240 0 0 201871084 5 1
2.8e-09 2.71875 3.25 0 232358989 3 0 232438142 7 2
2.8e-09 2.40625 2.9375 0 239566597 9 3 239525935 2 2
2.8e-09 2.29688 2.82812 0 220760400 1 0 220762510 5 0
2.8e-09 2.14062 2.53125 0 219171692 2 4 219056166 0 0
2.8e-09 2.29688 2.82812 0 216676084 3 0 216734808 1 17
2.8e-09 2.39062 2.92188 0 242134390 5 1 241787518 6 0
2.8e-09 2.375 2.92188 0 247483725 2 0 247368502 4 0
2.8e-09 2.14062 2.53125 0 217500248 0 0 217432989 0 0
2.8e-09 2.34375 2.875 0 200416355 0 11 200596009 0 0
2.8e-09 2.14062 2.53125 0 218717296 0 0 218961989 1 0
2.8e-09 2.84375 3.375 0 243509292 0 0 243274395 4 0
2.8e-09 2.28125 2.8125 0 224209116 0 0 224441930 4 25
2.8e-09 2.67188 3.04688 0 191425221 0 0 191462351 0 0
2.8e-09 2.15625 2.54688 0 210230057 1 0 210193146 2 1
2.8e-09 2.1875 2.73438 0 198730118 7 2 198852230 3 14
2.8e-09 2.57812 2.96875 0 224940671 0 0 225027000 1 0
2.8e-09 2.73438 3.26562 0 226526563 2 0 226526611 1 0
2.8e-09 2.21875 2.75 0 189762626 2 2 189594966 0 0
2.8e-09 3.10938 3.48438 0 199609347 0 0 199874069 8 1
2.8e-09 2.28125 2.8125 0 227128243 8 11 227149429 3 0
2.8e-09 2.39062 2.92188 0 241789798 4 2 242089150 0 0
2.8e-09 2.15625 2.53125 0 215310973 0 0 215439980 2 0
2.8e-09 2.25 2.78125 0 236618340 1 0 236555708 4 0
2.8e-09 2.76562 3.3125 0 210253516 12 6 210225450 1 0
2.8e-09 2.57812 2.96875 0 226202865 2 0 226123152 6 0
2.8e-09 2.1875 2.71875 0 200877950 0 0 200703528 0 0
2.8e-09 2.26562 2.79688 0 230671808 0 0 230985173 9 2
2.8e-09 2.17188 2.54688 0 207735469 11 1 207717737 6 2
2.8e-09 2.14062 2.53125 0 219637148 0 1 219331511 0 0
2.8e-09 2.17188 2.5625 0 205627445 2 11 205725188 0 2
2.8e-09 2.92188 3.45312 0 209691735 9 0 209471951 1 0
2.8e-09 2.76562 3.29688 0 213613696 0 0 213362442 2 5
2.8e-09 3.09375 3.48438 0 202455871 0 0 202438630 0 0
2.8e-09 2.15625 2.54688 0 211148969 0 0 211077838 5 1
2.8e-09 2.65625 3.04688 0 194454058 0 11 194116816 0 0
2.8e-09 2.85938 3.39062 0 238191546 6 1 238204955 0 0
2.8e-09 2.17188 2.54688 0 209495339 0 0 209497080 11 16
2.8e-09 2.90625 3.45312 0 215311279 2 0 215349091 1 0
2.8e-09 2.26562 2.79688 0 233125266 0 0 233039680 0 0
2.8e-09 2.15625 2.53125 0 214895709 0 2 214924026 0 4
2.8e-09 2.3125 2.84375 0 210403717 0 0 210526088 7 0
2.8e-09 2.60938 2.98438 0 214925837 5 0 214914538 0 8
2.8e-09 2.8125 3.34375 0 193350076 0 0 193165384 4 0
2.8e-09 2.79688 3.32812 0 201491284 3 0 201417299 0 0
2.8e-09 2.21875 2.75 0 189575098 2 0 189684334 2 0
2.8e-09 2.35938 2.90625 0 191362374 0 0 191241251 2 5
2.8e-09 2.57812 2.96875 0 227034448 0 0 227201754 3 0
2.8e-09 2.32812 2.85938 0 204536541 3 0 204685342 1 0
2.8e-09 2.26562 2.79688 0 230870445 10 21 230958539 2 0
2.8e-09 2.67188 3.04688 0 192124443 3 15 192036612 7 36
2.8e-09 2.73438 3.26562 0 225506237 0 5 225212106 0 0
2.8e-09 2.60938 2.98438 0 217342553 2 3 217226049 0 2
2.8e-09 2.76562 3.29688 0 214048042 2 26 213787666 2 1
2.8e-09 2.92188 3.46875 0 209013333 1 2 208709550 0 0
2.8e-09 2.78125 3.3125 0 209554153 1 0 209910748 9 1
2.8e-09 2.28125 2.8125 0 225247736 0 0 225175251 4 0
2.8e-09 2.40625 2.9375 0 239006909 11 0 239185702 0 0
2.8e-09 2.14062 2.51562 0 220143580 0 0 220422532 2 0
2.8e-09 2.3125 2.84375 0 212990428 3 0 213270602 2 8
2.8e-09 2.20312 2.73438 0 194541048 1 0 194681227 9 0
2.8e-09 2.21875 2.75 0 191499805 8 1 191648333 2 0
2.8e-09 2.90625 3.4375 0 220367906 11 0 220180161 2 4
2.8e-09 2.875 3.40625 0 231450215 0 0 231986845 0 0
2.8e-09 2.1875 2.5625 0 203660628 1 0 203682493 2 1
2.8e-09 3.14062 3.53125 0 246478319 2 0 246313478 0 0
2.8e-09 3.125 3.5 0 193025845 1 0 193324210 6 0
2.8e-09 2.59375 2.98438 0 218032543 2 0 217876037 4 0
2.8e-09 2.15625 2.54688 0 211032844 4 0 210954350 0 0
2.8e-09 2.23438 2.76562 0 245956778 1 0 245834057 3 0
2.8e-09 2.64062 3.03125 0 201291987 0 3 201591244 0 0
2.8e-09 2.26562 2.79688 0 232891308 3 0 232630671 3 0
2.8e-09 2.14062 2.53125 0 218509289 1 0 218646543 0 0
2.8e-09 2.125 2.5 0 226699278 6 1 226527665 0 3
2.8e-09 2.23438 2.76562 0 245034960 1 0 244830830 15 1
2.8e-09 2.92188 3.46875 0 209396793 0 0 209174587 3 0
2.8e-09 2.90625 3.4375 0 218293713 0 0 218626012 4 0
2.8e-09 2.89062 3.42188 0 225392346 1 0 225471374 0 0
2.8e-09 2.25 2.78125 0 240475272 0 0 240507026 0 0
2.8e-09 2.78125 3.3125 0 206739970 0 5 206979136 6 3
2.8e-09 3.09375 3.46875 0 204914931 5 2 204889935 2 0
2.8e-09 2.71875 3.26562 0 230322488 0 0 230624769 4 0
2.8e-09 2.21875 2.75 0 190626867 0 0 190700335 3 0
2.8e-09 2.29688 2.82812 0 220177161 5 0 220420080 1 0
2.8e-09 3.10938 3.48438 0 198423816 1 0 198448394 0 0
2.8e-09 2.64062 3.03125 0 199497105 1 0 199479950 4 1
2.8e-09 2.85938 3.39062 0 240282702 0 0 239894826 6 0
2.8e-09 2.125 2.5 0 226010595 2 0 226373805 0 0
2.8e-09 2.92188 3.46875 0 209249477 1 0 209486207 0 0
2.8e-09 2.79688 3.32812 0 203400741 0 0 203188666 2 7
2.8e-09 2.71875 3.25 0 235284841 9 1 235553591 7 6
2.8e-09 2.85938 3.39062 0 237945449 7 0 237988722 2 0
2.8e-09 2.82812 3.35938 0 188254488 0 0 187712961 6 8
2.8e-09 2.85938 3.39062 0 235953365 0 0 235737037 1 1
2.8e-09 2.1875 2.5625 0 203846756 7 0 203679363 0 0
2.8e-09 2.73438 3.26562 0 225383726 1 0 225549048 3 0
2.8e-09 2.92188 3.45312 0 213217522 0 0 213254029 0 0
2.8e-09 2.23438 2.78125 0 241939748 3 0 241763387 3 0
2.8e-09 2.25 2.79688 0 235613602 4 4 235500553 1 1
2.8e-09 2.125 2.5 0 229394391 7 3 229189726 0 0
2.8e-09 2.35938 2.89062 0 193884473 1 0 193677461 1 0
2.8e-09 2.21875 2.75 0 190382519 1 1 190422690 2 0
2.8e-09 2.25 2.78125 0 239875769 0 0 239831772 1 0
2.8e-09 2.75 3.29688 0 217145952 2 0 217167104 0 0
2.8e-09 2.60938 3 0 212064315 0 0 211800479 4 0
2.8e-09 2.15625 2.54688 0 210421269 5 0 210406654 0 2
2.8e-09 2.92188 3.45312 0 209965847 0 0 210259030 0 0
2.8e-09 2.14062 2.53125 0 218641575 3 0 218420565 2 0
2.8e-09 2.75 3.28125 0 219828637 7 1 220366811 0 0
2.8e-09 2.70312 3.07812 0 240355757 0 8 239945157 3 1
2.8e-09 2.82812 3.35938 0 188069385 4 0 188173840 0 0
2.8e-09 2.375 2.92188 0 248512702 3 0 248460857 14 7
2.8e-09 3.10938 3.5 0 195109642 0 0 194959861 14 16
2.8e-09 3.09375 3.46875 0 205095142 0 0 204958849 1 0
2.8e-09 2.34375 2.875 0 201465671 0 0 201397175 7 22
2.8e-09 2.39062 2.92188 0 246636947 0 0 246399069 7 3
2.8e-09 2.125 2.51562 0 224526404 0 0 224590211 3 0
2.8e-09 2.84375 3.375 0 245283935 1 0 245533908 1 0
2.8e-09 2.125 2.5 0 226117971 0 0 226190081 0 0
2.8e-09 2.79688 3.32812 0 199499514 3 1 199411564 2 0
2.8e-09 2.3125 2.84375 0 212775228 9 2 212943317 0 0
2.8e-09 2.57812 2.95312 0 227473059 0 0 227757277 0 0
2.8e-09 2.59375 2.98438 0 220059805 3 2 219913634 1 1
2.8e-09 2.70312 3.07812 0 240504250 1 0 240728595 1 0
2.8e-09 2.67188 3.0625 0 188620813 1 0 188256887 1 0
2.8e-09 2.125 2.5 0 226139852 2 2 225997611 1 0
2.8e-09 2.65625 3.04688 0 195437884 2 0 195460240 3 0
2.8e-09 3.14062 3.53125 0 246642293 0 0 246449039 1 0
2.8e-09 2.65625 3.04688 0 195219765 6 7 195015620 0 0
2.8e-09 2.15625 2.54688 0 211591674 0 0 211498796 4 2
2.8e-09 2.17188 2.5625 0 204971212 4 1 205018505 6 0
2.8e-09 2.79688 3.32812 0 198948201 0 0 198998844 3 0
2.8e-09 2.75 3.28125 0 221897137 6 1 222148902 1 0
2.8e-09 2.25 2.79688 0 235765463 11 0 235757944 4 0
2.8e-09 2.23438 2.76562 0 245622884 0 0 245374093 1 0
2.8e-09 2.79688 3.32812 0 202509424 4 0 202687488 0 0
2.8e-09 2.125 2.5 0 228135584 12 1 228192320 0 0
2.8e-09 2.23438 2.76562 0 245068877 3 0 245251934 5 0
2.8e-09 2.25 2.78125 0 238967755 1 1 238450484 2 0
2.8e-09 2.82812 3.35938 0 189682313 2 3 189795745 1 0
2.8e-09 2.60938 2.98438 0 216037376 0 4 215623555 1 0
2.8e-09 2.20312 2.75 0 192531495 1 0 192511711 7 0
2.8e-09 2.28125 2.82812 0 222268593 3 1 222444418 0 0
2.8e-09 2.65625 3.04688 0 194808704 1 0 194900244 9 3
2.8e-09 2.65625 3.03125 0 198301465 6 1 198213903 0 1
2.8e-09 2.20312 2.73438 0 194836429 3 9 194454776 0 0
2.8e-09 2.71875 3.25 0 232798272 4 0 232832214 19 34
2.8e-09 2.59375 2.96875 0 221759304 3 0 221906865 4 13
2.8e-09 2.76562 3.29688 0 213774756 4 0 213644231 0 0
2.8e-09 2.3125 2.84375 0 211026307 0 0 211091198 8 5
2.8e-09 2.15625 2.53125 0 215059924 2 0 215080994 0 0
2.8e-09 2.14062 2.53125 0 218569549 0 0 218479501 1 3
2.8e-09 2.67188 3.04688 0 190626053 1 0 190717379 1 0
2.8e-09 2.39062 2.9375 0 240233803 5 5 240341979 0 0
2.8e-09 2.84375 3.375 0 246742472 8 2 246501781 5 0
2.8e-09 3.10938 3.5 0 196661789 0 2 196573857 4 0
2.8e-09 2.3125 2.85938 0 208977709 3 1 208730481 0 0
2.8e-09 2.28125 2.8125 0 227765621 1 0 227630597 1 0
2.8e-09 2.875 3.42188 0 228597860 0 0 228510383 7 19
2.8e-09 2.73438 3.26562 0 224770791 0 0 224691167 1 2
2.8e-09 2.15625 2.54688 0 211725308 1 16 211694711 4 2
2.8e-09 2.125 2.5 0 226422564 8 0 226528748 11 3
2.8e-09 2.82812 3.35938 0 188553286 1 0 188485346 0 0
2.8e-09 2.76562 3.29688 0 211635677 11 1 212029562 0 0
2.8e-09 2.89062 3.42188 0 223137604 3 0 223130632 0 0
2.8e-09 2.15625 2.54688 0 210377086 0 0 210455995 0 0
2.8e-09 2.40625 2.9375 0 234325508 0 3 234386763 0 0
2.8e-09 2.32812 2.85938 0 206638241 3 0 206462621 0 7
2.8e-09 2.3125 2.84375 0 213835681 8 1 214204976 0 0
2.8e-09 2.21875 2.75 0 188779698 0 0 188549594 0 0
2.8e-09 2.73438 3.26562 0 226216395 1 0 226345292 0 0
2.8e-09 2.89062 3.42188 0 225156998 0 0 225433793 1 0
2.8e-09 2.375 2.90625 0 187757272 1 0 187746699 1 1
2.8e-09 2.76562 3.3125 0 210772744 0 0 210568016 8 0
2.8e-09 2.73438 3.26562 0 224132767 1 0 224092082 1 4
2.8e-09 2.15625 2.53125 0 216153986 1 12 216370728 7 1
2.8e-09 2.125 2.51562 0 224311316 2 0 224700622 0 0
2.8e-09 2.39062 2.92188 0 241803415 3 6 241676669 0 1
2.8e-09 2.29688 2.82812 0 218261489 0 4 218367660 0 0
2.8e-09 2.3125 2.84375 0 214589916 0 0 214755284 0 0
2.8e-09 2.1875 2.73438 0 198311071 1 0 198503938 0 0
2.8e-09 2.875 3.40625 0 233423984 1 0 233340699 1 0
2.8e-09 2.70312 3.07812 0 240549873 1 0 240338607 0 0
2.8e-09 2.26562 2.8125 0 228329698 1 0 228292028 2 1
2.8e-09 2.3125 2.84375 0 212092638 0 0 212061254 0 0
2.8e-09 2.23438 2.76562 0 247503686 0 0 247470701 5 11
2.8e-09 2.875 3.40625 0 232196201 1 0 232315478 0 0
2.8e-09 2.15625 2.54688 0 211246882 1 0 211419073 1 2
2.8e-09 2.32812 2.85938 0 204565631 1 0 204545730 19 1
2.8e-09 2.57812 2.96875 0 225434424 0 0 225459682 1 1
2.8e-09 2.70312 3.07812 0 242618284 0 0 242888401 1 0
2.8e-09 2.20312 2.73438 0 196988551 0 0 196867092 3 2
2.8e-09 2.67188 3.0625 0 188062070 1 9 188045506 2 0
2.8e-09 2.29688 2.82812 0 219874444 4 0 219908754 9 4
2.8e-09 2.26562 2.79688 0 230014133 0 0 230149392 1 2
2.8e-09 2.375 2.90625 0 187253204 17 1 187149227 4 0
2.8e-09 2.82812 3.35938 0 188357697 0 0 188446412 7 4
2.8e-09 2.34375 2.875 0 198021277 1 0 198210951 1 15
2.8e-09 2.25 2.79688 0 235634753 3 5 235527485 2 0
2.8e-09 2.21875 2.76562 0 187575980 0 0 187506370 1 0
2.8e-09 2.125 2.51562 0 226126179 7 1 225892909 1 0
2.8e-09 2.125 2.5 0 227240770 0 0 227077370 3 0
2.8e-09 2.75 3.28125 0 222333687 8 3 222115594 10 7
2.8e-09 2.6875 3.0625 0 187495168 1 6 187737996 0 13
2.8e-09 2.125 2.5 0 227151513 10 1 227361845 0 0
2.8e-09 2.17188 2.54688 0 208577900 7 2 208607530 4 0
2.8e-09 3.15625 3.53125 0 244537850 0 0 244914409 13 7
2.8e-09 2.90625 3.4375 0 219301588 0 0 219399432 4 1
2.8e-09 2.25 2.79688 0 235877236 1 0 235960224 0 0
2.8e-09 2.125 2.5 0 227870417 0 0 227730873 4 0
2.8e-09 2.70312 3.07812 0 242021263 4 0 242033838 11 6
2.8e-09 2.17188 2.54688 0 208154014 4 0 208158566 1 2
2.8e-09 2.23438 2.76562 0 246838643 8 10 247030155 4 0
2.8e-09 2.25 2.78125 0 238899928 17 9 238770859 7 4
2.8e-09 2.71875 3.25 0 235312166 0 0 235297068 9 1
2.8e-09 2.35938 2.89062 0 195657613 0 0 195546069 0 0
2.8e-09 2.73438 3.26562 0 226758337 2 0 226959759 2 0
2.8e-09 2.23438 2.76562 0 246688067 10 0 246886068 13 7
2.8e-09 2.85938 3.39062 0 240781378 1 0 240780865 4 0
2.8e-09 2.26562 2.79688 0 230161948 0 0 230057133 0 0
2.8e-09 2.23438 2.76562 0 245781489 5 3 245951444 24 21
2.8e-09 2.35938 2.89062 0 195352907 4 0 195430751 1 2
2.8e-09 2.17188 2.5625 0 206649791 3 2 206608774 0 0
2.8e-09 2.125 2.5 0 227514941 0 0 227563175 0 4
2.8e-09 2.375 2.90625 0 190770344 1 0 190612505 1 0
2.8e-09 2.92188 3.45312 0 213162743 0 0 213169612 9 1
2.8e-09 2.14062 2.53125 0 217703956 1 0 217675574 0 0
2.8e-09 2.65625 3.04688 0 194770038 0 0 194720444 1 15
2.8e-09 2.17188 2.54688 0 210256365 3 0 210075945 1 0
2.8e-09 2.73438 3.28125 0 222769217 4 0 222925272 1 0
2.8e-09 2.67188 3.0625 0 189894937 1 0 190047024 2 6
2.8e-09 2.92188 3.45312 0 210571893 4 13 210700278 4 0
2.8e-09 2.23438 2.78125 0 241853861 4 1 242222625 2 0
2.8e-09 2.10938 2.5 0 229994621 2 1 229917719 0 0
2.8e-09 2.17188 2.54688 0 207132690 0 0 207383573 4 0
2.8e-09 3.10938 3.5 0 196342460 14 1 196489660 0 1
2.8e-09 2.70312 3.07812 0 242197228 1 26 241900618 4 1
2.8e-09 2.25 2.78125 0 239473095 3 0 239895414 13 2
2.8e-09 2.57812 2.95312 0 230567460 3 0 230420659 6 4
2.8e-09 2.71875 3.25 0 235356740 1 0 235491843 0 0
2.8e-09 2.875 3.40625 0 233913329 1 0 233727246 1 0
2.8e-09 2.25 2.78125 0 238924696 0 0 239068196 11 2
2.8e-09 2.32812 2.85938 0 205249326 8 3 205214216 0 0
2.8e-09 2.78125 3.3125 0 205214926 7 3 205210402 0 1
2.8e-09 2.64062 3.01562 0 201972497 4 0 202335936 1 0
2.8e-09 2.35938 2.89062 0 193800686 5 1 194088659 9 1
2.8e-09 2.35938 2.89062 0 193899944 4 3 193926958 1 0
2.8e-09 2.15625 2.54688 0 212042164 0 0 212115631 0 0
2.8e-09 2.71875 3.25 0 230617755 4 0 231204832 4 0
2.8e-09 2.75 3.28125 0 217411019 4 0 217204509 0 0
2.8e-09 2.89062 3.42188 0 225421803 6 0 225526527 0 2
2.8e-09 2.6875 3.07812 0 246557057 11 0 246092716 4 0
2.8e-09 2.59375 2.96875 0 223456260 2 0 223290510 0 0
2.8e-09 2.20312 2.75 0 192420986 5 3 192519917 0 0
2.8e-09 2.42188 2.95312 0 232051812 3 0 232131657 0 65
2.8e-09 2.17188 2.54688 0 208990659 1 0 208961978 0 0
2.8e-09 2.1875 2.73438 0 198590793 1 0 198454400 0 0
2.8e-09 2.17188 2.54688 0 208048660 0 0 208155645 0 0
2.8e-09 2.29688 2.84375 0 215165278 6 0 215037635 0 0
2.8e-09 2.8125 3.35938 0 192675897 0 0 192715823 0 0
2.8e-09 2.28125 2.8125 0 227105500 7 9 227246681 1 0
2.8e-09 2.125 2.5 0 226960398 0 0 227031934 15 6
2.8e-09 2.79688 3.34375 0 198448984 6 0 198347490 0 0
2.8e-09 2.34375 2.89062 0 196660332 0 0 196572847 1 2
2.8e-09 2.71875 3.26562 0 230006564 2 1 229764525 3 0
2.8e-09 2.84375 3.375 0 246084227 2 1 246201916 1 0
2.8e-09 2.76562 3.29688 0 213846486 2 0 213827033 0 0
2.8e-09 3.125 3.51562 0 190972403 2 0 190988547 0 0
2.8e-09 2.42188 2.95312 0 231192307 3 0 231033846 0 0
2.8e-09 2.79688 3.32812 0 203633653 2 1 203731632 1 0
2.8e-09 2.875 3.40625 0 233891130 1 0 233868159 2 0
2.8e-09 2.6875 3.0625 0 187237249 1 1 187580448 0 0
2.8e-09 2.89062 3.42188 0 225027652 1 4 225088542 0 0
2.8e-09 2.40625 2.9375 0 239542692 0 0 239164505 4 6
2.8e-09 2.32812 2.85938 0 206008859 0 0 206185391 10 1
2.8e-09 2.32812 2.85938 0 207604707 3 0 207708022 4 0
2.8e-09 2.17188 2.54688 0 208653539 3 0 208796222 0 0
2.8e-09 2.32812 2.85938 0 205404940 9 1 205307123 0 0
2.8e-09 2.375 2.90625 0 186906828 0 0 187060555 0 0
2.8e-09 2.85938 3.39062 0 240485757 2 2 240519782 3 0
2.8e-09 2.78125 3.3125 0 205455138 1 0 205450946 1 0
2.8e-09 2.32812 2.85938 0 208527395 0 23 208487693 4 2
2.8e-09 2.21875 2.75 0 188436570 0 0 188692095 0 0
2.8e-09 2.71875 3.25 0 233418214 0 0 233395581 4 0
2.8e-09 2.26562 2.79688 0 233268000 3 1 233349436 9 7
2.8e-09 3.10938 3.5 0 197025325 2 1 196941239 5 1
2.8e-09 2.14062 2.51562 0 220253604 0 0 220092543 0 0
2.8e-09 2.3125 2.85938 0 209647892 3 0 209514053 4 0
2.8e-09 2.125 2.5 0 228995309 1 0 229283971 2 3
2.8e-09 2.35938 2.89062 0 194481028 3 0 194872829 11 9
2.8e-09 2.23438 2.76562 0 243742941 0 0 243956766 13 3
2.8e-09 2.75 3.28125 0 219012040 0 0 218918084 3 0
2.8e-09 2.125 2.5 0 229447186 9 1 229477207 3 9
2.8e-09 2.34375 2.89062 0 197606741 0 0 197650890 0 0
2.8e-09 2.65625 3.03125 0 198194277 0 2 197866641 5 2
2.8e-09 2.125 2.51562 0 224013947 1 0 223952173 2 0
2.8e-09 2.25 2.78125 0 236610622 11 0 236598903 0 22
2.8e-09 2.29688 2.82812 0 221100155 0 1 221112631 0 5
2.8e-09 2.57812 2.95312 0 230335571 0 0 230135386 6 0
2.8e-09 2.15625 2.53125 0 216341541 1 0 216378989 1 0
2.8e-09 2.79688 3.32812 0 200782135 2 0 201021610 0 2
2.8e-09 2.73438 3.26562 0 227507241 0 0 227532074 3 0
2.8e-09 2.625 3 0 210980226 0 0 211148605 3 0
2.8e-09 2.17188 2.5625 0 206189076 2 0 205993375 1 0
2.8e-09 3.14062 3.53125 0 245289900 0 0 245433822 17 2
2.8e-09 2.29688 2.84375 0 215536997 4 0 215919539 1 0
2.8e-09 2.40625 2.9375 0 237235881 0 2 236987600 1 0
2.8e-09 2.64062 3.01562 0 205080767 7 1 204955584 0 0
2.8e-09 2.35938 2.89062 0 192237735 2 1 192232749 5 0
2.8e-09 3.14062 3.53125 0 247901661 3 0 247896694 0 0
2.8e-09 2.32812 2.85938 0 205962917 5 1 206033367 1 0
2.8e-09 2.71875 3.25 0 235535279 0 1 235957818 4 0
2.8e-09 2.14062 2.53125 0 217851881 4 28 218064068 0 0
2.8e-09 2.92188 3.45312 0 210004582 11 2 209939985 0 0
2.8e-09 2.23438 2.76562 0 246754859 4 4 246478456 0 0
2.8e-09 2.17188 2.5625 0 205798443 13 2 205896088 7 4
2.8e-09 2.73438 3.26562 0 224493844 8 15 224794909 5 1
2.8e-09 2.39062 2.92188 0 245647855 2 5 245486400 0 0
2.8e-09 2.57812 2.95312 0 230914451 1 1 230498738 0 0
2.8e-09 2.78125 3.3125 0 208971017 2 0 208775750 8 0
2.8e-09 2.39062 2.92188 0 246904777 2 0 247215724 17 33
2.8e-09 2.85938 3.39062 0 241051388 6 3 241354789 3 0
2.8e-09 2.39062 2.92188 0 247198031 2 0 246973104 5 0
2.8e-09 2.23438 2.76562 0 245763453 3 0 245738790 0 0
2.8e-09 2.15625 2.53125 0 215999593 4 0 215897481 24 8
2.8e-09 2.34375 2.89062 0 197194694 0 0 197339474 5 3
2.8e-09 2.35938 2.90625 0 190899622 0 0 190829123 0 0
2.8e-09 2.29688 2.82812 0 216373649 13 5 216531192 13 6
2.8e-09 2.9375 3.46875 0 206706024 0 0 206635783 1 0
2.8e-09 2.375 2.90625 0 187313425 1 0 187289603 5 0
2.8e-09 2.70312 3.07812 0 239749042 2 0 240043567 2 2
2.8e-09 2.76562 3.29688 0 211479192 1 1 211496324 3 0
2.8e-09 2.125 2.51562 0 223179100 1 2 223250622 0 0
2.8e-09 2.73438 3.28125 0 223585509 1 0 223640262 2 1
2.8e-09 2.28125 2.8125 0 224607548 6 3 224630803 2 1
2.8e-09 2.34375 2.875 0 198710101 0 0 198551560 2 0
2.8e-09 2.17188 2.5625 0 204544976 0 0 204824433 4 0
2.8e-09 3.14062 3.51562 0 187084410 0 1 187268349 0 0
2.8e-09 2.8125 3.34375 0 197368537 1 0 197066172 2 8
2.8e-09 2.14062 2.53125 0 219406978 2 0 219405851 1 2
2.8e-09 2.60938 2.98438 0 215906218 1 13 215865844 0 0
2.8e-09 2.89062 3.42188 0 223148099 0 0 223045259 3 0
2.8e-09 2.17188 2.54688 0 208952849 15 0 209061359 4 0
2.8e-09 2.65625 3.04688 0 194411005 1 0 193967890 0 0
2.8e-09 2.3125 2.84375 0 213394603 0 0 213258185 1 0
2.8e-09 2.39062 2.92188 0 244675200 7 5 244755646 0 0
2.8e-09 2.29688 2.82812 0 219389023 0 0 219523789 0 1
2.8e-09 2.125 2.5 0 227711703 1 0 227898112 0 0
2.8e-09 2.14062 2.51562 0 219842971 1 0 220224076 6 6
2.8e-09 2.73438 3.26562 0 227480118 2 8 227728308 0 0
2.8e-09 2.23438 2.76562 0 247241744 0 0 247342068 2 7
2.8e-09 2.1875 2.5625 0 204150061 0 0 203966697 7 6
2.8e-09 2.8125 3.34375 0 196291462 1 2 196430914 1 0
2.8e-09 2.79688 3.32812 0 200128673 38 26 200176767 4 0
2.8e-09 2.29688 2.82812 0 220249735 2 2 220318442 7 0
2.8e-09 2.42188 2.95312 0 231971548 6 0 231935931 0 0
2.8e-09 2.375 2.90625 0 189156266 0 1 188874218 0 0
2.8e-09 2.67188 3.04688 0 192715230 0 0 193028250 3 0
2.8e-09 2.17188 2.5625 0 204600429 0 0 204419515 9 5
2.8e-09 2.14062 2.53125 0 217360272 3 2 217120698 5 2
2.8e-09 2.14062 2.53125 0 217531841 9 38 217573271 1 10
2.8e-09 2.625 3.01562 0 207335759 9 8 207234307 0 0
2.8e-09 2.34375 2.875 0 200295864 1 7 200329401 0 0
2.8e-09 2.90625 3.4375 0 218161996 1 1 218309268 0 0
2.8e-09 2.14062 2.51562 0 221849375 3 5 221797295 0 8
2.8e-09 2.35938 2.90625 0 191280674 1 0 191417336 12 11
2.8e-09 2.67188 3.04688 0 191591286 2 0 191626406 3 0
2.8e-09 2.21875 2.75 0 189099802 1 14 188904757 0 0
2.8e-09 2.25 2.78125 0 236992504 1 0 237040757 7 0
2.8e-09 3.14062 3.53125 0 245866386 1 0 245482647 0 0
2.8e-09 2.28125 2.8125 0 223383781 3 2 223242936 2 1
2.8e-09 2.25 2.79688 0 235187024 3 0 234797865 19 0
2.8e-09 2.78125 3.3125 0 208159124 0 0 208093437 0 0
2.8e-09 3.14062 3.53125 0 246785317 2 0 246480801 3 0
2.8e-09 2.17188 2.54688 0 208328027 2 16 208246577 6 1
2.8e-09 3.09375 3.48438 0 201503193 0 0 201475082 1 0
2.8e-09 2.8125 3.34375 0 197190204 0 3 197094847 0 0
2.8e-09 2.20312 2.73438 0 196363628 0 0 196419868 1 2
2.8e-09 2.375 2.90625 0 186686295 2 3 186591284 4 0
2.8e-09 2.70312 3.07812 0 239399059 4 0 239418418 5 0
2.8e-09 2.15625 2.54688 0 211823952 22 7 211852516 2 1
2.8e-09 2.6875 3.07812 0 243381408 2 0 243210395 8 4
2.8e-09 2.79688 3.34375 0 198514420 2 0 198404291 2 0
2.8e-09 2.23438 2.76562 0 245054513 4 0 244687608 14 0
2.8e-09 2.15625 2.54688 0 213044417 1 0 212955798 0 0
2.8e-09 2.28125 2.8125 0 223020657 2 0 222992338 0 0
2.8e-09 2.17188 2.5625 0 205732499 1 0 205890563 0 0
2.8e-09 2.82812 3.35938 0 189895690 0 0 189781987 1 1
2.8e-09 3.10938 3.5 0 195305651 1 12 195365716 1 0
2.8e-09 2.14062 2.51562 0 220417812 2 0 220312318 1 0
2.8e-09 2.57812 2.95312 0 229130214 0 0 229208691 0 0
2.8e-09 2.25 2.78125 0 236688610 8 0 236667337 1 4
2.8e-09 2.64062 3.03125 0 200171591 0 0 200384961 8 4
2.8e-09 2.35938 2.89062 0 192920188 0 0 192995016 6 0
2.8e-09 2.6875 3.0625 0 187897244 4 4 187828993 1 0
2.8e-09 2.85938 3.39062 0 237341191 0 0 237539512 0 0
2.8e-09 2.60938 3 0 213643829 0 3 213549858 6 0
2.8e-09 2.28125 2.8125 0 225395976 5 5 225425376 2 38
2.8e-09 2.15625 2.54688 0 211510304 5 6 211480321 1 7
2.8e-09 2.875 3.40625 0 232696462 14 42 232887685 0 0
2.8e-09 2.375 2.90625 0 186997643 0 0 186843960 3 0
2.8e-09 2.59375 2.98438 0 218908407 4 6 218752721 7 0
2.8e-09 2.26562 2.79688 0 231739139 2 0 231753585 0 0
2.8e-09 2.78125 3.3125 0 206943085 0 0 207108150 1 0
2.8e-09 2.75 3.29688 0 216914790 3 0 216784679 3 1
2.8e-09 2.60938 2.98438 0 216649070 0 0 216625027 0 0
2.8e-09 2.3125 2.84375 0 209795029 0 2 209881303 2 0
2.8e-09 2.84375 3.39062 0 241432343 0 0 241370807 2 0
2.8e-09 2.57812 2.95312 0 229588170 13 1 230218296 0 0
2.8e-09 2.28125 2.82812 0 221796559 9 4 221761290 0 0
2.8e-09 2.71875 3.25 0 235224111 3 0 234860490 9 8
2.8e-09 2.29688 2.82812 0 218450215 0 0 218006022 0 1
2.8e-09 2.9375 3.46875 0 207259019 0 0 207183151 4 1
2.8e-09 2.59375 2.98438 0 219247467 1 0 219321463 1 0
2.8e-09 2.57812 2.96875 0 225506383 1 0 225569087 2 0
2.8e-09 2.67188 3.0625 0 189630358 0 2 189345356 1 1
2.8e-09 3.125 3.5 0 192093744 0 0 192115667 10 2
2.8e-09 2.79688 3.32812 0 198952763 2 0 199281912 1 1
2.8e-09 2.79688 3.32812 0 199584869 3 6 199523946 7 1
2.8e-09 2.35938 2.89062 0 192294668 5 1 192030094 0 0
2.8e-09 2.1875 2.5625 0 201759689 3 0 201942526 4 0
2.8e-09 2.76562 3.29688 0 215927564 8 0 215844256 4 0
2.8e-09 2.125 2.5 0 228887156 1 6 228790356 0 0
2.8e-09 2.28125 2.8125 0 225499473 2 7 225821800 0 0
2.8e-09 2.42188 2.95312 0 232592363 10 0 232607300 1 0
2.8e-09 2.82812 3.35938 0 190896827 1 0 191003912 4 0
2.8e-09 2.17188 2.54688 0 209740476 1 10 209970435 0 1
2.8e-09 2.1875 2.5625 0 202180231 2 0 202236735 3 4
2.8e-09 2.85938 3.40625 0 235232975 2 0 235134826 2 13
2.8e-09 2.125 2.5 0 227411273 0 1 227487344 2 0
2.8e-09 2.375 2.90625 0 190528628 0 0 190610278 2 0
2.8e-09 2.32812 2.875 0 203083384 2 0 202996031 1 1
2.8e-09 2.1875 2.5625 0 202569952 0 0 202769076 0 0
2.8e-09 2.875 3.40625 0 230543972 2 0 230190536 0 0
2.8e-09 2.1875 2.71875 0 200207256 2 0 200227062 2 0
2.8e-09 2.42188 2.95312 0 231102237 6 0 231230047 0 0
2.8e-09 2.21875 2.75 0 191792078 2 1 191861302 1 0
2.8e-09 2.625 3 0 209087795 1 0 209009069 0 2
2.8e-09 2.20312 2.75 0 192363503 8 6 192502366 7 2
2.8e-09 2.40625 2.95312 0 234106675 6 1 234288274 1 0
2.8e-09 2.92188 3.46875 0 208565368 12 3 208407353 4 1
2.8e-09 2.60938 3 0 212988205 1 0 212901363 9 5
2.8e-09 2.75 3.28125 0 218537144 3 0 218295321 0 0
2.8e-09 2.375 2.90625 0 190184985 0 3 190108211 6 0
2.8e-09 2.15625 2.53125 0 216075269 0 9 216149756 2 0
2.8e-09 2.375 2.90625 0 186929940 6 0 186960983 0 0
2.8e-09 2.6875 3.0625 0 247216019 1 0 247324551 0 0
2.8e-09 3.10938 3.48438 0 198144968 2 1 197941254 0 0
2.8e-09 2.15625 2.53125 0 215826895 1 0 215866228 2 10
2.8e-09 2.59375 2.96875 0 223360698 4 0 223664233 0 0
2.8e-09 2.26562 2.79688 0 229934019 2 0 229473153 0 0
2.8e-09 2.875 3.40625 0 230594478 4 13 230314020 2 0
2.8e-09 2.6875 3.0625 0 247542366 1 0 247252686 0 0
2.8e-09 2.28125 2.8125 0 224791346 1 0 224640450 7 3
2.8e-09 2.59375 2.98438 0 218098712 27 14 218406732 3 12
2.8e-09 2.60938 2.98438 0 215756057 1 1 215546147 1 0
2.8e-09 2.29688 2.82812 0 218819831 0 0 218861706 1 0
2.8e-09 2.6875 3.07812 0 246399816 6 0 246696641 0 0
2.8e-09 2.75 3.28125 0 218188385 1 2 218416710 1 25
2.8e-09 2.39062 2.9375 0 241093405 5 1 241323800 2 0
2.8e-09 2.39062 2.92188 0 242200447 1 0 242530399 0 0
2.8e-09 2.32812 2.85938 0 206591794 0 0 206424199 3 0
2.8e-09 2.20312 2.73438 0 198172248 0 0 198164495 3 0
2.8e-09 2.125 2.5 0 227132898 1 4 227465601 4 0
2.8e-09 2.17188 2.5625 0 204052389 0 2 204244774 0 0
2.8e-09 2.70312 3.07812 0 240550932 2 0 240306428 2 0
2.8e-09 2.82812 3.35938 0 190779144 2 0 190660118 1 1
2.8e-09 2.82812 3.35938 0 188881316 0 0 188722185 1 0
2.8e-09 2.32812 2.875 0 202404572 6 2 202593959 1 1
2.8e-09 2.15625 2.54688 0 211485588 0 0 211480078 0 0
2.8e-09 2.1875 2.5625 0 201788564 4 11 201657101 2 0
2.8e-09 2.15625 2.53125 0 216233903 8 1 216105571 0 0
2.8e-09 2.6875 3.07812 0 244153271 3 0 244428093 10 7
2.8e-09 2.64062 3.03125 0 201249250 3 0 201193719 3 0
2.8e-09 2.34375 2.89062 0 197173382 8 4 197314607 0 0
2.8e-09 2.375 2.90625 0 190267942 4 0 190065313 0 0
2.8e-09 2.15625 2.53125 0 215696283 4 5 215997930 1 6
2.8e-09 2.23438 2.76562 0 245696667 0 0 245900562 0 0
2.8e-09 2.67188 3.0625 0 189828932 8 1 189837409 1 2
2.8e-09 2.85938 3.39062 0 238723199 0 0 238876044 3 0
2.8e-09 2.125 2.5 0 229392912 1 0 229286163 1 0
2.8e-09 2.60938 2.98438 0 216079618 0 0 215965504 0 0
2.8e-09 2.375 2.90625 0 190172818 3 2 190027237 1 0
2.8e-09 2.17188 2.54688 0 208304523 0 0 208191481 0 1
2.8e-09 2.75 3.28125 0 222443639 2 1 222289999 1 3
2.8e-09 2.625 3.01562 0 205674668 1 0 205868452 1 0
2.8e-09 2.34375 2.89062 0 197585976 1 3 197637096 3 1
2.8e-09 2.32812 2.85938 0 208196689 1 5 208302952 0 0
2.8e-09 2.85938 3.39062 0 235962824 5 3 236305141 2 8
2.8e-09 2.89062 3.42188 0 223207706 0 0 223481106 2 0
2.8e-09 2.21875 2.75 0 191172364 3 0 190989931 4 0
2.8e-09 2.89062 3.42188 0 226549642 1 0 226754637 1 0
2.8e-09 2.14062 2.51562 0 221642663 4 2 221744068 1 0
2.8e-09 2.125 2.51562 0 225148640 1 0 225041047 1 0
2.8e-09 2.15625 2.54688 0 210930307 3 0 210742997 2 0
2.8e-09 2.14062 2.51562 0 222806937 1 3 222792926 2 1
2.8e-09 2.375 2.90625 0 190155980 9 6 190398330 0 0
2.8e-09 3.09375 3.48438 0 202795254 1 0 202631205 5 0
2.8e-09 2.1875 2.71875 0 200598083 0 0 200484963 3 0
2.8e-09 2.125 2.5 0 228762591 0 0 228823017 2 41
2.8e-09 2.1875 2.73438 0 199052348 0 0 198882793 8 28
2.8e-09 2.71875 3.25 0 231944576 2 0 231653623 0 0
2.8e-09 2.35938 2.89062 0 195697462 2 0 195624226 3 0
2.8e-09 2.3125 2.85938 0 209187372 6 4 209051075 0 0
2.8e-09 2.20312 2.73438 0 194821490 5 1 194857118 2 1
2.8e-09 2.3125 2.84375 0 209778567 0 0 209872528 1 0
2.8e-09 2.78125 3.3125 0 208368973 1 0 208335855 0 0
2.8e-09 2.59375 2.96875 0 221421751 2 15 221563329 0 0
2.8e-09 2.125 2.51562 0 223769009 1 0 223836107 2 0
2.8e-09 2.23438 2.76562 0 186685062 0 0 186609671 2 0
2.8e-09 2.14062 2.53125 0 218051106 0 0 217987811 2 0
2.8e-09 2.70312 3.23438 0 238870384 2 0 238822305 1 0
2.8e-09 2.125 2.51562 0 225207384 0 2 225483289 0 0
2.8e-09 2.65625 3.04688 0 195498867 8 2 195308525 0 0
2.8e-09 2.82812 3.35938 0 190653008 1 0 190774361 2 0
2.8e-09 2.17188 2.5625 0 204392799 1 0 204359432 0 0
2.8e-09 2.20312 2.75 0 192650152 1 0 192620958 0 0
2.8e-09 2.3125 2.84375 0 214668411 5 4 214309033 0 0
2.8e-09 2.70312 3.07812 0 242787478 0 0 243010873 4 0
2.8e-09 2.17188 2.54688 0 209956071 1 1 209930044 17 1
2.8e-09 2.26562 2.79688 0 233895551 0 7 233691199 0 18
2.8e-09 3.15625 3.53125 0 242537732 0 144 242165992 2 1
2.8e-09 2.26562 2.8125 0 228820760 4 0 228464532 6 1
2.8e-09 2.14062 2.51562 0 220959352 5 0 220865004 1 0
2.8e-09 2.64062 3.03125 0 199875929 1 0 199983285 1 0
2.8e-09 2.375 2.90625 0 188003842 3 2 188058075 3 5
2.8e-09 2.23438 2.76562 0 247715337 3 0 247798771 0 0
2.8e-09 2.32812 2.85938 0 204864782 2 0 205154221 0 0
2.8e-09 2.25 2.78125 0 236224654 5 0 236229600 0 0
2.8e-09 2.34375 2.89062 0 197072039 1 0 197055488 0 0
2.8e-09 2.25 2.78125 0 237479393 0 0 237519220 0 20
2.8e-09 2.375 2.92188 0 247508843 0 0 248007949 8 0
2.8e-09 2.25 2.78125 0 241084399 1 0 241544880 0 1
2.8e-09 2.375 2.90625 0 186755813 3 0 186414762 5 0
2.8e-09 2.75 3.28125 0 217971039 1 0 217776382 5 0
2.8e-09 2.71875 3.25 0 231453580 3 5 231267382 0 0
2.8e-09 2.65625 3.03125 0 198298892 4 8 198500515 2 1
2.8e-09 2.57812 2.96875 0 225295113 9 2 225142976 3 0
2.8e-09 2.64062 3.01562 0 205085836 14 3 205096205 0 0
2.8e-09 2.25 2.78125 0 239172543 2 2 239129563 1 0
2.8e-09 2.34375 2.89062 0 197540143 0 0 197725121 0 0
2.8e-09 2.92188 3.45312 0 212822792 2 0 212668353 2 0
2.8e-09 3.09375 3.46875 0 205929464 1 0 205778017 0 1
2.8e-09 2.14062 2.51562 0 221777167 2 2 221389410 0 2
2.8e-09 2.20312 2.75 0 192906973 2 1 192938674 0 0
2.8e-09 2.875 3.40625 0 231961018 4 2 231558428 0 0
2.8e-09 2.90625 3.45312 0 214682518 0 3 214742353 0 0
2.8e-09 2.14062 2.53125 0 217965617 3 0 217693183 11 7
2.8e-09 2.67188 3.04688 0 191729255 1 0 191402407 8 10
2.8e-09 2.34375 2.875 0 198138784 1 1 197995969 3 0
2.8e-09 2.59375 2.98438 0 218032436 0 0 218178240 0 0
2.8e-09 2.32812 2.85938 0 205436968 2 0 205725804 0 0
2.8e-09 2.3125 2.84375 0 213381059 0 0 213386697 0 0
2.8e-09 2.3125 2.84375 0 211234947 5 0 211465033 5 0
2.8e-09 2.70312 3.07812 0 243138472 1 0 243090268 1 0
2.8e-09 2.42188 2.95312 0 231438016 0 0 231230911 0 0
2.8e-09 2.625 3.01562 0 205584108 0 0 205805951 2 0
2.8e-09 2.39062 2.9375 0 240254530 0 0 240283845 0 0
2.8e-09 2.75 3.29688 0 216607168 0 0 216347569 5 9
2.8e-09 2.73438 3.26562 0 225468981 5 6 225271385 0 0
2.8e-09 2.125 2.5 0 228308030 1 1 228256241 3 0
2.8e-09 3.09375 3.46875 0 205039606 1 0 204893657 2 1
2.8e-09 2.60938 3 0 212557762 2 0 212328407 0 0
2.8e-09 2.89062 3.42188 0 227350477 1 0 227264799 5 1
2.8e-09 2.1875 2.73438 0 198948468 0 0 198990603 2 0
2.8e-09 2.57812 2.96875 0 224545034 0 0 224774343 2 0
2.8e-09 2.125 2.5 0 228362040 2 2 228430172 0 0
2.8e-09 2.17188 2.5625 0 204415294 8 7 204456698 1 0
2.8e-09 2.625 3 0 209691678 9 3 209918776 4 1
2.8e-09 2.125 2.5 0 227743331 5 0 227737318 1 5
2.8e-09 2.17188 2.5625 0 204188811 0 0 204328230 11 1
2.8e-09 2.3125 2.84375 0 211022567 0 0 211235402 47 121
2.8e-09 2.17188 2.54688 0 207396681 0 0 207505122 0 0
2.8e-09 2.8125 3.35938 0 192144931 2 0 192253308 1 0
2.8e-09 2.15625 2.54688 0 210993540 2 1 210870400 2 0
2.8e-09 2.76562 3.29688 0 212554421 0 0 212427248 0 0
2.8e-09 2.32812 2.85938 0 207553150 1 0 207770543 4 1
2.8e-09 2.70312 3.23438 0 239166197 2 0 239185188 7 1
2.8e-09 2.73438 3.26562 0 226051979 4 0 225760600 7 1
2.8e-09 2.14062 2.53125 0 217746290 0 0 217917292 3 0
2.8e-09 2.40625 2.9375 0 235428894 0 0 235509564 0 0
2.8e-09 2.23438 2.78125 0 243000660 0 4 243129663 2 0
2.8e-09 2.625 3 0 211296063 3 0 210998104 0 0
2.8e-09 2.32812 2.85938 0 208199995 1 0 208154540 10 36
2.8e-09 2.67188 3.04688 0 192268055 6 0 192257534 1 0
2.8e-09 2.1875 2.5625 0 202117062 2 5 201912474 4 0
2.8e-09 2.14062 2.51562 0 221415224 0 9 221601967 5 3
2.8e-09 2.34375 2.875 0 198799818 1 0 198944265 0 2
2.8e-09 2.84375 3.39062 0 241908742 1 0 242119808 1 0
2.8e-09 2.39062 2.92188 0 245706424 4 5 246046255 0 1
2.8e-09 2.125 2.51562 0 223838168 0 0 223962966 0 0
2.8e-09 2.64062 3.03125 0 200077595 0 0 200039939 9 10
2.8e-09 2.8125 3.34375 0 195210383 3 19 195123519 7 0
2.8e-09 2.65625 3.04688 0 193561314 0 4 193771848 0 0
2.8e-09 2.67188 3.0625 0 188384905 2 3 188177120 3 0
2.8e-09 2.78125 3.3125 0 206916863 1 0 207024946 6 5
2.8e-09 2.625 3.01562 0 207084087 16 56 206732275 1 0
2.8e-09 2.57812 2.95312 0 230755912 7 2 230909972 0 0
2.8e-09 2.3125 2.84375 0 214585071 1 0 214466768 1 0
2.8e-09 2.3125 2.84375 0 211387148 5 2 211214963 1 0
2.8e-09 2.875 3.40625 0 229441543 11 5 229660969 1 0
2.8e-09 2.73438 3.26562 0 225345778 1 0 224895127 0 0
2.8e-09 2.39062 2.9375 0 241117585 4 0 240949969 0 0
2.8e-09 2.40625 2.9375 0 239156841 2 0 238990726 6 8
2.8e-09 2.34375 2.875 0 200344845 1 0 200289083 2 0
2.8e-09 2.67188 3.0625 0 190260795 1 0 190242370 1 0
2.8e-09 2.39062 2.92188 0 245896574 0 0 246030344 0 0
2.8e-09 2.75 3.28125 0 218190211 11 5 218292491 6 1
2.8e-09 2.21875 2.75 0 189505565 2 3 189348093 13 1
2.8e-09 2.40625 2.9375 0 238510677 9 9 238708028 4 0
2.8e-09 2.82812 3.375 0 187135338 0 0 187047380 1 0
2.8e-09 2.1875 2.71875 0 200376435 1 0 200116677 1 0
2.8e-09 2.21875 2.75 0 189076476 6 8 188666256 5 1
2.8e-09 2.35938 2.89062 0 194661779 1 0 194605852 0 0
2.8e-09 2.3125 2.85938 0 209229599 1 0 209130627 2 0
2.8e-09 2.29688 2.82812 0 217392291 0 0 217354693 1 0
2.8e-09 2.67188 3.0625 0 188161996 2 0 188445646 3 0
2.8e-09 2.375 2.92188 0 247536061 6 0 247205871 1 0
2.8e-09 2.32812 2.875 0 202905204 0 0 202897804 4 0
2.8e-09 2.79688 3.32812 0 201932857 9 0 202197964 0 0
2.8e-09 3.125 3.5 0 191908527 1 1 191940607 4 0
2.8e-09 2.35938 2.89062 0 193865977 0 0 193938758 0 0
2.8e-09 2.1875 2.71875 0 200087103 1 0 200043529 1 0
2.8e-09 2.26562 2.79688 0 231630408 4 0 231851371 0 0
2.8e-09 2.625 3.01562 0 206203691 0 0 206311238 2 0
2.8e-09 2.60938 3 0 212200745 3 1 212528618 0 0
2.8e-09 2.125 2.5 0 227235865 5 1 227451466 6 0
2.8e-09 2.34375 2.89062 0 197132102 1 0 196777531 4 0
2.8e-09 2.14062 2.53125 0 216786000 2 2 216698502 2 1
2.8e-09 2.125 2.5 0 227394635 0 0 227594282 1 0
2.8e-09 3.14062 3.51562 0 187838294 2 6 187787447 2 1
2.8e-09 2.3125 2.84375 0 213892585 2 0 213969916 1 0
2.8e-09 2.90625 3.4375 0 220104383 15 10 220928835 4 0
2.8e-09 2.35938 2.89062 0 196255709 0 5 196369429 1 1
2.8e-09 2.79688 3.32812 0 203563040 0 0 203889065 2 0
2.8e-09 2.75 3.28125 0 222386284 0 4 222607639 0 0
2.8e-09 2.375 2.92188 0 248131128 1 0 248311749 3 4
2.8e-09 2.32812 2.875 0 202743895 0 5 202976743 5 3
2.8e-09 2.23438 2.76562 0 245576692 0 0 245592502 3 14
2.8e-09 2.28125 2.8125 0 223030932 7 25 223053402 2 0
2.8e-09 2.67188 3.0625 0 190299724 0 0 190386542 0 1
2.8e-09 2.29688 2.84375 0 215517888 4 0 215612543 9 1
2.8e-09 2.1875 2.5625 0 201770569 0 0 202032979 1 8
2.8e-09 2.25 2.78125 0 240478046 4 3 240561760 15 14
2.8e-09 2.14062 2.53125 0 218322022 0 0 218525268 12 39
2.8e-09 2.1875 2.5625 0 202845381 0 0 202574183 0 0
2.8e-09 2.60938 2.98438 0 214740650 1 0 214331653 0 0
2.8e-09 2.32812 2.85938 0 204489965 2 0 204416868 2 2
2.8e-09 2.29688 2.82812 0 218011662 3 0 218190195 3 0
2.8e-09 2.35938 2.89062 0 194864586 5 4 194570060 1 6
2.8e-09 2.20312 2.73438 0 193744971 4 2 193566120 1 0
2.8e-09 2.79688 3.34375 0 198465839 2 0 198717764 5 3
2.8e-09 2.64062 3.01562 0 203837535 5 0 203688359 0 0
2.8e-09 2.64062 3.01562 0 203248751 1 0 203366920 0 0
2.8e-09 2.57812 2.95312 0 230499536 1 0 230521428 0 0
2.8e-09 2.79688 3.32812 0 200205691 0 6 200231818 3 0
2.8e-09 2.65625 3.04688 0 195708284 2 0 195979399 0 0
2.8e-09 2.15625 2.53125 0 216092634 1 1 215931635 4 0
2.8e-09 2.28125 2.8125 0 223139620 4 2 223232202 1 0
2.8e-09 2.125 2.51562 0 223896941 0 0 224183767 1 0
2.8e-09 2.23438 2.76562 0 248374375 2 6 248279769 12 1
2.8e-09 2.25 2.78125 0 236876190 2 2 236856787 4 0
2.8e-09 2.9375 3.46875 0 207467784 1 0 207550002 0 0
2.8e-09 2.59375 2.98438 0 219888593 1 0 219902830 4 6
2.8e-09 2.125 2.51562 0 225580263 0 0 225457939 4 0
2.8e-09 2.1875 2.71875 0 200697618 0 0 200544707 2 0
2.8e-09 2.6875 3.0625 0 187418360 1 0 187206902 0 0
2.8e-09 2.70312 3.25 0 237415897 0 11 237222404 1 0
2.8e-09 2.3125 2.84375 0 212728634 3 0 212741733 1 0
2.8e-09 2.40625 2.9375 0 236665004 2 0 236478320 1 0
2.8e-09 2.29688 2.82812 0 216933618 0 2 216879534 1 0
2.8e-09 2.67188 3.0625 0 189284960 1 0 189577370 0 0
2.8e-09 2.57812 2.95312 0 229342414 2 5 229959969 13 6
2.8e-09 2.375 2.90625 0 190029557 1 0 189982105 0 0
2.8e-09 3.14062 3.53125 0 245044728 3 0 245481713 0 0
2.8e-09 3.125 3.5 0 192216356 4 0 192137061 1 0
2.8e-09 2.71875 3.25 0 233900322 3 5 233527634 1 0
2.8e-09 2.64062 3.01562 0 204726370 0 0 204747189 1 0
2.8e-09 2.25 2.78125 0 238284185 0 2 238140614 1 1
2.8e-09 2.3125 2.84375 0 211619617 0 0 211540043 3 0
2.8e-09 2.15625 2.53125 0 215946874 0 0 215985490 0 8
2.8e-09 2.29688 2.84375 0 215544771 0 0 215278203 1 0
2.8e-09 2.59375 2.96875 0 222780591 0 7 222461632 7 4
2.8e-09 2.28125 2.8125 0 223940776 0 0 223815163 3 1
2.8e-09 2.125 2.51562 0 225258208 0 0 225247071 0 0
2.8e-09 2.20312 2.75 0 192434466 10 2 192393350 0 0
2.8e-09 2.71875 3.26562 0 229925707 6 1 229947325 1 0
2.8e-09 2.25 2.78125 0 237306266 0 0 237260076 2 0
2.8e-09 3.10938 3.5 0 196974386 1 0 197033994 2 0
2.8e-09 2.89062 3.42188 0 223426150 0 0 223564525 7 5
2.8e-09 2.40625 2.9375 0 237395768 0 0 237387667 3 0
2.8e-09 2.35938 2.89062 0 192240957 0 1 192229548 11 0
2.8e-09 2.39062 2.92188 0 241772900 0 0 241611590 2 0
2.8e-09 2.29688 2.82812 0 218600022 9 2 218455316 0 0
2.8e-09 2.39062 2.92188 0 242281584 3 1 242039263 0 0
2.8e-09 2.3125 2.84375 0 212685164 0 0 212663828 0 0
2.8e-09 2.82812 3.35938 0 191406930 2 1 191911766 2 0
2.8e-09 2.1875 2.5625 0 201711983 0 0 201818370 1 0
2.8e-09 2.25 2.78125 0 237763288 1 0 237648590 5 3
2.8e-09 2.25 2.78125 0 237007454 2 0 237202874 16 18
2.8e-09 2.875 3.42188 0 228003181 4 2 228103860 0 0
2.8e-09 2.375 2.90625 0 190341747 0 0 190456909 0 0
2.8e-09 2.1875 2.71875 0 199934763 0 0 199638990 0 18
2.8e-09 2.78125 3.3125 0 208540693 0 0 208736823 0 0
2.8e-09 3.10938 3.48438 0 200414191 0 0 200216972 13 10
2.8e-09 2.60938 3 0 213038570 1 0 212878136 6 3
2.8e-09 2.20312 2.73438 0 196432792 3 0 196550223 1 1
2.8e-09 2.65625 3.03125 0 196725055 1 1 196578883 1 0
2.8e-09 2.21875 2.75 0 192203863 1 0 192234825 8 0
2.8e-09 2.14062 2.53125 0 218971739 2 0 219090874 0 0
2.8e-09 2.29688 2.82812 0 217953301 4 3 217870526 0 0
2.8e-09 2.70312 3.07812 0 240198932 12 4 240201789 0 20
2.8e-09 2.25 2.78125 0 237621775 0 0 237577310 3 4
2.8e-09 2.64062 3.03125 0 201638160 2 0 201579285 2 1
2.8e-09 2.15625 2.54688 0 212822607 5 1 212744529 2 0
2.8e-09 2.67188 3.0625 0 188618269 0 1 188754752 2 0
2.8e-09 2.20312 2.73438 0 193702766 0 0 193828810 2 0
2.8e-09 2.92188 3.45312 0 213210240 4 0 213147177 2 0
2.8e-09 2.14062 2.51562 0 219868675 5 3 219734569 2 0
2.8e-09 2.1875 2.5625 0 202912572 0 3 203203781 0 0
2.8e-09 2.82812 3.35938 0 189223692 0 0 189260840 4 6
2.8e-09 2.40625 2.95312 0 233565865 1 0 233351710 5 0
2.8e-09 2.73438 3.26562 0 224490687 1 0 224163566 6 1
2.8e-09 2.125 2.5 0 228003987 6 15 227959825 0 0
2.8e-09 2.40625 2.9375 0 238976106 1 0 239096890 1 0
2.8e-09 2.34375 2.875 0 200423969 1 0 200425287 3 0
2.8e-09 2.39062 2.92188 0 243013443 7 8 243172016 3 11
2.8e-09 2.17188 2.5625 0 204590936 1 0 204453453 8 4
2.8e-09 2.17188 2.54688 0 208992751 1 1 208939113 34 12
2.8e-09 2.92188 3.45312 0 210694845 0 0 210177776 0 0
2.8e-09 2.125 2.5 0 229445549 7 0 229344480 2 0
2.8e-09 2.375 2.90625 0 190731042 1 0 190552998 0 0
2.8e-09 2.60938 2.98438 0 217602088 0 0 217388292 2 0
2.8e-09 2.625 3 0 210336889 13 2 210363515 0 0
2.8e-09 2.65625 3.03125 0 196644520 2 0 196846134 0 0
2.8e-09 2.25 2.78125 0 241080088 0 0 241055237 1 0
2.8e-09 2.65625 3.03125 0 198351683 2 0 198857623 0 0
2.8e-09 2.84375 3.375 0 247211063 7 1 247134367 0 0
2.8e-09 2.125 2.5 0 226641405 2 1 226747176 0 0
2.8e-09 2.1875 2.5625 0 202878957 10 5 202617564 1 0
2.8e-09 2.21875 2.76562 0 187875200 6 4 187756652 1 0
2.8e-09 2.79688 3.32812 0 202041434 0 0 201829195 0 0
2.8e-09 2.65625 3.03125 0 198371403 2 8 198321868 11 11
2.8e-09 2.17188 2.5625 0 205672396 1 0 205278523 0 0
2.8e-09 2.75 3.28125 0 218179028 1 1 218423317 0 0
2.8e-09 2.65625 3.03125 0 198912013 12 4 198921716 2 1
2.8e-09 2.1875 2.5625 0 202789273 5 3 202421449 0 0
2.8e-09 2.79688 3.32812 0 200611452 3 1 200630067 1 4
2.8e-09 2.57812 2.95312 0 228340207 1 0 228218207 6 2
2.8e-09 2.15625 2.53125 0 214651792 5 0 214485263 3 0
2.8e-09 2.1875 2.71875 0 200684651 5 0 200641882 0 4
2.8e-09 2.67188 3.0625 0 190530447 1 0 190307870 6 4
2.8e-09 2.125 2.51562 0 223380262 0 0 223182828 1 0
2.8e-09 2.79688 3.32812 0 200659453 5 2 200656701 19 59
2.8e-09 2.42188 2.95312 0 231894231 0 0 232280062 10 2
2.8e-09 2.28125 2.8125 0 225425344 1 0 225117017 0 0
2.8e-09 2.35938 2.89062 0 196494911 0 0 196538298 0 0
2.8e-09 3.14062 3.51562 0 187724977 0 0 187619298 1 0
2.8e-09 3.125 3.51562 0 191428024 2 0 191247461 2 1
2.8e-09 2.75 3.28125 0 221736184 7 3 221380895 6 0
2.8e-09 2.40625 2.9375 0 235799273 2 2 236293490 1 7
2.8e-09 2.20312 2.73438 0 194927537 0 0 195190511 0 0
2.8e-09 2.82812 3.375 0 187358730 2 0 187070507 8 3
2.8e-09 2.15625 2.53125 0 214761483 16 5 214772692 11 1
2.8e-09 2.32812 2.85938 0 207916160 0 0 207937990 0 2
2.8e-09 2.25 2.78125 0 241125451 0 0 241375992 4 1
2.8e-09 2.14062 2.53125 0 217128434 3 4 216912817 1 0
2.8e-09 2.20312 2.73438 0 194163022 0 0 194051449 0 0
2.8e-09 3.14062 3.53125 0 247543195 7 0 247794905 6 3
2.8e-09 2.21875 2.75 0 190011851 0 0 189852199 0 0
2.8e-09 2.26562 2.79688 0 233035830 2 17 233101690 0 0
2.8e-09 2.21875 2.75 0 190528621 8 5 190521586 12 5
2.8e-09 2.35938 2.90625 0 191811959 6 1 192003099 5 0
2.8e-09 2.28125 2.8125 0 222937901 2 0 222714967 4 4
2.8e-09 2.29688 2.82812 0 219364480 1 0 219636890 1 0
2.8e-09 2.28125 2.8125 0 223222658 2 0 223126254 7 1
2.8e-09 2.89062 3.42188 0 225160180 0 0 225486736 0 0
2.8e-09 2.57812 2.95312 0 229446040 9 4 229384875 5 1
2.8e-09 2.1875 2.71875 0 200725237 0 0 200585885 3 0
2.8e-09 2.8125 3.34375 0 195975855 0 0 196157155 7 18
2.8e-09 2.21875 2.75 0 190428972 2 0 190244679 5 1
2.8e-09 2.1875 2.5625 0 202013481 3 0 202354641 1 0
2.8e-09 2.28125 2.8125 0 223385531 2 0 223115359 8 1
2.8e-09 2.125 2.51562 0 224277892 1 0 224275664 2 0
2.8e-09 2.125 2.51562 0 223537719 2 1 223267224 2 3
2.8e-09 2.34375 2.875 0 198562261 0 0 198731584 1 2
2.8e-09 2.73438 3.26562 0 226168823 11 1 225966525 4 1
2.8e-09 2.71875 3.25 0 231635059 0 0 231789672 3 0
2.8e-09 3.15625 3.53125 0 242839843 0 0 242848433 1 1
2.8e-09 2.92188 3.45312 0 212776929 0 0 212331895 2 0
2.8e-09 2.89062 3.42188 0 223490068 5 2 223612117 5 0
2.8e-09 2.20312 2.73438 0 195874538 4 2 195940698 0 3
2.8e-09 2.15625 2.53125 0 215058332 3 1 215204243 2 0
2.8e-09 2.85938 3.39062 0 238689814 2 0 238478154 3 1
2.8e-09 2.32812 2.85938 0 208550390 0 0 208520302 2 0
2.8e-09 2.17188 2.5625 0 206544874 4 0 206607057 1 0
2.8e-09 2.3125 2.84375 0 212160125 3 3 212165973 0 0
2.8e-09 2.125 2.5 0 229108893 1 0 229064961 0 0
2.8e-09 2.57812 2.96875 0 225061509 0 0 224827564 0 0
2.8e-09 2.14062 2.51562 0 222798703 0 0 222882536 0 0
2.8e-09 2.28125 2.8125 0 226204465 0 0 226176922 2 0
2.8e-09 2.59375 2.98438 0 219105959 1 0 218791731 8 2
2.8e-09 2.78125 3.3125 0 205918927 1 0 206341876 0 1
2.8e-09 2.57812 2.95312 0 230633557 8 0 230504084 3 0
2.8e-09 2.65625 3.04688 0 194151048 2 0 194153439 0 0
2.8e-09 2.125 2.5 0 229539292 1 0 229467844 1 0
2.8e-09 2.3125 2.84375 0 210829616 0 0 211116755 0 18
2.8e-09 2.73438 3.28125 0 223221877 1 0 223462069 0 0
2.8e-09 2.57812 2.95312 0 228432080 1 8 228421226 0 0
2.8e-09 2.82812 3.375 0 187106239 8 8 186997451 2 0
2.8e-09 2.32812 2.85938 0 208044176 0 0 208381082 0 0
2.8e-09 2.17188 2.54688 0 207205601 0 0 207029736 0 0
2.8e-09 2.64062 3.03125 0 199190389 0 0 199520613 0 7
2.8e-09 2.70312 3.23438 0 238851720 0 0 239102693 1 0
2.8e-09 2.375 2.90625 0 186720240 2 2 186866123 5 9
2.8e-09 2.3125 2.84375 0 211651456 1 0 211832908 7 16
2.8e-09 2.79688 3.32812 0 200796143 0 1 201285191 0 12
2.8e-09 2.29688 2.82812 0 220495253 4 4 220227712 0 0
2.8e-09 2.59375 2.98438 0 220051432 2 0 220023025 0 0
2.8e-09 2.625 3 0 208997071 6 0 208796289 0 7
2.8e-09 2.70312 3.23438 0 238635497 2 0 238651197 3 0
2.8e-09 2.125 2.5 0 228382952 6 2 228595977 1 5
2.8e-09 2.28125 2.8125 0 225124849 6 0 224877399 0 0
2.8e-09 2.375 2.90625 0 188498326 5 0 188355759 0 0
2.8e-09 2.125 2.51562 0 225910223 0 8 225761724 3 1
2.8e-09 2.17188 2.5625 0 204249404 0 0 204154284 0 0
2.8e-09 2.14062 2.51562 0 219622452 1 0 219626027 1 0
2.8e-09 2.71875 3.25 0 233951429 4 0 233937647 8 0
