2.8e-09 1.89062 2.42188 0 229802586 1 1 229666763 1 1
2.8e-09 2.15625 2.53125 0 250865214 1 1 251406213 0 0
2.8e-09 1.6875 2.21875 0 251673318 3 3 251634181 4 0
2.8e-09 2.71875 3.25 0 207212466 1 0 206681238 1 0
2.8e-09 2.15625 2.54688 0 248095849 0 0 248167493 0 0
2.8e-09 1.6875 2.21875 0 253390204 1 0 253255474 5 0
2.8e-09 2.10938 2.48438 0 204317557 14 38 204381539 0 0
2.8e-09 1.6875 2.21875 0 251489580 1 0 251696838 1 0
2.8e-09 1.67188 2.21875 0 192093649 0 0 191943301 0 0
2.8e-09 2.23438 2.78125 0 211406794 5 0 211640026 0 0
2.8e-09 1.78125 2.3125 0 212453724 1 0 212327869 2 0
2.8e-09 2.70312 3.07812 0 212861513 2 0 212771749 13 1
2.8e-09 2.375 2.92188 0 217229110 0 0 217031451 10 0
2.8e-09 2.28125 2.8125 0 197199997 0 0 197237719 3 5
2.8e-09 1.67188 2.04688 0 195459114 2 0 195509846 0 0
2.8e-09 1.73438 2.28125 0 227535973 15 3 227597440 0 0
2.8e-09 2.0625 2.45312 0 221385075 9 13 221449669 3 0
2.8e-09 2.57812 2.96875 0 197494880 2 0 197454372 1 0
2.8e-09 1.6875 2.21875 0 251692524 2 7 251913764 11 3
2.8e-09 1.76562 2.29688 0 219494062 1 0 219378885 0 0
2.8e-09 2.0625 2.45312 0 220003696 11 6 219809018 2 0
2.8e-09 2.57812 2.95312 0 201446378 4 1 201289178 0 0
2.8e-09 2.14062 2.51562 0 192824953 3 0 192674453 0 6
2.8e-09 2.64062 3.03125 0 236345559 0 0 236432051 1 0
2.8e-09 2.17188 2.5625 0 240694498 0 3 240972722 1 0
2.8e-09 2.17188 2.54688 0 243611346 1 8 243507003 3 3
2.8e-09 1.73438 2.26562 0 231136120 0 30 231070802 0 0
2.8e-09 1.78125 2.3125 0 211871731 2 0 211881900 4 0
2.8e-09 2.17188 2.54688 0 242199892 1 0 242101206 1 0
2.8e-09 1.84375 2.375 0 190496487 2 1 190616538 1 1
2.8e-09 1.89062 2.42188 0 231554135 2 3 231701447 0 0
2.8e-09 1.875 2.42188 0 235625041 4 1 235466137 0 0
2.8e-09 2.21875 2.75 0 222116943 0 0 222167129 8 2
2.8e-09 2.60938 3 0 249786171 0 0 249683831 14 4
2.8e-09 1.75 2.28125 0 227551692 2 3 227399338 4 0
2.8e-09 2.32812 2.85938 0 240050275 1 0 239960187 2 0
2.8e-09 2.09375 2.48438 0 209375174 0 1 209487584 12 13
2.8e-09 1.82812 2.35938 0 194123529 0 0 194138524 15 7
2.8e-09 1.6875 2.21875 0 191233710 1 1 191211933 4 2
2.8e-09 1.6875 2.21875 0 191069689 1 0 190951544 5 1
2.8e-09 1.70312 2.25 0 243591541 0 4 243537253 0 6
2.8e-09 1.79688 2.32812 0 207785810 2 0 207900522 2 2
2.8e-09 1.84375 2.375 0 251584287 0 9 251787970 0 3
2.8e-09 1.75 2.28125 0 227098001 1 0 227257211 1 0
2.8e-09 2.375 2.92188 0 217545707 3 0 217556107 0 0
2.8e-09 2.17188 2.54688 0 243749316 2 0 243683499 4 5
2.8e-09 1.82812 2.35938 0 195347349 10 3 195412833 2 1
2.8e-09 1.6875 2.23438 0 249970052 9 2 249876313 0 0
2.8e-09 1.84375 2.375 0 250973155 2 0 251099143 1 0
2.8e-09 2.0625 2.4375 0 224607739 2 0 224411484 9 0
2.8e-09 1.78125 2.32812 0 210157499 2 3 210352374 1 0
2.8e-09 2.07812 2.46875 0 214787178 3 12 214354025 2 0
2.8e-09 2.28125 2.82812 0 194262394 0 0 194052801 4 2
2.8e-09 2.14062 2.53125 0 251513966 8 1 251714269 0 0
2.8e-09 2.26562 2.79688 0 203524701 1 0 203631951 0 0
2.8e-09 1.70312 2.23438 0 245614358 0 0 245545340 0 0
2.8e-09 2.26562 2.8125 0 198711561 1 0 198660116 0 0
2.8e-09 1.78125 2.3125 0 212533267 7 1 212653825 10 14
2.8e-09 2.14062 2.53125 0 252943434 0 0 252977372 7 0
2.8e-09 2.60938 3 0 249136740 1 0 249214521 2 0
2.8e-09 1.67188 2.04688 0 196324833 0 0 196243269 2 0
2.8e-09 1.75 2.29688 0 223580534 1 17 223417894 5 7
2.8e-09 1.71875 2.25 0 239438451 1 0 239328566 0 0
2.8e-09 1.875 2.42188 0 233811577 4 0 233733558 2 0
2.8e-09 1.70312 2.23438 0 244928743 14 10 245004496 0 0
2.8e-09 1.70312 2.25 0 242505208 4 0 242557655 0 0
2.8e-09 2.23438 2.76562 0 214340176 5 6 214267351 1 0
2.8e-09 2.23438 2.76562 0 216092810 2 0 216253914 9 0
2.8e-09 2.0625 2.45312 0 221198842 6 7 221141884 3 7
2.8e-09 2.07812 2.46875 0 212196373 0 0 212387121 2 7
2.8e-09 1.73438 2.26562 0 232981277 2 0 233010175 0 0
2.8e-09 1.67188 2.21875 0 193108103 0 0 193098361 1 1
2.8e-09 1.8125 2.35938 0 197822775 1 0 197932144 7 12
2.8e-09 2.28125 2.82812 0 193294980 9 3 193385593 0 0
2.8e-09 1.84375 2.375 0 251328266 0 0 251320039 2 2
2.8e-09 1.84375 2.39062 0 249157513 2 0 249115133 0 0
2.8e-09 1.76562 2.29688 0 219215587 4 1 219207326 2 1
2.8e-09 2.07812 2.46875 0 214337313 0 0 214077064 0 6
2.8e-09 2.20312 2.75 0 225111091 4 0 225286540 8 1
2.8e-09 1.73438 2.28125 0 228555760 0 0 228374256 3 1
2.8e-09 1.67188 2.21875 0 193171299 3 0 193159548 0 0
2.8e-09 1.79688 2.32812 0 207809023 4 0 207804968 2 0
2.8e-09 1.84375 2.375 0 251380190 0 0 251383273 3 0
2.8e-09 2.59375 2.98438 0 190590359 1 0 190757580 0 0
2.8e-09 1.75 2.28125 0 225856376 2 18 225820027 0 0
2.8e-09 1.67188 2.20312 0 195027652 0 0 194974820 5 0
2.8e-09 1.76562 2.3125 0 214484351 1 0 214573108 1 0
2.8e-09 2.23438 2.76562 0 214789072 0 0 214820274 0 0
2.8e-09 1.875 2.40625 0 239351388 1 0 239466325 5 0
2.8e-09 1.75 2.28125 0 224320830 4 0 223971763 1 0
2.8e-09 2.32812 2.85938 0 239941844 2 0 239542667 0 6
2.8e-09 2.07812 2.46875 0 212616094 8 2 212416939 2 0
2.8e-09 1.67188 2.21875 0 192431176 7 4 192562569 0 0
2.8e-09 1.82812 2.35938 0 195255993 5 1 195283381 2 2
2.8e-09 2.07812 2.46875 0 215340922 0 0 215259334 15 3
2.8e-09 1.71875 2.25 0 238492527 5 2 238751710 0 0
2.8e-09 2.39062 2.9375 0 210409100 5 1 210556787 5 5
2.8e-09 2.20312 2.73438 0 228912644 2 0 229092397 0 0
2.8e-09 1.6875 2.23438 0 250853228 0 1 250525707 0 0
2.8e-09 2.35938 2.90625 0 223177908 1 0 223201407 6 2
2.8e-09 1.78125 2.3125 0 210958049 3 3 210977839 1 0
2.8e-09 2.25 2.78125 0 209633324 4 0 209464361 0 0
2.8e-09 2.29688 2.84375 0 250870458 0 0 250799331 5 4
2.8e-09 1.85938 2.40625 0 241477376 5 1 241552797 0 9
2.8e-09 2.20312 2.73438 0 229619139 0 3 229571718 0 5
2.8e-09 1.6875 2.23438 0 250674704 0 0 250576542 8 5
2.8e-09 1.76562 2.29688 0 217738578 2 0 217524795 0 0
2.8e-09 1.84375 2.39062 0 247342955 2 0 247285411 8 2
2.8e-09 2.35938 2.89062 0 227935313 3 28 227719644 1 0
2.8e-09 1.78125 2.32812 0 208491827 1 0 208483414 0 0
2.8e-09 1.90625 2.4375 0 225206239 0 0 225456539 0 0
2.8e-09 2.09375 2.46875 0 210051520 18 2 209988967 4 2
2.8e-09 1.84375 2.39062 0 247933999 4 3 248084590 0 0
2.8e-09 1.89062 2.42188 0 232329453 3 4 232323570 1 1
2.8e-09 2.3125 2.85938 0 242528763 5 4 243041227 2 0
2.8e-09 1.875 2.42188 0 235507112 1 2 235416997 0 0
2.8e-09 2.26562 2.79688 0 202079011 3 8 202143063 1 0
2.8e-09 1.79688 2.32812 0 207513233 9 2 207536144 7 1
2.8e-09 1.8125 2.35938 0 198280398 4 0 198318695 0 1
2.8e-09 2.20312 2.75 0 224184712 0 0 224135106 0 0
2.8e-09 2.28125 2.82812 0 194044929 3 0 194181685 0 0
2.8e-09 2.70312 3.07812 0 212646492 7 5 212708137 0 0
2.8e-09 1.70312 2.23438 0 245878291 3 5 245687973 2 0
2.8e-09 1.85938 2.40625 0 240091213 1 4 240079938 5 21
2.8e-09 2.1875 2.5625 0 236651367 1 0 236972875 0 0
2.8e-09 1.85938 2.39062 0 244975754 4 0 244818684 0 0
2.8e-09 2.0625 2.4375 0 222874553 1 0 222955782 0 0
2.8e-09 1.6875 2.21875 0 190850190 1 1 190756024 0 0
2.8e-09 1.73438 2.26562 0 231410491 2 17 231268811 0 0
2.8e-09 2.39062 2.92188 0 213533854 8 4 213417184 6 5
2.8e-09 2.65625 3.04688 0 226011922 1 2 226091755 0 0
2.8e-09 2.39062 2.92188 0 212406997 0 2 212622282 1 0
2.8e-09 1.79688 2.32812 0 206522222 2 5 206678088 6 0
2.8e-09 2.0625 2.4375 0 224560865 1 0 224543434 3 5
2.8e-09 1.73438 2.28125 0 229975127 0 0 229792694 0 0
2.8e-09 2.0625 2.4375 0 223797866 1 0 223729098 3 0
2.8e-09 2.65625 3.03125 0 230939392 3 0 231123026 0 0
2.8e-09 1.75 2.28125 0 225039479 2 2 225197893 2 15
2.8e-09 2.14062 2.53125 0 253917598 2 1 254153234 1 0
2.8e-09 2.35938 2.89062 0 227563839 1 0 227733722 1 0
2.8e-09 2.625 3.01562 0 241153218 4 16 241442181 0 0
2.8e-09 1.82812 2.375 0 191945414 0 0 192058860 3 4
2.8e-09 2.23438 2.76562 0 216744051 0 7 216897701 3 1
2.8e-09 2.375 2.90625 0 221939397 4 0 221780742 0 0
2.8e-09 2.67188 3.0625 0 222552068 4 2 222379004 0 0
2.8e-09 2.28125 2.8125 0 197162098 2 1 197112292 0 0
2.8e-09 1.82812 2.35938 0 194197389 2 0 194121716 0 0
2.8e-09 2.29688 2.82812 0 191562957 2 1 191515349 0 0
2.8e-09 1.875 2.42188 0 232912417 0 0 233235465 3 0
2.8e-09 2.3125 2.84375 0 249155220 6 2 249150408 1 0
2.8e-09 2.1875 2.5625 0 235667105 0 0 235734204 1 0
2.8e-09 1.73438 2.26562 0 231971814 3 0 232074797 1 0
2.8e-09 1.82812 2.35938 0 195936503 1 0 196029249 1 0
2.8e-09 1.82812 2.375 0 192238256 0 6 192210563 0 0
2.8e-09 1.67188 2.21875 0 192046249 2 0 192027427 2 1
2.8e-09 2.59375 2.98438 0 191700099 0 0 191361918 1 0
2.8e-09 2.28125 2.8125 0 195948415 2 0 195654004 6 2
2.8e-09 1.85938 2.39062 0 244037036 2 1 243789629 9 7
2.8e-09 1.89062 2.4375 0 227998285 3 0 227990874 0 0
2.8e-09 1.875 2.40625 0 235637209 6 3 235799643 0 0
2.8e-09 2.20312 2.73438 0 229521474 0 0 229523010 0 0
2.8e-09 2.34375 2.89062 0 230713102 0 0 230692734 5 1
2.8e-09 2.65625 3.03125 0 230636794 0 1 230636083 0 6
2.8e-09 2.07812 2.45312 0 217995650 0 0 217731643 5 2
2.8e-09 2.64062 3.03125 0 236242498 5 0 236184996 0 0
2.8e-09 1.79688 2.32812 0 206584853 7 6 206697388 1 0
2.8e-09 1.73438 2.26562 0 231259502 1 0 231344175 2 1
2.8e-09 1.76562 2.3125 0 214590300 2 0 214530983 0 0
2.8e-09 2.39062 2.9375 0 211516838 1 0 211386471 5 0
2.8e-09 2.375 2.92188 0 216675975 1 0 216679615 1 2
2.8e-09 2.64062 3.03125 0 234033619 3 1 233919826 1 0
2.8e-09 2.07812 2.45312 0 215934262 1 0 215957628 1 0
2.8e-09 2.26562 2.8125 0 199520535 0 0 199768082 7 2
2.8e-09 2.10938 2.5 0 202240803 2 0 202310765 2 0
2.8e-09 2.28125 2.8125 0 197352089 0 0 197278757 1 0
2.8e-09 2.125 2.51562 0 195344242 3 0 195191126 0 0
2.8e-09 2.29688 2.84375 0 250842844 0 1 250932405 0 0
2.8e-09 1.6875 2.21875 0 191694524 1 6 191593390 0 0
2.8e-09 1.8125 2.34375 0 201983255 8 0 201913478 2 0
2.8e-09 2.15625 2.54688 0 245371438 0 2 245266962 1 0
2.8e-09 2.65625 3.03125 0 230970539 0 0 230817569 2 0
2.8e-09 2.35938 2.89062 0 226493744 1 0 226603559 3 3
2.8e-09 1.71875 2.25 0 237491389 0 0 237458135 0 0
2.8e-09 1.73438 2.28125 0 229911436 3 4 230052015 1 5
2.8e-09 2.34375 2.875 0 232147656 4 7 232221843 2 0
2.8e-09 1.71875 2.26562 0 235666039 18 93 235684231 3 0
2.8e-09 2.0625 2.45312 0 220962245 1 0 220777510 3 13
2.8e-09 2.6875 3.0625 0 217092167 0 7 217174100 5 5
2.8e-09 2.20312 2.73438 0 227565969 5 2 227444828 8 0
2.8e-09 2.625 3 0 244900608 0 0 244752590 2 0
2.8e-09 2.28125 2.8125 0 196652987 0 0 196964043 2 1
2.8e-09 1.78125 2.3125 0 211763724 0 0 211676186 0 0
2.8e-09 2.1875 2.5625 0 235023297 13 0 235063736 3 0
2.8e-09 1.79688 2.32812 0 207289566 1 0 207353885 0 0
2.8e-09 1.71875 2.25 0 240825084 2 2 240910798 2 0
2.8e-09 2.40625 2.9375 0 208813810 1 1 209013775 2 0
2.8e-09 2.26562 2.8125 0 200214788 0 0 200294365 4 0
2.8e-09 1.73438 2.26562 0 232425609 0 0 232389820 0 0
2.8e-09 2.6875 3.07812 0 214287893 0 0 214090967 3 0
2.8e-09 2.1875 2.5625 0 236518295 5 4 236477783 7 3
2.8e-09 2.42188 2.95312 0 202326215 1 1 202416781 1 0
2.8e-09 2.125 2.5 0 198919614 0 0 198828123 1 0
2.8e-09 1.70312 2.25 0 243231984 0 0 243084723 8 2
2.8e-09 1.73438 2.26562 0 233543483 16 3 233517347 2 0
2.8e-09 2.32812 2.875 0 236800489 0 0 236660744 0 11
2.8e-09 1.79688 2.34375 0 202924378 0 0 202948462 0 0
2.8e-09 2.39062 2.92188 0 214249233 0 5 214455464 1 0
2.8e-09 1.82812 2.375 0 192886564 34 24 192921587 2 8
2.8e-09 1.76562 2.3125 0 216537945 0 0 216756976 0 0
2.8e-09 2.3125 2.84375 0 248028172 8 6 248344973 2 0
2.8e-09 2.39062 2.9375 0 209702313 6 2 209424088 0 0
2.8e-09 1.70312 2.23438 0 245831500 14 5 245934727 1 0
2.8e-09 2.70312 3.07812 0 210907332 1 0 210985065 0 0
2.8e-09 1.875 2.40625 0 236756912 0 0 236525366 2 0
2.8e-09 2.17188 2.5625 0 236939327 1 0 236954088 2 1
2.8e-09 2.125 2.51562 0 196814555 3 0 196979949 0 0
2.8e-09 1.79688 2.32812 0 204944159 0 0 205116403 0 0
2.8e-09 1.89062 2.42188 0 232219074 1 0 232352678 8 5
2.8e-09 1.70312 2.25 0 241312662 8 2 241256542 5 0
2.8e-09 2.07812 2.46875 0 212885923 7 1 212666624 0 0
2.8e-09 2.10938 2.48438 0 205526883 6 3 205499173 5 4
2.8e-09 1.85938 2.39062 0 243876834 0 0 244112640 0 0
2.8e-09 1.78125 2.32812 0 209362482 0 17 209393177 3 16
2.8e-09 2.25 2.78125 0 207646944 3 1 207746468 2 4
2.8e-09 1.71875 2.25 0 239938345 0 0 239929560 3 0
2.8e-09 1.6875 2.21875 0 191018325 1 0 191125982 0 0
2.8e-09 2.1875 2.71875 0 233390031 1 0 233421168 3 0
2.8e-09 2.125 2.51562 0 194168624 1 0 194306778 0 0
2.8e-09 2.3125 2.84375 0 245779975 0 0 245706787 7 1
2.8e-09 1.875 2.42188 0 235463934 0 0 235559799 3 0
2.8e-09 2.0625 2.45312 0 220379592 7 16 220679241 3 0
2.8e-09 2.29688 2.82812 0 190692015 1 0 190658704 5 0
2.8e-09 2.0625 2.45312 0 221821559 2 0 221915746 0 1
2.8e-09 2.10938 2.5 0 201059058 2 0 201235254 2 0
2.8e-09 2.28125 2.82812 0 193680317 1 0 193674311 3 2
2.8e-09 1.875 2.42188 0 233314999 3 1 233500318 1 6
2.8e-09 2.60938 3 0 248847276 0 0 248887970 0 0
2.8e-09 1.71875 2.25 0 239319248 17 0 239250933 1 0
2.8e-09 1.71875 2.26562 0 235414810 0 6 235244173 19 11
2.8e-09 1.85938 2.40625 0 240286402 1 6 240323592 1 0
2.8e-09 1.71875 2.25 0 238062777 0 0 238260490 4 4
2.8e-09 1.76562 2.29688 0 220235518 0 0 220164394 0 2
2.8e-09 2.10938 2.5 0 201392445 0 0 201203370 2 0
2.8e-09 1.78125 2.32812 0 210287471 3 0 210231671 0 0
2.8e-09 2.28125 2.82812 0 193465342 3 1 193484920 13 3
2.8e-09 2.34375 2.89062 0 229277607 1 0 229268542 6 0
2.8e-09 1.85938 2.40625 0 241823868 0 0 241508940 9 0
2.8e-09 1.82812 2.35938 0 195212634 1 0 195389900 3 1
2.8e-09 2.15625 2.54688 0 246444467 1 0 246346010 5 0
2.8e-09 1.76562 2.29688 0 219290744 2 0 219541497 10 5
2.8e-09 2.20312 2.73438 0 228094319 0 0 228171266 0 0
2.8e-09 2.32812 2.875 0 235747066 0 0 235733182 0 0
2.8e-09 1.84375 2.39062 0 249866112 5 0 249700363 0 1
2.8e-09 1.85938 2.39062 0 245414833 6 0 245381310 2 0
2.8e-09 1.76562 2.3125 0 216379599 1 0 216506595 1 0
2.8e-09 2.34375 2.89062 0 231106097 2 0 231085179 0 1
2.8e-09 1.6875 2.21875 0 253424363 1 0 253498125 4 0
2.8e-09 1.79688 2.32812 0 208236671 0 0 208301038 3 0
2.8e-09 2.17188 2.5625 0 238320246 3 0 238267609 1 5
2.8e-09 2.59375 2.98438 0 191572540 1 0 191602705 0 0
2.8e-09 2.125 2.51562 0 194804614 3 0 194820382 0 0
2.8e-09 2.21875 2.76562 0 217915723 1 0 218086745 1 0
2.8e-09 1.73438 2.26562 0 234164854 4 1 234106987 1 0
2.8e-09 2.0625 2.45312 0 222036619 2 0 221923999 4 3
2.8e-09 1.8125 2.34375 0 200481010 0 1 200450364 7 0
2.8e-09 2.15625 2.53125 0 249055945 0 0 249144833 3 0
2.8e-09 2.67188 3.04688 0 225692558 4 0 225722187 0 0
2.8e-09 2.6875 3.0625 0 217968630 1 0 218060716 2 0
2.8e-09 2.40625 2.95312 0 204187346 0 0 204452995 2 0
2.8e-09 2.64062 3.01562 0 239489448 11 21 239579093 18 62
2.8e-09 1.70312 2.25 0 242519975 1 0 242444463 8 2
2.8e-09 1.6875 2.21875 0 251995951 1 0 251844063 2 0
2.8e-09 2.07812 2.46875 0 212278097 6 4 212558015 0 0
2.8e-09 2.28125 2.82812 0 195077078 0 0 195277180 1 0
2.8e-09 1.79688 2.34375 0 202264047 0 0 202359692 0 0
2.8e-09 1.70312 2.25 0 243110803 0 0 243315935 2 0
2.8e-09 1.78125 2.3125 0 213253314 0 0 213240570 0 0
2.8e-09 1.78125 2.3125 0 212865842 0 0 213213307 0 0
2.8e-09 1.73438 2.28125 0 228133640 0 0 228189635 0 0
2.8e-09 1.67188 2.04688 0 195586885 6 6 195405619 1 0
2.8e-09 1.73438 2.26562 0 233162613 0 0 233279088 2 0
2.8e-09 2.64062 3.01562 0 238166605 5 0 238479087 2 0
2.8e-09 1.71875 2.25 0 237477343 1 0 237430572 7 4
2.8e-09 2.14062 2.53125 0 253056923 0 0 253090637 0 0
2.8e-09 1.78125 2.3125 0 211442678 0 0 211333341 0 0
2.8e-09 1.67188 2.21875 0 191904977 0 2 191955161 4 6
2.8e-09 2.35938 2.89062 0 226584778 0 0 226644648 0 0
2.8e-09 2.26562 2.79688 0 201256113 1 4 201128367 4 0
2.8e-09 2.26562 2.8125 0 199644171 0 0 199590735 0 0
2.8e-09 2.40625 2.9375 0 208120851 1 0 208344664 3 0
2.8e-09 1.75 2.29688 0 222471631 1 10 222598348 1 4
2.8e-09 2.15625 2.53125 0 250392593 2 0 250562376 4 2
2.8e-09 2.57812 2.96875 0 196600326 6 0 196691989 3 1
2.8e-09 2.1875 2.5625 0 235000940 3 0 234937377 6 2
2.8e-09 2.17188 2.54688 0 242201248 0 6 242394782 0 0
2.8e-09 1.875 2.42188 0 233123349 4 12 233273658 0 0
2.8e-09 2.40625 2.95312 0 203606577 10 1 203834897 1 0
2.8e-09 2.39062 2.92188 0 214722613 1 1 215048382 0 0
2.8e-09 2.14062 2.53125 0 253382837 5 5 253326579 5 0
2.8e-09 1.70312 2.25 0 241333384 1 9 241514314 3 3
2.8e-09 2.67188 3.0625 0 221657777 7 1 221121582 8 2
2.8e-09 2.40625 2.9375 0 209234943 2 0 209395733 7 2
2.8e-09 2.29688 2.84375 0 251562053 5 3 251566856 1 0
2.8e-09 2.17188 2.5625 0 241159396 12 2 241123956 0 0
2.8e-09 2.28125 2.8125 0 195956480 4 7 196292418 1 0
2.8e-09 1.76562 2.29688 0 218163426 0 0 217886884 2 1
2.8e-09 1.85938 2.39062 0 246861658 0 0 246886470 5 0
2.8e-09 1.71875 2.25 0 237107674 19 10 237040326 1 1
2.8e-09 2.3125 2.84375 0 245410661 1 0 245558567 0 3
2.8e-09 1.89062 2.42188 0 231186783 1 2 231317647 6 5
2.8e-09 2.25 2.78125 0 208880731 2 0 208775250 6 4
2.8e-09 1.70312 2.25 0 241822895 1 0 241938410 1 0
2.8e-09 2.23438 2.76562 0 216874811 4 2 216656694 0 0
2.8e-09 1.75 2.28125 0 227032244 0 2 226763433 4 1
2.8e-09 2.07812 2.45312 0 216742274 0 0 216737076 3 0
2.8e-09 1.73438 2.26562 0 232631082 1 0 232638064 4 12
2.8e-09 2.60938 3 0 247906650 0 0 247652931 0 0
2.8e-09 2.21875 2.75 0 221757892 0 7 221958341 3 0
2.8e-09 2.70312 3.25 0 207497463 1 1 207409051 1 6
2.8e-09 1.73438 2.26562 0 232290315 9 1 232306725 3 0
2.8e-09 1.89062 2.4375 0 226985032 0 0 227051238 6 1
2.8e-09 1.67188 2.04688 0 196281186 0 0 196130159 4 0
2.8e-09 1.6875 2.23438 0 249263989 3 1 249474347 2 10
2.8e-09 1.78125 2.3125 0 214334607 7 0 214240936 0 0
2.8e-09 1.79688 2.32812 0 205122732 1 4 205040812 4 1
2.8e-09 1.73438 2.26562 0 232942040 1 0 232855549 0 1
2.8e-09 1.76562 2.3125 0 216985866 3 0 216871013 1 0
2.8e-09 1.85938 2.39062 0 245229211 0 0 244940515 1 1
2.8e-09 2.07812 2.45312 0 218067439 3 4 217996199 3 0
2.8e-09 1.71875 2.26562 0 235852574 1 0 235803963 0 4
2.8e-09 1.79688 2.32812 0 204838670 2 0 204723903 3 1
2.8e-09 1.79688 2.34375 0 204039156 1 0 203999051 0 0
2.8e-09 1.71875 2.26562 0 234078234 3 0 234406092 3 33
2.8e-09 2.17188 2.54688 0 241544551 1 0 241305972 1 7
2.8e-09 1.75 2.28125 0 227374161 0 0 227430413 1 0
2.8e-09 2.07812 2.46875 0 212074268 6 5 211969651 1 0
2.8e-09 1.78125 2.32812 0 209875966 0 0 209803679 0 0
2.8e-09 2.375 2.90625 0 220850811 0 0 220558859 0 3
2.8e-09 1.75 2.28125 0 226009306 0 0 225940818 1 0
2.8e-09 1.73438 2.26562 0 231473814 0 0 231338927 0 0
2.8e-09 1.89062 2.4375 0 226842475 0 0 226681790 1 0
2.8e-09 2.64062 3.03125 0 235432476 1 2 235335332 1 0
2.8e-09 2.0625 2.4375 0 223044526 2 0 223205785 7 0
2.8e-09 2.15625 2.54688 0 246006187 0 0 245952902 9 2
2.8e-09 2.14062 2.51562 0 192990480 0 0 192995037 1 0
2.8e-09 2.125 2.51562 0 195416726 4 0 195384048 0 0
2.8e-09 2.07812 2.45312 0 217706488 4 1 217693052 0 0
2.8e-09 2.65625 3.04688 0 229180393 4 4 228942512 0 0
2.8e-09 1.85938 2.40625 0 239772684 5 4 239940411 4 0
2.8e-09 2.32812 2.85938 0 239975155 4 2 239840827 4 0
2.8e-09 2.07812 2.46875 0 214000565 0 29 213968615 1 2
2.8e-09 1.79688 2.32812 0 205604657 0 0 205375544 2 0
2.8e-09 1.75 2.28125 0 225698196 2 0 225829232 11 1
2.8e-09 2.10938 2.48438 0 204911668 0 0 204885353 0 5
2.8e-09 1.70312 2.25 0 242055557 2 0 242135138 2 6
2.8e-09 2.26562 2.79688 0 202712405 3 0 202732629 0 0
2.8e-09 1.89062 2.4375 0 228534697 1 0 228428556 5 0
2.8e-09 1.71875 2.26562 0 234133391 0 0 234408064 3 0
2.8e-09 2.14062 2.53125 0 191748141 5 1 191868882 0 0
2.8e-09 1.79688 2.32812 0 204977359 1 1 204964380 0 0
2.8e-09 1.875 2.40625 0 238186685 7 0 238286797 0 0
2.8e-09 2.0625 2.4375 0 223165243 6 0 223270296 2 1
2.8e-09 2.10938 2.5 0 201650519 0 0 201421278 0 0
2.8e-09 2.23438 2.76562 0 216060948 7 7 216136062 2 1
2.8e-09 2.14062 2.53125 0 191580680 3 1 191782575 0 0
2.8e-09 2.17188 2.5625 0 240765012 1 0 240688065 2 1
2.8e-09 1.73438 2.28125 0 227733708 0 0 227438830 0 0
2.8e-09 1.82812 2.35938 0 194164921 8 10 194202100 0 0
2.8e-09 2.64062 3.03125 0 236403901 4 0 236494830 1 0
2.8e-09 2.21875 2.75 0 220878126 0 0 221196232 0 0
2.8e-09 2.09375 2.48438 0 207834336 3 10 207836912 0 0
2.8e-09 1.79688 2.32812 0 206899571 7 6 206903755 3 0
2.8e-09 1.67188 2.21875 0 193543554 3 13 193430858 0 0
2.8e-09 1.6875 2.23438 0 249871941 5 3 249990865 5 7
2.8e-09 2.26562 2.79688 0 203854883 1 0 203588546 0 0
2.8e-09 1.71875 2.26562 0 235739840 0 0 235758150 0 0
2.8e-09 1.71875 2.26562 0 234845132 0 0 234795828 16 9
2.8e-09 1.71875 2.26562 0 236694704 12 2 236927620 4 2
2.8e-09 1.73438 2.26562 0 231037032 0 1 230887329 0 0
2.8e-09 2.3125 2.85938 0 245199382 12 0 245088171 6 0
2.8e-09 1.8125 2.34375 0 200653299 3 0 200709512 0 0
2.8e-09 1.75 2.29688 0 221816372 2 0 221800281 5 8
2.8e-09 2.14062 2.53125 0 251948606 2 12 251901232 0 0
2.8e-09 2.26562 2.8125 0 198954449 7 6 199000886 23 22
2.8e-09 2.3125 2.85938 0 243692237 5 1 243778352 0 0
2.8e-09 2.34375 2.875 0 235582583 1 0 235591017 6 1
2.8e-09 1.75 2.28125 0 224843258 0 0 224941209 5 0
2.8e-09 2.10938 2.5 0 201589166 0 2 201533488 1 1
2.8e-09 2.25 2.79688 0 205241188 0 0 205280045 3 0
2.8e-09 2.0625 2.45312 0 219335162 2 4 219395511 3 1
2.8e-09 2.15625 2.54688 0 247196561 2 0 247151147 0 3
2.8e-09 1.85938 2.39062 0 242774404 2 0 242578219 1 1
2.8e-09 2.21875 2.75 0 222160575 8 1 221905149 1 3
2.8e-09 2.20312 2.75 0 224106846 2 2 224233920 4 2
2.8e-09 1.875 2.40625 0 239483808 0 0 239392893 1 0
2.8e-09 2.29688 2.82812 0 253399857 0 0 253640797 3 0
2.8e-09 2.6875 3.07812 0 214916402 2 2 215327226 0 0
2.8e-09 2.0625 2.45312 0 219189576 0 0 219082444 6 0
2.8e-09 2.21875 2.75 0 219721895 0 0 219681334 1 0
2.8e-09 2.0625 2.4375 0 223484817 12 0 223481890 4 0
2.8e-09 1.76562 2.3125 0 216498641 0 0 216387036 1 0
2.8e-09 1.75 2.28125 0 224627912 6 0 224586814 0 0
2.8e-09 2.40625 2.95312 0 205277891 3 0 205397449 1 4
2.8e-09 1.78125 2.32812 0 210465812 2 2 210565796 0 0
2.8e-09 1.8125 2.34375 0 199625832 2 0 199685198 0 0
2.8e-09 1.70312 2.23438 0 244936050 5 0 244990502 9 1
2.8e-09 1.85938 2.40625 0 242444906 0 1 242405661 4 4
2.8e-09 1.76562 2.3125 0 216972504 1 0 216874241 5 0
2.8e-09 2.35938 2.89062 0 227449882 2 1 227572774 0 0
2.8e-09 2.375 2.92188 0 215914882 7 1 215762328 0 0
2.8e-09 2.21875 2.76562 0 219640790 1 7 219331817 0 0
2.8e-09 1.70312 2.23438 0 244317251 16 7 244250663 5 29
2.8e-09 2.375 2.92188 0 217634076 0 0 217531204 3 6
2.8e-09 1.875 2.40625 0 238281531 1 2 238196380 3 1
2.8e-09 1.8125 2.34375 0 200628153 5 1 200836447 3 0
2.8e-09 1.875 2.40625 0 239512128 0 0 239616733 7 0
2.8e-09 2.10938 2.5 0 200387448 5 4 200387657 0 0
2.8e-09 1.70312 2.25 0 241706578 5 0 241863378 13 3
2.8e-09 1.79688 2.32812 0 204957859 2 1 205171059 0 0
2.8e-09 1.90625 2.4375 0 225258252 0 0 225293884 0 0
2.8e-09 1.70312 2.25 0 241216567 0 0 241278023 0 0
2.8e-09 1.85938 2.40625 0 240842825 1 2 240874025 1 0
2.8e-09 1.75 2.28125 0 224098826 4 0 224002011 0 3
2.8e-09 2.29688 2.82812 0 192139979 0 11 192114813 4 0
2.8e-09 2.39062 2.92188 0 215594277 3 1 215589588 0 0
2.8e-09 2.64062 3.03125 0 233638627 0 0 233382055 0 0
2.8e-09 1.67188 2.21875 0 193572488 1 0 193543170 5 0
2.8e-09 2.14062 2.51562 0 193865798 3 0 193859016 1 12
2.8e-09 1.89062 2.4375 0 227796588 0 0 227844167 1 0
2.8e-09 1.90625 2.4375 0 226009824 2 4 225607440 0 0
2.8e-09 2.21875 2.75 0 222110824 0 2 222339648 2 0
2.8e-09 1.71875 2.25 0 236942556 0 0 237162557 0 0
2.8e-09 2.23438 2.78125 0 213181239 5 48 213160801 0 0
2.8e-09 2.10938 2.5 0 201140148 0 0 201057398 7 5
2.8e-09 2.125 2.5 0 197773485 0 0 197890278 1 6
2.8e-09 2.09375 2.48438 0 207991413 1 0 208007395 0 0
2.8e-09 1.70312 2.25 0 241714416 1 0 241683913 2 0
2.8e-09 2.40625 2.95312 0 205566019 2 0 205362855 0 0
2.8e-09 1.82812 2.375 0 192226551 0 0 192012679 2 0
2.8e-09 2.625 3.01562 0 242470741 1 0 242461562 0 0
2.8e-09 2.57812 2.96875 0 199049091 0 0 198948272 0 0
2.8e-09 2.20312 2.75 0 225823786 1 0 225839901 1 5
2.8e-09 2.70312 3.23438 0 210413825 0 0 210705946 1 0
2.8e-09 2.57812 2.95312 0 200967289 0 0 200843065 0 0
2.8e-09 1.84375 2.39062 0 248866246 4 0 248965915 3 0
2.8e-09 2.23438 2.76562 0 214583563 4 2 214457769 0 0
2.8e-09 2.10938 2.48438 0 203910625 4 0 204088680 0 0
2.8e-09 2.1875 2.5625 0 235398625 9 2 235586339 28 15
2.8e-09 1.6875 2.21875 0 253241424 0 0 253046648 5 1
2.8e-09 2.375 2.90625 0 221480919 1 1 221384002 0 0
2.8e-09 2.375 2.92188 0 216217865 1 0 215957327 4 0
2.8e-09 1.70312 2.23438 0 246504182 5 9 246396871 3 2
2.8e-09 2.57812 2.96875 0 196898086 0 0 196866925 3 4
2.8e-09 1.75 2.28125 0 226732765 7 0 226689773 1 2
2.8e-09 2.40625 2.95312 0 204576316 0 0 204981803 0 0
2.8e-09 1.71875 2.26562 0 236821944 5 0 236979377 0 0
2.8e-09 1.82812 2.35938 0 193645744 9 0 193655599 6 0
2.8e-09 2.26562 2.79688 0 204365191 5 0 204231202 1 0
2.8e-09 2.15625 2.53125 0 250608620 2 3 250561917 2 6
2.8e-09 2.60938 3 0 248698871 10 18 248870675 3 0
2.8e-09 1.84375 2.375 0 252311424 1 0 252396275 1 0
2.8e-09 2.15625 2.53125 0 249203134 2 0 249161544 4 0
2.8e-09 1.85938 2.39062 0 244877793 14 3 244684502 1 23
2.8e-09 1.89062 2.4375 0 227739427 5 13 228034774 4 0
2.8e-09 1.85938 2.39062 0 245012534 10 3 245088520 0 0
2.8e-09 1.8125 2.35938 0 198155919 0 0 198332856 13 3
2.8e-09 2.20312 2.75 0 225053596 6 0 224845995 6 0
2.8e-09 1.71875 2.26562 0 236815396 3 0 236827462 0 0
2.8e-09 2.10938 2.48438 0 205436190 0 0 205567251 1 0
2.8e-09 1.71875 2.25 0 241227505 3 4 241135953 0 0
2.8e-09 1.67188 2.21875 0 192959655 0 0 192947311 2 0
2.8e-09 2.10938 2.48438 0 205093075 1 0 205169485 0 0
2.8e-09 1.71875 2.25 0 240501068 1 0 240730627 0 0
2.8e-09 1.75 2.28125 0 226163268 1 0 226051046 6 7
2.8e-09 1.73438 2.28125 0 229209830 2 5 229004762 11 3
2.8e-09 1.76562 2.3125 0 214996384 2 2 214986321 0 13
2.8e-09 2.26562 2.79688 0 202963505 1 0 203007639 0 0
2.8e-09 2.60938 3 0 248080801 2 0 247896889 2 1
2.8e-09 2.09375 2.48438 0 206823445 4 0 206779293 0 0
2.8e-09 1.82812 2.35938 0 193291192 0 0 193313863 0 0
2.8e-09 2.67188 3.04688 0 223663861 1 1 223638789 1 0
2.8e-09 1.73438 2.28125 0 229864528 0 0 229919070 0 10
2.8e-09 2.10938 2.48438 0 204662918 0 3 204986151 0 0
2.8e-09 1.89062 2.4375 0 226432457 7 2 226255388 0 0
2.8e-09 2.10938 2.5 0 201062589 2 0 200846418 2 0
2.8e-09 2.64062 3.03125 0 234035924 0 0 233921262 3 3
2.8e-09 1.76562 2.3125 0 214548585 1 0 214570662 0 0
2.8e-09 2.1875 2.5625 0 234344357 5 2 234213696 2 1
2.8e-09 1.70312 2.25 0 241307863 0 0 241327523 0 0
2.8e-09 1.6875 2.21875 0 191650704 0 0 191653397 4 2
2.8e-09 1.85938 2.39062 0 242965422 4 0 242789600 3 6
2.8e-09 2.10938 2.48438 0 203904178 0 0 203803244 0 0
2.8e-09 1.73438 2.28125 0 229375002 5 0 229351736 0 0
2.8e-09 2.29688 2.84375 0 251765470 0 0 251667679 0 0
2.8e-09 2.1875 2.73438 0 232082200 3 2 231930229 4 7
2.8e-09 1.67188 2.20312 0 194266026 6 8 194294521 0 0
2.8e-09 2.3125 2.85938 0 245473550 0 0 245526393 11 14
2.8e-09 1.84375 2.375 0 252381061 4 2 252406993 0 0
2.8e-09 2.67188 3.04688 0 225683692 5 13 225791094 0 0
2.8e-09 2.10938 2.5 0 202947332 0 4 203001902 4 9
2.8e-09 2.14062 2.51562 0 193054007 7 6 193264096 2 1
2.8e-09 2.23438 2.78125 0 211255471 0 1 211159052 0 0
2.8e-09 1.73438 2.26562 0 231090988 10 12 231126243 3 0
2.8e-09 2.1875 2.71875 0 233998682 19 0 234061637 0 0
2.8e-09 2.21875 2.75 0 221419781 1 6 221520125 3 0
2.8e-09 2.6875 3.07812 0 214149249 1 0 214039011 1 0
2.8e-09 2.17188 2.54688 0 241587129 6 0 241647237 0 1
2.8e-09 2.26562 2.79688 0 204371760 1 1 204610681 1 0
2.8e-09 1.76562 2.29688 0 219013013 6 7 219043938 3 0
2.8e-09 2.39062 2.9375 0 211380587 3 0 211446936 8 0
2.8e-09 2.29688 2.82812 0 191705113 12 11 191829565 6 34
2.8e-09 2.21875 2.75 0 222238489 0 0 222456054 0 0
2.8e-09 1.75 2.29688 0 221257682 0 6 221446726 3 0
2.8e-09 1.875 2.42188 0 235286801 2 1 235243998 11 0
2.8e-09 1.70312 2.23438 0 244790725 2 1 244746433 22 1
2.8e-09 2.6875 3.07812 0 214961469 3 1 214838214 3 1
2.8e-09 2.35938 2.89062 0 227583762 0 0 227473019 0 0
2.8e-09 1.75 2.29688 0 221084754 0 0 221220483 0 0
2.8e-09 1.82812 2.35938 0 193327623 0 0 193304812 4 0
2.8e-09 2.34375 2.89062 0 230139627 0 0 230020167 2 5
2.8e-09 2.32812 2.875 0 237245292 4 0 236871457 0 0
2.8e-09 2.375 2.90625 0 219414367 1 0 219360706 7 0
2.8e-09 2.14062 2.53125 0 191779020 1 2 191534290 1 41
2.8e-09 2.17188 2.54688 0 243029268 1 0 242756090 6 18
2.8e-09 2.20312 2.73438 0 228971870 9 0 229096918 4 0
2.8e-09 1.6875 2.21875 0 191621065 0 0 191686334 3 0
2.8e-09 2.23438 2.78125 0 212346418 6 8 212308806 2 0
2.8e-09 2.14062 2.53125 0 253134968 4 4 253040968 2 0
2.8e-09 1.75 2.29688 0 222388867 1 0 222334218 1 0
2.8e-09 1.71875 2.26562 0 235768568 9 18 235760806 2 2
2.8e-09 2.0625 2.4375 0 224199790 4 0 223959856 1 0
2.8e-09 1.6875 2.23438 0 251080802 3 0 251101862 4 0
2.8e-09 1.8125 2.35938 0 198004675 0 0 198221835 0 0
2.8e-09 1.76562 2.3125 0 214455093 6 3 214522846 0 0
2.8e-09 2.07812 2.46875 0 215131973 0 1 215285878 1 0
2.8e-09 2.34375 2.89062 0 230628417 5 0 230694503 0 8
2.8e-09 1.82812 2.375 0 191775714 0 0 191938407 4 0
2.8e-09 2.07812 2.46875 0 214666139 1 0 214570249 0 0
2.8e-09 2.15625 2.53125 0 250079466 3 0 250315023 0 0
2.8e-09 2.25 2.78125 0 207669907 0 0 207813196 3 0
2.8e-09 2.20312 2.73438 0 228206817 7 16 228152201 2 0
2.8e-09 2.29688 2.84375 0 251760512 0 0 251536051 2 0
2.8e-09 1.79688 2.32812 0 205069703 12 5 205307638 4 5
2.8e-09 1.79688 2.32812 0 205402289 6 0 205409908 1 6
2.8e-09 1.6875 2.21875 0 191295489 0 0 191224018 1 0
2.8e-09 1.89062 2.42188 0 231837333 2 0 231714159 0 4
2.8e-09 1.82812 2.375 0 191542104 4 1 191854565 0 0
2.8e-09 2.10938 2.48438 0 205267339 0 0 205356689 2 3
2.8e-09 2.0625 2.45312 0 220575983 0 0 220577322 4 0
2.8e-09 2.70312 3.25 0 209138675 0 2 208675875 0 1
2.8e-09 1.73438 2.26562 0 232081439 4 0 232157353 9 2
2.8e-09 2.59375 2.98438 0 190982919 1 0 191227229 0 0
2.8e-09 1.89062 2.42188 0 229404165 1 13 229320941 0 0
2.8e-09 1.76562 2.29688 0 220786053 0 2 220887145 10 4
2.8e-09 2.67188 3.0625 0 221745076 0 0 222052501 0 0
2.8e-09 2.25 2.78125 0 210325572 0 0 210101463 1 0
2.8e-09 1.78125 2.32812 0 209876713 1 4 209931074 16 4
2.8e-09 1.6875 2.21875 0 191138354 1 0 191180512 1 0
2.8e-09 1.89062 2.4375 0 226086978 0 0 226418850 1 0
2.8e-09 2.32812 2.875 0 236215498 0 0 236181020 1 0
2.8e-09 2.15625 2.54688 0 244259457 4 1 244282839 2 0
2.8e-09 1.82812 2.375 0 190799178 4 5 190718497 2 0
2.8e-09 2.375 2.90625 0 221726588 0 0 221686520 1 3
2.8e-09 1.82812 2.375 0 192105631 10 9 192061981 0 2
2.8e-09 1.84375 2.375 0 252004149 0 0 252118504 0 1
2.8e-09 1.6875 2.21875 0 191763440 0 0 191976141 0 0
2.8e-09 1.67188 2.04688 0 195439488 1 0 195174273 4 10
2.8e-09 2.10938 2.48438 0 203483907 4 4 203533666 0 0
2.8e-09 1.73438 2.28125 0 227638535 15 4 227342859 4 0
2.8e-09 2.3125 2.85938 0 243934585 3 0 244072295 8 6
2.8e-09 2.125 2.51562 0 197095542 2 0 197077675 1 0
2.8e-09 2.15625 2.54688 0 247698521 0 1 247660511 4 1
2.8e-09 1.71875 2.26562 0 235344975 5 41 235445485 8 0
2.8e-09 2.375 2.92188 0 218124614 1 0 218130341 4 1
2.8e-09 1.875 2.42188 0 234838684 1 1 234547202 18 18
2.8e-09 1.71875 2.25 0 237406057 0 0 237273385 2 0
2.8e-09 1.76562 2.29688 0 218711997 1 0 218802313 6 1
2.8e-09 1.84375 2.375 0 251842525 4 0 251961333 5 5
2.8e-09 2.64062 3.01562 0 238178789 6 0 238042225 0 0
2.8e-09 2.125 2.51562 0 195231416 0 0 195029645 0 0
2.8e-09 1.70312 2.23438 0 245419187 2 0 245457054 1 0
2.8e-09 2.3125 2.84375 0 249684637 9 7 249558264 0 0
2.8e-09 2.35938 2.90625 0 223683789 3 0 223106958 5 0
2.8e-09 1.67188 2.04688 0 196145913 13 5 196237999 0 0
2.8e-09 2.3125 2.85938 0 243115170 4 1 243399059 4 0
2.8e-09 2.17188 2.5625 0 238397408 12 35 238403543 6 0
2.8e-09 1.89062 2.4375 0 226901950 4 2 226897818 0 0
2.8e-09 1.79688 2.34375 0 203469721 1 4 203464136 0 0
2.8e-09 1.78125 2.3125 0 213299317 0 1 213146615 2 0
2.8e-09 1.84375 2.375 0 252565980 2 0 252530921 1 1
2.8e-09 2.28125 2.8125 0 198378231 1 0 198560921 0 0
2.8e-09 1.6875 2.23438 0 248379652 3 3 248597899 10 3
2.8e-09 1.67188 2.21875 0 193425052 1 4 193523497 0 0
2.8e-09 2.375 2.92188 0 217184668 0 0 216829001 2 0
2.8e-09 2.28125 2.8125 0 196425376 2 2 196510770 0 0
2.8e-09 2.375 2.90625 0 221454895 3 21 221583508 3 1
2.8e-09 1.78125 2.3125 0 211104290 0 0 210880546 5 0
2.8e-09 2.34375 2.89062 0 229763214 4 1 229613001 3 0
2.8e-09 2.10938 2.5 0 202364135 0 0 202643564 1 0
2.8e-09 2.34375 2.89062 0 229957924 0 1 230054180 4 2
2.8e-09 1.67188 2.21875 0 193193931 1 1 193024980 3 0
2.8e-09 2.59375 2.98438 0 191144436 1 0 191388471 2 1
2.8e-09 2.39062 2.92188 0 212171370 5 2 212063092 0 0
2.8e-09 2.23438 2.76562 0 216306590 1 0 216397586 4 1
2.8e-09 2.23438 2.78125 0 211381545 3 1 211277905 3 0
2.8e-09 2.64062 3.03125 0 233698322 1 1 233557674 3 0
2.8e-09 1.84375 2.39062 0 248045510 1 0 248051275 0 0
2.8e-09 1.89062 2.4375 0 227423667 3 0 227662004 1 0
2.8e-09 1.8125 2.34375 0 202019106 6 0 201834172 5 0
2.8e-09 2.6875 3.07812 0 215049274 0 0 214971639 5 0
2.8e-09 2.25 2.78125 0 209269956 0 2 209256608 3 0
2.8e-09 2.23438 2.76562 0 215960547 12 6 216119919 19 0
2.8e-09 1.6875 2.21875 0 252997934 3 1 252904191 0 0
2.8e-09 2.59375 2.98438 0 194080484 0 0 194140961 13 3
2.8e-09 2.70312 3.25 0 208030154 0 0 208171663 13 5
2.8e-09 2.57812 2.96875 0 196639367 2 0 196676795 0 0
2.8e-09 2.15625 2.54688 0 244363161 1 0 244367733 5 0
2.8e-09 2.125 2.51562 0 194744915 4 6 194680586 2 2
2.8e-09 1.67188 2.04688 0 195813512 2 0 195802278 0 3
2.8e-09 2.625 3 0 244567974 3 0 244410323 0 0
2.8e-09 2.59375 2.98438 0 192162229 1 0 192015540 2 0
2.8e-09 2.39062 2.92188 0 213648144 0 0 213678687 4 0
2.8e-09 2.1875 2.5625 0 234424713 4 1 234336358 0 0
2.8e-09 2.35938 2.89062 0 227658970 1 0 227590215 10 9
2.8e-09 1.8125 2.34375 0 201198625 3 7 201044110 0 0
2.8e-09 2.125 2.51562 0 195171653 1 0 195301202 6 0
2.8e-09 2.10938 2.5 0 202659783 1 3 202543185 4 1
2.8e-09 1.85938 2.40625 0 240805328 2 1 240845252 2 1
2.8e-09 2.34375 2.875 0 232887991 0 14 232815533 8 35
2.8e-09 1.71875 2.25 0 237622179 0 0 237490142 0 0
2.8e-09 2.1875 2.73438 0 231033226 7 2 231007464 4 14
2.8e-09 2.70312 3.07812 0 211790822 0 0 211921709 8 5
2.8e-09 1.8125 2.34375 0 202034391 0 0 202083494 2 0
2.8e-09 1.79688 2.32812 0 206652441 2 0 206597422 0 0
2.8e-09 2.10938 2.5 0 200960162 0 0 200894880 0 0
2.8e-09 1.71875 2.25 0 239912139 1 0 240045545 0 0
2.8e-09 1.71875 2.26562 0 234994664 13 0 234905525 7 0
2.8e-09 2.0625 2.45312 0 218572645 0 0 218641309 0 0
2.8e-09 2.125 2.51562 0 194305049 0 0 194447298 1 2
2.8e-09 1.82812 2.375 0 190911726 1 1 190873849 0 0
2.8e-09 2.20312 2.75 0 225661028 0 0 225931931 2 0
2.8e-09 1.78125 2.32812 0 209047546 1 0 209107384 2 0
2.8e-09 1.8125 2.35938 0 198514479 0 0 198464274 2 0
2.8e-09 1.78125 2.3125 0 212895277 4 4 212868959 9 8
2.8e-09 2.57812 2.95312 0 201994803 0 0 202035351 0 3
2.8e-09 1.6875 2.21875 0 191089836 6 2 191084675 1 0
2.8e-09 1.82812 2.35938 0 196309008 1 0 196293678 6 9
2.8e-09 1.85938 2.39062 0 243447690 0 0 243392005 1 0
2.8e-09 1.6875 2.23438 0 250363178 0 0 250484911 18 36
2.8e-09 2.0625 2.4375 0 223806168 0 0 223901316 1 2
2.8e-09 2.25 2.78125 0 209106823 3 2 209029609 0 0
2.8e-09 2.28125 2.8125 0 198326501 4 2 198330785 4 1
2.8e-09 2.125 2.5 0 199379355 3 0 199336101 0 0
2.8e-09 1.70312 2.23438 0 244657754 2 0 244544556 1 0
2.8e-09 2.6875 3.07812 0 214430264 8 4 214197281 0 4
2.8e-09 2.39062 2.9375 0 211081834 3 3 210981237 1 0
2.8e-09 2.17188 2.5625 0 238361262 0 0 238213637 0 0
2.8e-09 2.09375 2.48438 0 205951579 3 0 206089432 0 0
2.8e-09 1.73438 2.26562 0 233589911 3 0 233722332 3 12
2.8e-09 2.26562 2.79688 0 203632534 0 0 203693047 1 0
2.8e-09 1.76562 2.3125 0 216619596 0 1 216474285 3 3
2.8e-09 1.70312 2.25 0 242783382 0 5 242712660 4 1
2.8e-09 2.125 2.5 0 199590645 13 31 199355026 5 1
2.8e-09 1.89062 2.4375 0 228646404 0 0 228723218 1 1
2.8e-09 2.07812 2.46875 0 213942140 0 0 214143158 6 2
2.8e-09 1.6875 2.21875 0 190992910 1 0 190868261 0 0
2.8e-09 1.70312 2.23438 0 245052930 0 5 245013209 0 0
2.8e-09 2.25 2.78125 0 207825105 5 0 207915871 2 0
2.8e-09 1.73438 2.28125 0 227921449 19 5 227985323 2 1
2.8e-09 2.15625 2.54688 0 245127846 0 0 245313467 6 3
2.8e-09 2.21875 2.76562 0 218509795 4 0 218436121 11 4
2.8e-09 2.07812 2.46875 0 214958413 2 0 215207124 0 0
2.8e-09 1.79688 2.32812 0 205311337 0 0 205365769 8 38
2.8e-09 1.67188 2.20312 0 194922924 2 0 194750777 0 5
2.8e-09 1.78125 2.3125 0 211181207 0 0 211143113 0 0
2.8e-09 1.75 2.29688 0 223356797 1 0 223532979 4 1
2.8e-09 2.40625 2.95312 0 204555215 0 0 204562860 0 0
2.8e-09 2.17188 2.54688 0 241706835 2 0 241733169 2 0
2.8e-09 2.14062 2.53125 0 252188485 10 33 251854385 0 0
2.8e-09 1.79688 2.32812 0 204681452 4 0 204690622 3 0
2.8e-09 1.71875 2.26562 0 236642809 10 2 236758268 1 0
2.8e-09 1.71875 2.25 0 238369622 3 1 238255789 7 17
2.8e-09 2.39062 2.9375 0 210026456 0 0 209871118 3 0
2.8e-09 1.79688 2.32812 0 207150698 0 0 207164697 1 0
2.8e-09 1.79688 2.32812 0 206621251 1 0 206613221 3 0
2.8e-09 2.21875 2.75 0 220741001 1 0 220748672 2 0
2.8e-09 2.14062 2.53125 0 190876535 0 0 190698094 1 10
2.8e-09 1.6875 2.23438 0 250925994 1 0 250804744 10 1
2.8e-09 2.07812 2.46875 0 215415331 0 4 215276404 1 0
2.8e-09 1.67188 2.04688 0 195650437 1 0 195691894 0 0
2.8e-09 1.85938 2.39062 0 246373327 1 6 246468590 1 0
2.8e-09 2.70312 3.25 0 207597110 14 4 207564881 5 2
2.8e-09 2.1875 2.5625 0 235833128 4 3 235651651 2 7
2.8e-09 2.20312 2.73438 0 226807030 1 0 227012121 7 1
2.8e-09 1.89062 2.42188 0 230242674 3 0 230527342 1 1
2.8e-09 2.07812 2.46875 0 215018352 4 0 214886829 1 0
2.8e-09 1.875 2.40625 0 239314488 2 0 239533165 5 2
2.8e-09 1.79688 2.32812 0 205358741 4 0 205357705 0 0
2.8e-09 2.29688 2.84375 0 250992088 0 0 251094767 88 115
2.8e-09 1.75 2.29688 0 223092360 0 0 222974567 4 0
2.8e-09 2.25 2.78125 0 209673867 0 0 209848435 5 3
2.8e-09 2.64062 3.01562 0 237735141 1 0 237614554 2 0
2.8e-09 2.17188 2.5625 0 239091677 0 1 239102081 0 1
2.8e-09 2.59375 2.98438 0 190963247 3 0 190871719 2 1
2.8e-09 2.29688 2.82812 0 192048854 0 0 191729331 0 0
2.8e-09 2.375 2.90625 0 221290444 15 25 221151401 0 0
2.8e-09 1.76562 2.29688 0 219058287 0 0 218990623 5 0
2.8e-09 1.76562 2.29688 0 217648970 3 0 217544099 2 6
2.8e-09 1.84375 2.39062 0 249731712 2 0 249863322 2 0
2.8e-09 1.82812 2.35938 0 196455479 4 13 196397575 0 0
2.8e-09 2.125 2.51562 0 194907686 3 2 194900628 2 5
2.8e-09 2.60938 3 0 250654056 2 0 250541562 2 0
2.8e-09 2.17188 2.54688 0 241633635 6 9 241482833 5 1
2.8e-09 1.76562 2.3125 0 215182781 1 0 215087804 2 1
2.8e-09 1.76562 2.29688 0 220222947 2 0 220280106 19 8
2.8e-09 2.59375 2.98438 0 191847388 0 0 192185774 1 7
2.8e-09 1.90625 2.4375 0 225599794 2 0 225761417 6 0
2.8e-09 2.39062 2.9375 0 209999366 0 0 209960626 3 0
2.8e-09 1.875 2.40625 0 235925921 1 0 235804473 1 0
2.8e-09 2.23438 2.78125 0 211890804 1 0 211928804 0 0
2.8e-09 2.34375 2.875 0 234781947 1 0 234800485 3 0
2.8e-09 1.67188 2.21875 0 192389076 2 0 192401329 2 3
2.8e-09 1.82812 2.35938 0 195231212 5 7 195175505 0 0
2.8e-09 2.20312 2.73438 0 229435422 3 1 229723435 1 0
2.8e-09 1.84375 2.39062 0 248731414 3 10 248664685 1 0
2.8e-09 1.84375 2.375 0 250491267 0 0 250228688 1 0
2.8e-09 1.73438 2.28125 0 228619568 4 13 228677391 1 8
2.8e-09 1.71875 2.25 0 240664653 3 0 240691395 0 3
2.8e-09 1.78125 2.32812 0 209148495 2 0 209425405 2 0
2.8e-09 2.07812 2.45312 0 217427637 3 2 217377746 1 0
2.8e-09 2.125 2.51562 0 194160774 2 1 194475671 5 3
2.8e-09 1.89062 2.42188 0 231004347 0 0 231089291 1 0
2.8e-09 2.375 2.90625 0 219353254 0 0 219541695 2 1
2.8e-09 1.70312 2.25 0 242646667 3 1 242562891 6 0
2.8e-09 1.75 2.28125 0 227331727 4 0 227322675 4 1
2.8e-09 2.26562 2.79688 0 203740781 11 1 203842326 5 0
2.8e-09 1.70312 2.25 0 242700999 0 0 242736800 0 0
2.8e-09 2.67188 3.0625 0 223135324 0 0 223128650 0 0
2.8e-09 2.34375 2.89062 0 229022156 4 0 229027648 2 0
2.8e-09 1.89062 2.42188 0 229565799 1 0 229663967 3 1
2.8e-09 1.73438 2.26562 0 231716056 2 2 231540407 0 0
2.8e-09 2.20312 2.75 0 226082261 4 14 226086448 3 0
2.8e-09 1.73438 2.26562 0 231202246 12 44 230954863 0 0
2.8e-09 2.32812 2.85938 0 238195679 2 1 238504142 5 0
2.8e-09 2.15625 2.54688 0 245668392 1 11 246022575 0 0
2.8e-09 1.84375 2.375 0 253762449 4 0 253887824 3 0
2.8e-09 2.39062 2.92188 0 213347310 1 0 213391749 5 1
2.8e-09 1.76562 2.3125 0 215618070 0 0 215796201 0 0
2.8e-09 1.84375 2.375 0 251572028 18 17 251446314 2 5
2.8e-09 2.59375 2.96875 0 196283580 3 0 196231163 0 0
2.8e-09 1.70312 2.23438 0 244229605 0 2 243903702 3 2
2.8e-09 2.125 2.5 0 198126885 1 0 198172958 1 0
2.8e-09 1.85938 2.39062 0 244235955 9 1 244502585 0 0
2.8e-09 1.6875 2.21875 0 191193269 7 15 191080969 1 0
2.8e-09 2.64062 3.03125 0 236524848 2 0 236412649 6 6
2.8e-09 2.34375 2.89062 0 230927475 0 0 230875338 0 0
2.8e-09 1.73438 2.26562 0 231774435 0 0 231681549 7 0
2.8e-09 2.20312 2.73438 0 226914982 16 20 226735234 1 2
2.8e-09 2.09375 2.48438 0 209324230 2 0 209410502 4 4
2.8e-09 2.20312 2.73438 0 228004535 2 0 228537906 0 0
2.8e-09 2.09375 2.48438 0 208901637 0 0 209015377 0 0
2.8e-09 1.875 2.42188 0 233510111 0 0 233241643 6 0
2.8e-09 2.1875 2.73438 0 231305062 1 0 231403840 3 0
2.8e-09 2.70312 3.07812 0 213005282 7 3 212771625 14 68
2.8e-09 1.79688 2.32812 0 208198033 3 0 208172872 0 1
2.8e-09 2.14062 2.51562 0 193634302 3 1 193608358 2 3
2.8e-09 1.70312 2.23438 0 246005466 0 1 245878876 0 0
2.8e-09 1.85938 2.39062 0 243980828 0 2 244227100 0 3
2.8e-09 2.67188 3.0625 0 222225021 17 21 221628781 0 1
2.8e-09 1.8125 2.34375 0 199910676 0 0 199642542 5 0
2.8e-09 1.84375 2.375 0 251787850 4 5 251598022 7 0
2.8e-09 2.15625 2.54688 0 248185616 6 10 248175036 3 0
2.8e-09 2.0625 2.45312 0 220656034 0 0 220771393 7 3
2.8e-09 1.67188 2.04688 0 196346034 1 0 196312810 0 0
2.8e-09 2.09375 2.48438 0 207369411 6 6 207469974 1 0
2.8e-09 2.35938 2.89062 0 226313643 24 26 226438978 2 0
2.8e-09 1.6875 2.21875 0 251340371 3 0 251633135 0 0
2.8e-09 2.20312 2.73438 0 227555474 0 0 227750906 5 3
2.8e-09 1.75 2.28125 0 225938231 4 0 225976882 1 0
2.8e-09 2.10938 2.48438 0 203837553 7 4 203671023 8 0
2.8e-09 1.79688 2.34375 0 202982471 5 3 202826921 1 0
2.8e-09 2.07812 2.46875 0 214336272 7 9 214387566 0 0
2.8e-09 1.8125 2.34375 0 199309129 1 6 199501274 0 0
2.8e-09 2.6875 3.07812 0 216887164 1 0 216471144 0 0
2.8e-09 1.82812 2.35938 0 194890744 1 0 194924762 22 18
2.8e-09 2.34375 2.89062 0 230329061 0 0 230370161 0 0
2.8e-09 1.76562 2.3125 0 216490173 3 1 216546291 0 0
2.8e-09 1.78125 2.3125 0 213703873 4 0 213682746 1 0
2.8e-09 2.625 3.01562 0 239809385 3 0 239632513 11 3
2.8e-09 1.8125 2.34375 0 199169968 3 0 199077721 0 0
2.8e-09 2.09375 2.48438 0 207733987 0 0 207603949 0 0
2.8e-09 1.73438 2.26562 0 231045188 0 0 230932390 2 0
2.8e-09 2.0625 2.45312 0 218782254 3 6 218528853 2 6
2.8e-09 2.1875 2.5625 0 234272993 9 7 234252270 0 0
2.8e-09 2.125 2.5 0 199399415 3 1 199471603 0 0
2.8e-09 1.82812 2.375 0 192731138 7 5 192805886 4 0
2.8e-09 2.67188 3.04688 0 223434690 0 4 223435309 1 0
2.8e-09 1.6875 2.21875 0 252718547 0 0 252635193 13 1
2.8e-09 1.75 2.28125 0 225402790 0 0 225335600 3 2
2.8e-09 1.70312 2.23438 0 248099945 0 3 248214704 11 2
2.8e-09 2.35938 2.89062 0 226400372 3 3 226448050 1 0
2.8e-09 1.8125 2.35938 0 197413034 0 7 197378458 0 0
2.8e-09 1.78125 2.32812 0 209723552 6 2 209798082 0 0
2.8e-09 1.875 2.42188 0 233139389 6 35 233162805 2 0
2.8e-09 1.84375 2.375 0 250006540 3 2 249904908 0 7
2.8e-09 1.78125 2.3125 0 213350254 6 2 213466370 0 0
2.8e-09 1.79688 2.34375 0 204474684 1 0 204612720 6 0
2.8e-09 1.79688 2.32812 0 205580515 3 2 205502467 0 0
2.8e-09 1.75 2.28125 0 225471872 0 0 225371605 0 0
2.8e-09 2.0625 2.45312 0 220793928 6 0 220879670 3 0
2.8e-09 2.17188 2.5625 0 237609101 2 0 237454824 1 0
2.8e-09 2.28125 2.82812 0 195336169 0 2 195120463 1 4
2.8e-09 2.625 3 0 246743816 5 0 246468762 3 0
2.8e-09 2.29688 2.82812 0 253901152 3 0 254089290 16 4
2.8e-09 1.8125 2.34375 0 200268915 2 0 200327079 0 0
2.8e-09 1.82812 2.375 0 190884304 0 10 190905192 9 10
2.8e-09 1.82812 2.35938 0 195474280 1 0 195518485 0 0
2.8e-09 1.79688 2.32812 0 206677634 4 9 206520543 0 0
2.8e-09 1.73438 2.26562 0 231918030 2 0 231843181 3 0
2.8e-09 1.76562 2.3125 0 216254257 1 0 216200120 2 0
2.8e-09 1.75 2.28125 0 227231445 3 0 227061128 1 2
2.8e-09 2.10938 2.48438 0 204301148 15 13 204143499 3 0
2.8e-09 1.89062 2.42188 0 232229278 2 23 232110035 3 3
2.8e-09 1.8125 2.34375 0 199360000 0 0 199359102 5 0
2.8e-09 2.40625 2.9375 0 208486646 1 0 208369462 0 0
2.8e-09 1.71875 2.25 0 238302833 12 7 238370147 1 0
2.8e-09 1.70312 2.25 0 242167790 4 0 242183173 0 0
2.8e-09 2.375 2.90625 0 220784606 2 0 221416956 0 0
2.8e-09 2.17188 2.54688 0 241724199 10 6 241630413 1 0
2.8e-09 2.15625 2.54688 0 247835502 4 2 247981543 17 2
2.8e-09 1.71875 2.26562 0 236454922 6 9 236355829 7 0
2.8e-09 1.78125 2.3125 0 212872079 5 0 212881722 1 0
2.8e-09 1.67188 2.04688 0 195509500 0 0 195336074 1 0
2.8e-09 2.09375 2.48438 0 209262755 0 0 209199451 0 2
2.8e-09 2.0625 2.4375 0 222277463 5 0 222224856 2 1
2.8e-09 2.6875 3.0625 0 217783936 7 12 218080732 0 0
2.8e-09 1.8125 2.34375 0 200900380 2 0 200877461 2 0
2.8e-09 2.3125 2.84375 0 249271301 3 0 249107317 0 11
2.8e-09 2.07812 2.46875 0 215423767 6 2 215333558 0 7
2.8e-09 2.1875 2.5625 0 235165407 7 4 235174705 0 0
2.8e-09 2.15625 2.54688 0 245829232 0 0 245678386 0 0
2.8e-09 1.79688 2.32812 0 205433081 0 0 205354254 0 0
2.8e-09 1.90625 2.4375 0 224989065 1 0 225223712 0 0
2.8e-09 1.6875 2.21875 0 191170383 5 0 191421251 1 14
2.8e-09 2.28125 2.8125 0 196505399 0 0 196536610 2 0
2.8e-09 2.1875 2.71875 0 233429297 2 2 233701833 0 0
2.8e-09 2.09375 2.48438 0 209373312 0 0 209385222 1 0
2.8e-09 1.67188 2.20312 0 194205402 0 0 194108198 0 0
2.8e-09 2.1875 2.5625 0 236561653 1 0 236368211 1 0
2.8e-09 2.07812 2.46875 0 214311463 1 0 214585227 1 0
2.8e-09 1.78125 2.3125 0 212705599 1 6 212550998 0 0
2.8e-09 2.1875 2.5625 0 235710013 1 3 235705651 3 1
2.8e-09 1.73438 2.26562 0 232952763 1 0 232921167 2 0
2.8e-09 1.875 2.42188 0 234262689 2 5 233989096 5 1
2.8e-09 1.78125 2.3125 0 213908574 4 0 213937045 0 1
2.8e-09 2.67188 3.0625 0 222698642 0 0 222716971 1 0
2.8e-09 1.84375 2.375 0 251777811 0 1 251818223 1 4
2.8e-09 1.875 2.40625 0 237729949 1 0 237769477 0 0
2.8e-09 2.23438 2.76562 0 215276000 2 0 215628162 15 31
2.8e-09 2.125 2.51562 0 196790984 2 0 196735924 0 0
2.8e-09 1.84375 2.375 0 251156918 13 16 251345267 0 0
2.8e-09 1.85938 2.40625 0 242402657 2 0 242550287 1 2
2.8e-09 2.64062 3.03125 0 234456124 0 0 234609350 0 0
2.8e-09 2.25 2.78125 0 210110655 7 0 209840135 0 8
2.8e-09 1.67188 2.20312 0 194267489 1 0 194166839 1 0
2.8e-09 2.25 2.78125 0 207436579 2 0 207257771 0 0
2.8e-09 2.0625 2.45312 0 218370400 1 4 218335566 3 3
2.8e-09 1.71875 2.26562 0 237043488 7 2 236786443 3 0
2.8e-09 1.76562 2.29688 0 217748227 2 0 217845865 1 1
2.8e-09 1.84375 2.375 0 252121493 2 24 252262361 41 40
2.8e-09 1.8125 2.35938 0 197111181 8 0 197179992 0 0
2.8e-09 1.67188 2.20312 0 195089504 2 3 195043998 3 4
2.8e-09 1.85938 2.40625 0 240229410 2 0 240338218 0 0
2.8e-09 2.32812 2.85938 0 242411393 2 5 242403076 0 0
2.8e-09 2.26562 2.8125 0 200825186 1 0 200931688 3 0
2.8e-09 2.65625 3.04688 0 229671170 2 0 229612171 2 0
2.8e-09 1.6875 2.21875 0 190713013 1 1 190712436 0 0
2.8e-09 2.57812 2.96875 0 196282365 1 0 196571076 0 2
2.8e-09 1.875 2.42188 0 233112271 7 1 232899066 0 0
2.8e-09 1.78125 2.3125 0 213679454 0 0 213698893 0 0
2.8e-09 2.09375 2.48438 0 207214310 8 7 207457980 0 0
2.8e-09 1.875 2.40625 0 237148042 10 0 236964048 0 0
2.8e-09 1.70312 2.23438 0 244835279 0 0 244634989 6 1
2.8e-09 2.15625 2.53125 0 251059767 1 1 251078964 2 0
2.8e-09 2.0625 2.45312 0 219931407 0 0 219955188 8 40
2.8e-09 1.875 2.40625 0 239557401 4 2 239847044 2 0
2.8e-09 1.79688 2.34375 0 204389735 0 0 204369377 0 2
2.8e-09 2.29688 2.82812 0 192843492 0 0 192805130 4 0
2.8e-09 2.34375 2.89062 0 229444009 6 0 229556160 0 0
2.8e-09 2.07812 2.46875 0 215373003 5 3 215744812 3 1
2.8e-09 1.75 2.28125 0 224699721 1 1 224638199 10 2
2.8e-09 1.76562 2.29688 0 218748340 0 0 218550691 2 0
2.8e-09 2.125 2.5 0 198881963 3 11 198933332 3 0
2.8e-09 2.07812 2.45312 0 216115159 1 0 216166437 0 0
2.8e-09 1.82812 2.35938 0 195377451 1 0 195372277 2 0
2.8e-09 2.57812 2.95312 0 201433343 4 4 201367157 0 3
2.8e-09 1.89062 2.4375 0 226186654 7 6 226040779 6 0
2.8e-09 1.6875 2.23438 0 248607037 0 0 248660383 7 15
2.8e-09 2.17188 2.54688 0 241327658 4 0 241520950 3 0
2.8e-09 2.25 2.78125 0 209872019 0 0 210259223 6 0
2.8e-09 2.65625 3.04688 0 227150634 6 12 227313624 0 0
2.8e-09 2.125 2.51562 0 194383572 6 0 194604009 0 0
2.8e-09 1.76562 2.3125 0 216957827 2 0 216820119 2 0
2.8e-09 1.89062 2.42188 0 232868322 1 0 232745214 2 0
2.8e-09 2.26562 2.79688 0 202559477 0 0 202801023 4 2
2.8e-09 2.3125 2.85938 0 243079564 4 0 243111343 0 2
2.8e-09 2.07812 2.46875 0 212145549 4 0 212197921 2 2
2.8e-09 2.21875 2.75 0 219640009 1 0 219599523 1 0
2.8e-09 2.26562 2.79688 0 201652771 1 0 201728206 2 0
2.8e-09 1.6875 2.23438 0 249787775 5 35 249997125 0 0
2.8e-09 1.875 2.42188 0 235465862 0 0 235500200 0 1
2.8e-09 1.67188 2.20312 0 194398098 3 0 194577461 5 2
2.8e-09 2.125 2.51562 0 196524440 9 1 196537642 1 2
2.8e-09 2.40625 2.9375 0 209123457 13 24 209421390 0 0
2.8e-09 1.79688 2.34375 0 202267440 0 0 202273647 0 0
2.8e-09 2.07812 2.46875 0 214430377 0 0 214609446 11 3
2.8e-09 2.0625 2.4375 0 223881564 0 0 223871094 8 2
2.8e-09 1.78125 2.3125 0 212855750 1 0 213003114 3 2
2.8e-09 2.0625 2.4375 0 222662876 1 0 222549741 1 0
2.8e-09 1.6875 2.23438 0 248778514 1 1 248970995 2 0
2.8e-09 1.89062 2.4375 0 228381550 3 2 228419972 1 0
2.8e-09 2.59375 2.98438 0 193127067 0 0 192886134 13 37
2.8e-09 1.6875 2.21875 0 190691326 2 1 190736588 1 6
2.8e-09 1.71875 2.26562 0 235487693 0 0 235491566 4 0
2.8e-09 2.14062 2.53125 0 190632528 0 0 190705646 1 0
2.8e-09 2.10938 2.48438 0 204633625 0 0 204477967 0 0
2.8e-09 2.07812 2.46875 0 213709920 1 11 213754207 7 0
2.8e-09 2.20312 2.73438 0 226724811 4 0 226640643 0 1
2.8e-09 2.26562 2.8125 0 200209549 0 0 200005145 7 2
2.8e-09 1.79688 2.32812 0 205868188 8 10 206180687 0 4
2.8e-09 1.6875 2.21875 0 253882570 1 0 253905743 0 0
2.8e-09 2.29688 2.82812 0 191929362 3 0 191877474 1 0
2.8e-09 2.70312 3.23438 0 209708489 0 0 209805356 1 0
2.8e-09 2.1875 2.73438 0 231849855 0 0 231624692 17 6
2.8e-09 2.375 2.90625 0 221674270 0 0 221574638 0 0
2.8e-09 2.29688 2.84375 0 250889996 1 0 250979178 0 0
2.8e-09 2.29688 2.82812 0 192146642 0 0 191937092 19 3
2.8e-09 1.875 2.40625 0 238121196 0 3 238369852 2 17
2.8e-09 1.85938 2.40625 0 242537947 0 0 242688263 2 1
2.8e-09 1.8125 2.35938 0 196599867 0 0 196623156 1 0
2.8e-09 2.1875 2.71875 0 233286541 1 0 233196937 2 1
2.8e-09 2.10938 2.5 0 201637025 2 0 201442215 0 1
2.8e-09 1.76562 2.29688 0 218139634 0 2 218164021 4 0
2.8e-09 2.32812 2.875 0 236990463 6 0 236656379 1 0
2.8e-09 1.71875 2.25 0 238070956 0 0 238026095 0 0
2.8e-09 2.64062 3.01562 0 239425731 0 0 239374866 6 4
2.8e-09 2.375 2.90625 0 218975564 0 0 218706335 2 0
2.8e-09 1.82812 2.35938 0 193480524 0 0 193468124 0 0
2.8e-09 2.26562 2.79688 0 203112497 0 0 202913449 2 0
2.8e-09 1.84375 2.375 0 250877773 1 14 250762887 0 0
2.8e-09 2.10938 2.48438 0 205695547 0 0 205624598 7 18
2.8e-09 1.70312 2.25 0 243885225 0 0 243564619 2 0
2.8e-09 2.10938 2.5 0 203147527 1 0 203193076 0 0
2.8e-09 2.26562 2.8125 0 199804344 0 0 199642238 3 0
2.8e-09 2.21875 2.75 0 222638636 11 2 222931207 2 72
2.8e-09 2.29688 2.84375 0 251533793 0 0 251693917 13 0
2.8e-09 2.25 2.78125 0 209621186 0 0 209486136 0 0
2.8e-09 1.6875 2.21875 0 253973801 3 0 253997853 1 2
2.8e-09 1.82812 2.35938 0 194436398 1 0 194607748 1 1
2.8e-09 2.70312 3.07812 0 212028884 2 0 211765873 4 0
2.8e-09 2.09375 2.46875 0 209992754 1 0 209977543 1 0
2.8e-09 1.67188 2.20312 0 194519955 0 2 194539700 4 0
2.8e-09 1.85938 2.39062 0 246863818 9 8 246577866 0 1
2.8e-09 1.89062 2.42188 0 230931840 0 0 230920766 5 2
2.8e-09 2.0625 2.45312 0 219551952 0 0 219489691 3 0
2.8e-09 1.875 2.42188 0 235354449 8 2 235606051 4 0
2.8e-09 2.34375 2.875 0 234415927 2 0 234177894 6 2
2.8e-09 1.71875 2.26562 0 234768006 6 0 234675325 5 11
2.8e-09 1.76562 2.3125 0 216368445 0 0 216373874 0 10
2.8e-09 1.67188 2.21875 0 193212605 2 0 193196910 0 0
2.8e-09 2.17188 2.5625 0 238924284 0 0 238780466 0 0
2.8e-09 1.90625 2.4375 0 224925265 0 0 224792989 1 0
2.8e-09 1.6875 2.23438 0 249176932 1 0 249329634 2 0
2.8e-09 1.90625 2.4375 0 225337459 1 0 225094368 0 0
2.8e-09 1.70312 2.25 0 242314371 17 11 242228599 7 7
2.8e-09 1.67188 2.20312 0 194197656 1 0 194087038 1 1
2.8e-09 1.76562 2.3125 0 216327662 9 2 216232978 0 0
2.8e-09 2.125 2.51562 0 195513451 0 0 195466885 0 0
2.8e-09 2.17188 2.54688 0 242699077 0 0 243085338 1 0
2.8e-09 1.73438 2.28125 0 229388040 0 0 229255850 7 1
2.8e-09 1.73438 2.28125 0 228905467 4 2 228877629 0 0
2.8e-09 1.76562 2.29688 0 217164671 0 0 217326402 12 1
2.8e-09 2.1875 2.5625 0 234359332 1 0 234365228 0 1
2.8e-09 1.71875 2.25 0 239814271 2 0 239807849 0 0
2.8e-09 2.14062 2.53125 0 190539916 0 0 190678814 0 0
2.8e-09 2.26562 2.8125 0 198770025 0 0 198776643 0 0
2.8e-09 1.84375 2.375 0 252547255 2 0 252707025 3 16
2.8e-09 2.125 2.51562 0 194327245 0 0 194165206 0 0
2.8e-09 2.25 2.78125 0 207285479 1 0 207259652 7 7
2.8e-09 1.89062 2.42188 0 232818961 2 0 232749947 1 0
2.8e-09 1.84375 2.39062 0 248952999 0 0 249258637 14 7
2.8e-09 2.57812 2.96875 0 197886975 3 6 197821381 6 3
2.8e-09 2.14062 2.51562 0 191900996 2 2 191830385 4 0
2.8e-09 1.75 2.29688 0 221872093 7 2 221744289 4 1
2.8e-09 1.71875 2.25 0 237547391 10 2 237405318 3 0
2.8e-09 2.6875 3.0625 0 219368073 0 0 219187376 0 0
2.8e-09 1.67188 2.21875 0 194130731 4 0 193926608 5 8
2.8e-09 2.375 2.92188 0 217419086 1 0 217634861 1 0
2.8e-09 2.15625 2.54688 0 248105901 2 2 248288603 2 0
2.8e-09 1.90625 2.4375 0 226203859 3 9 225840005 3 1
