0.015625	14807848	0	0	14808535	0	0	0.00588795
0.03125	15229380	0	0	15231067	0	0	0.00605576
0.046875	15663488	0	0	15665568	0	0	0.00622844
0.0625	16110553	0	0	16112314	0	0	0.00640614
0.078125	16569867	0	0	16573265	0	0	0.00658909
0.09375	17043940	0	0	17046594	0	0	0.00677744
0.109375	17529419	0	0	17532911	0	0	0.00697064
0.125	18029199	0	0	18032086	0	0	0.00716924
0.140625	18543598	0	0	18547370	0	0	0.00737395
0.15625	19073002	0	0	19076119	0	0	0.00758432
0.171875	19617289	0	0	19621175	0	0	0.00780089
0.1875	20176321	0	0	20179934	0	0	0.00802311
0.203125	20751520	0	0	20756308	0	0	0.00825205
0.21875	21344019	0	0	21347037	0	0	0.00848729
0.234375	21953788	0	0	21955636	0	0	0.00872951
0.25	22580774	0	0	22582011	0	0	0.00897869
0.265625	23225258	0	0	23227019	0	0	0.00923504
0.28125	23888661	0	0	23890227	0	0	0.00949879
0.296875	24570286	0	0	24572041	0	0	0.00976985
0.3125	25272554	0	0	25273857	0	0	0.010049
0.328125	25993282	0	0	25994942	0	0	0.0103356
0.34375	26735350	0	0	26737439	0	0	0.0106308
0.359375	27499066	0	0	27500114	0	0	0.0109342
0.375	28281902	1	0	28284233	0	0	0.0112458
0.390625	29087969	1	0	29089288	0	0	0.0115661
0.40625	29917520	1	0	29917561	0	0	0.0118956
0.421875	30770341	1	0	30772497	0	0	0.0122352
0.4375	31647580	1	0	31651646	0	0	0.0125843
0.453125	32551501	1	0	32553840	0	0	0.0129434
0.46875	33479954	1	0	33481972	0	0	0.0133125
0.484375	34436185	1	0	34438108	0	0	0.0136927
0.5	35418629	1	0	35420884	0	0	0.0140834
0.515625	27318388	0	0	27322232	0	0	0.0108629
0.53125	28098375	0	0	28100962	0	0	0.0111728
0.546875	28901014	0	0	28902787	0	0	0.0114918
0.5625	29728075	0	0	29726748	0	0	0.01182
0.578125	30575740	0	0	30575429	0	0	0.0121573
0.59375	31447825	0	0	31446514	0	0	0.0125038
0.609375	32343520	0	0	32345248	0	0	0.0128606
0.625	33267506	0	0	33268506	0	0	0.0132278
0.640625	34214774	0	0	34219048	0	0	0.0136051
0.65625	35190386	0	0	35195889	0	0	0.0139933
0.671875	36194318	0	0	36199532	0	0	0.0143924
0.6875	37225993	0	0	37232818	0	0	0.0148029
0.703125	38285753	0	0	38297357	0	0	0.0152253
0.71875	39378422	0	0	39392227	0	0	0.0156602
0.734375	40502021	0	0	40517653	0	0	0.0161073
0.75	41658753	0	0	41674433	0	0	0.0165672
0.765625	42847797	0	0	42862319	0	0	0.0170398
0.78125	44069360	0	0	44085028	0	0	0.0175257
0.796875	45326690	0	0	45342794	0	0	0.0180257
0.8125	46620190	0	0	46636563	0	0	0.0185401
0.828125	47951032	0	0	47968735	0	0	0.0190695
0.84375	49318505	0	0	49337952	0	0	0.0196136
0.859375	50723720	0	0	50744811	0	0	0.0201727
0.875	52169310	0	0	52191075	0	0	0.0207476
0.890625	53657466	0	0	53679650	0	0	0.0213394
0.90625	55188851	0	0	55212192	0	0	0.0219485
0.921875	56763309	0	0	56788779	0	0	0.022575
0.9375	58383930	0	0	58409006	0	0	0.0232193
0.953125	60047422	0	0	60075455	0	0	0.0238813
0.96875	61762340	0	0	61790298	0	0	0.0245631
0.984375	63525678	0	0	63552318	0	0	0.025264
1	65340461	0	0	65363221	0	0	0.0259848
1.01562	67204941	0	0	67226087	0	0	0.0267259
1.03125	51845558	0	0	51850418	0	0	0.0206155
1.04688	53324786	0	0	53330126	0	0	0.0212038
1.0625	54845474	0	0	54851300	0	0	0.0218085
1.07812	56411399	0	0	56416312	0	0	0.022431
1.09375	58021492	0	0	58027743	0	0	0.0230714
1.10938	59675845	0	0	59685229	0	0	0.0237298
1.125	61378293	0	0	61388138	0	0	0.0244068
1.14062	63127280	0	0	63138801	0	0	0.0251026
1.15625	64929067	0	0	64940433	0	0	0.025819
1.17188	66778609	0	0	66792806	0	0	0.026555
1.1875	68682526	0	0	68695191	0	0	0.0273117
1.20312	70641733	0	0	70653397	0	0	0.0280905
1.21875	72657262	0	0	72670321	0	0	0.0288922
1.23438	74732089	0	0	74743568	0	0	0.0297168
1.25	76865497	0	0	76876609	1	0	0.030565
1.26562	79057416	0	0	79066575	1	0	0.0314362
1.28125	81309824	0	0	81323081	1	0	0.0323326
1.29688	83629554	0	0	83640822	1	0	0.0332545
1.3125	86013293	0	0	86029868	1	0	0.0342034
1.32812	88470355	0	0	88483167	1	0	0.0351796
1.34375	90994080	0	0	91007651	1	0	0.0361832
1.35938	93588771	0	0	93599332	1	0	0.0372143
1.375	96257799	0	0	96272743	1	0	0.0382764
1.39062	99003529	0	0	99022224	1	0	0.0393689
1.40625	101827899	0	0	101846957	1	0	0.040492
1.42188	104731700	0	0	104750335	1	0	0.0416465
1.4375	107721354	0	0	107735235	1	0	0.0428343
1.45312	110792339	0	0	110806986	1	0	0.0440555
1.46875	113952352	0	0	113963267	1	0	0.0453113
1.48438	117204061	0	0	117214886	1	0	0.0466042
1.5	120546703	0	0	120555173	1	0	0.0479328
1.51562	123984365	0	0	123993354	1	0	0.0492997
1.53125	127524491	0	0	127530344	1	0	0.0507067
1.54688	98377668	0	0	98377385	1	0	0.0391163
1.5625	101183267	0	0	101182745	1	0	0.0402318
1.57812	104071917	0	0	104070970	1	0	0.0413803
1.59375	107040415	0	0	107039111	1	0	0.0425605
1.60938	110095984	0	0	110096230	1	0	0.0437758
1.625	113236752	0	0	113236273	1	0	0.0450245
1.64062	116464409	0	0	116467072	1	0	0.0463084
1.65625	119784434	0	0	119790239	1	0	0.0476292
1.67188	123200288	0	0	123204710	1	0	0.0489871
1.6875	126712036	0	0	126719063	1	0	0.0503839
1.70312	130329306	0	0	130331420	1	0	0.0518212
1.71875	134048114	1	0	134049515	1	0	0.0532997
1.73438	137871285	1	0	137871877	1	0	0.0548197
1.75	141801421	1	0	141804107	2	0	0.0563828
1.76562	145844535	1	0	145844417	2	0	0.0579899
1.78125	150002017	1	0	150005409	2	0	0.0596436
1.79688	154279554	1	0	154282454	2	0	0.0613443
1.8125	158681566	1	0	158683856	2	0	0.0630945
1.82812	163206790	1	0	163211131	2	0	0.0648942
1.84375	167862313	1	0	167867900	2	0	0.0667456
1.85938	172652047	1	0	172658697	2	0	0.0686502
1.875	177578316	1	0	177587158	2	0	0.0706094
1.89062	182639635	1	0	182656038	2	0	0.0726234
1.90625	187854079	1	0	187867180	2	0	0.0746961
1.92188	193211082	1	0	193225919	2	0	0.0768264
1.9375	198720972	1	0	198736041	2	0	0.0790173
1.95312	204387712	1	0	204402435	2	0	0.0812704
1.96875	210225928	1	0	210233557	2	0	0.0835904
1.98438	216222002	1	0	216231440	2	0	0.0859748
2	222394684	1	0	222397930	2	0	0.088428
2.01562	228736717	1	0	228738569	2	0	0.0909494
2.03125	235263000	1	0	235263406	3	0	0.093544
2.04688	241974486	1	0	241974772	3	0	0.0962126
2.0625	186661344	1	0	186668878	2	0	0.0742207
2.07812	191982529	1	0	191993422	2	0	0.0763372
2.09375	197454272	1	0	197472071	2	0	0.0785142
2.10938	203087953	2	0	203106334	2	0	0.0807543
2.125	208883870	3	0	208905718	2	0	0.0830596
2.14062	214843371	3	0	214864898	2	0	0.0854291
2.15625	220966405	3	0	220996012	3	0	0.0878653
2.17188	227268153	3	0	227304346	3	0	0.0903723
2.1875	233747178	3	0	233789512	3	0	0.0929496
2.20312	240411731	3	0	240462656	3	0	0.0956013
2.21875	247269234	3	0	247322472	4	0	0.0983284
2.23438	254316176	3	0	254375000	4	0	0.101131
2.25	196173723	3	0	196226654	3	0	0.078012
2.26562	201768906	3	0	201820249	3	0	0.0802364
2.28125	207526726	3	0	207572539	3	0	0.0825247
2.29688	213447698	3	0	213491796	3	0	0.0848786
2.3125	219538376	3	0	219579300	3	0	0.0872997
2.32812	225803583	3	0	225844925	3	0	0.089791
2.34375	232242473	3	0	232287586	4	0	0.0923519
2.35938	238865958	3	0	238911772	4	0	0.0949856
2.375	245678445	3	0	245728825	4	0	0.0976953
2.39062	252685376	3	0	252741931	4	0	0.100483
2.40625	194927524	1	0	194974736	4	0	0.0775154
2.42188	200487684	1	0	200534975	5	0	0.0797262
2.4375	206208695	1	0	206255481	5	0	0.0820008
2.45312	212091701	1	0	212143154	5	0	0.0843409
2.46875	218141111	1	0	218199135	5	0	0.0867476
2.48438	224359913	1	1	224423776	5	0	0.0892214
2.5	230757156	1	1	230821255	6	0	0.0917651
2.51562	237333853	1	1	237404429	6	0	0.0943814
2.53125	244100470	1	1	244176744	6	0	0.097073
2.54688	251064810	1	1	251147826	6	0	0.0998435
2.5625	258226659	1	1	258311689	6	0	0.102692
2.57812	199195296	1	1	199265517	1	0	0.0792169
2.59375	204879300	1	1	204951712	1	0	0.0814773
2.60938	210720570	1	1	210801937	1	0	0.0838017
2.625	216731995	1	1	216815473	1	0	0.0861923
2.64062	222915317	1	1	223002233	1	0	0.0886516
2.65625	229273303	1	1	229363897	1	0	0.0911804
2.67188	235814798	2	1	235908735	1	0	0.093782
2.6875	242537132	2	1	242639000	1	0	0.0964565
2.70312	249453505	2	1	249563492	1	0	0.0992082
2.71875	256564746	2	1	256676949	1	0	0.102036
2.73438	197908813	1	1	197992287	1	0	0.078708
2.75	203556463	1	1	203637535	1	0	0.0809531
2.76562	209363140	1	1	209446253	1	0	0.0832623
2.78125	215338657	1	1	215421009	1	0	0.0856381
2.79688	221479081	1	1	221570758	1	0	0.0880815
2.8125	227793563	1	1	227888786	1	0	0.0905929
2.82812	234293842	1	1	234387681	1	0	0.0931772
2.84375	240977955	1	1	241069773	1	0	0.0958345
2.85938	247852132	1	1	247950327	1	0	0.0985691
2.875	254918078	1	1	255023625	1	0	0.10138
2.89062	196641025	0	1	196724265	0	0	0.0782038
2.90625	202251741	0	1	202336206	0	0	0.080435
2.92188	208020314	0	1	208107000	0	0	0.0827291
2.9375	213956181	0	1	214043071	0	0	0.0850893
2.95312	220060311	1	1	220153057	0	0	0.0875176
2.96875	226335420	1	2	226429234	0	0	0.0900129
2.98438	232791130	1	2	232892278	0	0	0.0925812
3	239435137	1	2	239536752	0	0	0.095223
3.01562	246266123	1	2	246370969	0	0	0.0979398
3.03125	253289500	1	2	253404951	0	0	0.100734
3.04688	195374780	1	1	195480074	0	0	0.0777047
3.0625	200948831	1	1	201056636	0	0	0.0799216
3.07812	206681804	1	1	206793969	0	0	0.0822019
3.09375	212576323	1	1	212693136	0	0	0.0845466
3.10938	218640803	1	1	218761402	0	0	0.0869587
3.125	224874361	1	1	225002125	0	0	0.0894387
3.14062	231293678	1	1	231419282	0	0	0.0919906
3.15625	237893041	1	1	238019178	0	0	0.0946148
3.17188	244680312	1	1	244808860	0	0	0.0973139
3.1875	251660074	2	1	251795006	0	0	0.10009
3.20312	194138023	1	1	194222367	0	0	0.0772088
3.21875	199674232	1	1	199759784	0	0	0.0794103
3.23438	205368605	1	1	205459136	0	0	0.0816755
3.25	211229869	1	1	211321618	0	0	0.0840063
3.26562	217252156	1	1	217350661	0	0	0.0864021
3.28125	223449421	1	1	223552699	0	0	0.0888672
3.29688	229817851	1	1	229931083	0	0	0.0914014
3.3125	236372848	1	1	236489990	0	0	0.0940085
3.32812	243111895	1	1	243232640	0	0	0.0966888
3.34375	250041721	1	1	250167050	0	0	0.0994451
3.35938	257176159	1	1	257301856	0	0	0.102282
3.375	198385090	1	1	198470970	0	0	0.0788978
3.39062	204043116	1	1	204130847	0	0	0.0811479
3.40625	209867003	1	1	209952603	0	0	0.0834631
3.42188	215851033	1	1	215943407	0	0	0.0858438
3.4375	222008499	1	1	222111215	0	0	0.0882942
3.45312	228342337	1	1	228441436	0	0	0.0908119
3.46875	234857599	1	1	234958363	0	0	0.0934028
3.48438	241555694	1	1	241664162	0	0	0.0960676
3.5	248447530	1	1	248559135	1	0	0.0988085
3.51562	255534166	1	1	255651732	1	0	0.101627
3.53125	197113686	1	1	197203496	1	0	0.0783931
3.54688	202732701	1	1	202827690	1	0	0.0806283
3.5625	208517067	1	1	208610253	1	0	0.0829279
3.57812	214469001	1	1	214559225	2	0	0.0852939
3.59375	220583253	1	1	220679413	2	0	0.0877262
3.60938	226876856	1	1	226974170	2	0	0.0902288
3.625	233348743	1	1	233447291	2	0	0.0928024
3.64062	240005462	2	1	240104035	2	0	0.0954492
3.65625	246851938	2	1	246957533	2	0	0.0981729
3.67188	253894722	2	1	254003924	3	0	0.100974
3.6875	195862155	1	1	195943887	3	0	0.0778938
3.70312	201448577	1	1	201530637	3	0	0.0801152
3.71875	207194843	1	1	207275680	4	0	0.0823997
3.73438	213107689	1	1	213184985	4	0	0.08475
3.75	219188759	1	1	219263396	4	0	0.0871674
3.76562	225437109	1	1	225517074	4	0	0.0896529
3.78125	231869971	1	1	231951575	4	0	0.092211
3.79688	238482151	1	1	238566226	4	0	0.0948406
3.8125	245285283	1	1	245372443	4	0	0.0975463
3.82812	252279167	1	1	252371246	4	0	0.100328
3.84375	194580716	1	0	194678005	4	0	0.0773874
3.85938	200132867	1	0	200231389	4	0	0.0795953
3.875	205840487	2	0	205937621	4	0	0.0818644
3.89062	211712306	2	0	211813235	4	0	0.0841999
3.90625	217751949	2	0	217855836	5	0	0.0866019
3.92188	223963000	2	0	224068296	6	0	0.0890718
3.9375	230353569	3	0	230459134	7	0	0.0916129
3.95312	236922649	3	0	237033693	7	0	0.0942259
3.96875	243684821	3	0	243798279	8	0	0.0969151
3.98438	250638807	3	0	250754419	9	0	0.0996806
4	257785894	3	0	257906104	11	0	0.102523
4.01562	198872805	2	0	198938613	12	0	0.0790878
4.03125	204545553	2	0	204610266	12	0	0.0813431
4.04688	210376236	2	0	210445206	12	0	0.0836623
4.0625	216374370	2	0	216446594	12	0	0.0860479
4.07812	222549027	2	0	222625800	12	0	0.0885039
4.09375	228894751	2	0	228978947	12	0	0.0910286
4.10938	235417352	2	0	235510683	12	0	0.0936239
4.125	242133054	2	0	242226725	13	0	0.0962942
4.14062	249043896	2	0	249138195	13	0	0.0990422
4.15625	256148319	2	0	256242409	13	0	0.101867
4.17188	197609437	0	0	197654173	9	0	0.0785812
4.1875	203247348	0	0	203294206	11	0	0.0808234
4.20312	209043088	0	0	209094770	11	0	0.0831288
4.21875	215007519	0	0	215055178	12	0	0.0854995
4.23438	221141971	0	0	221191773	14	0	0.0879391
4.25	227445615	0	0	227501442	14	0	0.0904467
4.26562	233935330	0	0	233993912	15	0	0.0930277
4.28125	240609989	0	0	240664627	15	0	0.0956808
4.29688	247475421	0	0	247531498	15	0	0.0984109
4.3125	254533742	0	0	254590429	15	0	0.101218
4.32812	196337435	0	0	196388982	13	0	0.0780768
4.34375	201938144	0	0	201988746	13	0	0.0803036
4.35938	207696605	0	0	207751829	13	0	0.0825941
4.375	213617261	0	0	213677513	13	0	0.0849493
4.39062	219706856	0	0	219771350	13	0	0.0873714
4.40625	225976789	0	0	226039386	13	0	0.0898641
4.42188	232425776	0	0	232486826	14	0	0.092428
4.4375	239059080	0	0	239116790	14	0	0.0950648
4.45312	245877488	0	0	245938109	15	0	0.0977765
4.46875	252890111	0	0	252956394	15	0	0.100566
4.48438	195064605	0	0	195130985	12	0	0.0775737
4.5	200627875	0	0	200694148	12	0	0.0797857
4.51562	206349095	0	0	206416802	13	0	0.0820608
4.53125	212230207	0	0	212305444	13	1	0.0844007
4.54688	218280083	0	0	218365630	13	1	0.0868083
4.5625	224506302	0	0	224595594	15	1	0.0892847
4.57812	230911724	0	0	230998801	17	1	0.0918311
4.59375	237498447	0	0	237585246	17	1	0.09445
4.60938	244274061	0	0	244365329	18	1	0.097145
4.625	251239975	0	0	251336239	19	1	0.0999158
4.64062	258403483	0	0	258505164	20	1	0.102765
4.65625	199341797	1	0	199411997	15	1	0.0792751
4.67188	205026018	1	0	205094499	16	1	0.0815349
4.6875	210874070	1	0	210942913	16	1	0.0838602
4.70312	216886664	1	0	216963712	17	1	0.0862526
4.71875	223074000	2	0	223152769	17	1	0.0887131
4.73438	229438721	2	0	229517042	17	1	0.0912437
4.75	235986615	2	0	236064559	17	1	0.0938472
4.76562	242716422	2	0	242798152	17	1	0.0965238
4.78125	249637439	2	0	249721567	17	1	0.0992761
4.79688	256760355	2	0	256851201	17	1	0.10211
4.8125	198065023	2	0	198131555	15	1	0.0787667
4.82812	203713870	2	0	203788241	16	1	0.0810143
4.84375	209524988	2	0	209602477	16	1	0.0833255
4.85938	215501872	2	1	215578130	16	1	0.0857018
4.875	221652967	2	1	221725310	16	1	0.0881468
4.89062	227972349	2	1	228050268	16	1	0.0906606
4.90625	234474705	2	1	234553284	16	1	0.0932461
4.92188	241162997	2	1	241239745	16	1	0.0959051
4.9375	248044167	2	1	248119110	16	1	0.0986408
4.95312	255117752	2	1	255191530	16	1	0.101453
4.96875	196797209	1	1	196853067	14	2	0.0782605
4.98438	202408317	1	1	202467665	14	2	0.0804922
5	202408317	1	1	202467665	14	2	0.0804922
5.01562	202408317	1	1	202467665	14	2	0.0804922
5.03125	202408317	1	1	202467665	14	2	0.0804922
5.04688	202408317	1	1	202467665	14	2	0.0804922
5.0625	202408317	1	1	202467665	14	2	0.0804922
5.07812	202408317	1	1	202467665	14	2	0.0804922
5.09375	202408317	1	1	202467665	14	3	0.0804922
5.10938	202408317	1	1	202467665	14	3	0.0804922
5.125	202408317	1	1	202467665	14	3	0.0804922
5.14062	202408317	1	1	202467665	14	3	0.0804922
5.15625	202408317	1	1	202467665	14	3	0.0804922
5.17188	202408317	1	1	202467665	14	3	0.0804922
5.1875	202408317	1	1	202467665	14	3	0.0804922
5.20312	202408317	1	1	202467665	14	3	0.0804922
5.21875	202408317	1	1	202467665	14	3	0.0804922
5.23438	202408317	1	1	202467665	14	3	0.0804922
5.25	202408317	1	1	202467665	14	3	0.0804922
5.26562	202408317	1	1	202467665	14	3	0.0804922
5.28125	202408317	1	1	202467665	14	3	0.0804922
5.29688	202408317	1	1	202467665	14	3	0.0804922
5.3125	202408317	1	1	202467665	14	3	0.0804922
5.32812	202408317	1	1	202467665	14	3	0.0804922
5.34375	202408317	1	1	202467665	14	3	0.0804922
5.35938	202408317	1	1	202467665	14	3	0.0804922
5.375	202408317	1	1	202467665	14	3	0.0804922
5.39062	202408317	1	1	202467665	14	3	0.0804922
5.40625	202408317	1	1	202467665	14	3	0.0804922
5.42188	202408317	1	1	202467665	14	3	0.0804922
5.4375	202408317	1	1	202467665	14	3	0.0804922
5.45312	202408317	1	1	202467665	14	3	0.0804922
5.46875	202408317	1	1	202467665	14	3	0.0804922
5.48438	151802008	1	0	151848801	11	3	0.060368
5.5	151802008	1	0	151848801	12	3	0.060368
5.51562	151802008	1	0	151848801	12	3	0.060368
5.53125	151802008	1	0	151848801	12	3	0.060368
5.54688	151802008	1	0	151848801	12	3	0.060368
5.5625	151802008	1	0	151848801	12	3	0.060368
5.57812	151802008	1	0	151848801	12	3	0.060368
5.59375	151802008	1	0	151848801	12	4	0.060368
5.60938	151802008	1	0	151848801	12	4	0.060368
5.625	151802008	1	0	151848801	12	4	0.060368
5.64062	151802008	1	0	151848801	12	4	0.060368
5.65625	151802008	1	0	151848801	12	4	0.060368
5.67188	151802008	1	0	151848801	12	4	0.060368
5.6875	151802008	1	0	151848801	12	4	0.060368
5.70312	151802008	1	0	151848801	12	4	0.060368
5.71875	151802008	1	0	151848801	12	4	0.060368
5.73438	151802008	1	0	151848801	12	4	0.060368
5.75	151802008	1	0	151848801	12	4	0.060368
5.76562	151802008	1	0	151848801	12	4	0.060368
5.78125	151802008	1	0	151848801	12	4	0.060368
5.79688	151802008	1	0	151848801	12	4	0.060368
5.8125	151802008	1	0	151848801	12	4	0.060368
5.82812	151802008	1	0	151848801	12	4	0.060368
5.84375	151802008	1	0	151848801	13	4	0.060368
5.85938	151802008	1	0	151848801	13	4	0.060368
5.875	151802008	1	0	151848801	13	4	0.060368
5.89062	151802008	1	0	151848801	14	4	0.060368
5.90625	151802008	1	0	151848801	14	4	0.060368
5.92188	151802008	1	0	151848801	15	4	0.060368
5.9375	151802008	1	0	151848801	15	4	0.060368
5.95312	151802008	1	0	151848801	15	4	0.060368
5.96875	151802008	1	0	151848801	15	4	0.060368
5.98438	151802008	1	0	151848801	15	4	0.060368
6	113849987	0	0	113890052	12	3	0.0452764
6.01562	113849987	0	0	113890052	12	3	0.0452764
6.03125	113849987	0	0	113890052	13	3	0.0452764
6.04688	113849987	0	0	113890052	13	3	0.0452764
6.0625	113849987	0	0	113890052	13	3	0.0452764
6.07812	113849987	0	0	113890052	13	3	0.0452764
6.09375	113849987	0	0	113890052	13	3	0.0452764
6.10938	113849987	0	0	113890052	13	3	0.0452764
6.125	113849987	0	0	113890052	13	3	0.0452764
6.14062	113849987	0	0	113890052	13	3	0.0452764
6.15625	113849987	0	0	113890052	13	3	0.0452764
6.17188	113849987	0	0	113890052	13	3	0.0452764
6.1875	113849987	0	0	113890052	13	3	0.0452764
6.20312	113849987	0	0	113890052	13	3	0.0452764
6.21875	113849987	0	0	113890052	13	3	0.0452764
6.23438	113849987	0	0	113890052	13	3	0.0452764
6.25	113849987	0	0	113890052	13	3	0.0452764
6.26562	113849987	0	0	113890052	13	3	0.0452764
6.28125	113849987	0	0	113890052	14	3	0.0452764
6.29688	113849987	0	0	113890052	14	3	0.0452764
6.3125	113849987	0	0	113890052	14	3	0.0452764
6.32812	113849987	0	0	113890052	14	3	0.0452764
6.34375	113849987	0	0	113890052	14	3	0.0452764
6.35938	113849987	0	0	113890052	14	3	0.0452764
6.375	113849987	0	0	113890052	14	3	0.0452764
6.39062	113849987	0	0	113890052	14	3	0.0452764
6.40625	113849987	0	0	113890052	14	3	0.0452764
6.42188	113849987	0	0	113890052	14	3	0.0452764
6.4375	113849987	0	0	113890052	14	3	0.0452764
6.45312	113849987	0	0	113890052	14	3	0.0452764
6.46875	113849987	0	0	113890052	14	3	0.0452764
6.48438	113849987	0	0	113890052	14	3	0.0452764
6.5	113849987	0	0	113890052	14	3	0.0452764
6.51562	85385252	0	0	85421652	12	2	0.0339576
6.53125	85385252	0	0	85421652	12	2	0.0339576
6.54688	85385252	0	0	85421652	12	2	0.0339576
6.5625	85385252	0	0	85421652	13	2	0.0339576
6.57812	85385252	0	0	85421652	13	2	0.0339576
6.59375	85385252	0	0	85421652	14	2	0.0339576
6.60938	85385252	0	0	85421652	15	2	0.0339576
6.625	85385252	0	0	85421652	15	2	0.0339576
6.64062	85385252	0	0	85421652	15	2	0.0339576
6.65625	85385252	0	0	85421652	15	2	0.0339576
6.67188	85385252	0	0	85421652	15	2	0.0339576
6.6875	85385252	0	0	85421652	15	2	0.0339576
6.70312	85385252	0	0	85421652	15	2	0.0339576
6.71875	85385252	0	0	85421652	15	2	0.0339576
6.73438	85385252	0	0	85421652	15	2	0.0339576
6.75	85385252	0	0	85421652	15	3	0.0339576
6.76562	85385252	0	0	85421652	15	3	0.0339576
6.78125	85385252	0	0	85421652	15	3	0.0339576
6.79688	85385252	0	0	85421652	15	3	0.0339576
6.8125	85385252	0	0	85421652	15	3	0.0339576
6.82812	85385252	0	0	85421652	15	3	0.0339576
6.84375	85385252	0	0	85421652	15	3	0.0339576
6.85938	85385252	0	0	85421652	15	3	0.0339576
6.875	85385252	0	0	85421652	15	3	0.0339576
6.89062	85385252	0	0	85421652	15	3	0.0339576
6.90625	85385252	0	0	85421652	15	3	0.0339576
6.92188	85385252	0	0	85421652	15	3	0.0339576
6.9375	85385252	0	0	85421652	15	3	0.0339576
6.95312	85385252	0	0	85421652	15	3	0.0339576
6.96875	85385252	0	0	85421652	15	3	0.0339576
6.98438	85385252	0	0	85421652	15	3	0.0339576
7	85385252	0	0	85421652	15	3	0.0339576
7.01562	85385252	0	0	85421652	15	4	0.0339576
7.03125	64039289	0	0	64061008	12	3	0.0254673
7.04688	64039289	0	0	64061008	13	3	0.0254673
7.0625	64039289	0	0	64061008	13	3	0.0254673
7.07812	64039289	0	0	64061008	13	3	0.0254673
7.09375	64039289	0	0	64061008	13	3	0.0254673
7.10938	64039289	0	0	64061008	13	3	0.0254673
7.125	64039289	0	0	64061008	13	3	0.0254673
7.14062	64039289	0	0	64061008	13	3	0.0254673
7.15625	64039289	0	0	64061008	13	3	0.0254673
7.17188	64039289	0	0	64061008	13	3	0.0254673
7.1875	64039289	0	0	64061008	14	3	0.0254673
7.20312	64039289	0	0	64061008	14	3	0.0254673
7.21875	64039289	0	0	64061008	14	3	0.0254673
7.23438	64039289	0	0	64061008	14	3	0.0254673
7.25	64039289	0	0	64061008	14	3	0.0254673
7.26562	64039289	0	0	64061008	14	3	0.0254673
7.28125	64039289	0	0	64061008	14	3	0.0254673
7.29688	64039289	0	0	64061008	14	4	0.0254673
7.3125	64039289	0	0	64061008	14	4	0.0254673
7.32812	64039289	0	0	64061008	14	5	0.0254673
7.34375	64039289	0	0	64061008	14	5	0.0254673
7.35938	64039289	0	0	64061008	14	5	0.0254673
7.375	64039289	0	0	64061008	14	5	0.0254673
7.39062	64039289	0	0	64061008	14	5	0.0254673
7.40625	64039289	0	0	64061008	14	6	0.0254673
7.42188	64039289	0	0	64061008	14	6	0.0254673
7.4375	64039289	0	0	64061008	14	6	0.0254673
7.45312	64039289	0	0	64061008	14	6	0.0254673
7.46875	64039289	0	0	64061008	14	7	0.0254673
7.48438	64039289	0	0	64061008	14	7	0.0254673
7.5	64039289	0	0	64061008	14	7	0.0254673
7.51562	64039289	0	0	64061008	14	7	0.0254673
7.53125	64039289	0	0	64061008	14	8	0.0254673
7.54688	48030214	0	0	48046497	11	7	0.0191007
7.5625	48030214	0	0	48046497	11	7	0.0191007
7.57812	48030214	0	0	48046497	11	7	0.0191007
7.59375	48030214	0	0	48046497	11	7	0.0191007
7.60938	48030214	0	0	48046497	11	7	0.0191007
7.625	48030214	0	0	48046497	11	7	0.0191007
7.64062	48030214	0	0	48046497	11	7	0.0191007
7.65625	48030214	0	0	48046497	13	7	0.0191007
7.67188	48030214	0	0	48046497	14	7	0.0191007
7.6875	48030214	0	0	48046497	14	7	0.0191007
7.70312	48030214	0	0	48046497	15	7	0.0191007
7.71875	48030214	0	0	48046497	15	8	0.0191007
7.73438	48030214	0	0	48046497	15	8	0.0191007
7.75	48030214	0	0	48046497	15	8	0.0191007
7.76562	48030214	0	0	48046497	15	9	0.0191007
7.78125	48030214	0	0	48046497	15	9	0.0191007
7.79688	48030214	0	0	48046497	15	9	0.0191007
7.8125	48030214	0	0	48046497	15	9	0.0191007
7.82812	48030214	0	0	48046497	15	9	0.0191007
7.84375	48030214	0	0	48046497	15	9	0.0191007
7.85938	48030214	0	0	48046497	16	10	0.0191007
7.875	48030214	0	0	48046497	16	10	0.0191007
7.89062	48030214	0	0	48046497	16	10	0.0191007
7.90625	48030214	0	0	48046497	16	11	0.0191007
7.92188	48030214	0	0	48046497	16	11	0.0191007
7.9375	48030214	0	0	48046497	16	11	0.0191007
7.95312	48030214	0	0	48046497	16	11	0.0191007
7.96875	48030214	0	0	48046497	16	11	0.0191007
7.98438	48030214	0	0	48046497	16	11	0.0191007
8	48030214	0	0	48046497	16	12	0.0191007
8.01562	48030214	0	0	48046497	16	12	0.0191007
8.03125	48030214	0	0	48046497	16	12	0.0191007
8.04688	48030214	0	0	48046497	17	12	0.0191007
8.0625	36016269	0	0	36034825	14	7	0.0143243
8.07812	36016269	0	0	36034825	15	7	0.0143243
8.09375	36016269	0	0	36034825	15	7	0.0143243
8.10938	36016269	0	0	36034825	15	7	0.0143243
8.125	36016269	0	0	36034825	15	8	0.0143243
8.14062	36016269	0	0	36034825	15	8	0.0143243
8.15625	36016269	0	0	36034825	15	8	0.0143243
8.17188	36016269	0	0	36034825	15	8	0.0143243
8.1875	36016269	0	0	36034825	15	9	0.0143243
8.20312	36016269	0	0	36034825	15	9	0.0143243
8.21875	36016269	0	0	36034825	16	9	0.0143243
8.23438	36016269	0	0	36034825	16	9	0.0143243
8.25	36016269	0	0	36034825	16	9	0.0143243
8.26562	36016269	0	0	36034825	16	9	0.0143243
8.28125	36016269	0	0	36034825	17	9	0.0143243
8.29688	36016269	0	0	36034825	17	9	0.0143243
8.3125	36016269	0	0	36034825	17	9	0.0143243
8.32812	36016269	0	0	36034825	17	9	0.0143243
8.34375	36016269	0	0	36034825	17	9	0.0143243
8.35938	36016269	0	0	36034825	17	10	0.0143243
8.375	36016269	0	0	36034825	17	10	0.0143243
8.39062	36016269	0	0	36034825	18	11	0.0143243
8.40625	36016269	0	0	36034825	18	11	0.0143243
8.42188	36016269	0	0	36034825	18	11	0.0143243
8.4375	36016269	0	0	36034825	18	11	0.0143243
8.45312	36016269	0	0	36034825	19	11	0.0143243
8.46875	36016269	0	0	36034825	19	11	0.0143243
8.48438	36016269	0	0	36034825	19	12	0.0143243
8.5	36016269	0	0	36034825	19	12	0.0143243
8.51562	36016269	0	0	36034825	19	13	0.0143243
8.53125	36016269	0	0	36034825	19	13	0.0143243
8.54688	36016269	0	0	36034825	19	13	0.0143243
8.5625	36016269	0	0	36034825	19	13	0.0143243
8.57812	27008235	0	0	27025143	15	10	0.0107422
8.59375	27008235	0	0	27025143	15	10	0.0107422
8.60938	27008235	0	0	27025143	15	10	0.0107422
8.625	27008235	0	0	27025143	15	10	0.0107422
8.64062	27008235	0	0	27025143	15	11	0.0107422
8.65625	27008235	0	0	27025143	15	11	0.0107422
8.67188	27008235	0	0	27025143	15	11	0.0107422
8.6875	27008235	0	0	27025143	15	11	0.0107422
8.70312	27008235	0	0	27025143	16	11	0.0107422
8.71875	27008235	0	0	27025143	16	11	0.0107422
8.73438	27008235	0	0	27025143	16	12	0.0107422
8.75	27008235	0	0	27025143	17	12	0.0107422
8.76562	27008235	0	0	27025143	17	12	0.0107422
8.78125	27008235	0	0	27025143	17	12	0.0107422
8.79688	27008235	0	0	27025143	17	12	0.0107422
8.8125	27008235	0	0	27025143	17	12	0.0107422
8.82812	27008235	0	0	27025143	17	12	0.0107422
8.84375	27008235	0	0	27025143	18	12	0.0107422
8.85938	27008235	0	0	27025143	18	12	0.0107422
8.875	27008235	0	0	27025143	18	13	0.0107422
8.89062	27008235	0	0	27025143	18	13	0.0107422
8.90625	27008235	0	0	27025143	18	15	0.0107422
8.92188	27008235	0	0	27025143	18	15	0.0107422
8.9375	27008235	0	0	27025143	18	15	0.0107422
8.95312	27008235	0	0	27025143	18	15	0.0107422
8.96875	27008235	0	0	27025143	18	15	0.0107422
8.98438	27008235	0	0	27025143	18	15	0.0107422
9	27008235	0	0	27025143	19	15	0.0107422
9.01562	27008235	0	0	27025143	19	15	0.0107422
9.03125	27008235	0	0	27025143	19	15	0.0107422
9.04688	27008235	0	0	27025143	19	15	0.0107422
9.0625	27008235	0	0	27025143	20	15	0.0107422
9.07812	27008235	0	0	27025143	20	15	0.0107422
9.09375	20255816	0	0	20269338	17	13	0.0080567
9.10938	20255816	0	0	20269338	17	13	0.0080567
9.125	20255816	0	0	20269338	17	13	0.0080567
9.14062	20255816	0	0	20269338	18	13	0.0080567
9.15625	20255816	0	0	20269338	18	13	0.0080567
9.17188	20255816	0	0	20269338	18	14	0.0080567
9.1875	20255816	0	0	20269338	19	14	0.0080567
9.20312	20255816	0	0	20269338	19	14	0.0080567
9.21875	20255816	0	0	20269338	19	14	0.0080567
9.23438	20255816	0	0	20269338	19	14	0.0080567
9.25	20255816	0	0	20269338	19	14	0.0080567
9.26562	20255816	0	0	20269338	19	14	0.0080567
9.28125	20255816	0	0	20269338	19	15	0.0080567
9.29688	20255816	0	0	20269338	20	15	0.0080567
9.3125	20255816	0	0	20269338	20	15	0.0080567
9.32812	20255816	0	0	20269338	20	15	0.0080567
9.34375	20255816	0	0	20269338	20	15	0.0080567
9.35938	20255816	0	0	20269338	20	15	0.0080567
9.375	20255816	0	0	20269338	20	15	0.0080567
9.39062	20255816	0	0	20269338	20	16	0.0080567
9.40625	20255816	0	0	20269338	20	16	0.0080567
9.42188	20255816	0	0	20269338	20	16	0.0080567
9.4375	20255816	0	0	20269338	20	16	0.0080567
9.45312	20255816	0	0	20269338	21	16	0.0080567
9.46875	20255816	0	0	20269338	21	16	0.0080567
9.48438	20255816	0	0	20269338	22	16	0.0080567
9.5	20255816	0	0	20269338	22	16	0.0080567
9.51562	20255816	0	0	20269338	22	16	0.0080567
9.53125	20255816	0	0	20269338	23	16	0.0080567
9.54688	20255816	0	0	20269338	23	16	0.0080567
9.5625	20255816	0	0	20269338	23	17	0.0080567
9.57812	20255816	0	0	20269338	23	18	0.0080567
9.59375	20255816	0	0	20269338	23	18	0.0080567
9.60938	15190627	0	0	15197011	15	11	0.00604129
9.625	15190627	0	0	15197011	15	11	0.00604129
9.64062	15190627	0	0	15197011	15	11	0.00604129
9.65625	15190627	0	0	15197011	15	11	0.00604129
9.67188	15190627	0	0	15197011	15	11	0.00604129
9.6875	15190627	0	0	15197011	15	11	0.00604129
9.70312	15190627	0	0	15197011	15	12	0.00604129
9.71875	15190627	0	0	15197011	15	12	0.00604129
9.73438	15190627	0	0	15197011	15	13	0.00604129
9.75	15190627	0	0	15197011	15	13	0.00604129
9.76562	15190627	0	0	15197011	15	14	0.00604129
9.78125	15190627	0	0	15197011	15	14	0.00604129
9.79688	15190627	0	0	15197011	15	15	0.00604129
9.8125	15190627	0	0	15197011	15	15	0.00604129
9.82812	15190627	0	0	15197011	15	15	0.00604129
9.84375	15190627	0	0	15197011	15	15	0.00604129
9.85938	15190627	0	0	15197011	15	16	0.00604129
9.875	15190627	0	0	15197011	15	17	0.00604129
9.89062	15190627	0	0	15197011	15	18	0.00604129
9.90625	15190627	0	0	15197011	15	19	0.00604129
9.92188	15190627	0	0	15197011	15	19	0.00604129
9.9375	15190627	0	0	15197011	15	19	0.00604129
9.95312	15190627	0	0	15197011	15	20	0.00604129
9.96875	15190627	0	0	15197011	15	20	0.00604129
9.98438	15190627	0	0	15197011	15	20	0.00604129
10	15190627	0	0	15197011	15	20	0.00604129
10.0156	15190627	0	0	15197011	15	20	0.00604129
10.0312	15190627	0	0	15197011	16	21	0.00604129
10.0469	15190627	0	0	15197011	16	21	0.00604129
10.0625	15190627	0	0	15197011	16	21	0.00604129
10.0781	15190627	0	0	15197011	16	22	0.00604129
10.0938	15190627	0	0	15197011	16	23	0.00604129
10.1094	15190627	0	0	15197011	16	23	0.00604129
10.125	11392105	0	0	11399925	8	17	0.00453122
10.1406	11392105	0	0	11399925	8	18	0.00453122
10.1562	11392105	0	0	11399925	8	19	0.00453122
10.1719	11392105	0	0	11399925	8	19	0.00453122
10.1875	11392105	0	0	11399925	8	20	0.00453122
10.2031	11392105	0	0	11399925	8	20	0.00453122
10.2188	11392105	0	0	11399925	8	20	0.00453122
10.2344	11392105	0	0	11399925	8	20	0.00453122
10.25	11392105	0	0	11399925	8	20	0.00453122
10.2656	11392105	0	0	11399925	8	20	0.00453122
10.2812	11392105	0	0	11399925	10	21	0.00453122
10.2969	11392105	0	0	11399925	10	21	0.00453122
10.3125	11392105	0	0	11399925	10	22	0.00453122
10.3281	11392105	0	0	11399925	10	23	0.00453123
10.3438	11392105	0	0	11399925	10	23	0.00453123
10.3594	11392105	0	0	11399925	10	23	0.00453123
10.375	11392105	0	0	11399925	10	23	0.00453123
10.3906	11392105	0	0	11399925	10	25	0.00453123
10.4062	11392105	0	0	11399925	10	25	0.00453123
10.4219	11392105	0	0	11399925	10	25	0.00453123
10.4375	11392105	0	0	11399925	10	25	0.00453123
10.4531	11392105	0	0	11399925	10	26	0.00453123
10.4688	11392105	0	0	11399925	10	26	0.00453123
10.4844	11392105	0	0	11399925	10	26	0.00453123
10.5	11392105	0	0	11399925	10	27	0.00453123
10.5156	11392105	0	0	11399925	10	28	0.00453123
10.5312	11392105	0	0	11399925	10	29	0.00453123
10.5469	11392105	0	0	11399925	10	29	0.00453123
10.5625	11392105	0	0	11399925	10	30	0.00453123
10.5781	11392105	0	0	11399925	10	30	0.00453123
10.5938	11392105	0	0	11399925	10	32	0.00453123
10.6094	11392105	0	0	11399925	10	34	0.00453123
10.625	11392105	0	0	11399925	10	36	0.00453123
10.6406	8545640	0	0	8550523	6	28	0.00339885
10.6562	8545640	0	0	8550523	6	28	0.00339885
10.6719	8545640	0	0	8550523	6	30	0.00339885
10.6875	8545640	0	0	8550523	6	31	0.00339885
10.7031	8545640	0	0	8550523	6	31	0.00339885
10.7188	8545640	0	0	8550523	6	31	0.00339885
10.7344	8545640	0	0	8550523	6	34	0.00339885
10.75	8545640	0	0	8550523	6	34	0.00339885
10.7656	8545640	0	0	8550523	7	34	0.00339885
10.7812	8545640	0	0	8550523	7	34	0.00339885
10.7969	8545640	0	0	8550523	7	36	0.00339885
10.8125	8545640	0	0	8550523	7	36	0.00339885
10.8281	8545640	0	0	8550523	7	37	0.00339885
10.8438	8545640	0	0	8550523	7	37	0.00339885
10.8594	8545640	0	0	8550523	7	38	0.00339885
10.875	8545640	0	0	8550523	7	38	0.00339885
10.8906	8545640	0	0	8550523	7	38	0.00339885
10.9062	8545640	0	0	8550523	7	40	0.00339885
10.9219	8545640	0	0	8550523	7	40	0.00339885
10.9375	8545640	0	0	8550523	7	41	0.00339885
10.9531	8545640	0	0	8550523	7	42	0.00339885
10.9688	8545640	0	0	8550523	7	42	0.00339885
10.9844	8545640	0	0	8550523	7	42	0.00339885
11	8545640	0	0	8550523	7	44	0.00339885
11.0156	8545640	0	0	8550523	7	46	0.00339885
11.0312	8545640	0	0	8550523	7	48	0.00339885
11.0469	8545640	0	0	8550523	7	49	0.00339885
11.0625	8545640	0	0	8550523	7	49	0.00339885
11.0781	8545640	0	0	8550523	7	50	0.00339885
11.0938	8545640	0	0	8550523	7	50	0.00339885
11.1094	8545640	0	0	8550523	8	52	0.00339885
11.125	8545640	0	0	8550523	8	52	0.00339885
11.1406	8545640	0	0	8550523	8	56	0.00339885
11.1562	6409246	0	0	6414679	8	40	0.0025495
11.1719	6409246	0	0	6414679	8	41	0.0025495
11.1875	6409246	0	0	6414679	8	41	0.0025495
11.2031	6409246	0	0	6414679	8	42	0.0025495
11.2188	6409246	0	0	6414679	8	43	0.0025495
11.2344	6409246	0	0	6414679	8	44	0.0025495
11.25	6409246	0	0	6414679	8	45	0.0025495
11.2656	6409246	0	0	6414679	8	46	0.0025495
11.2812	6409246	0	0	6414679	8	46	0.0025495
11.2969	6409246	0	0	6414679	8	47	0.0025495
11.3125	6409246	0	0	6414679	8	47	0.0025495
11.3281	6409246	0	0	6414679	8	47	0.0025495
11.3438	6409246	0	0	6414679	8	48	0.0025495
11.3594	6409246	0	0	6414679	8	48	0.0025495
11.375	6409246	0	0	6414679	8	49	0.0025495
11.3906	6409246	0	0	6414679	8	50	0.0025495
11.4062	6409246	0	0	6414679	8	52	0.0025495
11.4219	6409246	0	0	6414679	8	55	0.0025495
11.4375	6409246	0	0	6414679	8	57	0.0025495
11.4531	6409246	0	0	6414679	9	59	0.0025495
11.4688	6409246	0	0	6414679	9	59	0.0025495
11.4844	6409246	0	0	6414679	10	59	0.0025495
11.5	6409246	0	0	6414679	10	60	0.0025495
11.5156	6409246	0	0	6414679	10	61	0.0025495
11.5312	6409246	0	0	6414679	10	62	0.0025495
11.5469	6409246	0	0	6414679	11	63	0.0025495
11.5625	6409246	0	0	6414679	11	64	0.0025495
11.5781	6409246	0	0	6414679	11	65	0.0025495
11.5938	6409246	0	0	6414679	11	65	0.0025495
11.6094	6409246	0	0	6414679	11	66	0.0025495
11.625	6409246	0	0	6414679	11	67	0.0025495
11.6406	6409246	0	0	6414679	11	70	0.0025495
11.6562	6409246	0	0	6414679	11	73	0.0025495
11.6719	4804920	0	0	4811701	9	57	0.00191187
11.6875	4804920	0	0	4811701	9	58	0.00191187
11.7031	4804920	0	0	4811701	9	60	0.00191187
11.7188	4804920	0	0	4811701	9	60	0.00191187
11.7344	4804920	0	0	4811701	9	64	0.00191187
11.75	4804920	0	0	4811701	9	64	0.00191187
11.7656	4804920	0	0	4811701	9	65	0.00191187
11.7812	4804920	0	0	4811701	9	67	0.00191187
11.7969	4804920	0	0	4811701	10	68	0.00191187
11.8125	4804920	0	0	4811701	11	69	0.00191187
11.8281	4804920	0	0	4811701	11	70	0.00191187
11.8438	4804920	0	0	4811701	12	73	0.00191187
11.8594	4804920	0	0	4811701	12	75	0.00191187
11.875	4804920	0	0	4811701	12	77	0.00191187
11.8906	4804920	0	0	4811701	12	80	0.00191187
11.9062	4804920	0	0	4811701	12	80	0.00191187
11.9219	4804920	0	0	4811701	12	83	0.00191187
11.9375	4804920	0	0	4811701	12	86	0.00191187
11.9531	4804920	0	0	4811701	12	88	0.00191187
11.9688	4804920	0	0	4811701	12	89	0.00191187
11.9844	4804920	0	0	4811701	12	90	0.00191187
12	4804920	0	0	4811701	12	92	0.00191187
12.0156	4804920	0	0	4811701	12	95	0.00191187
12.0312	4804920	0	0	4811701	12	98	0.00191187
12.0469	4804920	0	0	4811701	12	100	0.00191188
12.0625	4804920	0	0	4811701	13	101	0.00191188
12.0781	4804920	0	0	4811701	13	103	0.00191188
12.0938	4804920	0	0	4811701	13	105	0.00191188
12.1094	4804920	0	0	4811701	13	106	0.00191188
12.125	4804920	0	0	4811701	14	107	0.00191188
12.1406	4804920	0	0	4811701	14	109	0.00191188
12.1562	4804920	0	0	4811701	14	109	0.00191188
12.1719	4804920	0	0	4811701	14	109	0.00191188
12.1875	3602848	0	0	3608789	8	87	0.00143374
12.2031	3602848	0	0	3608789	8	90	0.00143374
12.2188	3602848	0	0	3608789	8	96	0.00143375
12.2344	3602848	0	0	3608789	9	98	0.00143375
12.25	3602848	0	0	3608789	9	100	0.00143375
12.2656	3602848	0	0	3608789	9	101	0.00143375
12.2812	3602848	0	0	3608789	9	101	0.00143375
12.2969	3602848	0	0	3608789	9	103	0.00143375
12.3125	3602848	0	0	3608789	9	104	0.00143375
12.3281	3602848	0	0	3608789	9	105	0.00143375
12.3438	3602848	0	0	3608789	9	106	0.00143375
12.3594	3602848	0	0	3608789	9	110	0.00143375
12.375	3602848	0	0	3608789	9	112	0.00143375
12.3906	3602848	0	0	3608789	9	113	0.00143375
12.4062	3602848	0	0	3608789	9	119	0.00143375
12.4219	3602848	0	0	3608789	9	120	0.00143375
12.4375	3602848	0	0	3608789	9	122	0.00143375
12.4531	3602848	0	0	3608789	9	125	0.00143375
12.4688	3602848	0	0	3608789	9	131	0.00143375
12.4844	3602848	0	0	3608789	9	134	0.00143375
12.5	3602848	0	0	3608789	9	137	0.00143375
12.5156	3602848	0	0	3608789	9	139	0.00143375
12.5312	3602848	0	0	3608789	9	144	0.00143376
12.5469	3602848	0	0	3608789	9	147	0.00143376
12.5625	3602848	0	0	3608789	9	147	0.00143376
12.5781	3602848	0	0	3608789	9	151	0.00143376
12.5938	3602848	0	0	3608789	9	155	0.00143376
12.6094	3602848	0	0	3608789	9	158	0.00143376
12.625	3602848	0	0	3608789	9	165	0.00143376
12.6406	3602848	0	0	3608789	9	166	0.00143376
12.6562	3602848	0	0	3608789	9	168	0.00143376
12.6719	3602848	0	0	3608789	9	171	0.00143376
12.6875	3602848	0	0	3608789	9	178	0.00143376
12.7031	2702977	0	0	2706584	6	137	0.00107549
12.7188	2702977	0	0	2706584	6	141	0.00107549
12.7344	2702977	0	0	2706584	6	143	0.00107549
12.75	2702977	0	0	2706584	6	147	0.00107549
12.7656	2702977	0	0	2706584	6	149	0.00107549
12.7812	2702977	0	0	2706584	6	155	0.00107549
12.7969	2702977	0	0	2706584	6	157	0.00107549
12.8125	2702977	0	0	2706584	6	160	0.00107549
12.8281	2702977	0	0	2706584	6	160	0.00107549
12.8438	2702977	0	0	2706584	6	162	0.00107549
12.8594	2702977	0	0	2706584	6	163	0.00107549
12.875	2702977	0	0	2706584	6	167	0.00107549
12.8906	2702977	0	0	2706584	6	170	0.00107549
12.9062	2702977	0	0	2706584	6	175	0.0010755
12.9219	2702977	0	0	2706584	6	177	0.0010755
12.9375	2702977	0	0	2706584	6	180	0.0010755
12.9531	2702977	0	0	2706584	6	183	0.0010755
12.9688	2702977	0	0	2706584	6	185	0.0010755
12.9844	2702977	0	0	2706584	6	185	0.0010755
13	2702977	0	0	2706584	6	193	0.0010755
13.0156	2702977	0	0	2706584	6	197	0.0010755
13.0312	2702977	0	0	2706584	6	200	0.0010755
13.0469	2702977	0	0	2706584	6	207	0.0010755
13.0625	2702977	0	0	2706584	7	210	0.0010755
13.0781	2702977	0	0	2706584	7	212	0.0010755
13.0938	2702977	0	0	2706584	7	214	0.0010755
13.1094	2702977	0	0	2706584	7	217	0.0010755
13.125	2702977	0	0	2706584	7	222	0.00107551
13.1406	2702977	0	0	2706584	7	226	0.00107551
13.1562	2702977	0	0	2706584	7	232	0.00107551
13.1719	2702977	0	0	2706584	7	234	0.00107551
13.1875	2702977	0	0	2706584	7	238	0.00107551
13.2031	2702977	0	0	2706584	8	242	0.00107551
13.2188	2027460	0	0	2029559	7	174	0.0008066
13.2344	2027460	0	0	2029559	7	177	0.000806601
13.25	2027460	0	0	2029559	7	184	0.000806602
13.2656	2027460	0	0	2029559	7	188	0.000806603
13.2812	2027460	0	0	2029559	7	193	0.000806604
13.2969	2027460	0	0	2029559	7	200	0.000806606
13.3125	2027460	0	0	2029559	7	201	0.000806606
13.3281	2027460	0	0	2029559	7	204	0.000806606
13.3438	2027460	0	0	2029559	7	207	0.000806607
13.3594	2027460	0	0	2029559	7	214	0.000806608
13.375	2027460	0	0	2029559	7	216	0.000806609
13.3906	2027460	0	0	2029559	7	224	0.00080661
13.4062	2027460	0	0	2029559	7	228	0.000806611
13.4219	2027460	0	0	2029559	7	238	0.000806613
13.4375	2027460	0	0	2029559	7	247	0.000806615
13.4531	2027460	0	0	2029559	7	252	0.000806616
13.4688	2027460	0	0	2029559	7	259	0.000806617
13.4844	2027460	0	0	2029559	7	266	0.000806619
13.5	2027460	0	0	2029559	7	271	0.00080662
13.5156	2027460	0	0	2029559	7	279	0.000806621
13.5312	2027460	0	0	2029559	7	287	0.000806623
13.5469	2027460	0	0	2029559	7	293	0.000806624
13.5625	2027460	0	0	2029559	7	300	0.000806625
13.5781	2027460	0	0	2029559	7	302	0.000806626
13.5938	2027460	0	0	2029559	7	305	0.000806626
13.6094	2027460	0	0	2029559	7	317	0.000806629
13.625	2027460	0	0	2029559	7	327	0.000806631
13.6406	2027460	0	0	2029559	7	333	0.000806632
13.6562	2027460	0	0	2029559	7	346	0.000806635
13.6719	2027460	0	0	2029559	7	351	0.000806636
13.6875	2027460	0	0	2029559	7	363	0.000806638
13.7031	2027460	0	0	2029559	7	370	0.000806639
13.7188	2027460	0	0	2029559	8	381	0.000806642
13.7344	1520832	0	0	1523603	8	288	0.000605314
13.75	1520832	0	0	1523603	9	295	0.000605316
13.7656	1520832	0	0	1523603	9	300	0.000605317
13.7812	1520832	0	0	1523603	9	308	0.000605319
13.7969	1520832	0	0	1523603	9	315	0.00060532
13.8125	1520832	0	0	1523603	9	329	0.000605323
13.8281	1520832	0	0	1523603	9	338	0.000605324
13.8438	1520832	0	0	1523603	9	342	0.000605325
13.8594	1520832	0	0	1523603	9	350	0.000605327
13.875	1520832	0	0	1523603	9	362	0.000605329
13.8906	1520832	0	0	1523603	9	371	0.000605331
13.9062	1520832	0	0	1523603	9	377	0.000605332
13.9219	1520832	0	0	1523603	9	391	0.000605335
13.9375	1520832	0	0	1523603	9	399	0.000605337
13.9531	1520832	0	0	1523603	9	403	0.000605337
13.9688	1520832	0	0	1523603	9	412	0.000605339
13.9844	1520832	0	0	1523603	9	418	0.00060534
14	1520832	0	0	1523603	9	426	0.000605342
14.0156	1520832	0	0	1523603	9	439	0.000605345
14.0312	1520832	0	0	1523603	9	448	0.000605346
14.0469	1520832	0	0	1523603	9	459	0.000605349
14.0625	1520832	0	0	1523603	9	471	0.000605351
14.0781	1520832	0	0	1523603	9	482	0.000605353
14.0938	1520832	0	0	1523603	9	499	0.000605356
14.1094	1520832	0	0	1523603	9	515	0.00060536
14.125	1520832	0	0	1523603	9	526	0.000605362
14.1406	1520832	0	0	1523603	9	544	0.000605365
14.1562	1520832	0	0	1523603	9	554	0.000605367
14.1719	1520832	0	0	1523603	9	576	0.000605372
14.1875	1520832	0	0	1523603	9	592	0.000605375
14.2031	1520832	0	0	1523603	9	604	0.000605377
14.2188	1520832	0	0	1523603	9	619	0.00060538
14.2344	1520832	0	0	1523603	9	628	0.000605382
14.25	1141106	0	0	1143037	8	493	0.000454204
14.2656	1141106	0	0	1143037	9	501	0.000454205
14.2812	1141106	0	0	1143037	9	516	0.000454208
14.2969	1141106	0	0	1143037	9	525	0.00045421
14.3125	1141106	0	0	1143037	9	536	0.000454212
14.3281	1141106	0	0	1143037	9	543	0.000454214
14.3438	1141106	0	0	1143037	9	560	0.000454217
14.3594	1141106	0	0	1143037	9	574	0.00045422
14.375	1141106	0	0	1143037	9	582	0.000454221
14.3906	1141106	0	0	1143037	10	596	0.000454224
14.4062	1141106	0	0	1143037	10	604	0.000454226
14.4219	1141106	0	0	1143037	11	619	0.000454229
14.4375	1141106	0	0	1143037	11	633	0.000454232
14.4531	1141106	0	0	1143037	11	646	0.000454235
14.4688	1141106	0	0	1143037	11	655	0.000454236
14.4844	1141106	0	0	1143037	11	671	0.00045424
14.5	1141106	0	0	1143037	11	682	0.000454242
14.5156	1141106	0	0	1143037	11	695	0.000454244
14.5312	1141106	0	0	1143037	11	707	0.000454247
14.5469	1141106	0	0	1143037	11	727	0.000454251
14.5625	1141106	0	0	1143037	11	742	0.000454254
14.5781	1141106	0	0	1143037	11	764	0.000454258
14.5938	1141106	0	0	1143037	11	787	0.000454263
14.6094	1141106	0	0	1143037	11	804	0.000454266
14.625	1141106	0	0	1143037	12	824	0.00045427
14.6406	1141106	0	0	1143037	12	846	0.000454275
14.6562	1141106	0	0	1143037	12	858	0.000454277
14.6719	1141106	0	0	1143037	12	879	0.000454281
14.6875	1141106	0	0	1143037	12	900	0.000454285
14.7031	1141106	0	0	1143037	12	922	0.00045429
14.7188	1141106	0	0	1143037	12	945	0.000454294
14.7344	1141106	0	0	1143037	12	956	0.000454296
14.75	1141106	0	0	1143037	12	978	0.000454301
14.7656	856328	0	0	857055	11	724	0.000340779
14.7812	856328	0	0	857055	11	738	0.000340782
14.7969	856328	0	0	857055	11	754	0.000340785
14.8125	856328	0	0	857055	11	770	0.000340788
14.8281	856328	0	0	857055	11	793	0.000340793
14.8438	856328	0	0	857055	11	810	0.000340796
14.8594	856328	0	0	857055	11	826	0.000340799
14.875	856328	0	0	857055	11	842	0.000340802
14.8906	856328	0	0	857055	11	859	0.000340806
14.9062	856328	0	0	857055	11	870	0.000340808
14.9219	856328	0	0	857055	11	890	0.000340812
14.9375	856328	0	0	857055	11	911	0.000340816
14.9531	856328	0	0	857055	11	935	0.000340821
14.9688	856328	0	0	857055	11	944	0.000340823
14.9844	856328	0	0	857055	11	959	0.000340826
15	856328	0	0	857055	11	978	0.000340829
15.0156	856328	0	0	857055	11	991	0.000340832
15.0312	856328	0	0	857055	11	1018	0.000340837
15.0469	856328	0	0	857055	11	1043	0.000340842
15.0625	856328	0	0	857055	11	1064	0.000340847
15.0781	856328	0	0	857055	11	1081	0.00034085
15.0938	856328	0	0	857055	11	1110	0.000340856
15.1094	856328	0	0	857055	11	1133	0.00034086
15.125	856328	0	0	857055	11	1150	0.000340864
15.1406	856328	0	0	857055	11	1178	0.000340869
15.1562	856328	0	0	857055	11	1211	0.000340876
15.1719	856328	0	0	857055	11	1244	0.000340882
15.1875	856328	0	0	857055	11	1267	0.000340887
15.2031	856328	0	0	857055	11	1293	0.000340892
15.2188	856328	0	0	857055	11	1320	0.000340897
15.2344	856328	0	0	857055	11	1351	0.000340904
15.25	856328	0	0	857055	11	1384	0.00034091
15.2656	856328	0	0	857055	11	1419	0.000340917
15.2812	642998	0	0	642834	8	1087	0.00025585
15.2969	642998	0	0	642834	8	1111	0.000255855
15.3125	642998	0	0	642834	8	1135	0.00025586
15.3281	642998	0	0	642834	8	1161	0.000255865
15.3438	642998	0	0	642834	8	1188	0.00025587
15.3594	642998	0	0	642834	8	1214	0.000255876
15.375	642998	0	0	642834	8	1241	0.000255881
15.3906	642998	0	0	642834	8	1270	0.000255887
15.4062	642998	0	0	642834	8	1291	0.000255891
15.4219	642998	0	0	642834	8	1315	0.000255896
15.4375	642998	0	0	642834	8	1343	0.000255901
15.4531	642998	0	0	642834	9	1374	0.000255908
15.4688	642998	0	0	642834	9	1411	0.000255915
15.4844	642998	0	0	642834	9	1437	0.00025592
15.5	642998	0	0	642834	9	1470	0.000255927
15.5156	642998	0	0	642834	9	1512	0.000255935
15.5312	642998	0	0	642834	9	1539	0.00025594
15.5469	642998	0	0	642834	9	1574	0.000255947
15.5625	642998	0	0	642834	9	1604	0.000255953
15.5781	642998	0	0	642834	9	1642	0.000255961
15.5938	642998	0	0	642834	9	1680	0.000255968
15.6094	642998	0	0	642834	9	1717	0.000255976
15.625	642998	0	0	642834	9	1754	0.000255983
15.6406	642998	0	0	642834	9	1798	0.000255992
15.6562	642998	0	0	642834	9	1834	0.000255999
15.6719	642998	0	0	642834	9	1873	0.000256007
15.6875	642998	0	0	642834	9	1912	0.000256015
15.7031	642998	0	0	642834	9	1955	0.000256023
15.7188	642998	0	0	642834	9	2001	0.000256032
15.7344	642998	0	0	642834	9	2041	0.00025604
15.75	642998	0	0	642834	10	2077	0.000256048
15.7656	642998	0	0	642834	10	2122	0.000256056
15.7812	642998	0	0	642834	10	2170	0.000256066
15.7969	481418	0	0	482323	7	1679	0.000191934
15.8125	481418	0	0	482323	7	1708	0.00019194
15.8281	481418	0	0	482323	7	1745	0.000191947
15.8438	481418	0	0	482323	7	1783	0.000191954
15.8594	481418	0	0	482323	7	1828	0.000191963
15.875	481418	0	0	482323	7	1857	0.000191969
15.8906	481418	0	0	482323	7	1897	0.000191977
15.9062	481418	0	0	482323	7	1931	0.000191984
15.9219	481418	0	0	482323	7	1970	0.000191992
15.9375	481418	0	0	482323	7	2014	0.000192
15.9531	481418	0	0	482323	7	2060	0.00019201
15.9688	481418	0	0	482323	7	2109	0.000192019
15.9844	481418	0	0	482323	7	2154	0.000192028
16	481418	0	0	482323	7	2201	0.000192038
16.0156	481418	0	0	482323	7	2253	0.000192048
16.0312	481418	0	0	482323	7	2310	0.000192059
16.0469	481418	0	0	482323	7	2364	0.00019207
16.0625	481418	0	0	482323	7	2412	0.00019208
16.0781	481418	0	0	482323	7	2477	0.000192092
16.0938	481418	0	0	482323	7	2535	0.000192104
16.1094	481418	0	0	482323	7	2583	0.000192114
16.125	481418	0	0	482323	7	2638	0.000192124
16.1406	481418	0	0	482323	7	2701	0.000192137
16.1562	481418	0	0	482323	7	2771	0.000192151
16.1719	481418	0	0	482323	7	2830	0.000192163
16.1875	481418	0	0	482323	7	2903	0.000192177
16.2031	481418	0	0	482323	7	2979	0.000192192
16.2188	481418	0	0	482323	7	3034	0.000192203
16.2344	481418	0	0	482323	7	3093	0.000192215
16.25	481418	0	0	482323	7	3162	0.000192229
16.2656	481418	0	0	482323	7	3227	0.000192242
16.2812	481418	0	0	482323	7	3295	0.000192255
16.2969	481418	0	0	482323	7	3376	0.000192271
16.3125	360743	0	0	361313	6	2612	0.00014407
16.3281	360743	0	0	361313	6	2667	0.000144081
16.3438	360743	0	0	361313	6	2722	0.000144092
16.3594	360743	0	0	361313	6	2785	0.000144105
16.375	360743	0	0	361313	6	2847	0.000144117
16.3906	360743	0	0	361313	6	2910	0.00014413
16.4062	360743	0	0	361313	6	2972	0.000144142
16.4219	360743	0	0	361313	6	3036	0.000144155
16.4375	360743	0	0	361313	6	3107	0.000144169
16.4531	360743	0	0	361313	6	3178	0.000144183
16.4688	360743	0	0	361313	6	3250	0.000144197
16.4844	360743	0	0	361313	6	3332	0.000144214
16.5	360743	0	0	361313	6	3413	0.00014423
16.5156	360743	0	0	361313	6	3497	0.000144246
16.5312	360743	0	0	361313	6	3565	0.00014426
16.5469	360743	0	0	361313	6	3634	0.000144274
16.5625	360743	0	0	361313	6	3701	0.000144287
16.5781	360743	0	0	361313	6	3786	0.000144304
16.5938	360743	0	0	361313	6	3881	0.000144323
16.6094	360743	0	0	361313	6	3966	0.00014434
16.625	360743	0	0	361313	6	4068	0.00014436
16.6406	360743	0	0	361313	6	4152	0.000144377
16.6562	360743	0	0	361313	6	4222	0.00014439
16.6719	360743	0	0	361313	6	4312	0.000144408
16.6875	360743	0	0	361313	6	4400	0.000144426
16.7031	360743	0	0	361313	6	4484	0.000144443
16.7188	360743	0	0	361313	6	4570	0.00014446
16.7344	360743	0	0	361313	6	4680	0.000144482
16.75	360743	0	0	361313	6	4783	0.000144502
16.7656	360743	0	0	361313	6	4887	0.000144523
16.7812	360743	0	0	361313	6	4978	0.000144541
16.7969	360743	0	0	361313	6	5079	0.000144561
16.8125	360743	0	0	361313	6	5188	0.000144583
16.8281	270559	0	0	271057	5	3992	0.000108472
16.8438	270559	0	0	271057	5	4088	0.000108491
16.8594	270559	0	0	271057	5	4174	0.000108508
16.875	270559	0	0	271057	5	4274	0.000108528
16.8906	270559	0	0	271057	5	4373	0.000108548
16.9062	270559	0	0	271057	5	4469	0.000108567
16.9219	270559	0	0	271057	5	4560	0.000108585
16.9375	270559	0	0	271057	5	4660	0.000108605
16.9531	270559	0	0	271057	5	4773	0.000108627
16.9688	270559	0	0	271057	5	4884	0.000108649
16.9844	270559	0	0	271057	5	5004	0.000108673
17	270559	0	0	271057	5	5094	0.000108691
17.0156	270559	0	0	271057	5	5211	0.000108714
17.0312	270559	0	0	271057	5	5320	0.000108736
17.0469	270559	0	0	271057	5	5429	0.000108757
17.0625	270559	0	0	271057	5	5546	0.000108781
17.0781	270559	0	0	271057	5	5682	0.000108808
17.0938	270559	0	0	271057	5	5812	0.000108834
17.1094	270559	0	0	271057	5	5954	0.000108862
17.125	270559	0	0	271057	5	6091	0.000108889
17.1406	270559	0	0	271057	5	6218	0.000108914
17.1562	270559	0	0	271057	5	6344	0.000108939
17.1719	270559	0	0	271057	5	6488	0.000108968
17.1875	270559	0	0	271057	5	6660	0.000109002
17.2031	270559	0	0	271057	5	6815	0.000109033
17.2188	270559	0	0	271057	5	6950	0.00010906
17.2344	270559	0	0	271057	5	7119	0.000109093
17.25	270559	0	0	271057	5	7239	0.000109117
17.2656	270559	0	0	271057	5	7399	0.000109149
17.2812	270559	0	0	271057	5	7556	0.00010918
17.2969	270559	0	0	271057	5	7714	0.000109212
17.3125	270559	0	0	271057	5	7881	0.000109245
17.3281	270559	0	0	271057	5	8063	0.000109281
17.3438	202893	0	0	203502	3	6225	8.20324e-05
17.3594	202893	0	0	203502	3	6356	8.20584e-05
17.375	202893	0	0	203502	3	6495	8.20861e-05
17.3906	202893	0	0	203502	3	6655	8.21179e-05
17.4062	202893	0	0	203502	3	6797	8.21461e-05
17.4219	202893	0	0	203502	3	6947	8.21759e-05
17.4375	202893	0	0	203502	3	7094	8.22052e-05
17.4531	202893	0	0	203502	3	7258	8.22378e-05
17.4688	202893	0	0	203502	3	7408	8.22676e-05
17.4844	202893	0	0	203502	4	7569	8.22998e-05
17.5	202893	0	0	203502	4	7740	8.23338e-05
17.5156	202893	0	0	203502	4	7903	8.23662e-05
17.5312	202893	0	0	203502	4	8072	8.23998e-05
17.5469	202893	0	0	203502	4	8256	8.24364e-05
17.5625	202893	0	0	203502	4	8445	8.2474e-05
17.5781	202893	0	0	203502	4	8613	8.25074e-05
17.5938	202893	0	0	203502	4	8804	8.25453e-05
17.6094	202893	0	0	203502	4	9011	8.25865e-05
17.625	202893	0	0	203502	4	9220	8.2628e-05
17.6406	202893	0	0	203502	4	9418	8.26674e-05
17.6562	202893	0	0	203502	4	9632	8.27099e-05
17.6719	202893	0	0	203502	4	9829	8.27491e-05
17.6875	202893	0	0	203502	4	10045	8.2792e-05
17.7031	202893	0	0	203502	4	10248	8.28324e-05
17.7188	202893	0	0	203502	4	10489	8.28803e-05
17.7344	202893	0	0	203502	4	10721	8.29264e-05
17.75	202893	0	0	203502	4	10938	8.29696e-05
17.7656	202893	0	0	203502	4	11153	8.30123e-05
17.7812	202893	0	0	203502	4	11368	8.30551e-05
17.7969	202893	0	0	203502	4	11608	8.31028e-05
17.8125	202893	0	0	203502	4	11857	8.31523e-05
17.8281	202893	0	0	203502	4	12123	8.32052e-05
17.8438	202893	0	0	203502	4	12386	8.32575e-05
17.8594	152041	0	0	152593	3	9493	6.24513e-05
17.875	152041	0	0	152593	3	9699	6.24922e-05
17.8906	152041	0	0	152593	3	9936	6.25394e-05
17.9062	152041	0	0	152593	3	10177	6.25873e-05
17.9219	152041	0	0	152593	3	10416	6.26348e-05
17.9375	152041	0	0	152593	3	10645	6.26803e-05
17.9531	152041	0	0	152593	3	10840	6.27191e-05
17.9688	152041	0	0	152593	3	11101	6.2771e-05
17.9844	152041	0	0	152593	3	11345	6.28195e-05
18	152041	0	0	152593	3	11598	6.28698e-05
18.0156	152041	0	0	152593	3	11853	6.29205e-05
18.0312	152041	0	0	152593	3	12112	6.2972e-05
18.0469	152041	0	0	152593	3	12374	6.30241e-05
18.0625	152041	0	0	152593	3	12639	6.30767e-05
18.0781	152041	0	0	152593	3	12887	6.3126e-05
18.0938	152041	0	0	152593	3	13199	6.31881e-05
18.1094	152041	0	0	152593	3	13488	6.32455e-05
18.125	152041	0	0	152593	3	13794	6.33064e-05
18.1406	152041	0	0	152593	3	14125	6.33722e-05
18.1562	152041	0	0	152593	3	14436	6.3434e-05
18.1719	152041	0	0	152593	3	14745	6.34954e-05
18.1875	152041	0	0	152593	3	15075	6.3561e-05
18.2031	152041	0	0	152593	3	15386	6.36229e-05
18.2188	152041	0	0	152593	3	15703	6.36859e-05
18.2344	152041	0	0	152593	3	16041	6.37531e-05
18.25	152041	0	0	152593	3	16359	6.38163e-05
18.2656	152041	0	0	152593	3	16678	6.38797e-05
18.2812	152041	0	0	152593	3	17054	6.39545e-05
18.2969	152041	0	0	152593	3	17419	6.4027e-05
18.3125	152041	0	0	152593	3	17773	6.40974e-05
18.3281	152041	0	0	152593	3	18187	6.41797e-05
18.3438	152041	0	0	152593	3	18603	6.42624e-05
18.3594	152041	0	0	152593	3	19001	6.43415e-05
18.375	114098	0	0	114581	2	14619	4.83698e-05
18.3906	114098	0	0	114581	2	14897	4.84251e-05
18.4062	114098	0	0	114581	2	15219	4.84891e-05
18.4219	114098	0	0	114581	2	15536	4.85521e-05
18.4375	114098	0	0	114581	2	15883	4.86211e-05
18.4531	114098	0	0	114581	2	16195	4.86831e-05
18.4688	114098	0	0	114581	2	16522	4.87481e-05
18.4844	114098	0	0	114581	2	16888	4.88209e-05
18.5	114098	0	0	114581	2	17243	4.88915e-05
18.5156	114098	0	0	114581	2	17645	4.89714e-05
18.5312	114098	0	0	114581	2	18020	4.90459e-05
18.5469	114098	0	0	114581	2	18410	4.91235e-05
18.5625	114098	0	0	114581	2	18820	4.9205e-05
18.5781	114098	0	0	114581	2	19245	4.92895e-05
18.5938	114098	0	0	114581	2	19682	4.93763e-05
18.6094	114098	0	0	114581	2	20137	4.94668e-05
18.625	114098	0	0	114581	2	20574	4.95537e-05
18.6406	114098	0	0	114581	2	21052	4.96487e-05
18.6562	114098	0	0	114581	2	21482	4.97342e-05
18.6719	114098	0	0	114581	2	21969	4.9831e-05
18.6875	114098	0	0	114581	2	22448	4.99262e-05
18.7031	114098	0	0	114581	2	22966	5.00292e-05
18.7188	114098	0	0	114581	2	23396	5.01147e-05
18.7344	114098	0	0	114581	2	23885	5.02119e-05
18.75	114098	0	0	114581	2	24380	5.03103e-05
18.7656	114098	0	0	114581	2	24873	5.04084e-05
18.7812	114098	0	0	114581	2	25431	5.05193e-05
18.7969	114098	0	0	114581	2	25991	5.06306e-05
18.8125	114098	0	0	114581	2	26537	5.07392e-05
18.8281	114098	0	0	114581	2	27130	5.08571e-05
18.8438	114098	0	0	114581	2	27728	5.09759e-05
18.8594	114098	0	0	114581	2	28307	5.10911e-05
18.875	114098	0	0	114581	2	28900	5.12089e-05
18.8906	85632	0	0	85925	2	22157	3.85121e-05
18.9062	85632	0	0	85925	3	22639	3.86082e-05
18.9219	85632	0	0	85925	3	23147	3.87091e-05
18.9375	85632	0	0	85925	3	23666	3.88123e-05
18.9531	85632	0	0	85925	3	24170	3.89125e-05
18.9688	85632	0	0	85925	3	24691	3.90161e-05
18.9844	85632	0	0	85925	3	25252	3.91276e-05
19	85632	0	0	85925	3	25809	3.92384e-05
19.0156	85632	0	0	85925	3	26406	3.93571e-05
19.0312	85632	0	0	85925	3	26991	3.94734e-05
19.0469	85632	0	0	85925	3	27602	3.95948e-05
19.0625	85632	0	0	85925	3	28222	3.97181e-05
19.0781	85632	0	0	85925	3	28818	3.98366e-05
19.0938	85632	0	0	85925	4	29432	3.99588e-05
19.1094	85632	0	0	85925	4	30073	4.00863e-05
19.125	85632	0	0	85925	4	30730	4.02169e-05
19.1406	85632	0	0	85925	5	31396	4.03495e-05
19.1562	85632	0	0	85925	5	32049	4.04793e-05
19.1719	85632	0	0	85925	5	32743	4.06173e-05
19.1875	85632	0	0	85925	5	33440	4.07559e-05
19.2031	85632	0	0	85925	5	34152	4.08974e-05
19.2188	85632	0	0	85925	5	34913	4.10487e-05
19.2344	85632	0	0	85925	5	35691	4.12034e-05
19.25	85632	0	0	85925	5	36486	4.13614e-05
19.2656	85632	0	0	85925	5	37295	4.15223e-05
19.2812	85632	0	0	85925	5	38077	4.16777e-05
19.2969	85632	0	0	85925	5	38928	4.18469e-05
19.3125	85632	0	0	85925	5	39792	4.20187e-05
19.3281	85632	0	0	85925	5	40651	4.21895e-05
19.3438	85632	0	0	85925	5	41486	4.23555e-05
19.3594	85632	0	0	85925	5	42369	4.2531e-05
19.375	85632	0	0	85925	5	43281	4.27123e-05
19.3906	85632	0	0	85925	5	44228	4.29006e-05
19.4062	64250	0	0	64467	4	33910	3.23322e-05
19.4219	64250	0	0	64467	4	34643	3.24779e-05
19.4375	64250	0	0	64467	4	35395	3.26274e-05
19.4531	64250	0	0	64467	4	36134	3.27744e-05
19.4688	64250	0	0	64467	4	36939	3.29344e-05
19.4844	64250	0	0	64467	4	37722	3.30901e-05
19.5	64250	0	0	64467	4	38517	3.32481e-05
19.5156	64250	0	0	64467	4	39409	3.34254e-05
19.5312	64250	0	0	64467	4	40263	3.35952e-05
19.5469	64250	0	0	64467	4	41107	3.3763e-05
19.5625	64250	0	0	64467	4	42001	3.39408e-05
19.5781	64250	0	0	64467	4	42902	3.41199e-05
19.5938	64250	0	0	64467	4	43816	3.43016e-05
19.6094	64250	0	0	64467	4	44812	3.44996e-05
19.625	64250	0	0	64467	4	45786	3.46932e-05
19.6406	64250	0	0	64467	4	46780	3.48909e-05
19.6562	64250	0	0	64467	4	47766	3.50869e-05
19.6719	64250	0	0	64467	4	48754	3.52833e-05
19.6875	64250	0	0	64467	4	49839	3.5499e-05
19.7031	64250	0	0	64467	4	50940	3.57179e-05
19.7188	64250	0	0	64467	4	52114	3.59513e-05
19.7344	64250	0	0	64467	4	53254	3.61779e-05
19.75	64250	0	0	64467	4	54416	3.64089e-05
19.7656	64250	0	0	64467	4	55610	3.66463e-05
19.7812	64250	0	0	64467	4	56766	3.68761e-05
19.7969	64250	0	0	64467	4	57989	3.71193e-05
19.8125	64250	0	0	64467	4	59273	3.73746e-05
19.8281	64250	0	0	64467	4	60540	3.76264e-05
19.8438	64250	0	0	64467	4	61813	3.78795e-05
19.8594	64250	0	0	64467	4	63163	3.81479e-05
19.875	64250	0	0	64467	4	64523	3.84183e-05
19.8906	64250	0	0	64467	4	65966	3.87052e-05
19.9062	64250	0	0	64467	4	67401	3.89905e-05
19.9219	48097	0	0	48240	3	51831	2.94575e-05
19.9375	48097	0	0	48240	3	52991	2.96881e-05
19.9531	48097	0	0	48240	3	54111	2.99107e-05
19.9688	48097	0	0	48240	3	55290	3.01451e-05
19.9844	48097	0	0	48240	3	56519	3.03895e-05
20	48097	0	0	48240	3	57806	3.06453e-05
20.0156	48097	0	0	48240	3	59057	3.0894e-05
20.0312	48097	0	0	48240	3	60319	3.11449e-05
20.0469	48097	0	0	48240	3	61688	3.14171e-05
20.0625	48097	0	0	48240	3	63085	3.16948e-05
20.0781	48097	0	0	48240	3	64434	3.1963e-05
20.0938	48097	0	0	48240	3	65834	3.22414e-05
20.1094	48097	0	0	48240	3	67334	3.25396e-05
20.125	48097	0	0	48240	3	68790	3.2829e-05
20.1406	48097	0	0	48240	3	70313	3.31318e-05
20.1562	48097	0	0	48240	3	71893	3.34459e-05
20.1719	48097	0	0	48240	3	73512	3.37678e-05
20.1875	48097	0	0	48240	3	75103	3.40841e-05
20.2031	48097	0	0	48240	3	76748	3.44111e-05
20.2188	48097	0	0	48240	3	78418	3.47431e-05
20.2344	48097	0	0	48240	3	80128	3.50831e-05
20.25	48097	0	0	48240	3	81845	3.54245e-05
20.2656	48097	0	0	48240	3	83620	3.57773e-05
20.2812	48097	0	0	48240	3	85457	3.61425e-05
20.2969	48097	0	0	48240	3	87348	3.65185e-05
20.3125	48097	0	0	48240	3	89357	3.69179e-05
20.3281	48097	0	0	48240	3	91291	3.73024e-05
20.3438	48097	0	0	48240	4	93313	3.77046e-05
20.3594	48097	0	0	48240	4	95344	3.81083e-05
20.375	48097	0	0	48240	4	97428	3.85227e-05
20.3906	48097	0	0	48240	4	99576	3.89497e-05
20.4062	48097	0	0	48240	4	101682	3.93684e-05
20.4219	48097	0	0	48240	4	103916	3.98125e-05
20.4375	36134	0	0	36200	3	79510	3.01883e-05
20.4531	36134	0	0	36200	3	81275	3.05392e-05
20.4688	36134	0	0	36200	3	83088	3.08996e-05
20.4844	36134	0	0	36200	3	84873	3.12545e-05
20.5	36134	0	0	36200	3	86719	3.16215e-05
20.5156	36134	0	0	36200	3	88634	3.20022e-05
20.5312	36134	0	0	36200	3	90590	3.23911e-05
20.5469	36134	0	0	36200	3	92572	3.27851e-05
20.5625	36134	0	0	36200	3	94578	3.31839e-05
20.5781	36134	0	0	36200	3	96661	3.3598e-05
20.5938	36134	0	0	36200	3	98774	3.40181e-05
20.6094	36134	0	0	36200	3	100976	3.44559e-05
20.625	36134	0	0	36200	3	103151	3.48883e-05
20.6406	36134	0	0	36200	3	105426	3.53406e-05
20.6562	36134	0	0	36200	3	107740	3.58006e-05
20.6719	36134	0	0	36200	3	110064	3.62626e-05
20.6875	36134	0	0	36200	3	112569	3.67606e-05
20.7031	36134	0	0	36200	3	114977	3.72394e-05
20.7188	36134	0	0	36200	3	117506	3.77421e-05
20.7344	36134	0	0	36200	3	120066	3.82511e-05
20.75	36134	0	0	36200	3	122709	3.87765e-05
20.7656	36134	0	0	36200	3	125310	3.92936e-05
20.7812	36134	0	0	36200	3	128002	3.98288e-05
20.7969	36134	0	0	36200	3	130787	4.03825e-05
20.8125	36134	0	0	36200	3	133730	4.09676e-05
20.8281	36134	0	0	36200	3	136582	4.15346e-05
20.8438	36134	0	0	36200	3	139584	4.21314e-05
20.8594	36134	0	0	36200	3	142542	4.27195e-05
20.875	36134	0	0	36200	3	145523	4.33121e-05
20.8906	36134	0	0	36200	3	148704	4.39445e-05
20.9062	36134	0	0	36200	3	151953	4.45905e-05
20.9219	36134	0	0	36200	3	155238	4.52435e-05
20.9375	36134	0	0	36200	3	158704	4.59326e-05
20.9531	27189	0	0	26884	2	121529	3.49113e-05
20.9688	27189	0	0	26884	2	124222	3.54467e-05
20.9844	27189	0	0	26884	2	126944	3.59879e-05
21	27189	0	0	26884	2	129599	3.65157e-05
21.0156	27189	0	0	26884	2	132424	3.70773e-05
21.0312	27189	0	0	26884	2	135286	3.76463e-05
21.0469	27189	0	0	26884	2	138266	3.82388e-05
21.0625	27189	0	0	26884	2	141281	3.88382e-05
21.0781	27189	0	0	26884	2	144376	3.94535e-05
21.0938	27189	0	0	26884	2	147425	4.00596e-05
21.1094	27189	0	0	26884	2	150606	4.0692e-05
21.125	27189	0	0	26884	2	153939	4.13547e-05
21.1406	27189	0	0	26884	2	157257	4.20143e-05
21.1562	27189	0	0	26884	2	160718	4.27024e-05
21.1719	27189	0	0	26884	2	164344	4.34233e-05
21.1875	27189	0	0	26884	2	168006	4.41513e-05
21.2031	27189	0	0	26884	2	171630	4.48718e-05
21.2188	27189	0	0	26884	2	175401	4.56215e-05
21.2344	27189	0	0	26884	2	179191	4.6375e-05
21.25	27189	0	0	26884	2	183151	4.71622e-05
21.2656	27189	0	0	26884	2	187130	4.79533e-05
21.2812	27189	0	0	26884	2	191348	4.87919e-05
21.2969	27189	0	0	26884	2	195547	4.96266e-05
21.3125	27189	0	0	26884	2	199818	5.04757e-05
21.3281	27189	0	0	26884	2	204202	5.13473e-05
21.3438	27189	0	0	26884	2	208737	5.22489e-05
21.3594	27189	0	0	26884	2	213401	5.31761e-05
21.375	27189	0	0	26884	2	218152	5.41207e-05
21.3906	27189	0	0	26884	2	222897	5.5064e-05
21.4062	27189	0	0	26884	2	227672	5.60133e-05
21.4219	27189	0	0	26884	2	232564	5.69859e-05
21.4375	27189	0	0	26884	2	237754	5.80177e-05
21.4531	27189	0	0	26884	2	242992	5.9059e-05
21.4688	20464	0	0	20136	2	185843	4.50189e-05
21.4844	20464	0	0	20136	2	189784	4.58024e-05
21.5	20464	0	0	20136	2	193994	4.66394e-05
21.5156	20464	0	0	20136	2	198232	4.74819e-05
21.5312	20464	0	0	20136	2	202642	4.83586e-05
21.5469	20464	0	0	20136	2	207145	4.92539e-05
21.5625	20464	0	0	20136	2	211765	5.01724e-05
21.5781	20464	0	0	20136	2	216401	5.1094e-05
21.5938	20464	0	0	20136	2	221009	5.20101e-05
21.6094	20464	0	0	20136	2	225917	5.29859e-05
21.625	20464	0	0	20136	2	230889	5.39744e-05
21.6406	20464	0	0	20136	2	235949	5.49803e-05
21.6562	20464	0	0	20136	2	241053	5.5995e-05
21.6719	20464	0	0	20136	2	246298	5.70378e-05
21.6875	20464	0	0	20136	3	251684	5.81087e-05
21.7031	20464	0	0	20136	3	257285	5.92223e-05
21.7188	20464	0	0	20136	3	262970	6.03525e-05
21.7344	20464	0	0	20136	3	268784	6.15083e-05
21.75	20464	0	0	20136	3	274661	6.26767e-05
21.7656	20464	0	0	20136	3	280600	6.38575e-05
21.7812	20464	0	0	20136	3	286754	6.50809e-05
21.7969	20464	0	0	20136	3	293014	6.63254e-05
21.8125	20464	0	0	20136	3	299337	6.75825e-05
21.8281	20464	0	0	20136	3	305799	6.88672e-05
21.8438	20464	0	0	20136	3	312437	7.01869e-05
21.8594	20464	0	0	20136	3	319151	7.15217e-05
21.875	20464	0	0	20136	3	326078	7.28988e-05
21.8906	20464	0	0	20136	3	333072	7.42893e-05
21.9062	20464	0	0	20136	3	340282	7.57227e-05
21.9219	20464	0	0	20136	3	347739	7.72052e-05
21.9375	20464	0	0	20136	3	355337	7.87157e-05
21.9531	20464	0	0	20136	3	363097	8.02584e-05
21.9688	20464	0	0	20136	3	370963	8.18223e-05
21.9844	15485	0	0	15075	3	284716	6.26797e-05
22	15485	0	0	15075	3	290949	6.39189e-05
22.0156	15485	0	0	15075	3	297406	6.52026e-05
22.0312	15485	0	0	15075	3	303866	6.64869e-05
22.0469	15485	0	0	15075	3	310583	6.78223e-05
22.0625	15485	0	0	15075	3	317318	6.91612e-05
22.0781	15485	0	0	15075	3	324449	7.05789e-05
22.0938	15485	0	0	15075	3	331633	7.20072e-05
22.1094	15485	0	0	15075	3	338960	7.34638e-05
22.125	15485	0	0	15075	3	346516	7.4966e-05
22.1406	15485	0	0	15075	3	353914	7.64368e-05
22.1562	15485	0	0	15075	3	361698	7.79843e-05
22.1719	15485	0	0	15075	3	369715	7.95781e-05
22.1875	15485	0	0	15075	3	377757	8.11769e-05
22.2031	15485	0	0	15075	3	385931	8.2802e-05
22.2188	15485	0	0	15075	3	394569	8.45193e-05
22.2344	15485	0	0	15075	3	403286	8.62523e-05
22.25	15485	0	0	15075	3	412212	8.80268e-05
22.2656	15485	0	0	15075	3	421031	8.97801e-05
22.2812	15485	0	0	15075	3	430191	9.16012e-05
22.2969	15485	0	0	15075	3	439574	9.34666e-05
22.3125	15485	0	0	15075	3	449145	9.53694e-05
22.3281	15485	0	0	15075	3	458871	9.7303e-05
22.3438	15485	0	0	15075	3	468851	9.92871e-05
22.3594	15485	0	0	15075	3	479106	0.000101326
22.375	15485	0	0	15075	3	489569	0.000103406
22.3906	15485	0	0	15075	3	500185	0.000105517
22.4062	15485	0	0	15075	3	511066	0.00010768
22.4219	15485	0	0	15075	3	522172	0.000109888
22.4375	15485	0	0	15075	3	533588	0.000112157
22.4531	15485	0	0	15075	3	545209	0.000114468
22.4688	15485	0	0	15075	3	557028	0.000116817
22.4844	15485	0	0	15075	3	569073	0.000119212
22.5	11745	0	0	11334	3	435837	9.12364e-05
22.5156	11745	0	0	11334	3	445345	9.31266e-05
22.5312	11745	0	0	11334	3	454919	9.503e-05
22.5469	11745	0	0	11334	3	464708	9.69761e-05
22.5625	11745	0	0	11334	3	475009	9.90241e-05
22.5781	11745	0	0	11334	3	485194	0.000101049
22.5938	11745	0	0	11334	3	495836	0.000103165
22.6094	11745	0	0	11334	3	506570	0.000105299
22.625	11745	0	0	11334	3	517659	0.000107503
22.6406	11745	0	0	11334	3	528910	0.00010974
22.6562	11745	0	0	11334	3	540340	0.000112012
22.6719	11745	0	0	11334	3	552408	0.000114412
22.6875	11745	0	0	11334	3	564489	0.000116813
22.7031	11745	0	0	11334	3	576897	0.00011928
22.7188	11745	0	0	11334	3	589612	0.000121808
22.7344	11745	0	0	11334	3	602420	0.000124354
22.75	11745	0	0	11334	3	615544	0.000126963
22.7656	11745	0	0	11334	3	628909	0.00012962
22.7812	11745	0	0	11334	3	642490	0.00013232
22.7969	11745	0	0	11334	3	656579	0.000135121
22.8125	11745	0	0	11334	3	671131	0.000138015
22.8281	11745	0	0	11334	3	685675	0.000140906
22.8438	11745	0	0	11334	3	700528	0.000143859
22.8594	11745	0	0	11334	3	715849	0.000146905
22.875	11745	0	0	11334	3	731578	0.000150032
22.8906	11745	0	0	11334	3	747425	0.000153182
22.9062	11745	0	0	11334	3	763923	0.000156462
22.9219	11745	0	0	11334	3	780369	0.000159732
22.9375	11745	0	0	11334	3	797492	0.000163136
22.9531	11745	0	0	11334	3	814960	0.000166609
22.9688	11745	0	0	11334	3	832896	0.000170175
22.9844	11745	0	0	11334	3	851129	0.000173799
23	11745	0	0	11334	3	869641	0.00017748
23.0156	8792	0	0	8480	3	665723	0.000135785
23.0312	8792	0	0	8480	3	680462	0.000138715
23.0469	8792	0	0	8480	3	695427	0.00014169
23.0625	8792	0	0	8480	3	710636	0.000144714
23.0781	8792	0	0	8480	5	726293	0.000147827
23.0938	8792	0	0	8480	5	742250	0.000150999
23.1094	8792	0	0	8480	5	758297	0.00015419
23.125	8792	0	0	8480	5	774857	0.000157482
23.1406	8792	0	0	8480	5	791734	0.000160837
23.1562	8792	0	0	8480	5	808910	0.000164252
23.1719	8792	0	0	8480	5	826437	0.000167736
23.1875	8792	0	0	8480	5	844319	0.000171291
23.2031	8792	0	0	8480	5	862648	0.000174935
23.2188	8792	0	0	8480	5	881275	0.000178639
23.2344	8792	0	0	8480	5	900530	0.000182467
23.25	8792	0	0	8480	5	920289	0.000186395
23.2656	8792	0	0	8480	5	940348	0.000190383
23.2812	8792	0	0	8480	5	960982	0.000194485
23.2969	8792	0	0	8480	5	981868	0.000198637
23.3125	8792	0	0	8480	5	1003491	0.000202936
23.3281	8792	0	0	8480	5	1025679	0.000207347
23.3438	8792	0	0	8480	5	1048229	0.00021183
23.3594	8792	0	0	8480	5	1071204	0.000216398
23.375	8792	0	0	8480	5	1094573	0.000221044
23.3906	8792	0	0	8480	5	1118442	0.000225789
23.4062	8792	0	0	8480	5	1142818	0.000230635
23.4219	8792	0	0	8480	5	1167811	0.000235604
23.4375	8792	0	0	8480	5	1193470	0.000240705
23.4531	8792	0	0	8480	5	1219268	0.000245834
23.4688	8792	0	0	8480	5	1245831	0.000251115
23.4844	8792	0	0	8480	5	1273145	0.000256545
23.5	8792	0	0	8480	5	1300705	0.000262024
23.5156	8792	0	0	8480	5	1328740	0.000267598
23.5312	6561	0	0	6332	5	1018617	0.000205073
23.5469	6561	0	0	6332	5	1041018	0.000209526
23.5625	6561	0	0	6332	5	1063683	0.000214032
23.5781	6561	0	0	6332	5	1086619	0.000218592
23.5938	6561	0	0	6332	5	1110455	0.000223331
23.6094	6561	0	0	6332	5	1134595	0.00022813
23.625	6561	0	0	6332	5	1159557	0.000233092
23.6406	6561	0	0	6332	5	1184821	0.000238115
23.6562	6561	0	0	6332	5	1210956	0.000243311
23.6719	6561	0	0	6332	5	1237534	0.000248595
23.6875	6561	0	0	6332	5	1264762	0.000254008
23.7031	6561	0	0	6332	5	1292567	0.000259536
23.7188	6561	0	0	6332	5	1320713	0.000265131
23.7344	6561	0	0	6332	5	1349731	0.0002709
23.75	6561	0	0	6332	5	1379407	0.0002768
23.7656	6561	0	0	6332	5	1409615	0.000282806
23.7812	6561	0	0	6332	6	1440626	0.000288971
23.7969	6561	0	0	6332	6	1472039	0.000295216
23.8125	6561	0	0	6332	6	1504313	0.000301633
23.8281	6561	0	0	6332	6	1537199	0.000308171
23.8438	6561	0	0	6332	6	1570701	0.000314831
23.8594	6561	0	0	6332	6	1605095	0.000321669
23.875	6561	0	0	6332	6	1640364	0.000328681
23.8906	6561	0	0	6332	6	1676235	0.000335812
23.9062	6561	0	0	6332	7	1712868	0.000343095
23.9219	6561	0	0	6332	7	1750262	0.000350529
23.9375	6561	0	0	6332	7	1788498	0.000358131
23.9531	6561	0	0	6332	7	1827545	0.000365894
23.9688	6561	0	0	6332	7	1867451	0.000373827
23.9844	6561	0	0	6332	7	1908226	0.000381934
24	6561	0	0	6332	7	1949962	0.000390231
24.0156	6561	0	0	6332	7	1992637	0.000398715
24.0312	6561	0	0	6332	7	2036109	0.000407358
24.0469	4859	0	0	4710	4	1559243	0.000311892
24.0625	4859	0	0	4710	5	1593519	0.000318706
24.0781	4859	0	0	4710	5	1628514	0.000325664
24.0938	4859	0	0	4710	5	1664143	0.000332747
24.1094	4859	0	0	4710	5	1700609	0.000339997
24.125	4859	0	0	4710	5	1737840	0.000347398
24.1406	4859	0	0	4710	5	1775755	0.000354936
24.1562	4859	0	0	4710	5	1814591	0.000362657
24.1719	4859	0	0	4710	5	1854136	0.000370519
24.1875	4859	0	0	4710	5	1894250	0.000378494
24.2031	4859	0	0	4710	5	1935381	0.000386671
24.2188	4859	0	0	4710	5	1977590	0.000395062
24.2344	4859	0	0	4710	5	2020964	0.000403685
24.25	4859	0	0	4710	5	2064945	0.000412429
24.2656	4859	0	0	4710	5	2109844	0.000421355
24.2812	4859	0	0	4710	5	2155888	0.000430509
24.2969	4859	0	0	4710	5	2203476	0.00043997
24.3125	4859	0	0	4710	5	2251986	0.000449614
24.3281	4859	0	0	4710	5	2301186	0.000459396
24.3438	4859	0	0	4710	5	2351253	0.000469349
24.3594	4859	0	0	4710	5	2402039	0.000479446
24.375	4859	0	0	4710	5	2454440	0.000489864
24.3906	4859	0	0	4710	6	2507858	0.000500484
24.4062	4859	0	0	4710	6	2562645	0.000511376
24.4219	4859	0	0	4710	6	2618343	0.000522449
24.4375	4859	0	0	4710	6	2675330	0.000533778
24.4531	4859	0	0	4710	6	2733665	0.000545376
24.4688	4859	0	0	4710	6	2793134	0.000557199
24.4844	4859	0	0	4710	6	2854276	0.000569354
24.5	4859	0	0	4710	6	2916811	0.000581787
24.5156	4859	0	0	4710	6	2980633	0.000594475
24.5312	4859	0	0	4710	6	3045910	0.000607452
24.5469	4859	0	0	4710	6	3112778	0.000620746
24.5625	3671	0	0	3538	4	2385026	0.000475594
24.5781	3671	0	0	3538	4	2437180	0.000485963
24.5938	3671	0	0	3538	4	2490568	0.000496577
24.6094	3671	0	0	3538	4	2545417	0.000507481
24.625	3671	0	0	3538	5	2600720	0.000518476
24.6406	3671	0	0	3538	6	2657837	0.000529831
24.6562	3671	0	0	3538	6	2715656	0.000541326
24.6719	3671	0	0	3538	6	2775409	0.000553206
24.6875	3671	0	0	3538	6	2835749	0.000565202
24.7031	3671	0	0	3538	6	2897530	0.000577484
24.7188	3671	0	0	3538	6	2960773	0.000590057
24.7344	3671	0	0	3538	6	3025199	0.000602866
24.75	3671	0	0	3538	6	3091208	0.000615989
24.7656	3671	0	0	3538	6	3158538	0.000629374
24.7812	3671	0	0	3538	6	3227493	0.000643083
24.7969	3671	0	0	3538	6	3297736	0.000657048
24.8125	3671	0	0	3538	6	3369951	0.000671405
24.8281	3671	0	0	3538	6	3443563	0.000686039
24.8438	3671	0	0	3538	6	3519184	0.000701073
24.8594	3671	0	0	3538	6	3595022	0.000716151
24.875	3671	0	0	3538	6	3673417	0.000731736
24.8906	3671	0	0	3538	6	3754161	0.000747788
24.9062	3671	0	0	3538	6	3836000	0.000764059
24.9219	3671	0	0	3538	6	3919421	0.000780643
24.9375	3671	0	0	3538	6	4004922	0.000797642
24.9531	3671	0	0	3538	6	4092119	0.000814977
24.9688	3671	0	0	3538	7	4181553	0.000832757
24.9844	3671	0	0	3538	7	4272973	0.000850932
25	3671	0	0	3538	7	4366740	0.000869574
25.0156	3671	0	0	3538	7	4462116	0.000888535
25.0312	3671	0	0	3538	7	4559114	0.000907819
25.0469	3671	0	0	3538	7	4658603	0.000927598
25.0625	3671	0	0	3538	7	4759937	0.000947744
25.0781	2756	0	0	2649	6	3649038	0.000726531
25.0938	2756	0	0	2649	6	3728726	0.000742373
25.1094	2756	0	0	2649	6	3809870	0.000758505
25.125	2756	0	0	2649	7	3893326	0.000775097
25.1406	2756	0	0	2649	7	3978231	0.000791977
25.1562	2756	0	0	2649	7	4065071	0.000809241
25.1719	2756	0	0	2649	7	4153713	0.000826864
25.1875	2756	0	0	2649	7	4244418	0.000844897
25.2031	2756	0	0	2649	7	4336835	0.00086327
25.2188	2756	0	0	2649	7	4431382	0.000882066
25.2344	2756	0	0	2649	7	4528155	0.000901306
25.25	2756	0	0	2649	7	4627518	0.00092106
25.2656	2756	0	0	2649	7	4728821	0.000941199
25.2812	2756	0	0	2649	7	4832600	0.000961831
25.2969	2756	0	0	2649	7	4938057	0.000982797
25.3125	2756	0	0	2649	7	5046203	0.0010043
25.3281	2756	0	0	2649	7	5156484	0.00102622
25.3438	2756	0	0	2649	7	5268643	0.00104852
25.3594	2756	0	0	2649	7	5383520	0.00107136
25.375	2756	0	0	2649	7	5501172	0.00109475
25.3906	2756	0	0	2649	7	5621269	0.00111862
25.4062	2756	0	0	2649	7	5744440	0.00114311
25.4219	2756	0	0	2649	7	5869246	0.00116792
25.4375	2756	0	0	2649	7	5997842	0.00119349
25.4531	2756	0	0	2649	7	6128687	0.0012195
25.4688	2756	0	0	2649	8	6262359	0.00124608
25.4844	2756	0	0	2649	8	6398753	0.00127319
25.5	2756	0	0	2649	8	6537784	0.00130083
25.5156	2756	0	0	2649	8	6680318	0.00132917
25.5312	2756	0	0	2649	8	6826107	0.00135816
25.5469	2756	0	0	2649	8	6974993	0.00138775
25.5625	2756	0	0	2649	8	7127092	0.00141799
25.5781	2756	0	0	2649	8	7283611	0.00144911
25.5938	2091	0	0	1981	6	5582164	0.00111058
25.6094	2091	0	0	1981	6	5704229	0.00113485
25.625	2091	0	0	1981	6	5828671	0.00115959
25.6406	2091	0	0	1981	6	5955943	0.00118489
25.6562	2091	0	0	1981	6	6085864	0.00121072
25.6719	2091	0	0	1981	6	6218828	0.00123716
25.6875	2091	0	0	1981	6	6354353	0.0012641
25.7031	2091	0	0	1981	6	6492602	0.00129159
25.7188	2091	0	0	1981	6	6634211	0.00131974
25.7344	2091	0	0	1981	6	6779128	0.00134855
25.75	2091	0	0	1981	6	6927941	0.00137814
25.7656	2091	0	0	1981	6	7079669	0.0014083
25.7812	2091	0	0	1981	6	7234087	0.001439
25.7969	2091	0	0	1981	6	7392355	0.00147046
25.8125	2091	0	0	1981	6	7553554	0.00150251
25.8281	2091	0	0	1981	6	7718381	0.00153528
25.8438	2091	0	0	1981	6	7886525	0.00156871
25.8594	2091	0	0	1981	6	8058780	0.00160295
25.875	2091	0	0	1981	6	8234473	0.00163788
25.8906	2091	0	0	1981	6	8414259	0.00167363
25.9062	2091	0	0	1981	6	8597520	0.00171006
25.9219	2091	0	0	1981	6	8785624	0.00174746
25.9375	2091	0	0	1981	6	8977705	0.00178564
25.9531	2091	0	0	1981	6	9173240	0.00182452
25.9688	2091	0	0	1981	6	9373391	0.00186431
25.9844	2091	0	0	1981	6	9577929	0.00190497
26	2091	0	0	1981	6	9787736	0.00194668
26.0156	2091	0	0	1981	6	10000971	0.00198908
26.0312	2091	0	0	1981	7	10219403	0.0020325
26.0469	2091	0	0	1981	7	10441887	0.00207673
26.0625	2091	0	0	1981	7	10669654	0.00212201
26.0781	2091	0	0	1981	7	10903863	0.00216858
26.0938	2091	0	0	1981	7	11140998	0.00221572
26.1094	1559	0	0	1500	4	8538770	0.00169818
26.125	1559	0	0	1500	4	8725094	0.00173522
26.1406	1559	0	0	1500	4	8915686	0.00177311
26.1562	1559	0	0	1500	4	9110664	0.00181187
26.1719	1559	0	0	1500	4	9309797	0.00185146
26.1875	1559	0	0	1500	4	9513868	0.00189203
26.2031	1559	0	0	1500	4	9721996	0.00193341
26.2188	1559	0	0	1500	5	9933804	0.00197552
26.2344	1559	0	0	1500	5	10150085	0.00201852
26.25	1559	0	0	1500	5	10372445	0.00206273
26.2656	1559	0	0	1500	5	10598624	0.00210769
26.2812	1559	0	0	1500	5	10829621	0.00215362
26.2969	1559	0	0	1500	5	11065878	0.00220058
26.3125	1559	0	0	1500	5	11307486	0.00224862
26.3281	1559	0	0	1500	5	11555465	0.00229792
26.3438	1559	0	0	1500	5	11807647	0.00234805
26.3594	1559	0	0	1500	5	12065223	0.00239926
26.375	1559	0	0	1500	5	12328706	0.00245164
26.3906	1559	0	0	1500	5	12597196	0.00250502
26.4062	1559	0	0	1500	5	12871978	0.00255965
26.4219	1559	0	0	1500	5	13152834	0.00261549
26.4375	1559	0	0	1500	5	13439931	0.00267256
26.4531	1559	0	0	1500	5	13732762	0.00273078
26.4688	1559	0	0	1500	5	14032584	0.00279039
26.4844	1559	0	0	1500	5	14339137	0.00285133
26.5	1559	0	0	1500	5	14652388	0.00291361
26.5156	1559	0	0	1500	5	14972318	0.00297721
26.5312	1559	0	0	1500	5	15299434	0.00304225
26.5469	1559	0	0	1500	5	15632969	0.00310856
26.5625	1559	0	0	1500	5	15974526	0.00317646
26.5781	1559	0	0	1500	5	16323461	0.00324583
26.5938	1559	0	0	1500	5	16679887	0.00331669
26.6094	1559	0	0	1500	5	17043932	0.00338906
26.625	1174	0	0	1143	3	13062737	0.00259743
26.6406	1174	0	0	1143	3	13347643	0.00265407
26.6562	1174	0	0	1143	3	13639079	0.00271201
26.6719	1174	0	0	1143	3	13936676	0.00277117
26.6875	1174	0	0	1143	3	14240799	0.00283163
26.7031	1174	0	0	1143	3	14551050	0.00289331
26.7188	1174	0	0	1143	3	14869444	0.00295661
26.7344	1174	0	0	1143	3	15194265	0.00302119
26.75	1174	0	0	1143	3	15525936	0.00308713
26.7656	1174	0	0	1143	3	15866284	0.00315479
26.7812	1174	0	0	1143	3	16212218	0.00322357
26.7969	1174	0	0	1143	3	16566157	0.00329393
26.8125	1174	0	0	1143	3	16927948	0.00336586
26.8281	1174	0	0	1143	3	17296771	0.00343918
26.8438	1174	0	0	1143	3	17673819	0.00351414
26.8594	1174	0	0	1143	3	18059608	0.00359084
26.875	1174	0	0	1143	3	18454351	0.00366932
26.8906	1174	0	0	1143	3	18857177	0.0037494
26.9062	1174	0	0	1143	3	19268053	0.00383109
26.9219	1174	0	0	1143	3	19688785	0.00391473
26.9375	1174	0	0	1143	3	20118790	0.00400022
26.9531	1174	0	0	1143	3	20557873	0.00408751
26.9688	1174	0	0	1143	3	21006584	0.00417672
26.9844	1174	0	0	1143	3	21464167	0.00426769
27	1174	0	0	1143	3	21931179	0.00436054
27.0156	1174	0	0	1143	4	22409288	0.00445559
27.0312	1174	0	0	1143	4	22897862	0.00455272
27.0469	1174	0	0	1143	4	23398027	0.00465216
27.0625	1174	0	0	1143	4	23908100	0.00475356
27.0781	1174	0	0	1143	4	24430743	0.00485747
27.0938	1174	0	0	1143	5	24965305	0.00496374
27.1094	1174	0	0	1143	5	25509411	0.00507192
27.125	1174	0	0	1143	5	26065579	0.00518249
27.1406	892	0	0	861	3	19976250	0.00397177
27.1562	892	0	0	861	3	20410572	0.00405812
27.1719	892	0	0	861	3	20855356	0.00414654
27.1875	892	0	0	861	3	21309299	0.00423679
27.2031	892	0	0	861	3	21774999	0.00432937
27.2188	892	0	0	861	3	22250194	0.00442385
27.2344	892	0	0	861	3	22735352	0.0045203
27.25	892	0	0	861	3	23231546	0.00461895
27.2656	892	0	0	861	3	23739555	0.00471994
27.2812	892	0	0	861	3	24256909	0.0048228
27.2969	892	0	0	861	3	24786433	0.00492807
27.3125	892	0	0	861	3	25326467	0.00503543
27.3281	892	0	0	861	3	25879344	0.00514535
27.3438	892	0	0	861	3	26444537	0.00525771
27.3594	892	0	0	861	3	27022337	0.00537258
27.375	892	0	0	861	4	27612409	0.00548989
27.3906	892	0	0	861	4	28214755	0.00560964
27.4062	892	0	0	861	4	28831265	0.00573221
27.4219	892	0	0	861	4	29459790	0.00585717
27.4375	892	0	0	861	4	30102975	0.00598504
27.4531	892	0	0	861	4	30761596	0.00611597
27.4688	892	0	0	861	4	31433629	0.00624958
27.4844	892	0	0	861	4	32119244	0.00638589
27.5	892	0	0	861	4	32820256	0.00652525
27.5156	892	0	0	861	4	33537018	0.00666775
27.5312	892	0	0	861	4	34268809	0.00681323
27.5469	892	0	0	861	4	35017432	0.00696207
27.5625	892	0	0	861	4	35781655	0.007114
27.5781	892	0	0	861	4	36563461	0.00726943
27.5938	892	0	0	861	4	37361003	0.00742798
27.6094	892	0	0	861	4	38175760	0.00758996
27.625	892	0	0	861	4	39009753	0.00775577
27.6406	892	0	0	861	4	39861846	0.00792517
27.6562	656	0	0	634	3	30552428	0.0060743
27.6719	656	0	0	634	3	31220192	0.00620705
27.6875	656	0	0	634	3	31901435	0.00634249
27.7031	656	0	0	634	3	32597360	0.00648085
27.7188	656	0	0	634	3	33308181	0.00662216
27.7344	656	0	0	634	3	34035511	0.00676676
27.75	656	0	0	634	3	34779626	0.0069147
27.7656	656	0	0	634	3	35537069	0.00706528
27.7812	656	0	0	634	3	36312756	0.00721949
27.7969	656	0	0	634	3	37106361	0.00737727
27.8125	656	0	0	634	3	37917180	0.00753846
27.8281	656	0	0	634	3	38744834	0.00770301
27.8438	656	0	0	634	4	39590976	0.00787123
27.8594	656	0	0	634	4	40454869	0.00804298
27.875	656	0	0	634	4	41339436	0.00821883
27.8906	656	0	0	634	4	42239926	0.00839786
27.9062	656	0	0	634	4	43158888	0.00858055
27.9219	656	0	0	634	4	44100440	0.00876774
27.9375	656	0	0	634	4	45064330	0.00895937
27.9531	656	0	0	634	4	46047678	0.00915487
27.9688	656	0	0	634	4	47053979	0.00935492
27.9844	656	0	0	634	4	48082770	0.00955946
28	656	0	0	634	4	49135395	0.00976873
28.0156	656	0	0	634	4	50209033	0.00998217
28.0312	656	0	0	634	4	51305270	0.0102001
28.0469	656	0	0	634	4	52427833	0.0104233
28.0625	656	0	0	634	4	53570712	0.0106505
28.0781	656	0	0	634	4	54740394	0.010883
28.0938	656	0	0	634	4	55933862	0.0111203
28.1094	656	0	0	634	4	57153973	0.0113629
28.125	656	0	0	634	4	58403693	0.0116113
28.1406	656	0	0	634	4	59678714	0.0118648
28.1562	656	0	0	634	4	60982970	0.0121241
28.1719	487	0	0	494	4	46732658	0.00929098
28.1875	487	0	0	494	4	47751682	0.00949357
28.2031	487	0	0	494	4	48795300	0.00970105
28.2188	487	0	0	494	4	49860248	0.00991277
28.2344	487	0	0	494	4	50948359	0.0101291
28.25	487	0	0	494	4	52060574	0.0103502
28.2656	487	0	0	494	4	53197639	0.0105763
28.2812	487	0	0	494	4	54359943	0.0108073
28.2969	487	0	0	494	4	55546369	0.0110432
28.3125	487	0	0	494	4	56760057	0.0112845
28.3281	487	0	0	494	4	58000071	0.011531
28.3438	487	0	0	494	4	59266304	0.0117828
28.3594	487	0	0	494	4	60561304	0.0120402
28.375	487	0	0	494	4	61881463	0.0123027
28.3906	487	0	0	494	4	63233351	0.0125714
28.4062	487	0	0	494	4	64613096	0.0128457
28.4219	487	0	0	494	4	66023796	0.0131262
28.4375	487	0	0	494	4	67465422	0.0134128
28.4531	487	0	0	494	4	68938976	0.0137058
28.4688	487	0	0	494	4	70445815	0.0140053
28.4844	487	0	0	494	4	71983802	0.0143111
28.5	487	0	0	494	4	73557035	0.0146239
28.5156	487	0	0	494	5	75164641	0.0149435
28.5312	487	0	0	494	5	76806604	0.0152699
28.5469	487	0	0	494	5	78482379	0.0156031
28.5625	487	0	0	494	5	80193710	0.0159433
28.5781	487	0	0	494	5	81941315	0.0162907
28.5938	487	0	0	494	5	83730370	0.0166464
28.6094	487	0	0	494	5	85559766	0.0170101
28.625	487	0	0	494	5	87427607	0.0173814
28.6406	487	0	0	494	5	89335887	0.0177608
28.6562	487	0	0	494	5	91288203	0.0181489
28.6719	487	0	0	494	5	93281995	0.0185453
28.6875	371	0	0	372	4	71492318	0.0142133
28.7031	371	0	0	372	4	73051993	0.0145234
28.7188	371	0	0	372	4	74646122	0.0148403
28.7344	371	0	0	372	4	76276304	0.0151644
28.75	371	0	0	372	5	77941284	0.0154954
28.7656	371	0	0	372	5	79644338	0.015834
28.7812	371	0	0	372	5	81382707	0.0161796
28.7969	371	0	0	372	5	83159570	0.0165329
28.8125	371	0	0	372	5	84974865	0.0168938
28.8281	371	0	0	372	5	86829962	0.0172626
28.8438	371	0	0	372	5	88725662	0.0176394
28.8594	371	0	0	372	5	90661932	0.0180244
28.875	371	0	0	372	5	92642274	0.0184181
28.8906	371	0	0	372	5	94664742	0.0188202
28.9062	371	0	0	372	5	96730086	0.0192308
28.9219	371	0	0	372	5	98845625	0.0196514
28.9375	371	0	0	372	5	101003782	0.0200804
28.9531	371	0	0	372	5	103210218	0.0205191
28.9688	371	0	0	372	5	105465230	0.0209674
28.9844	371	0	0	372	5	107764391	0.0214245
29	371	0	0	372	5	110118095	0.0218924
29.0156	371	0	0	372	5	112521976	0.0223703
29.0312	371	0	0	372	5	114979724	0.0228589
29.0469	371	0	0	372	5	117490395	0.0233581
29.0625	371	0	0	372	6	120057070	0.0238684
29.0781	371	0	0	372	6	122679399	0.0243897
29.0938	371	0	0	372	6	125357982	0.0249222
29.1094	371	0	0	372	6	128094761	0.0254663
29.125	371	0	0	372	6	130893955	0.0260228
29.1406	371	0	0	372	7	133751341	0.0265909
29.1562	371	0	0	372	7	136673235	0.0271718
29.1719	371	0	0	372	7	139656099	0.0277648
29.1875	371	0	0	372	7	142704085	0.0283707
29.2031	273	0	0	292	6	109355775	0.0217408
29.2188	273	0	0	292	6	111743039	0.0222154
29.2344	273	0	0	292	6	114181512	0.0227002
29.25	273	0	0	292	6	116671638	0.0231953
29.2656	273	0	0	292	6	119217753	0.0237015
29.2812	273	0	0	292	6	121821542	0.0242191
29.2969	273	0	0	292	6	124479848	0.0247476
29.3125	273	0	0	292	6	127197738	0.0252879
29.3281	273	0	0	292	6	129973545	0.0258398
29.3438	273	0	0	292	6	132813090	0.0264043
29.3594	273	0	0	292	7	135713309	0.0269809
29.375	273	0	0	292	7	138675897	0.0275699
29.3906	273	0	0	292	7	141705687	0.0281722
29.4062	273	0	0	292	7	144800009	0.0287874
29.4219	273	0	0	292	7	147961981	0.029416
29.4375	273	0	0	292	7	151193281	0.0300584
29.4531	273	0	0	292	7	154493052	0.0307144
29.4688	273	0	0	292	7	157865234	0.0313849
29.4844	273	0	0	292	7	161315028	0.0320707
29.5	273	0	0	292	7	164838339	0.0327712
29.5156	273	0	0	292	7	168436179	0.0334864
29.5312	273	0	0	292	7	172111149	0.034217
29.5469	273	0	0	292	7	175867851	0.0349639
29.5625	273	0	0	292	7	179708243	0.0357274
29.5781	273	0	0	292	7	183631940	0.0365075
29.5938	273	0	0	292	7	187639957	0.0373043
29.6094	273	0	0	292	9	191736831	0.0381188
29.625	273	0	0	292	9	195921306	0.0389507
29.6406	273	0	0	292	9	200200195	0.0398013
29.6562	273	0	0	292	9	204571893	0.0406705
29.6719	273	0	0	292	9	209039085	0.0415586
29.6875	273	0	0	292	9	213601201	0.0424656
29.7031	273	0	0	292	9	218265800	0.0433929
29.7188	206	0	0	208	7	167264842	0.0332535
29.7344	206	0	0	208	7	170917448	0.0339797
29.75	206	0	0	208	7	174649576	0.0347217
29.7656	206	0	0	208	7	178462130	0.0354796
29.7812	206	0	0	208	7	182355767	0.0362537
29.7969	206	0	0	208	7	186335796	0.037045
29.8125	206	0	0	208	7	190406946	0.0378543
29.8281	206	0	0	208	7	194563726	0.0386807
29.8438	206	0	0	208	7	198809164	0.0395248
29.8594	206	0	0	208	7	203147724	0.0403873
29.875	206	0	0	208	7	207581931	0.0412689
29.8906	206	0	0	208	7	212112731	0.0421696
29.9062	206	0	0	208	7	216744534	0.0430904
29.9219	206	0	0	208	7	221476595	0.0440312
29.9375	206	0	0	208	7	226314913	0.0449931
29.9531	206	0	0	208	7	231254532	0.0459751
29.9688	206	0	0	208	7	236302794	0.0469788
29.9844	206	0	0	208	7	241463930	0.0480048
30	206	0	0	208	7	246739071	0.0490536
30.0156	206	0	0	208	7	252125589	0.0501245
30.0312	206	0	0	208	7	257627612	0.0512183
30.0469	206	0	0	208	7	263244145	0.0523349
30.0625	206	0	0	208	7	268991950	0.0534776
30.0781	206	0	0	208	7	274863183	0.0546449
30.0938	206	0	0	208	7	280862630	0.0558376
30.1094	206	0	0	208	7	286989353	0.0570556
30.125	206	0	0	208	7	293254658	0.0583012
