400 415 0 1 0 0 0 0 0 0 0 0 0 0 0 0 0 0 0 0 0 502737297 0 0 0 0 0 0 0 0 0 0 0 0 0 0 0 0 
21 28 0 0 0 0 0 0 0 0 0 0 0 0 0 0 0 0 0 0 496817175 0 0 0 0 0 0 0 0 0 0 0 0 0 0 0 0 0 
0 1 0 0 0 0 0 0 0 0 0 0 0 0 0 0 0 0 0 0 0 0 35889 0 0 0 0 0 0 0 0 0 367191691 0 0 0 71785792 0 
3 5 0 0 0 0 0 0 0 0 0 0 0 0 0 0 0 0 0 0 0 0 0 0 0 3895938 4440044 0 0 0 0 0 0 0 0 0 496091462 0 
1 0 0 0 0 0 0 0 0 0 0 0 0 0 0 0 0 0 0 0 0 0 0 0 0 0 0 0 0 0 0 0 451393618 0 0 0 0 0 
7 8 0 0 0 0 0 0 0 0 0 0 0 0 0 0 0 0 0 0 0 0 0 0 0 187558591 0 0 0 0 0 0 0 0 0 0 0 281936681 
397 362 0 0 0 0 0 0 0 0 0 0 0 0 0 0 0 0 0 0 0 0 34633838 0 0 0 0 0 0 0 0 0 0 0 0 0 382886046 0 
37 32 0 0 0 0 0 0 0 0 0 0 0 0 0 0 0 0 0 0 0 0 0 0 516904143 0 0 0 0 0 0 0 0 0 0 0 0 0 
29 23 0 0 0 0 0 0 0 0 0 0 0 0 0 0 0 0 0 0 0 0 0 0 0 0 83191419 0 0 0 0 0 0 0 0 0 380632113 0 
693 753 0 0 0 0 2 0 0 0 0 0 0 0 0 0 0 0 0 0 0 0 0 0 20905888 0 406968397 0 0 0 0 0 0 0 0 0 0 0 
89 102 0 0 0 0 0 0 0 0 0 0 0 0 0 0 0 0 0 0 0 430497714 0 0 0 0 0 0 0 0 0 333735 0 0 0 0 0 0 
0 0 0 0 0 0 0 0 0 0 0 0 0 0 0 0 0 0 0 0 0 0 0 0 0 0 0 0 0 0 0 0 0 475774854 0 0 0 0 
56 54 0 0 0 0 0 0 0 0 0 0 0 0 0 0 0 0 0 0 0 522851829 0 0 0 0 0 0 2302 6219 0 0 0 0 0 0 0 0 
8 5 0 0 0 0 0 0 0 0 0 0 0 0 0 0 0 0 0 0 0 0 0 0 30475848 0 0 0 0 0 0 0 0 0 0 0 0 390704224 
178 164 0 0 0 0 0 0 0 0 0 0 0 0 0 0 0 0 0 0 0 485415283 0 0 0 0 0 12396670 0 0 0 0 0 0 0 0 0 0 
64 60 0 0 0 0 0 0 0 0 0 0 0 0 0 0 0 0 0 0 0 0 0 0 0 0 432573272 0 0 0 0 0 0 0 0 0 0 0 
45 44 0 0 0 0 0 0 0 0 0 0 0 0 0 0 0 0 0 0 0 0 0 0 470814159 0 0 0 0 0 66809 0 0 0 0 0 0 0 
0 1 0 0 0 0 0 0 0 0 0 0 0 0 0 0 0 0 0 0 0 0 0 0 0 0 0 0 0 0 0 0 0 0 0 0 0 400475774 
280 291 0 0 0 0 0 0 0 0 0 0 0 0 0 0 0 0 0 0 0 0 0 0 0 0 0 479237073 0 0 0 0 0 0 0 0 0 0 
0 0 0 0 0 0 0 0 0 0 0 0 0 0 0 0 0 0 0 0 0 0 0 0 0 0 0 0 0 0 0 0 0 0 0 0 477473216 0 
86 86 0 0 0 0 0 0 0 0 0 0 0 0 0 0 0 0 0 0 0 0 0 0 0 435917567 0 0 0 0 0 0 0 0 0 206 0 0 
0 0 0 0 0 0 0 0 0 0 0 0 0 0 0 0 0 0 0 0 0 0 0 0 0 0 0 0 0 0 0 0 420260021 0 0 0 0 0 
178 151 0 0 0 0 0 0 0 0 0 0 0 0 0 0 0 0 0 0 0 0 0 0 0 0 0 0 0 0 0 0 0 0 0 0 0 437398058 
1 8 0 0 0 0 0 0 0 0 0 0 0 0 0 0 0 0 0 0 0 0 0 0 0 460792588 0 0 0 0 0 0 0 0 0 0 0 0 
0 0 0 0 0 0 0 0 0 0 0 0 0 0 0 0 0 0 0 0 0 0 0 0 0 0 0 0 0 0 0 0 62395 0 0 0 405165524 0 
47 32 0 0 0 0 0 0 0 0 0 0 0 0 0 0 0 0 0 0 0 0 0 0 0 0 433770741 155014 0 0 0 0 0 0 0 0 0 0 
0 0 0 0 0 0 0 0 0 0 0 0 0 0 0 0 0 0 0 0 0 437793 0 0 0 0 0 0 0 1057 0 0 432492523 0 0 0 0 0 
0 0 0 0 0 0 0 0 0 0 0 0 0 0 0 0 0 0 0 0 0 0 0 0 0 0 0 0 0 0 0 0 446739901 0 0 0 0 0 
0 0 0 0 0 0 0 0 0 0 0 0 0 0 0 0 0 0 0 0 0 0 0 0 0 0 10252 0 0 0 0 0 508217535 4567171 0 0 0 0 
160 167 0 0 0 0 0 0 0 0 0 0 0 0 0 0 0 0 0 0 0 0 0 338570 0 0 0 506495503 0 0 0 0 0 0 0 0 0 0 
11 6 0 0 0 0 0 0 0 0 0 0 0 0 0 0 0 0 0 0 19888607 0 0 0 0 0 3423432 439848889 5119 0 0 0 0 0 0 0 0 0 
43 45 0 0 0 0 0 0 0 0 0 0 0 0 0 0 0 0 0 0 0 0 0 0 0 0 187967142 0 0 6564 0 0 0 0 0 0 0 312417762 
28 27 0 0 0 0 0 0 0 0 0 0 0 0 0 0 0 0 0 0 0 257782890 0 0 160459310 0 0 0 0 0 0 0 0 0 0 0 0 0 
13 5 0 0 0 0 0 0 0 0 0 0 0 0 0 0 0 0 0 0 400738421 0 0 0 0 0 0 0 0 0 0 0 0 0 0 0 0 0 
8 7 0 0 0 0 0 0 0 0 0 0 0 0 0 0 0 0 0 0 0 0 0 108927 0 0 0 0 0 0 0 0 0 0 0 0 344942012 126541349 
37 38 0 0 0 0 0 0 0 0 0 0 0 0 0 0 0 0 0 0 0 0 0 0 0 445459768 1627450 0 0 0 0 0 0 0 0 0 0 0 
11 12 0 0 0 0 0 0 0 0 0 0 0 0 0 0 0 0 0 0 0 0 0 0 0 0 0 0 0 0 0 0 212044005 0 0 0 0 197782715 
1 1 0 0 0 0 0 0 0 0 0 0 0 0 0 0 0 0 0 0 0 0 0 433 0 0 0 0 0 0 0 0 0 0 5 0 507406907 642322 
0 0 0 0 0 0 0 0 0 0 0 0 0 0 0 0 0 0 0 0 0 0 0 0 0 0 0 0 0 0 0 0 0 522581126 0 0 0 0 
33 34 0 0 0 0 0 0 0 0 0 0 0 0 0 0 0 0 0 0 0 0 0 0 0 0 0 418344728 0 0 0 0 0 0 0 0 0 0 
667 675 0 0 0 0 0 0 0 0 0 0 0 0 0 0 0 0 0 0 0 0 0 0 0 0 368634787 0 0 0 0 0 0 0 17660 0 0 0 
0 0 0 0 0 0 0 0 0 0 0 0 0 0 0 0 0 0 0 0 0 0 0 0 13194971 0 0 0 0 0 0 0 0 0 0 0 40053727 351845535 
569 646 0 0 0 0 0 0 0 0 0 0 0 0 0 0 0 0 0 0 294508219 0 0 0 0 0 0 0 0 0 0 0 0 0 12574 0 0 0 
50 38 0 0 0 0 0 0 0 0 0 0 0 0 0 0 0 0 0 0 0 493931702 0 0 0 0 0 0 0 25773 0 0 0 0 0 0 0 0 
0 0 0 0 0 0 0 0 0 0 0 0 0 0 0 0 0 0 0 0 0 0 0 0 0 0 0 0 6 0 0 0 431372595 0 0 0 0 0 
108 113 0 0 0 0 0 0 0 0 0 0 0 0 0 0 0 0 0 0 0 0 0 0 0 407468644 1232058 0 0 0 0 0 0 0 0 0 0 0 
1 6 0 0 0 0 0 0 0 0 0 0 0 0 0 0 0 0 0 0 0 0 2229 0 0 0 0 0 0 0 0 0 0 0 0 0 503392419 0 
2 1 0 0 0 0 0 0 0 0 0 0 0 0 0 0 0 0 0 0 0 0 73187 0 0 10361991 0 0 0 0 0 0 0 396337520 0 0 0 0 
0 0 0 0 0 0 0 0 0 0 0 0 0 0 0 0 0 0 0 0 0 0 0 0 2091778 0 0 0 0 0 0 0 0 0 0 0 428448376 0 
1 2 0 0 0 0 0 0 0 0 0 0 0 0 0 0 0 0 0 0 0 0 0 0 0 0 0 0 0 0 0 0 0 0 0 8 437808689 0 
164 187 0 0 0 0 0 0 0 0 0 0 0 0 0 0 0 0 0 0 0 524090211 0 0 0 0 0 0 0 0 0 0 0 0 0 0 0 0 
292 274 0 0 0 0 0 0 0 0 0 0 0 0 0 0 0 0 0 0 0 478173581 0 0 0 0 0 0 0 0 0 36198 0 0 0 0 0 0 
6 7 0 0 0 0 0 0 0 0 0 0 0 0 0 0 0 0 0 0 0 0 0 0 0 0 0 3501925 0 0 1386 0 162593 450335650 0 0 0 0 
33 34 0 0 0 0 0 0 0 0 0 0 0 0 0 0 0 0 0 0 0 0 0 0 0 416368435 0 0 0 0 0 0 0 0 0 0 0 0 
0 0 0 0 0 0 0 0 0 0 0 0 0 0 0 0 0 0 0 0 0 0 0 0 0 6815451 0 0 0 0 0 0 0 0 0 0 491245712 0 
0 0 0 0 0 0 0 0 0 0 0 0 0 0 0 0 0 0 0 0 0 0 0 0 0 0 0 0 0 0 0 0 0 399755057 0 0 0 0 
3 3 0 0 0 0 0 0 0 0 0 0 0 0 0 0 0 0 0 0 0 105343 0 0 0 0 0 493457 0 0 0 0 447502417 0 0 0 0 0 
1 1 0 0 0 0 0 0 0 0 0 0 0 0 0 0 0 0 0 0 0 0 0 0 0 0 0 0 0 0 0 0 0 0 0 0 461981354 33839937 
1 0 0 0 0 0 0 0 0 0 0 0 0 0 0 0 0 0 0 0 310125 0 27026 0 0 0 0 0 0 0 0 0 0 0 0 0 0 403500311 
1 0 0 0 0 0 0 0 0 0 0 0 0 0 0 0 0 0 0 0 0 0 0 0 0 0 0 0 0 0 0 0 135846574 0 0 0 284729335 0 
1 4 0 0 0 0 0 0 0 0 0 0 0 0 0 0 0 0 0 0 0 0 0 0 0 477730455 0 0 0 0 0 0 0 0 0 0 0 0 
81 73 0 0 0 0 0 0 0 0 0 0 0 0 0 0 0 0 0 0 474596642 0 0 0 0 0 0 0 0 0 0 0 0 0 0 0 0 0 
0 1 0 0 0 0 0 0 0 0 0 0 0 0 0 0 0 0 0 0 0 0 0 0 408919044 0 0 0 0 0 0 0 0 0 0 0 0 0 
0 0 0 0 0 0 0 0 0 0 0 0 0 0 0 0 0 0 0 0 0 15910 1399 0 0 0 0 0 0 0 0 0 0 396227666 0 0 19268609 0 
519 532 0 0 0 0 0 0 0 0 0 0 0 0 0 0 0 0 0 0 0 0 0 0 0 0 435812518 0 0 0 0 0 0 0 0 0 0 0 
600 597 0 0 0 0 0 0 0 0 0 0 0 0 0 0 0 0 0 3 0 0 0 0 0 0 0 381674753 1495271 0 0 0 0 0 0 0 0 1413607 
545 540 0 0 0 0 0 0 0 0 0 0 0 0 0 0 0 0 0 0 0 0 0 0 511984831 0 0 0 0 0 0 0 0 0 0 0 0 0 
40 30 0 0 0 0 0 0 0 0 0 0 0 0 0 0 0 0 0 0 0 0 0 0 0 489852431 0 0 0 0 0 0 0 0 0 2187 0 0 
0 0 0 0 0 0 0 0 0 0 0 0 0 0 0 0 0 0 0 0 0 0 1710 0 0 0 0 0 0 0 0 0 448234672 0 0 0 0 0 
74 91 0 0 0 0 0 0 0 0 0 0 0 0 0 0 0 0 0 0 0 0 0 0 0 0 513127935 0 0 0 0 0 0 0 0 0 0 0 
35 41 0 0 0 0 0 0 0 0 0 0 0 0 0 0 0 0 0 0 355727274 0 0 0 0 0 103322914 0 0 0 0 0 0 0 0 0 0 0 
2 1 0 0 0 0 0 0 0 0 0 0 0 0 0 0 0 0 0 0 0 0 0 0 554714 0 0 0 0 0 0 0 0 0 0 0 431409959 0 
0 2 0 0 0 0 0 0 0 0 0 0 0 0 0 0 0 0 0 0 0 0 0 0 0 0 0 0 0 0 0 0 0 489790512 0 0 0 0 
385 353 0 0 0 0 0 0 0 0 0 0 0 0 0 0 0 0 0 0 0 0 0 0 464235276 0 0 0 0 0 0 0 0 0 0 6757 0 0 
3 5 0 0 0 0 0 0 0 0 0 0 0 0 0 0 0 0 0 0 0 3855772 207723 0 0 0 0 0 0 0 0 0 0 0 0 0 0 397429542 
422 416 0 0 0 0 0 0 0 0 0 0 0 0 0 0 0 0 0 0 0 0 0 0 0 0 402467689 0 0 0 0 0 0 0 0 0 0 0 
219 255 0 0 0 0 0 0 0 0 0 0 0 0 0 0 0 0 0 0 0 519911867 0 0 0 0 0 0 0 0 0 0 0 0 0 0 0 0 
3 3 0 0 0 0 0 0 0 0 0 0 0 0 0 0 0 0 0 0 2242389 0 0 0 0 521387631 0 0 2548 0 0 0 0 0 0 0 0 0 
4 6 0 0 0 0 0 0 0 0 0 0 0 0 0 0 0 0 0 0 0 0 0 0 0 0 0 0 0 0 0 0 419729324 0 0 0 0 0 
118 121 0 0 0 0 0 0 0 0 0 0 0 0 0 0 0 0 0 0 421380096 0 0 0 0 0 0 0 0 0 0 0 0 0 0 0 0 0 
5 5 0 0 0 0 0 0 0 0 0 0 0 0 0 0 0 0 0 0 0 24746466 0 0 0 0 0 0 0 0 0 0 441912478 24030 0 0 0 0 
1 0 0 0 0 0 0 0 0 0 0 0 0 0 0 0 0 0 0 0 0 0 2144 0 0 0 0 0 0 0 0 0 0 0 0 0 0 439934607 
0 0 0 0 0 0 0 0 0 0 0 0 0 0 0 0 0 0 0 0 0 0 0 0 0 0 0 0 0 0 0 0 0 484818960 0 0 0 0 
1 1 0 0 0 0 0 0 0 0 0 0 0 0 0 0 0 0 0 0 0 0 0 0 0 0 0 0 0 0 0 0 0 0 0 0 0 528281136 
0 1 0 0 0 0 0 0 0 0 0 0 0 0 0 0 0 0 0 0 0 5245642 0 0 0 10842121 0 0 0 0 0 0 0 471932288 0 0 0 0 
115 107 0 0 0 0 0 0 0 0 0 0 0 0 0 0 0 0 0 0 0 407472386 0 0 0 0 0 0 0 0 0 0 0 0 0 0 0 0 
0 0 0 0 0 0 0 0 0 0 0 0 0 0 0 0 0 0 0 0 0 0 0 0 0 0 0 0 0 0 0 0 400773183 0 0 0 0 0 
20 30 0 0 0 0 0 0 0 0 0 0 0 0 0 0 0 0 0 0 0 0 0 0 0 0 0 0 0 0 0 0 0 0 0 0 0 502182280 
0 0 0 0 0 0 0 0 0 0 0 0 0 0 0 0 0 0 0 0 0 0 0 0 0 0 0 0 0 0 0 0 0 449194596 0 0 0 315 
81 77 0 0 0 0 0 0 0 0 0 0 0 0 0 0 0 0 0 0 0 0 0 0 0 0 0 430339369 0 0 0 0 0 0 0 0 0 0 
390 407 0 0 0 0 0 0 0 0 0 0 0 0 0 0 0 0 0 0 0 0 0 0 0 0 0 427302645 960484 0 0 0 0 0 0 0 0 0 
692 663 0 0 0 0 0 0 0 0 0 0 0 0 0 0 0 0 0 0 161308594 0 7890285 0 0 0 0 290829723 0 0 0 0 0 0 0 0 0 0 
146 167 0 0 0 0 0 0 0 0 0 0 0 0 0 0 0 0 0 0 0 0 0 0 0 0 480037226 0 0 0 0 0 0 0 0 0 0 0 
1 4 0 0 0 0 0 0 0 0 0 0 0 0 0 0 0 0 0 0 0 0 0 0 0 0 0 0 0 0 0 0 0 0 0 0 0 496646109 
8 7 0 0 0 0 0 0 0 0 0 0 0 0 0 0 0 0 0 0 0 0 0 0 0 0 0 0 9037 0 12768 0 0 0 0 0 482239476 0 
10 4 0 0 0 0 0 0 0 0 0 0 0 0 0 0 0 0 0 0 0 0 0 0 329451273 0 0 135530267 0 0 0 0 0 0 0 0 0 0 
2 4 0 0 0 0 0 0 0 0 0 0 0 0 0 0 0 0 0 0 0 0 0 0 0 0 98145 0 0 0 0 0 0 0 0 0 429523840 0 
5 6 0 0 0 0 0 0 0 0 0 0 0 0 0 0 0 0 0 0 5499475 0 0 0 0 454173728 0 0 0 0 0 0 0 0 0 0 0 0 
36 37 0 0 0 0 0 0 0 0 0 0 0 0 0 0 0 0 0 0 436877517 0 0 0 0 0 0 0 0 0 0 0 0 0 0 0 0 0 
130 168 0 0 0 0 0 0 0 0 0 0 0 0 0 0 0 0 0 0 0 0 0 0 0 0 466021838 0 0 0 0 0 0 0 0 5113 0 0 
14 14 0 0 0 0 0 0 0 0 0 0 0 0 0 0 0 0 0 0 0 19601851 0 0 442679713 0 0 0 0 0 0 0 0 0 0 0 0 0 
51 43 0 0 0 0 0 0 0 0 0 0 0 0 0 0 0 0 0 0 0 0 0 375805 0 0 0 0 0 0 0 0 0 0 0 0 527782029 0 
1 1 0 0 0 0 0 0 0 0 0 0 0 0 0 0 0 0 0 0 0 0 0 0 0 0 0 0 0 0 0 0 413247196 0 0 0 0 0 
1 1 0 0 0 0 0 0 0 0 0 0 0 0 0 0 0 0 0 0 0 3153328 0 0 0 427629135 0 0 0 0 0 0 0 0 0 0 0 0 
18 24 0 0 0 0 0 0 0 0 0 0 0 0 0 0 0 0 0 0 0 0 0 0 0 479816433 0 0 0 0 0 0 0 0 0 0 0 0 
37 39 0 0 0 0 0 0 0 0 0 0 0 0 0 0 0 0 0 0 0 0 0 0 0 0 0 0 0 0 84783 0 0 0 0 0 413783418 0 
30 28 0 0 0 0 0 0 0 0 0 0 0 0 0 0 0 0 0 0 0 410080451 0 0 0 0 0 0 0 0 0 0 0 0 0 0 0 0 
3 3 0 0 0 0 0 0 0 0 0 0 0 0 0 0 0 0 0 0 0 0 0 0 0 0 0 0 0 0 0 1378 0 0 44 0 0 421170840 
21 18 0 0 0 0 0 0 0 0 0 0 0 0 0 0 0 0 0 0 0 0 0 0 395285512 0 66863450 0 0 0 0 0 0 0 0 0 0 0 
0 0 0 0 0 0 0 0 0 0 0 0 0 0 0 0 0 0 0 0 0 0 0 0 0 0 0 0 0 0 0 6 480322087 0 0 0 0 0 
49 44 0 0 0 0 0 0 0 0 0 0 0 0 0 0 0 0 0 0 376905162 0 446694 0 0 0 19772447 0 0 0 0 0 0 0 0 0 0 0 
266 238 0 0 0 0 0 0 0 0 0 0 0 0 0 0 0 0 0 0 0 523651771 0 0 0 0 0 0 0 0 0 0 0 0 0 0 0 0 
0 0 0 0 0 0 0 0 0 0 0 0 0 0 0 0 0 0 0 0 0 0 0 0 0 0 0 0 0 0 0 0 0 426675717 0 0 0 0 
0 0 0 0 0 0 0 0 0 0 0 0 0 0 0 0 0 0 0 0 0 0 0 0 0 0 0 0 0 0 0 0 470597126 0 0 0 0 0 
348 389 0 0 0 0 0 0 0 0 0 0 0 0 0 0 0 0 0 0 0 479798350 0 0 0 0 0 0 0 0 0 0 0 0 0 0 0 0 
0 0 0 0 0 0 0 0 0 0 0 0 0 0 0 0 0 0 0 0 0 0 0 0 0 0 0 0 0 0 0 0 0 0 0 0 499497992 0 
0 0 0 0 0 0 0 0 0 0 0 0 0 0 0 0 0 0 0 0 0 0 0 0 0 0 0 0 0 0 0 0 0 465057235 0 0 0 0 
0 0 0 0 0 0 0 0 0 0 0 0 0 0 0 0 0 0 0 0 0 0 0 0 22451771 0 0 0 0 0 0 0 0 0 0 0 479361045 0 
0 0 0 0 0 0 0 0 0 0 0 0 0 0 0 0 0 0 0 0 0 0 0 0 0 0 0 0 0 0 0 0 0 0 0 0 462505187 0 
14 17 0 0 0 0 0 0 0 0 0 0 0 0 0 0 0 0 0 0 0 0 0 0 0 0 479327843 0 0 0 0 0 0 0 0 0 0 0 
48 35 0 0 0 0 0 0 0 0 0 0 0 0 0 0 0 0 0 0 0 0 0 0 403331565 0 0 0 0 0 0 0 0 0 0 0 0 0 
10 9 0 0 0 0 0 0 0 0 0 0 0 0 0 0 0 0 0 0 0 0 0 0 0 0 0 0 0 0 0 0 0 0 0 0 468936810 0 
1 2 0 0 0 0 0 0 0 0 0 0 0 0 0 0 0 0 0 0 0 0 0 0 0 0 0 0 0 0 0 0 0 0 0 0 469239435 0 
34 23 0 0 0 0 0 0 0 0 0 0 0 0 0 0 0 0 0 0 0 0 0 0 0 0 0 0 0 0 0 0 0 0 0 0 0 458232498 
1 2 0 0 0 0 0 0 0 0 0 0 0 0 0 0 0 0 0 0 0 521850 0 0 0 0 4390835 0 0 0 0 0 0 0 0 87 0 394029267 
5 1 0 0 0 0 0 0 0 0 0 0 0 0 0 0 0 0 0 0 138412771 0 0 0 0 307877360 0 0 0 0 0 0 0 0 0 0 0 19742066 
0 0 0 0 0 0 0 0 0 0 0 0 0 0 0 0 0 0 0 0 0 0 0 0 0 0 0 0 0 0 0 0 466927655 0 0 0 0 0 
49 64 0 0 0 0 0 0 0 0 0 0 0 0 0 0 0 0 0 0 0 0 0 0 399416346 0 0 0 0 363433 0 0 0 0 0 0 82853142 0 
0 0 0 0 0 0 0 0 0 0 0 0 0 0 0 0 0 0 0 0 7877 0 0 0 0 0 116700 0 0 0 0 0 316181771 0 0 0 0 102050764 
3 2 0 0 0 0 0 0 0 0 0 0 0 0 0 0 0 0 0 0 0 0 0 0 0 35107980 0 0 0 0 0 0 0 182961355 0 0 0 231655220 
2 0 0 0 0 0 0 0 0 0 0 0 0 0 0 0 0 0 0 0 0 2413407 0 0 0 0 0 0 0 0 0 0 0 0 0 0 0 408651569 
1 2 0 0 0 0 0 0 0 0 0 0 0 0 0 0 0 0 0 0 0 0 0 0 391089607 0 10782369 0 0 0 0 0 0 0 0 0 0 0 
31 28 0 0 0 0 0 0 0 0 0 0 0 0 0 0 0 0 0 0 271477054 0 0 0 4646674 161450275 0 0 45 0 0 0 0 0 0 0 0 0 
1 0 0 0 0 0 0 0 0 0 0 0 0 0 0 0 0 0 0 0 0 0 0 0 0 0 0 0 0 0 0 0 0 0 0 0 0 497570467 
0 2 0 0 0 0 0 0 0 0 0 0 0 0 0 0 0 0 0 0 0 0 0 0 0 0 0 0 0 0 0 0 0 0 0 3 493145026 0 
312 283 0 0 0 0 0 0 0 0 0 0 0 0 0 0 0 0 0 0 0 0 0 0 0 0 525849096 0 0 0 0 0 0 0 0 0 0 0 
5 14 0 0 0 0 0 0 0 0 0 0 0 0 0 0 0 0 0 0 0 0 0 0 0 461013867 0 0 0 0 0 0 0 0 0 0 0 0 
351 370 0 0 0 0 0 0 0 0 0 0 0 0 0 0 0 0 0 0 0 437414590 0 0 0 0 0 0 34261 0 0 0 0 0 0 0 0 0 
1 1 0 0 0 0 0 0 0 0 0 0 0 0 0 0 0 0 0 0 0 7899 0 0 0 0 0 0 0 0 0 0 530537360 0 0 0 0 0 
390 373 0 0 0 0 0 0 0 0 0 0 0 0 0 0 0 0 0 0 0 389329994 8164101 0 0 0 0 0 0 0 995164 0 0 0 0 0 0 0 
62 51 0 0 0 0 0 0 0 0 0 0 0 0 0 0 0 0 0 0 0 0 0 0 0 474856263 0 0 0 58499 0 0 0 0 0 0 0 0 
2 0 0 0 0 0 0 0 0 0 0 0 0 0 0 0 0 0 0 0 0 0 0 0 0 0 0 0 0 0 0 0 483049163 0 0 0 0 0 
12 13 0 0 0 0 0 0 0 0 0 0 0 0 0 0 0 0 0 0 3468107 0 0 0 0 419095789 0 1832417 0 0 0 0 0 0 0 0 0 0 
3 4 0 0 0 0 0 0 0 0 0 0 0 0 0 0 0 0 0 0 0 0 0 0 0 476810887 0 0 0 0 0 0 0 0 0 0 0 0 
131 125 0 0 0 0 0 0 0 0 0 0 0 0 0 0 0 0 0 0 0 0 30471 0 0 0 0 401055646 0 0 0 0 0 0 0 0 0 0 
0 1 0 0 0 0 0 0 0 0 0 0 0 0 0 0 0 0 0 0 0 0 0 0 17028787 0 0 0 0 0 0 0 0 0 0 0 430580162 0 
2 0 0 0 0 0 0 0 0 0 0 0 0 0 0 0 0 0 0 0 0 0 0 0 0 167250 0 0 0 0 0 0 422720528 0 0 0 0 0 
17 11 0 0 0 0 0 0 0 0 0 0 0 0 0 0 0 0 0 0 0 0 0 0 0 0 0 440270308 28015 0 0 0 0 0 0 0 0 0 
1 0 0 0 0 0 0 0 0 0 0 0 0 0 0 0 0 0 0 0 0 0 0 0 0 0 0 0 0 0 0 0 0 0 37 0 486735343 0 
0 0 0 0 0 0 0 0 0 0 0 0 0 0 0 0 0 0 0 0 0 0 0 0 0 0 0 0 0 0 0 0 0 0 0 0 495199958 21302889 
25 39 0 0 0 0 0 0 0 0 0 0 0 0 0 0 0 0 0 0 0 0 0 0 496464000 0 0 0 0 0 0 0 0 0 0 0 0 0 
0 0 0 0 0 0 0 0 0 0 0 0 0 0 0 0 0 0 0 0 0 0 0 0 0 0 0 0 0 0 0 0 0 0 0 0 0 466920921 
14 10 0 0 0 0 0 0 0 0 0 0 0 0 0 0 0 0 0 0 0 0 0 0 0 412450485 0 4650350 0 0 0 0 0 0 0 0 0 0 
7 3 0 0 0 0 0 0 0 0 0 0 0 0 0 0 0 0 0 0 0 0 0 0 505198717 0 0 0 0 83 0 0 0 0 0 0 0 0 
6 5 0 0 0 0 0 0 0 0 0 0 0 0 0 0 0 0 0 0 0 0 0 0 38157072 0 0 0 0 0 13301 0 0 0 0 0 450408386 0 
1 2 0 0 0 0 0 0 0 0 0 0 0 0 0 0 0 0 0 0 4981896 0 0 0 0 0 0 0 0 0 0 0 0 0 0 0 502723134 0 
77 75 0 0 0 0 0 0 0 0 0 0 0 0 0 0 0 0 0 0 0 0 0 0 0 432267883 855190 0 0 0 0 0 0 0 0 0 0 313964 
20 13 0 0 0 0 0 0 0 0 0 0 0 0 0 0 0 0 0 0 21755643 0 0 0 475203835 0 0 0 0 0 0 0 0 0 0 0 0 0 
0 0 0 0 0 0 0 0 0 0 0 0 0 0 0 0 0 0 0 0 0 0 0 0 0 0 0 0 0 0 0 0 429333402 0 0 0 57407521 0 
2 0 0 0 0 0 0 0 0 0 0 0 0 0 0 0 0 0 0 0 0 0 0 0 0 0 0 0 0 156 108 0 0 453967753 0 0 0 0 
272 262 0 0 0 0 0 0 0 0 0 0 0 0 0 0 0 0 0 0 0 527034893 0 0 0 0 0 0 0 0 0 0 0 0 0 0 0 0 
117 99 0 0 0 0 0 0 0 0 0 0 0 0 0 0 0 0 0 0 0 0 16661501 0 0 500457165 0 0 0 0 0 0 0 0 0 0 0 0 
75 65 0 0 0 0 0 0 0 0 0 0 0 0 0 0 0 0 0 0 0 461118597 0 0 0 5318051 0 0 0 0 0 0 0 0 0 0 0 0 
0 0 0 0 0 0 0 0 0 0 0 0 0 0 0 0 0 0 0 0 50158 0 0 0 0 0 0 0 0 0 0 0 0 0 0 0 515970793 0 
1 0 0 0 0 0 0 0 0 0 0 0 0 0 0 0 0 0 0 0 0 0 0 0 0 0 0 0 0 0 0 0 0 0 0 0 0 399043451 
19 18 0 0 0 0 0 0 0 0 0 0 0 0 0 0 0 0 0 0 0 0 0 0 0 484070143 0 0 0 0 0 0 0 0 0 0 0 0 
0 0 0 0 0 0 0 0 0 0 0 0 0 0 0 0 0 0 0 0 0 0 0 0 0 0 0 0 0 0 0 0 425990568 0 0 0 0 0 
188 178 0 0 0 0 0 0 0 0 0 0 0 0 0 0 0 0 0 0 0 0 0 0 0 0 0 437078739 0 0 0 0 0 0 0 0 0 0 
2 1 0 0 0 0 0 0 0 0 0 0 0 0 0 0 0 0 0 0 0 0 0 0 0 0 0 0 0 0 0 0 0 522460210 0 0 0 0 
0 0 0 0 0 0 0 0 0 0 0 0 0 0 0 0 0 0 0 0 0 0 0 0 0 0 0 0 0 0 0 0 0 482900698 0 0 0 0 
2 1 0 0 0 0 0 0 0 0 0 0 0 0 0 0 0 0 0 0 0 0 0 0 0 0 0 0 0 0 0 0 0 0 0 0 429175484 0 
56 57 0 0 0 0 0 0 0 0 0 0 0 0 0 0 0 0 0 0 0 400490032 0 1228 0 0 0 0 0 0 0 0 0 0 0 0 0 0 
625 655 0 0 0 0 0 0 0 0 0 0 0 0 0 0 0 0 0 0 0 0 0 0 0 0 0 0 0 0 0 0 0 0 0 10529 271177787 0 
156 179 0 0 0 0 0 0 0 0 0 0 0 0 0 0 0 0 0 0 0 466950175 0 0 0 0 0 0 0 0 0 0 0 0 0 0 0 0 
3 1 0 0 0 0 0 0 0 0 0 0 0 0 0 0 0 0 0 0 0 0 0 0 0 0 0 0 0 0 0 0 0 0 0 2 0 490944059 
69 90 0 0 0 0 0 0 0 0 0 0 0 0 0 0 0 0 0 0 0 0 0 0 0 446793505 0 0 0 0 0 0 0 0 0 0 0 0 
0 0 0 0 0 0 0 0 0 0 0 0 0 0 0 0 0 0 0 0 0 0 1352 0 0 0 0 0 0 0 0 0 0 0 0 2 0 456581702 
170 178 0 0 0 0 0 0 0 0 0 0 0 0 0 0 0 0 0 0 0 0 0 0 438621500 0 0 0 0 0 0 0 0 0 0 0 0 0 
0 0 0 0 0 0 0 0 0 0 0 0 0 0 0 0 0 0 0 0 0 0 0 0 15428520 0 0 0 0 0 0 0 797325 0 0 0 441625259 0 
0 0 0 0 0 0 0 0 0 0 0 0 0 0 0 0 0 0 0 0 0 0 0 0 0 0 0 0 0 0 0 0 0 0 0 0 0 487067697 
4 5 0 0 0 0 0 0 0 0 0 0 0 0 0 0 0 0 0 0 417793 0 0 0 0 0 0 0 0 0 0 0 459556698 0 0 0 0 0 
27 22 0 0 0 0 0 0 0 0 0 0 0 0 0 0 0 0 0 0 0 0 0 0 0 0 0 0 0 0 0 0 0 429924879 0 0 0 0 
1 1 0 0 0 0 0 0 0 0 0 0 0 0 0 0 0 0 0 0 0 0 0 0 0 0 0 0 0 0 0 0 0 0 0 0 408447620 0 
0 0 0 0 0 0 0 0 0 0 0 0 0 0 0 0 0 0 0 0 0 0 0 0 701118 0 0 6734 0 3 0 0 0 422492137 0 0 0 0 
60 88 0 0 0 0 0 0 0 0 0 0 0 0 0 0 0 0 0 0 0 0 0 0 0 0 459578070 0 0 0 0 0 0 0 0 0 0 0 
67 59 0 0 0 0 0 0 0 0 0 0 0 0 0 0 0 0 0 0 0 0 0 0 0 448371558 0 0 0 0 0 0 0 0 0 0 0 0 
1 3 0 0 0 0 0 0 0 0 0 0 0 0 0 0 0 0 0 0 0 0 0 0 0 502444591 0 0 0 0 0 0 0 0 0 0 0 0 
4 3 0 0 0 0 0 0 0 0 0 0 0 0 0 0 0 0 0 0 0 0 0 0 0 0 0 3434592 0 0 0 0 0 0 0 0 470917159 0 
411 411 0 0 0 0 0 0 0 0 0 0 0 0 0 0 0 0 0 0 0 0 0 13947653 0 0 0 0 0 0 0 0 0 0 0 0 484559319 0 
50 51 0 0 0 0 0 0 0 0 0 0 0 0 0 0 0 0 0 0 498538695 0 0 0 0 0 0 0 0 0 0 0 0 0 0 0 0 0 
2 2 0 0 0 0 0 0 0 0 0 0 0 0 0 0 0 0 0 0 0 0 0 0 0 0 0 0 0 0 0 0 329294954 0 0 0 115941724 0 
121 120 0 0 0 0 0 0 0 0 0 0 0 0 0 0 0 0 0 0 0 57635728 0 0 0 0 0 349492729 0 0 0 0 0 0 0 0 0 0 
12 19 0 0 0 0 0 0 0 0 0 0 0 0 0 0 0 0 0 0 1017463 0 0 0 0 0 0 0 0 0 0 0 438521814 0 225 0 0 0 
4 2 0 0 0 0 0 0 0 0 0 0 0 0 0 0 0 0 0 0 0 0 0 187118 0 0 3229528 0 0 0 17316 0 0 0 0 0 0 510272039 
0 0 0 0 0 0 0 0 0 0 0 0 0 0 0 0 0 0 0 0 0 0 0 0 0 0 0 0 0 0 0 0 0 514557350 0 0 0 0 
0 1 0 0 0 0 0 0 0 0 0 0 0 0 0 0 0 0 0 0 0 0 0 0 0 0 0 0 0 0 0 0 0 523739519 0 0 0 0 
0 0 0 0 0 0 0 0 0 0 0 0 0 0 0 0 0 0 0 0 0 0 0 0 0 0 0 0 0 312 0 0 424654276 0 5 0 0 0 
220 257 0 1 0 0 0 0 0 0 0 0 0 0 0 0 0 0 0 0 0 419508365 0 0 0 0 2394073 0 0 0 0 0 0 0 0 0 0 0 
52 58 0 0 0 0 0 0 0 0 0 0 0 0 0 0 0 0 0 0 0 0 491393 0 0 0 465575325 0 0 0 0 0 0 0 0 0 0 0 
129 137 0 0 0 0 0 0 0 0 0 0 0 0 0 0 0 0 0 0 0 250341772 0 0 0 0 0 0 0 0 0 0 0 0 0 0 0 276136714 
8 10 0 0 0 0 0 0 0 0 0 0 0 0 0 0 0 0 0 0 0 0 0 0 0 0 0 0 0 0 0 0 0 0 0 0 456010322 0 
34 36 0 0 0 0 0 0 0 0 0 0 0 0 0 0 0 0 0 0 0 0 0 508111 0 0 0 0 0 0 0 0 0 0 0 0 434216255 0 
0 0 0 0 0 0 0 0 0 0 0 0 0 0 0 0 0 0 0 0 0 13135 0 0 0 94 212808 0 0 0 0 0 0 0 0 0 506581366 0 
485 446 0 0 0 0 0 0 0 0 0 0 0 0 0 0 0 0 0 0 0 0 0 0 0 0 478971825 0 0 0 0 0 0 0 0 0 0 0 
427 406 0 0 0 0 0 0 0 0 0 0 0 0 0 0 0 0 0 0 0 0 0 0 0 0 0 446020209 0 0 0 0 0 0 0 0 0 0 
72 88 0 0 0 0 0 0 0 0 0 0 0 0 0 0 0 0 0 0 0 0 0 0 0 0 526466892 0 0 0 0 0 0 0 0 0 0 0 
0 0 0 0 0 0 0 0 0 0 0 0 0 0 0 0 0 0 0 0 0 0 0 0 0 0 0 0 0 0 0 0 445673567 0 0 0 0 0 
2 5 0 0 0 0 0 0 0 0 0 0 0 0 0 0 0 0 0 0 0 0 0 0 430787328 0 0 0 0 0 0 0 0 0 0 0 0 0 
0 1 0 0 0 0 0 0 0 0 0 0 0 0 0 0 0 0 0 0 0 0 0 0 0 0 0 0 0 0 0 0 0 0 0 0 462717902 0 
135 112 0 0 0 0 0 0 0 0 0 0 0 0 0 0 0 0 0 0 0 0 0 0 0 0 0 493324449 0 0 0 0 0 0 0 0 0 0 
1 2 0 0 0 0 0 0 0 0 0 0 0 0 0 0 0 0 0 0 0 0 0 0 413636636 0 853754 0 0 0 0 0 0 0 84 0 0 0 
143 131 0 0 0 0 0 0 0 0 0 0 0 0 0 0 0 0 0 0 406898935 0 0 0 0 0 0 0 0 0 0 0 0 0 0 0 0 0 
209 196 0 0 0 0 0 0 0 0 0 0 0 0 0 0 0 0 0 0 426635146 0 0 0 0 0 0 0 0 0 0 0 35059479 0 0 0 0 0 
14 18 0 0 0 0 0 0 0 0 0 0 0 0 0 0 0 0 0 0 0 0 0 0 0 436202297 0 0 0 0 0 0 0 0 0 0 0 0 
7 4 0 0 0 0 0 0 0 0 0 0 0 0 0 0 0 0 0 0 0 0 0 0 456183456 0 0 0 0 2736 0 0 0 0 0 0 0 0 
16 12 0 0 0 0 0 0 0 0 0 0 0 0 0 0 0 0 0 0 0 0 0 351484 488185608 0 0 0 6470 0 0 0 0 0 0 0 0 0 
0 0 0 0 0 0 0 0 0 0 0 0 0 0 0 0 0 0 0 0 0 0 0 0 0 0 0 0 0 0 0 0 0 0 0 0 0 457092467 
110 114 0 0 0 0 0 0 0 0 0 0 0 0 0 0 0 0 0 0 0 4129350 0 0 0 512710406 0 0 0 0 0 0 0 0 0 0 0 0 
15 17 0 0 0 0 0 0 0 0 0 0 0 0 0 0 0 0 0 0 0 112583024 0 0 0 298171112 0 0 0 0 0 0 0 0 0 0 0 0 
2 2 0 0 0 0 0 0 0 0 0 0 0 0 0 0 0 0 0 0 2091633 275710 0 0 0 0 0 0 0 0 0 0 0 0 0 0 426716303 0 
120 129 0 0 0 0 0 0 0 0 0 0 0 0 0 0 0 0 0 0 0 0 0 0 0 0 0 471587451 0 0 0 0 0 0 0 0 0 0 
692 648 0 0 0 0 0 0 0 0 0 0 0 0 0 0 0 0 0 0 223964914 0 0 0 0 0 161389092 0 0 0 0 0 0 0 0 0 0 0 
18 22 0 0 0 0 0 0 0 0 0 0 0 0 0 0 0 0 0 0 0 411081792 0 0 0 0 40834356 0 0 0 0 0 0 0 0 0 0 0 
2 1 0 0 0 0 0 0 0 0 0 0 0 0 0 0 0 0 0 0 0 0 0 0 0 0 0 0 0 0 0 0 0 476224587 0 0 0 0 
3 3 0 0 0 0 0 0 0 0 0 0 0 0 0 0 0 0 0 0 0 0 0 0 0 0 0 531025 0 0 0 0 0 0 0 0 435451597 0 
136 126 0 0 0 0 0 0 0 0 0 0 0 0 0 0 0 0 0 0 276358109 0 0 0 0 0 166110376 0 0 0 0 0 0 0 0 0 0 0 
7 9 0 0 0 0 0 0 0 0 0 0 0 0 0 0 0 0 0 0 0 0 0 550638 461937542 0 0 0 0 0 0 0 0 0 0 0 0 0 
105 99 0 0 0 0 0 0 0 0 0 0 0 0 0 0 0 0 0 0 0 0 0 0 0 0 226144010 231198893 0 132014 0 40936 0 0 0 0 0 0 
1 0 0 0 0 0 0 0 0 0 0 0 0 0 0 0 0 0 0 0 8771 0 0 0 0 0 0 0 0 0 0 0 0 0 0 0 496237417 0 
45 49 0 0 0 0 0 0 0 0 0 0 0 0 0 0 0 0 0 0 0 0 0 42084 0 0 398204841 0 0 0 0 0 0 0 0 0 0 0 
39 38 0 0 0 0 0 0 0 0 0 0 0 0 0 0 0 0 0 0 0 425668040 0 0 0 0 0 0 0 241978 0 0 0 0 0 0 0 0 
1 0 0 0 0 0 0 0 0 0 0 0 0 0 0 0 0 0 0 0 0 650876 0 0 0 0 0 0 0 0 0 0 335599479 0 0 0 69733680 0 
169 200 0 0 0 0 0 0 0 0 0 0 0 0 0 0 0 0 0 0 0 0 0 0 0 482955734 0 0 0 0 0 0 0 0 0 0 0 0 
0 1 0 0 0 0 0 0 0 0 0 0 0 0 0 0 0 0 0 0 0 0 4565 0 0 0 0 0 121 9 0 0 409314466 0 0 0 0 0 
111 80 0 0 0 0 0 0 0 0 0 0 0 0 0 0 0 0 0 0 335099362 171093367 3081277 0 0 0 0 0 0 0 0 0 0 0 0 0 0 0 
120 142 0 0 0 0 0 0 0 0 0 0 0 0 0 0 0 0 0 0 0 35659552 0 0 0 0 0 360455288 0 0 0 0 0 0 0 0 0 0 
1 0 0 0 0 0 0 0 0 0 0 0 0 0 0 0 0 0 0 0 0 0 0 0 0 0 0 0 0 0 0 0 0 431260600 0 0 0 0 
0 0 0 0 0 0 0 0 0 0 0 0 0 0 0 0 0 0 0 0 0 0 0 1272 0 0 0 0 272 0 1148 0 0 0 0 0 0 487800515 
5 9 0 0 0 0 0 0 0 0 0 0 0 0 0 0 0 0 0 0 0 505431059 0 0 0 0 0 0 2612 0 0 0 0 0 0 0 0 0 
0 0 0 0 0 0 0 0 0 0 0 0 0 0 0 0 0 0 0 0 0 0 816 0 0 0 0 0 0 19 0 0 398435837 0 0 0 0 0 
3 2 0 0 0 0 0 0 0 0 0 0 0 0 0 0 0 0 0 0 0 0 0 0 412469327 0 13070882 0 0 0 0 0 0 0 0 0 0 0 
371 339 0 0 0 0 0 0 0 0 0 0 0 0 0 0 0 0 0 0 0 0 0 0 433056866 0 0 0 0 0 0 0 0 0 0 0 0 0 
154 152 0 0 0 0 0 0 0 0 0 0 0 0 0 0 0 0 0 0 0 0 0 0 0 428944535 0 0 0 0 0 0 0 0 0 0 0 0 
0 1 0 0 0 0 0 0 0 0 0 0 0 0 0 0 0 0 0 0 0 0 0 0 0 15638304 0 0 0 18 0 0 0 399038035 0 0 0 0 
4 11 0 0 0 0 0 0 0 0 0 0 0 0 0 0 0 0 0 0 0 0 0 0 523017325 0 968931 0 0 0 0 0 0 0 15 0 0 0 
578 623 0 0 0 0 0 0 0 0 0 0 0 0 0 0 0 0 0 0 0 146089355 0 0 0 0 185388896 0 0 0 0 0 0 0 0 0 0 0 
48 30 0 0 0 0 0 0 0 0 0 0 0 0 0 0 0 0 0 0 0 0 0 0 0 0 0 0 0 0 0 0 0 0 0 0 405690161 0 
3 0 0 0 0 0 0 0 0 0 0 0 0 0 0 0 0 0 0 0 0 0 0 46643 0 0 0 0 0 0 0 0 406194895 0 0 0 0 0 
0 0 0 0 0 0 0 0 0 0 0 0 0 0 0 0 0 0 0 0 0 0 0 0 0 0 1255397 0 0 0 0 0 0 0 0 0 468217560 0 
4 0 0 0 0 0 0 0 0 0 0 0 0 0 0 0 0 0 0 0 0 0 0 0 0 506127701 0 0 0 0 0 0 0 0 0 0 0 0 
6 5 0 0 0 0 0 0 0 0 0 0 0 0 0 0 0 0 0 0 0 9693326 0 0 458905668 0 0 0 0 0 0 8939 0 0 0 0 0 0 
39 49 0 0 0 0 0 0 0 0 0 0 0 0 0 0 0 0 0 0 0 508210017 0 0 0 0 359578 0 0 0 0 0 0 0 1102 0 0 0 
1 0 0 0 0 0 0 0 0 0 0 0 0 0 0 0 0 0 0 0 0 0 0 0 0 0 75656857 17516 0 0 0 0 0 0 0 0 0 345175625 
20 19 0 0 0 0 0 0 0 0 0 0 0 0 0 0 0 0 0 0 0 0 0 0 495608626 0 0 0 0 0 0 0 0 0 0 0 0 0 
0 1 0 0 0 0 0 0 0 0 0 0 0 0 0 0 0 0 0 0 0 2138325 7176 0 0 0 0 0 0 0 0 0 0 0 0 0 407626832 0 
0 0 0 0 0 0 0 0 0 0 0 0 0 0 0 0 0 0 0 0 0 0 0 0 0 11037429 0 0 0 0 0 0 0 0 0 0 0 487371818 
4 2 0 0 0 0 0 0 0 0 0 0 0 0 0 0 0 0 0 0 0 0 0 0 0 0 0 0 0 0 0 0 0 0 0 0 419104856 0 
111 118 0 0 0 0 0 0 0 0 0 0 0 0 0 0 0 0 0 0 0 0 0 0 0 0 0 0 0 84178 0 0 465516580 0 0 0 0 0 
45 45 0 0 0 0 0 0 0 0 0 0 0 0 0 3 0 0 0 0 0 0 0 0 0 126012 0 0 0 0 0 0 0 469240260 0 0 0 0 
236 235 0 0 0 0 0 0 0 0 0 0 0 0 0 0 0 0 0 0 419252783 0 0 0 0 0 0 0 0 0 0 0 0 0 0 0 0 0 
0 1 0 0 0 0 0 0 0 0 0 0 0 0 0 0 0 0 0 0 0 0 0 0 0 0 0 0 0 0 0 0 486969672 0 0 0 0 0 
100 100 0 0 0 0 0 0 0 0 0 0 0 0 0 0 0 0 0 0 451746660 0 0 0 0 0 0 0 0 0 0 0 0 0 0 0 0 0 
0 1 0 0 0 0 0 0 0 0 0 0 0 0 0 0 0 0 0 0 0 0 0 0 0 0 137950 0 0 0 0 0 510090199 0 0 0 0 0 
1 0 0 0 0 0 0 0 0 0 0 0 0 0 0 0 0 0 0 0 0 0 0 0 0 0 0 0 0 0 0 0 0 0 0 0 0 409711896 
16 14 0 0 0 0 0 0 0 0 0 0 0 0 0 0 0 0 0 0 0 0 0 0 0 0 0 0 0 0 0 0 0 509812278 0 0 0 0 
5 1 0 0 0 0 0 0 0 0 0 0 0 0 0 0 0 0 0 0 0 0 22476 0 0 0 0 0 0 0 0 0 0 0 0 0 0 527732333 
141 140 0 0 0 0 0 0 0 0 0 0 0 0 0 0 0 0 0 0 0 0 0 0 380343602 0 145137874 0 0 0 0 0 0 0 0 0 0 0 
0 0 0 0 0 0 0 0 0 0 0 0 0 0 0 0 0 0 0 0 0 0 0 0 0 44838834 0 141703 0 0 0 0 371023726 0 0 0 0 0 
0 0 0 0 0 0 0 0 0 0 0 0 0 0 0 0 0 0 0 0 0 0 0 0 0 0 0 0 0 0 0 0 430719954 0 0 0 0 0 
1 0 0 0 0 0 0 0 0 0 0 0 0 0 0 0 0 0 0 0 0 0 0 0 8465298 0 0 0 19 0 0 0 0 0 0 1 446225876 0 
36 32 0 0 0 0 0 0 0 0 0 0 0 0 0 0 0 0 0 0 0 0 0 0 0 415225475 0 0 0 0 0 0 0 0 0 366 0 0 
1 3 0 0 0 0 0 0 0 0 0 0 0 0 0 0 0 0 0 0 0 0 0 0 0 0 0 0 0 63 0 0 0 0 0 0 401915602 0 
270 268 0 0 0 0 0 0 0 0 0 0 0 0 0 0 0 0 0 0 0 482461885 0 0 0 0 0 0 0 0 0 0 0 0 0 0 0 0 
98 109 0 0 0 0 0 0 0 0 0 0 0 0 0 0 0 0 0 0 0 0 0 0 0 0 0 0 0 0 0 0 0 0 0 0 0 398832953 
22 29 0 0 0 0 0 0 0 0 0 0 0 0 0 0 0 0 0 0 0 0 0 0 0 0 0 0 0 0 0 0 0 518878867 0 0 0 0 
6 4 0 0 0 0 0 0 0 0 0 0 0 0 0 0 0 0 0 0 0 0 0 0 457349360 0 0 0 0 0 0 0 0 0 0 0 0 0 
347 367 0 0 0 0 0 0 0 0 0 0 0 0 0 0 0 0 0 0 0 0 0 0 0 0 453018348 0 0 0 0 0 0 0 0 5848 0 0 
385 420 0 0 0 0 0 0 0 0 0 0 0 0 0 0 0 0 0 0 188662030 326714258 0 0 0 3612 0 0 0 0 0 0 0 0 0 0 0 0 
0 0 0 0 0 0 0 0 0 0 0 0 0 0 0 0 0 0 0 0 0 0 0 0 0 0 0 1316982 0 0 0 0 473691224 0 0 0 0 0 
115 125 0 0 0 0 0 0 0 0 0 0 0 0 0 0 0 0 0 0 0 373304712 0 2706 0 105939203 0 0 0 0 0 0 0 0 0 0 0 0 
270 269 0 0 0 0 0 0 0 0 0 0 0 0 0 0 0 0 0 0 0 0 0 0 520145464 0 0 0 0 0 0 0 0 0 0 0 0 0 
86 76 0 0 0 0 0 0 0 0 0 0 0 0 0 0 0 0 0 0 0 0 0 0 0 0 405665917 0 0 0 0 0 0 0 0 0 0 0 
158 131 0 0 0 0 0 0 0 0 0 0 0 0 0 0 0 0 0 0 0 0 0 0 0 58142940 416057516 0 0 0 0 0 0 0 0 0 0 0 
139 132 0 0 0 0 0 0 0 0 0 0 0 0 0 0 0 0 0 0 398192262 0 0 0 0 0 0 0 0 0 0 0 0 0 0 0 0 0 
1 2 0 0 0 0 0 0 0 0 0 0 0 0 0 0 0 0 0 0 1266602 0 0 0 0 0 0 0 0 0 0 0 75569818 0 0 0 371050622 0 
0 1 0 0 0 0 0 0 0 0 0 0 0 0 0 0 0 0 0 0 0 0 0 0 4525446 0 0 11211876 0 0 0 0 0 0 6 0 393204302 0 
75 58 0 0 0 0 0 0 0 0 0 0 0 0 0 0 0 0 0 0 0 0 0 0 0 0 402818481 0 0 0 0 0 0 0 0 0 0 0 
27 42 0 0 0 0 0 0 0 0 0 0 0 0 0 0 0 0 0 0 0 0 0 0 423488736 65146252 0 0 0 0 0 0 0 0 0 0 0 0 
0 0 0 0 0 0 0 0 0 0 0 0 0 0 0 0 0 0 0 0 0 0 0 0 0 0 0 0 0 0 0 0 0 430372574 0 0 0 0 
47 36 0 0 0 0 0 0 0 0 0 0 0 0 0 0 0 0 0 0 0 0 0 0 0 0 398322799 0 0 0 0 0 0 0 0 0 0 0 
581 639 0 0 0 0 0 0 0 0 0 0 0 0 0 0 0 0 0 0 0 309224456 0 0 0 0 0 0 0 0 0 0 0 0 0 0 0 0 
662 649 0 0 0 0 0 0 0 0 0 0 0 0 0 0 0 0 0 0 0 0 0 0 0 0 338647102 0 0 675547 0 0 0 0 16980 0 0 0 
1 0 0 0 0 0 0 0 0 0 0 0 0 0 0 0 0 0 0 0 0 98692 0 0 0 0 0 0 0 0 0 0 0 0 0 0 0 399664322 
708 648 0 0 0 0 0 0 0 0 0 0 0 0 0 0 0 0 0 0 0 0 0 0 0 0 294651991 0 0 741150 0 0 0 0 0 41402 0 0 
21 22 0 0 0 0 0 0 0 0 0 0 0 0 0 0 0 0 0 0 0 521154366 0 0 0 0 0 0 11746 0 0 0 0 0 0 0 0 0 
5 7 0 0 0 0 0 0 0 0 0 0 0 0 0 0 0 0 0 0 0 0 0 0 0 0 0 0 0 0 0 0 0 0 0 0 525914979 0 
0 2 0 0 0 0 0 0 0 0 0 0 0 0 0 0 0 0 0 0 0 0 0 0 0 0 0 0 0 265 0 0 0 0 0 2 0 441017522 
60 57 0 0 0 0 0 0 0 0 0 0 0 0 0 0 0 0 0 0 403809831 0 0 0 0 0 0 0 0 0 0 0 0 0 0 0 0 0 
0 0 0 0 0 0 0 0 0 0 0 0 0 0 0 0 0 0 0 0 0 0 0 0 0 0 0 0 0 0 0 0 0 437510226 0 0 0 53806293 
1 0 0 0 0 0 0 0 0 0 0 0 0 0 0 0 0 0 0 0 0 0 0 0 3565336 7932332 0 0 0 0 0 154 0 0 0 0 1780787 489868092 
5 2 0 0 0 0 0 0 0 0 0 0 0 0 0 0 0 0 0 0 0 0 0 0 0 403780211 0 0 0 0 0 0 0 0 0 0 0 0 
1 0 0 0 0 0 0 0 0 0 0 0 0 0 0 0 0 0 0 0 0 0 0 0 0 0 0 0 0 0 0 0 0 0 0 6 0 456357382 
2 6 0 0 0 0 0 0 0 0 0 0 0 0 0 0 0 0 0 0 0 0 0 0 0 0 0 0 0 0 0 0 0 0 0 0 0 527693367 
322 303 0 0 0 0 0 0 0 0 0 0 0 0 0 0 0 0 0 0 0 0 0 0 0 0 426739909 0 0 0 0 0 0 0 0 0 0 0 
579 591 0 0 0 0 0 0 0 0 0 0 0 0 0 0 0 0 0 0 245294808 0 16275525 0 0 0 0 0 0 0 0 0 0 0 0 0 0 0 
0 0 0 0 0 0 0 0 0 0 0 0 0 0 0 0 0 0 0 0 0 0 0 0 2446303 0 0 0 0 0 0 0 0 0 0 2 0 509833846 
3 2 0 0 0 0 0 0 0 0 0 0 0 0 0 0 0 0 0 0 0 0 0 0 0 0 0 0 0 0 0 0 0 0 0 0 432360426 0 
275 262 0 0 0 0 0 0 0 0 0 0 0 0 0 0 0 0 0 0 503443877 0 0 0 0 0 0 0 0 0 7337 324315 0 0 0 0 0 0 
0 0 0 0 0 0 0 0 0 0 0 0 0 0 0 0 0 0 0 0 0 0 0 0 0 0 0 0 0 0 0 0 0 0 0 8 419951735 0 
0 0 0 0 0 0 0 0 0 0 0 0 0 0 0 0 0 0 0 0 0 0 0 0 0 0 0 0 0 0 0 0 0 424218501 0 0 0 0 
42 59 0 0 0 0 0 0 0 0 0 0 0 0 0 0 0 0 0 0 0 441974238 0 0 0 0 67720087 0 0 0 0 0 0 0 24 0 0 0 
0 1 0 0 0 0 0 0 0 0 0 0 0 0 0 0 0 0 0 0 0 1124115 0 0 0 0 16532227 1529709 0 0 0 0 0 0 0 0 0 490103360 
2 5 0 0 0 0 0 0 0 0 0 0 0 0 0 0 0 0 0 0 359506 0 0 0 0 0 0 0 368 0 0 0 0 455858756 0 0 0 0 
4 7 0 0 0 0 0 0 0 0 0 0 0 0 0 0 0 0 0 0 400500366 0 0 0 0 0 0 0 0 177 0 0 0 0 68 0 0 0 
7 8 0 0 0 0 0 0 0 0 0 0 0 0 0 0 0 0 0 0 0 0 0 0 0 0 0 0 0 0 0 0 487835188 0 0 0 0 0 
1 0 0 0 0 0 0 0 0 0 0 0 0 0 0 0 0 0 0 0 0 0 0 0 0 0 0 0 0 0 0 0 0 0 0 0 383313227 70674144 
16 18 0 0 0 0 0 0 0 0 0 0 0 0 0 0 0 0 0 0 38516374 0 0 0 0 0 0 0 0 0 0 0 0 0 0 0 370494302 0 
19 19 0 0 0 0 0 0 0 0 0 0 0 0 0 0 0 0 0 0 0 0 0 0 0 0 0 0 0 0 0 0 0 0 0 0 427969813 0 
0 0 0 0 0 0 0 0 0 0 0 0 0 0 0 0 0 0 0 0 0 0 0 0 0 0 0 0 0 0 0 0 408663001 122560 0 0 0 0 
31 18 0 0 0 0 0 0 0 0 0 0 0 0 0 0 0 0 0 0 7034207 0 0 0 461060673 0 0 0 0 0 0 0 0 0 0 0 0 0 
159 216 0 0 0 0 0 0 0 0 0 0 0 0 0 0 0 0 0 0 415494034 0 0 0 0 0 0 0 0 0 0 0 0 0 0 0 0 0 
0 0 0 0 0 0 0 0 0 0 0 0 0 0 0 0 0 0 0 0 0 0 95939 0 0 0 0 0 0 0 0 0 398301092 0 0 0 0 0 
15 20 0 0 0 0 0 0 0 0 0 0 0 0 0 0 0 0 0 0 0 0 0 0 500465843 0 0 0 0 0 0 0 0 0 16 0 0 0 
13 10 0 0 0 0 0 0 0 0 0 0 0 0 0 0 0 0 0 0 0 0 0 0 521991634 0 0 0 0 0 0 20737 0 0 0 0 0 0 
8 3 0 0 0 0 0 0 0 0 0 0 0 0 0 0 0 0 0 0 15490700 0 0 0 486982871 0 0 0 0 0 5155 0 0 0 0 0 0 0 
1 0 0 0 0 0 0 0 0 0 0 0 0 0 0 0 0 0 0 0 0 0 39177 0 0 0 0 19352 0 0 0 0 0 0 0 0 470883764 0 
0 1 0 0 0 0 0 0 0 0 0 0 0 0 0 0 0 0 0 0 0 0 0 0 0 0 0 0 0 0 0 0 0 0 0 0 0 521588101 
0 1 0 0 0 0 0 0 0 0 0 0 0 0 0 0 0 0 0 0 0 0 0 0 0 2895425 0 0 0 0 0 0 0 472721976 0 0 0 23062451 
375 390 0 0 0 0 0 0 0 0 0 0 0 0 0 0 0 0 0 0 0 29718602 0 0 0 0 0 366797675 0 0 0 0 0 0 0 0 0 0 
530 477 0 0 0 0 0 0 0 0 0 0 0 0 0 0 0 0 0 0 0 460647317 0 0 0 0 0 0 0 0 0 0 0 0 0 0 0 0 
0 3 0 0 0 0 0 0 0 0 0 0 0 0 0 0 0 0 0 0 0 0 0 0 0 513306605 0 4034003 0 0 0 0 0 0 0 0 0 0 
1 0 0 0 0 0 0 0 0 0 0 0 0 0 0 0 0 0 0 0 0 0 0 0 0 0 0 0 0 0 0 0 0 0 0 0 400319679 0 
0 2 0 0 0 0 0 0 0 0 0 0 0 0 0 0 0 0 0 0 0 0 0 0 0 6410751 0 0 0 0 0 0 0 0 0 0 0 506812984 
155 126 0 0 0 0 0 0 0 0 0 0 0 0 0 0 0 0 0 0 0 0 0 0 0 0 0 0 5413 591318 0 0 0 0 0 0 0 399889556 
3 0 0 0 0 0 0 0 0 0 0 0 0 0 0 0 0 0 0 0 1682665 0 0 0 0 0 6231049 0 0 0 0 0 0 0 0 0 485462008 0 
0 3 0 0 0 0 0 0 0 0 0 0 0 0 0 0 0 0 0 0 0 1682640 0 0 0 0 0 0 0 0 0 0 495765612 0 0 0 0 0 
1 3 0 0 0 0 0 0 0 0 0 0 0 0 0 0 0 0 0 0 0 0 0 0 0 0 0 0 0 0 0 1599 0 0 0 0 0 445870672 
1 0 0 0 0 0 0 0 0 0 0 0 0 0 0 0 0 0 0 0 0 0 0 0 1789058 2350358 0 1559959 0 0 0 0 0 0 0 0 499387686 0 
22 27 0 0 0 0 0 0 0 0 0 0 0 0 0 0 0 0 0 0 435482935 0 0 0 0 0 0 0 0 0 0 0 0 0 0 0 0 0 
68 61 0 0 0 0 0 0 0 0 0 0 0 0 0 0 0 0 0 0 375026458 0 0 0 0 41550458 0 0 0 0 0 0 0 0 0 0 0 0 
173 146 0 0 0 0 0 0 0 0 0 0 0 0 0 0 0 0 0 0 0 0 0 0 0 0 0 487211053 0 0 0 0 0 0 0 0 0 0 
98 110 0 0 0 0 0 0 0 0 0 0 0 0 0 0 0 0 0 0 388824246 0 0 0 0 0 0 25848113 0 0 0 0 0 0 0 0 0 0 
0 0 0 0 0 0 0 0 0 0 0 0 0 0 0 0 0 0 0 0 0 0 0 22865 0 20139850 0 0 0 0 0 0 497111052 0 0 0 0 0 
0 0 0 0 0 0 0 0 0 0 0 0 0 0 0 0 0 0 0 0 0 0 0 0 6515223 0 0 0 0 0 0 0 429376438 0 0 1 0 0 
0 0 0 0 0 0 0 0 0 0 0 0 0 0 0 0 0 0 0 0 0 0 0 0 0 0 495324 0 0 9 0 0 418510483 0 0 0 0 0 
0 0 0 0 0 0 0 0 0 0 0 0 0 0 0 0 0 0 0 0 0 1647545 0 0 0 0 0 0 0 0 0 0 0 0 0 0 0 444027145 
77 89 0 0 0 0 0 0 0 0 0 0 0 0 0 0 0 0 0 0 475893526 0 0 0 0 0 0 0 0 0 0 0 0 0 0 0 0 0 
57 49 0 0 0 0 0 0 0 0 0 0 0 0 0 0 0 0 0 0 0 478479783 0 0 0 0 0 0 0 0 0 0 0 0 206 0 0 0 
94 100 0 0 0 0 0 0 0 0 0 0 0 0 0 0 0 0 0 0 509352254 0 0 0 0 0 0 0 0 0 0 0 0 0 0 0 0 0 
86 75 0 0 0 0 0 0 0 0 0 0 0 0 0 0 0 0 0 0 443609585 0 0 0 0 0 0 0 0 0 0 0 0 0 0 0 0 0 
0 0 0 0 0 0 0 0 0 0 0 0 0 0 0 0 0 0 0 0 0 0 0 0 0 0 0 0 0 0 0 0 50033828 406330969 0 0 0 0 
5 4 0 0 0 0 0 0 0 0 0 0 0 0 0 0 0 0 0 0 0 0 0 0 464042974 0 0 0 0 0 0 0 0 0 0 0 0 0 
557 555 0 0 0 0 0 0 0 0 0 0 0 0 0 0 0 0 0 0 0 0 0 0 290310428 0 0 0 0 0 0 0 0 0 0 0 0 0 
1 4 0 0 0 0 0 0 0 0 0 0 0 0 0 0 0 0 0 0 3300320 0 0 0 0 0 0 28415824 0 0 0 0 0 0 0 0 400949071 0 
36 33 0 0 0 0 0 0 0 0 0 0 0 0 0 0 0 0 0 0 0 511782688 2603299 0 0 0 0 0 0 0 0 0 0 0 0 0 0 0 
1 0 0 0 0 0 0 0 0 0 0 0 0 0 0 0 0 0 0 0 0 0 0 0 0 404444419 0 0 0 0 0 0 0 0 0 0 0 0 
2 6 0 0 0 0 0 0 0 0 0 0 0 0 0 0 0 0 0 0 0 0 70048 0 0 0 0 0 0 0 0 0 448565926 0 0 0 0 0 
168 164 0 0 0 0 0 0 0 0 0 0 0 0 0 0 0 0 0 0 0 0 0 0 377189867 0 95549062 0 0 0 0 0 0 0 0 0 0 0 
368 401 0 0 0 0 0 0 0 0 0 0 0 0 0 0 0 0 0 0 0 146447567 0 0 0 0 0 286734846 0 0 0 0 0 0 0 0 0 0 
0 1 0 0 0 0 0 0 0 0 0 0 0 0 0 0 0 0 0 0 0 0 4751 0 0 0 0 0 0 1682 0 0 0 0 0 0 516276383 0 
1 1 0 0 0 0 0 0 0 0 0 0 0 0 0 0 0 0 0 0 0 0 0 0 0 0 0 0 0 0 0 0 46914131 0 0 0 0 454183378 
0 1 0 0 0 0 0 0 0 0 0 0 0 0 0 0 0 0 0 0 0 0 0 0 7257059 0 0 0 0 0 0 0 0 0 0 10 0 406698368 
0 0 0 0 0 0 0 0 0 0 0 0 0 0 0 0 0 0 0 0 0 0 0 0 0 0 0 0 2 0 0 0 0 488135321 0 0 0 0 
1 0 0 0 0 0 0 0 0 0 0 0 0 0 0 0 0 0 0 0 0 0 0 289 0 0 0 0 0 0 0 0 451889755 0 0 0 0 0 
0 0 0 0 0 0 0 0 0 0 0 0 0 0 0 0 0 0 0 0 0 0 0 0 0 0 0 0 0 0 0 0 0 0 0 0 0 440391517 
2 1 0 0 0 0 0 0 0 0 0 0 0 0 0 0 0 0 0 0 0 0 0 0 0 0 0 0 0 0 0 0 0 0 0 0 434608389 0 
564 591 0 0 0 0 0 0 0 0 0 0 0 0 0 0 0 0 0 0 0 0 0 0 0 0 334188613 0 0 0 0 0 0 0 0 0 0 0 
25 38 0 0 0 0 0 0 0 0 0 0 0 0 0 0 0 0 0 0 0 0 0 0 0 0 0 450769169 0 0 0 0 0 0 0 0 0 0 
0 1 0 0 0 0 0 0 0 0 0 0 0 0 0 0 0 0 0 0 0 0 0 0 0 0 0 0 0 0 0 0 0 0 0 0 516801423 0 
132 119 0 0 0 0 0 0 0 0 0 0 0 0 0 0 0 0 0 0 0 0 0 0 0 476782293 0 0 0 0 0 0 0 0 0 0 0 0 
0 0 0 0 0 0 0 0 0 0 0 0 0 0 0 0 0 0 0 0 0 0 0 0 0 0 0 0 0 0 0 0 0 475684438 0 0 0 0 
2 0 0 0 0 0 0 0 0 0 0 0 0 0 0 0 0 0 0 0 0 0 0 0 0 0 0 0 0 0 0 0 0 0 0 13 437273063 0 
30 24 0 0 0 0 0 0 0 0 0 0 0 0 0 0 0 0 0 0 0 0 0 0 504650875 0 0 11794677 0 0 0 0 0 0 0 0 0 0 
13 10 0 0 0 0 0 0 0 0 0 0 0 0 0 0 0 0 0 0 0 0 0 0 420868474 0 0 0 0 0 0 0 0 0 0 0 0 0 
42 47 0 0 0 0 0 0 0 0 0 0 0 0 0 0 0 0 0 0 0 493995727 0 0 0 0 0 0 0 0 0 0 0 0 0 0 0 0 
0 0 0 0 0 0 0 0 0 0 0 0 0 0 0 0 0 0 0 0 0 0 0 0 0 3394629 0 0 228 0 0 0 0 0 0 0 434994762 0 
1 1 0 0 0 0 0 0 0 0 0 0 0 0 0 0 0 0 0 0 0 0 0 0 0 0 0 730462 0 0 0 0 0 0 0 0 506059479 0 
8 7 0 0 0 0 0 0 0 0 0 0 0 0 0 0 0 0 0 0 0 0 0 0 0 439939486 0 0 0 0 0 0 0 0 0 1511 0 0 
1 0 0 0 0 0 0 0 0 0 0 0 0 0 0 0 0 0 0 0 0 113054 0 0 0 53715562 0 0 0 0 0 0 1191033 0 0 0 1055301 426460868 
3 1 0 0 0 0 0 0 0 0 0 0 0 0 0 0 0 0 0 0 0 0 0 0 0 0 0 0 0 0 0 0 402823586 0 0 0 0 0 
2 6 0 0 0 0 0 0 0 0 0 0 0 0 0 0 0 0 0 0 0 0 0 0 182327977 339373654 0 0 0 0 0 0 0 0 0 0 0 0 
0 0 0 0 0 0 0 0 0 0 0 0 0 0 0 0 0 0 0 0 0 0 0 0 0 0 173701 0 0 0 0 0 512000822 0 0 0 0 0 
400 374 0 0 0 0 0 0 0 0 0 0 0 0 0 0 0 0 0 0 346502670 0 46493018 0 0 0 0 34718308 0 0 2596212 0 0 0 0 0 0 0 
25 28 0 0 0 0 0 0 0 0 0 0 0 0 0 0 0 0 0 0 0 0 0 0 0 426571556 0 0 0 0 0 0 0 0 0 0 0 0 
0 0 0 0 0 0 0 0 0 0 0 0 0 0 0 0 0 0 0 0 0 0 0 0 0 0 0 0 0 0 0 45 0 441260648 0 0 0 0 
515 521 0 0 0 0 0 0 0 0 0 0 0 0 0 0 0 0 0 0 0 516759727 0 0 0 0 0 0 0 0 0 0 0 0 0 0 0 0 
0 0 0 0 0 0 0 0 0 0 0 0 0 0 0 0 0 0 0 0 0 0 0 0 0 0 0 0 0 0 0 0 0 472818645 0 0 0 0 
5 2 0 0 0 0 0 0 0 0 0 0 0 0 0 0 0 0 0 0 0 0 0 0 472198934 0 0 0 0 5119 0 0 0 0 0 0 0 0 
0 0 0 0 0 0 0 0 0 0 0 0 0 0 0 0 0 0 0 0 0 0 0 0 0 0 0 768592 0 0 0 0 426901396 0 0 0 0 0 
25 29 0 0 0 0 0 0 0 0 0 0 0 0 0 0 0 0 0 0 0 0 0 0 0 0 437687682 0 0 662 0 0 0 0 0 0 0 0 
0 0 0 0 0 0 0 0 0 0 0 0 0 0 0 0 0 0 0 0 0 0 0 0 0 0 0 0 0 0 0 0 0 426231847 0 0 0 0 
134 109 0 0 0 0 0 0 0 0 0 0 0 0 0 0 0 0 0 0 0 0 0 0 0 0 419962524 0 0 0 0 0 0 0 0 0 0 0 
0 0 0 0 0 0 0 0 0 0 0 0 0 0 0 0 0 0 0 0 0 1791202 0 0 0 0 0 0 0 0 0 0 0 443857794 0 0 0 0 
14 19 0 0 0 0 0 0 0 0 0 0 0 0 0 0 0 0 0 0 0 0 0 0 422640063 0 0 0 0 0 0 0 0 0 0 0 0 0 
2 1 0 0 0 0 0 0 0 0 0 0 0 0 0 0 0 0 0 0 0 0 0 0 0 0 0 0 0 0 0 0 0 430101967 0 0 0 0 
366 378 0 0 0 0 0 0 0 0 0 0 0 0 0 0 0 0 0 0 0 0 0 35212255 0 0 111892852 269420295 0 0 0 0 0 0 0 0 0 0 
0 1 0 0 0 0 0 0 0 0 0 0 0 0 0 0 0 0 0 0 0 0 0 0 4273674 0 0 0 0 0 0 0 493365800 0 0 0 0 0 
1 3 0 0 0 0 0 0 0 0 0 0 0 0 0 0 0 0 0 0 74128765 12504253 0 2902 0 369682885 0 24377627 0 0 0 0 0 0 0 0 0 0 
0 0 0 0 0 0 0 0 0 0 0 0 0 0 0 0 0 0 0 0 0 13640720 0 0 0 0 0 0 0 0 0 0 0 0 0 0 475218370 0 
13 9 0 0 0 0 0 0 0 0 0 0 0 0 0 0 0 0 0 0 480551563 0 0 0 0 0 0 0 0 0 0 0 0 0 0 0 0 0 
6 4 0 0 0 0 0 0 0 0 0 0 0 0 0 0 0 0 0 0 0 0 0 0 0 398733556 0 0 0 0 0 0 0 0 0 0 119604307 0 
602 621 0 0 0 0 0 0 0 0 0 0 0 0 0 0 0 0 0 0 0 0 0 0 0 0 0 443562257 0 0 0 0 0 0 0 0 0 0 
16 10 0 0 0 0 0 0 0 0 0 0 0 0 0 0 0 0 0 0 0 0 68975 0 0 0 0 0 0 0 0 0 0 0 0 0 0 524132478 
2 3 0 0 0 0 0 0 0 0 0 0 0 0 0 0 0 0 0 0 0 0 0 0 0 0 0 0 0 0 0 0 0 506672977 0 13 0 0 
58 62 0 0 0 0 0 0 0 0 0 0 0 0 0 0 0 0 0 0 0 443842049 0 0 0 0 0 0 0 0 0 0 0 0 0 0 0 0 
0 0 0 0 0 0 0 0 0 0 0 0 0 0 0 0 0 0 0 0 1073654 0 0 0 0 0 0 0 0 0 0 0 0 411307937 0 0 0 0 
52 44 0 0 0 0 0 0 0 0 0 0 0 0 0 0 0 0 0 0 0 404950450 0 0 0 0 0 0 0 0 0 0 0 0 0 0 0 0 
0 0 0 0 0 0 0 0 0 0 0 0 0 0 0 0 0 0 0 0 0 0 0 0 0 0 0 0 0 0 0 46 0 0 0 0 468992776 0 
3 2 0 0 0 0 0 0 0 0 0 0 0 0 0 0 0 0 0 0 0 12174062 0 0 0 0 0 1073629 0 0 0 0 0 0 0 0 450691938 0 
600 614 0 0 0 0 0 0 0 0 0 0 0 0 0 0 0 0 0 0 505149942 0 0 0 0 0 0 0 0 0 0 0 0 0 0 0 0 0 
46 43 0 0 0 0 0 0 0 0 0 0 0 0 0 0 0 0 0 0 0 0 0 0 30543457 0 0 410819672 0 5071 0 0 0 0 0 0 0 0 
0 0 0 0 0 0 0 0 0 0 0 0 0 0 0 0 0 0 0 0 0 0 27258 0 0 0 0 104102 0 0 0 0 521177612 0 1 0 0 0 
3 4 0 0 0 0 0 0 0 0 0 0 0 0 0 0 0 0 0 0 0 0 0 0 0 0 0 0 0 0 0 0 0 0 0 0 436825321 0 
168 186 0 0 0 0 0 0 0 0 0 0 0 0 0 0 0 0 0 0 0 0 0 0 0 0 0 0 0 0 0 0 0 0 0 0 0 499890864 
242 242 0 0 0 0 0 0 0 0 0 0 0 0 0 0 0 0 0 0 128711798 0 0 0 373053520 0 0 0 0 0 0 0 0 0 8062 0 0 0 
43 43 0 0 0 0 0 0 0 0 0 0 0 0 0 0 0 0 0 0 9414084 100986390 0 0 0 371982025 0 0 0 0 0 0 0 0 42 0 0 0 
0 0 0 0 0 0 0 0 0 0 0 0 0 0 0 0 0 0 0 0 0 0 0 0 0 359478 0 0 659 0 0 0 0 0 0 0 0 443177482 
54 43 0 0 0 0 0 0 0 0 0 0 0 0 0 0 0 0 0 0 42749418 0 0 0 361445083 0 0 0 12714 0 0 0 0 0 82 0 0 0 
0 0 0 0 0 0 0 0 0 0 0 0 0 0 0 0 0 0 0 0 0 0 0 0 0 0 0 0 0 0 0 0 0 430823612 0 0 0 0 
0 0 0 0 0 0 0 0 0 0 0 0 0 0 0 0 0 0 0 0 0 0 0 0 0 0 0 0 0 0 0 0 499822030 0 0 0 0 0 
2 1 0 0 0 0 0 0 0 0 0 0 0 0 0 0 0 0 0 0 0 11609683 0 0 383932343 4366575 0 0 0 65 0 0 0 0 0 0 0 0 
248 223 0 0 0 0 0 0 0 0 0 0 0 0 0 0 0 0 0 0 0 0 0 0 0 0 0 436649204 0 0 0 0 0 0 0 0 0 0 
49 52 0 0 0 0 0 0 0 0 0 0 0 0 0 0 0 0 0 0 406917514 0 0 0 0 0 0 0 0 0 0 0 0 0 0 0 0 0 
33 27 0 0 0 0 0 0 0 0 0 0 0 0 0 0 0 0 0 0 0 306930384 0 0 0 0 0 161418609 0 0 0 0 0 0 0 0 0 0 
589 655 0 0 0 0 0 0 0 0 0 0 0 0 0 0 0 0 0 0 0 0 0 0 0 0 325140979 0 0 0 0 0 0 0 0 0 0 0 
149 142 0 0 0 0 0 0 0 0 0 0 0 0 0 0 0 0 0 0 0 0 0 0 0 0 0 416872456 0 0 0 0 0 0 0 644 0 0 
6 3 0 0 0 0 0 0 0 0 0 0 0 0 0 0 0 0 0 0 0 0 0 0 522765790 0 0 0 0 0 0 0 0 0 7 0 0 0 
1 1 0 0 0 0 0 0 0 0 0 0 0 0 0 0 0 0 0 0 0 0 0 0 21960843 0 0 0 0 0 0 0 0 0 0 0 390147778 0 
60 66 0 0 0 0 0 0 0 0 0 0 0 0 0 0 0 0 0 0 459791850 0 0 0 0 0 0 0 0 0 0 0 0 0 0 0 0 0 
4 13 0 0 0 0 0 0 0 0 0 0 0 0 0 0 0 0 0 0 235933291 218774658 0 0 0 0 0 0 0 0 0 0 0 0 0 0 0 0 
1 0 0 0 0 0 0 0 0 0 0 0 0 0 0 0 0 0 0 0 0 0 0 0 0 0 0 0 0 0 0 0 157454003 351752758 0 0 0 0 
1 0 0 0 0 0 0 0 0 0 0 0 0 0 0 0 0 0 0 0 0 0 0 0 0 0 0 0 17 13 201 0 10089 456479402 0 0 0 0 
132 135 0 0 0 0 0 0 0 0 0 0 0 0 0 0 0 0 0 0 404654743 0 0 0 0 0 0 0 0 0 0 0 0 0 0 0 0 0 
203 233 0 0 0 0 0 0 0 0 0 0 0 0 0 0 0 0 0 0 0 0 0 0 490352407 0 0 0 0 0 0 0 0 0 0 0 0 0 
140 141 0 0 0 0 0 0 0 0 0 0 0 0 0 0 0 0 0 0 0 385527058 0 0 0 0 0 97181082 1612 0 0 0 0 0 0 0 0 0 
0 1 0 0 0 0 0 0 0 0 0 0 0 0 0 0 0 0 0 0 0 0 0 0 0 452513296 0 0 0 0 0 0 0 0 0 0 11262663 0 
143 133 0 0 0 0 0 0 0 0 0 0 0 0 0 0 0 0 0 0 452203115 0 0 0 0 0 0 0 0 0 0 0 0 0 0 0 0 0 
1 0 0 0 0 0 0 0 0 0 0 0 0 0 0 0 0 0 0 0 0 0 0 0 0 0 0 0 0 0 0 0 0 0 0 0 493470292 0 
134 122 0 0 0 0 0 0 0 0 0 0 0 0 0 0 0 0 0 0 493147829 0 0 0 0 0 0 0 0 0 0 0 0 0 0 0 0 0 
13 8 0 0 0 0 0 0 0 0 0 0 0 0 0 0 0 0 0 0 0 0 0 0 0 0 0 13401089 0 0 0 0 0 0 0 0 0 448257052 
374 363 0 0 0 0 0 0 0 0 0 0 0 0 0 0 0 0 0 0 0 0 0 0 0 0 0 470521606 0 0 0 0 0 0 0 0 0 0 
0 2 0 0 0 0 0 0 0 0 0 0 0 0 0 0 0 0 0 0 0 0 0 0 0 0 0 0 0 0 0 0 397188622 0 0 0 3182383 42321666 
382 374 0 0 0 0 0 0 0 0 0 0 0 0 0 0 0 0 0 0 0 509173276 0 0 0 0 0 0 0 0 253076 0 0 0 0 9027 0 0 
243 284 0 0 0 0 0 0 0 0 0 0 0 0 0 0 0 0 0 0 0 0 0 0 0 0 481695652 0 0 0 0 0 0 0 0 0 0 0 
0 0 0 0 0 0 0 0 0 0 0 0 0 0 0 0 0 0 0 0 0 0 0 0 0 0 0 0 0 0 0 0 0 471535330 0 0 0 0 
9 9 0 0 0 0 0 0 0 0 0 0 0 0 0 0 0 0 0 0 0 42429 0 0 415582669 75526265 0 0 0 0 0 0 0 0 0 10 0 0 
73 85 0 0 0 0 0 0 0 0 0 0 0 0 0 0 0 0 0 0 0 416384426 0 2681374 0 0 0 0 0 0 0 0 0 0 0 0 0 0 
0 2 0 0 0 0 0 0 0 0 0 0 0 0 0 0 0 0 0 0 3590799 0 0 0 0 0 0 0 0 0 0 0 0 0 0 0 0 516031951 
3 7 0 0 0 0 0 0 0 0 0 0 0 0 0 0 0 0 0 0 0 0 0 0 0 510003370 0 0 0 0 0 0 0 0 0 0 0 0 
0 0 0 0 0 0 0 0 0 0 0 0 0 0 0 0 0 0 0 0 0 0 0 0 0 0 0 0 733 0 0 0 0 0 5 0 0 431301744 
0 0 0 0 0 0 0 0 0 0 0 0 0 0 0 0 0 0 0 0 0 0 0 0 0 0 0 0 0 0 0 0 0 0 0 0 0 429543360 
200 180 0 0 0 0 0 0 0 0 0 0 0 0 0 0 0 0 0 0 0 0 0 2936108 0 0 463978473 0 0 0 0 0 0 0 0 0 0 0 
2 2 0 0 0 0 0 0 0 0 0 0 0 0 0 0 0 0 0 0 0 0 0 0 0 0 0 0 0 434 0 0 0 0 0 0 0 527344103 
0 1 0 0 0 0 0 0 0 0 0 0 0 0 0 0 0 0 0 0 0 0 0 0 28502953 0 0 0 0 0 0 0 0 0 0 0 0 403309995 
0 0 0 0 0 0 0 0 0 0 0 0 0 0 0 0 0 0 0 0 2343588 0 0 0 0 0 0 0 0 0 0 0 0 0 0 0 502499772 0 
0 0 0 0 0 0 0 0 0 0 0 0 0 0 0 0 0 0 0 0 0 0 0 0 0 14368510 0 0 0 0 0 0 0 504400361 0 0 0 0 
0 0 0 0 0 0 0 0 0 0 0 0 0 0 0 0 0 0 0 0 271673 0 0 0 0 0 0 183226 0 0 0 0 516976127 0 0 0 0 0 
49 63 0 0 0 0 0 0 0 0 0 0 0 0 0 0 0 0 0 0 0 0 0 0 0 0 0 444202043 0 0 0 0 0 0 0 0 0 0 
0 0 0 0 0 0 0 0 0 0 0 0 0 0 0 0 0 0 0 0 0 0 0 0 0 0 0 0 0 0 0 0 490309169 0 0 0 0 548727 
26 21 0 0 0 0 0 0 0 0 0 0 0 0 0 0 0 0 0 0 0 0 0 0 463301590 0 0 0 0 0 0 0 0 0 0 0 0 0 
1 0 0 0 0 0 0 0 0 0 0 0 0 0 0 0 0 0 0 0 0 7864 0 0 0 0 0 0 65 0 0 0 0 459036982 0 0 0 0 
88 98 0 0 0 0 0 0 0 0 0 0 0 0 0 0 0 0 0 0 0 0 0 0 0 0 0 0 0 0 0 0 0 460148575 0 0 0 0 
14 14 0 0 0 0 0 0 0 0 0 0 0 0 0 0 0 0 0 0 0 0 0 0 0 502743931 0 0 0 0 0 0 0 0 0 486 0 0 
3 1 0 0 0 0 0 0 0 0 0 0 0 0 0 0 0 0 0 0 0 0 0 0 346283624 0 146183244 0 0 0 0 0 0 0 0 0 0 0 
118 132 0 0 0 0 0 0 0 0 0 0 0 0 0 0 0 0 0 0 0 0 0 12926214 421113088 0 0 0 0 0 0 0 0 0 0 0 0 0 
2 2 0 0 0 0 0 0 0 0 0 0 0 0 0 0 0 0 0 0 0 0 0 0 0 0 0 0 0 0 0 4385 0 0 0 0 0 521575692 
1 0 0 0 0 0 0 0 0 0 0 0 0 0 0 0 0 0 0 0 0 4658 0 0 0 0 0 0 0 0 0 0 0 0 0 0 399486012 0 
20 17 0 0 0 0 0 0 0 0 0 0 0 0 0 0 0 0 0 0 0 0 0 0 462896090 0 56610586 0 0 0 0 0 0 0 0 0 0 0 
108 103 0 0 0 0 0 0 0 0 0 0 0 0 0 0 0 0 0 0 444402904 0 1548799 0 0 0 0 0 0 0 0 0 0 0 0 0 0 0 
220 247 0 0 0 0 0 1 0 0 0 0 0 0 0 0 0 0 0 0 0 0 0 0 0 214476269 0 197721236 0 0 0 0 0 0 0 0 0 0 
5 5 0 0 0 0 0 0 0 0 0 0 0 0 0 0 0 0 0 0 0 0 0 0 0 0 0 5501978 0 0 0 0 0 0 0 0 504375691 0 
0 0 0 0 0 0 0 0 0 0 0 0 0 0 0 0 0 0 0 0 0 0 0 0 0 0 0 0 0 0 0 0 0 453319436 0 0 0 0 
615 675 0 0 0 0 0 0 0 0 0 0 0 0 0 0 0 0 0 0 0 0 0 0 0 0 427442467 0 0 0 0 317709 0 0 0 0 0 0 
247 204 0 0 0 0 0 0 0 0 0 0 0 0 0 0 0 0 0 0 0 0 0 0 416732664 0 0 0 0 0 0 0 0 0 0 0 0 0 
12 13 0 0 0 0 0 0 0 0 0 0 0 0 0 0 0 0 0 0 0 0 0 0 0 416524884 0 0 0 0 0 0 0 0 0 0 0 0 
74 73 0 0 0 0 0 0 0 0 0 0 0 0 0 0 0 0 0 0 525945403 0 0 0 0 0 0 0 0 0 0 0 0 0 0 0 0 0 
372 347 0 0 0 0 0 0 0 0 0 0 0 0 0 0 0 0 0 0 0 0 0 0 0 0 463186688 0 0 0 0 0 0 0 0 0 0 0 
486 447 0 0 0 0 0 0 0 0 0 0 0 0 0 0 0 0 0 0 0 0 0 0 0 0 506135965 0 0 0 0 0 0 0 0 0 0 0 
666 673 0 0 0 0 0 0 0 0 0 0 0 0 0 0 0 0 0 0 0 0 0 0 482794568 0 0 0 0 0 0 0 0 0 0 0 0 0 
37 31 0 0 0 0 0 0 0 0 0 0 0 0 0 0 0 0 0 0 0 0 0 0 0 455545154 0 0 0 0 0 0 0 0 0 0 0 0 
0 1 0 0 0 0 0 0 0 0 0 0 0 0 0 0 0 0 0 0 0 0 0 0 0 2345 0 0 0 0 0 0 7229608 461497295 0 0 0 0 
575 549 0 0 0 0 0 0 0 0 0 0 0 0 0 0 0 0 0 0 0 0 0 309348169 0 0 0 0 0 0 0 0 0 0 0 0 0 0 
0 0 0 0 0 0 0 0 0 0 0 0 0 0 0 0 0 0 0 0 0 0 8346 0 0 0 0 0 0 100 0 0 0 0 0 0 0 478530655 
389 414 0 0 0 0 0 0 0 0 0 0 0 0 0 0 0 0 0 0 0 0 0 0 0 0 410994289 0 0 0 0 0 0 0 0 0 0 0 
0 0 0 0 0 0 0 0 0 0 0 0 0 0 0 0 0 0 0 0 0 0 0 0 0 0 65288 0 0 0 0 0 0 479733545 0 0 0 0 
89 82 0 0 0 0 0 0 0 0 0 0 0 0 0 0 0 0 0 0 0 0 0 0 0 0 0 436852380 0 672455 0 0 0 0 0 0 0 0 
240 264 0 0 0 0 0 0 0 0 0 0 0 0 0 0 0 0 0 0 0 0 0 0 0 0 416170188 0 0 0 0 0 0 0 0 0 0 0 
9 12 0 0 0 0 0 0 0 0 0 0 0 0 0 0 0 0 0 0 0 0 0 0 0 522654879 0 0 0 0 0 0 0 0 0 0 0 0 
0 0 0 0 0 0 0 0 0 0 0 0 0 0 0 0 0 0 0 0 0 0 3023 0 0 0 0 0 0 0 0 0 482976721 0 0 0 0 0 
0 0 0 0 0 0 0 0 0 0 0 0 0 0 0 0 0 0 0 0 0 0 0 1559 0 0 0 0 0 0 0 0 442236271 0 0 0 0 0 
1 0 0 0 0 0 0 0 0 0 0 0 0 0 0 0 0 0 0 0 0 0 0 0 0 0 0 0 0 0 0 0 0 436692802 0 0 0 0 
1 1 0 0 0 0 0 0 0 0 0 0 0 0 0 0 0 0 0 0 6748609 0 0 0 0 0 0 0 0 0 0 0 0 0 0 0 0 493897402 
12 18 0 0 0 0 0 0 0 0 0 0 0 0 0 0 0 0 0 0 0 0 0 0 0 0 0 0 0 0 3930 0 0 0 0 0 440373540 0 
367 332 0 0 0 0 0 0 0 0 0 0 0 0 0 0 0 0 0 0 0 454032514 0 0 0 0 0 0 0 0 0 0 0 0 0 0 0 0 
0 0 0 0 0 0 0 0 0 0 0 0 0 0 0 0 0 0 0 0 0 0 0 0 0 0 0 0 0 0 0 0 0 0 0 0 0 450105793 
45 49 0 0 0 0 0 0 0 0 0 0 0 0 0 0 0 0 0 0 516167442 0 0 0 0 0 0 0 0 0 0 0 0 0 0 0 0 0 
500 558 0 0 0 0 0 0 0 0 0 0 0 0 0 0 0 0 0 0 0 0 0 0 0 0 52011498 416645976 0 0 0 0 0 0 0 0 0 0 
3 6 0 0 0 0 0 0 0 0 0 0 0 0 0 0 0 0 0 0 0 0 0 0 0 0 0 0 0 0 0 0 0 485047146 0 0 0 0 
633 601 0 0 0 0 0 0 0 0 0 0 0 0 0 0 0 0 0 0 0 0 0 0 0 0 300004563 0 0 0 0 0 0 0 0 17706 0 0 
409 420 0 0 0 0 0 0 0 0 0 0 0 0 0 0 0 0 0 0 0 0 0 0 435837784 0 0 0 0 0 0 0 0 0 0 0 0 0 
6 5 0 0 0 0 0 0 0 0 0 0 0 0 0 0 0 0 0 0 0 0 0 0 520517442 0 0 0 0 0 0 0 0 0 0 0 0 0 
0 0 0 0 0 0 0 0 0 0 0 0 0 0 0 0 0 0 0 0 0 0 0 0 0 0 0 0 0 0 0 0 0 0 0 0 29334021 446408346 
484 507 0 0 0 0 0 0 0 0 0 0 0 0 0 0 0 0 0 0 0 0 0 0 0 0 0 436029060 0 0 0 0 0 0 0 0 0 0 
0 0 0 0 0 0 0 0 0 0 0 0 0 0 0 0 0 0 0 0 0 0 0 0 0 0 0 0 0 0 0 0 0 0 0 0 421233297 0 
0 0 0 0 0 0 0 0 0 0 0 0 0 0 0 0 0 0 0 0 0 0 0 0 0 0 0 0 0 0 0 0 0 0 0 0 432897450 0 
0 0 0 0 0 0 0 0 0 0 0 0 0 0 0 0 0 0 0 0 0 0 0 0 0 0 0 0 0 0 0 31 442852629 0 0 0 0 0 
31 34 0 0 0 0 0 0 0 0 0 0 0 0 0 0 0 0 0 0 0 441023898 0 0 0 0 0 0 0 0 0 0 0 0 0 0 0 0 
4 4 0 0 0 0 0 0 0 0 0 0 0 0 0 0 0 0 0 0 0 99834 0 0 0 0 0 0 0 0 0 0 0 0 0 0 0 523358533 
6 4 0 0 0 0 0 0 0 0 0 0 0 0 0 0 0 0 0 0 0 0 0 0 511786373 0 484958 0 0 0 0 0 0 0 0 0 0 0 
176 197 0 0 0 0 0 0 0 0 0 0 0 0 0 0 0 0 0 0 0 0 0 0 0 0 0 0 0 0 0 0 0 473148388 0 0 0 0 
69 65 0 0 0 0 0 0 0 0 0 0 0 0 0 0 0 0 0 0 412440236 104645651 0 0 0 0 0 0 0 0 0 0 0 0 0 0 0 0 
57 56 0 0 0 0 0 0 0 0 0 0 0 0 0 0 0 0 0 0 0 0 0 4018524 0 423034712 0 0 0 30598 0 61007 0 0 0 0 0 0 
0 1 0 0 0 0 0 0 0 0 0 0 0 0 0 0 0 0 0 0 0 0 0 0 0 106693005 0 0 0 62 0 0 0 358211333 0 0 0 0 
426 383 0 0 0 0 0 0 0 0 0 0 0 0 0 0 0 0 0 0 484287790 0 0 0 0 0 0 0 0 0 0 0 0 0 0 0 0 0 
5 2 0 0 0 0 0 0 0 0 0 0 0 0 0 0 0 0 0 0 0 22958283 0 0 0 0 0 0 0 0 0 0 0 0 0 0 0 467124450 
