1.6e-10 1.84375 2.375 0 204760011 0 204754263 0
1.6e-10 2.26562 2.78125 0 220642880 0 220384754 0
1.6e-10 2.17188 2.54688 0 259481462 0 259526457 0
1.6e-10 1.70312 2.21875 0 203977648 1 204034011 0
1.6e-10 1.85938 2.375 0 201766976 0 201689318 0
1.6e-10 2.375 2.89062 0 237349533 0 237233025 0
1.6e-10 1.85938 2.39062 0 199165633 0 199272573 0
1.6e-10 2.125 2.5 0 215097960 0 215197035 14
1.6e-10 1.73438 2.25 0 258233938 0 258288505 0
1.6e-10 1.76562 2.28125 0 242851971 0 243182890 0
1.6e-10 2.1875 2.5625 0 250885825 0 251270050 0
1.6e-10 2.35938 2.89062 0 240354153 0 240229917 0
1.6e-10 2.07812 2.45312 0 232775128 0 232840314 0
1.6e-10 1.65625 2.03125 0 221495863 0 221743413 0
1.6e-10 2.57812 2.95312 0 209079541 0 209094704 0
1.6e-10 1.78125 2.29688 0 236926121 0 236838876 0
1.6e-10 1.6875 2.20312 0 210588409 0 210504233 0
1.6e-10 2.3125 2.82812 0 199707476 0 199545138 0
1.6e-10 1.90625 2.42188 0 247694108 0 247888754 0
1.6e-10 2.3125 2.82812 0 199239611 0 199472676 0
1.6e-10 2.34375 2.875 0 245539370 0 245403123 0
1.6e-10 1.65625 2.03125 0 225338650 0 225243952 0
1.6e-10 1.875 2.39062 0 197480345 0 197570380 0
1.6e-10 1.90625 2.42188 0 246442843 0 246485128 0
1.6e-10 2.32812 2.84375 0 260363091 0 260256566 0
1.6e-10 2.1875 2.5625 0 254921868 0 254950133 0
1.6e-10 1.70312 2.23438 0 202060813 1 201927828 0
1.6e-10 2.29688 2.8125 0 204560146 1 204387396 0
1.6e-10 1.67188 2.04688 0 215468509 0 215485426 0
1.6e-10 1.6875 2.21875 0 208135975 0 208270081 0
1.6e-10 1.73438 2.26562 0 253815037 0 253699311 0
1.6e-10 1.8125 2.32812 0 220581022 0 220580282 0
1.6e-10 2.10938 2.48438 0 222224031 0 221912836 0
1.6e-10 2.29688 2.82812 0 203489258 0 203427337 0
1.6e-10 1.89062 2.40625 0 254402520 0 254506280 0
1.6e-10 1.73438 2.25 0 257210259 0 257143254 0
1.6e-10 1.79688 2.3125 0 226911939 0 226786754 0
1.6e-10 1.71875 2.23438 0 199893324 1 199941840 0
1.6e-10 1.65625 2.01562 0 226546386 0 226580429 0
1.6e-10 2.09375 2.46875 0 229640631 0 229679642 0
1.6e-10 1.65625 2.03125 0 222146735 0 222096527 0
1.6e-10 2.32812 2.85938 0 256107272 0 256308789 0
1.6e-10 1.64062 2.01562 0 228197673 0 228213693 0
1.6e-10 1.65625 2.03125 0 226129127 0 226227257 0
1.6e-10 2.26562 2.79688 0 214180663 1 214262713 0
1.6e-10 2.0625 2.4375 0 239639917 0 239654359 0
1.6e-10 2.10938 2.48438 0 217377786 0 217357542 0
1.6e-10 1.65625 2.03125 0 221998638 0 222094605 2
1.6e-10 1.6875 2.04688 0 213667523 0 213504372 0
1.6e-10 1.82812 2.34375 0 213847399 0 214019157 0
1.6e-10 2.10938 2.48438 0 218950380 0 218927932 0
1.6e-10 2.34375 2.875 0 247610871 0 247560711 17
1.6e-10 1.79688 2.32812 0 223745475 0 223786986 0
1.6e-10 2.57812 2.95312 0 208909394 0 208528755 0
1.6e-10 1.75 2.26562 0 251466592 0 251861882 0
1.6e-10 1.8125 2.34375 0 219727548 0 219889922 0
1.6e-10 2.26562 2.78125 0 219044396 0 219098553 0
1.6e-10 1.85938 2.39062 0 200647103 0 200670276 0
1.6e-10 1.6875 2.20312 0 211080717 0 211053973 0
1.6e-10 1.76562 2.29688 0 238060801 0 237789804 0
1.6e-10 2.0625 2.4375 0 240276734 0 240036107 0
1.6e-10 1.85938 2.39062 0 200253514 0 200490723 0
1.6e-10 1.75 2.26562 0 252035120 0 252166669 0
1.6e-10 1.6875 2.20312 0 210549939 0 210455974 0
1.6e-10 2.23438 2.75 0 233778321 0 233830644 0
1.6e-10 2.29688 2.8125 0 207363276 0 207217068 0
1.6e-10 2.23438 2.75 0 233376993 0 233627761 0
1.6e-10 1.8125 2.34375 0 217629831 0 217672705 0
1.6e-10 1.76562 2.29688 0 239879869 0 239903962 0
1.6e-10 1.82812 2.34375 0 215787914 1 215816241 0
1.6e-10 1.82812 2.34375 0 213602474 2 213388392 0
1.6e-10 2.3125 2.84375 0 261947420 0 262114484 0
1.6e-10 1.75 2.28125 0 246055283 0 246213407 0
1.6e-10 1.67188 2.04688 0 215373370 0 215386277 1
1.6e-10 2.0625 2.4375 0 239703700 0 239948529 0
1.6e-10 2.25 2.76562 0 224953824 0 225085876 0
1.6e-10 1.82812 2.35938 0 212947076 2 213010523 0
1.6e-10 2.25 2.78125 0 221315928 0 221178880 1
1.6e-10 1.67188 2.04688 0 217159814 0 217231450 0
1.6e-10 1.67188 2.04688 0 216376208 0 216345465 2
1.6e-10 2.21875 2.75 0 236596613 0 236718123 0
1.6e-10 1.78125 2.29688 0 236465312 0 236494187 0
1.6e-10 1.875 2.40625 0 259386186 1 259474273 0
1.6e-10 2.35938 2.875 0 242461299 0 242340436 0
1.6e-10 1.875 2.39062 0 196769706 0 196701138 0
1.6e-10 1.65625 2.03125 0 223358883 0 223456975 0
1.6e-10 2.21875 2.75 0 235941739 2 236287151 0
1.6e-10 2.10938 2.48438 0 217936216 0 218032329 0
1.6e-10 1.84375 2.35938 0 208549783 0 208610156 0
1.6e-10 1.8125 2.34375 0 219626084 0 219532784 0
1.6e-10 2.59375 2.96875 0 205279955 0 205407832 2
1.6e-10 2.32812 2.84375 0 258739291 0 258605857 0
1.6e-10 2.23438 2.75 0 233434772 0 233633342 0
1.6e-10 2.0625 2.4375 0 240437283 0 240500771 0
1.6e-10 2.32812 2.85938 0 256045989 0 256239513 0
1.6e-10 2.23438 2.75 0 232419315 0 232471166 0
1.6e-10 2.07812 2.45312 0 234288022 0 233855991 0
1.6e-10 1.67188 2.04688 0 219612856 0 219795600 0
1.6e-10 2.21875 2.75 0 237032379 0 236832323 0
1.6e-10 1.82812 2.34375 0 216423463 0 216123079 0
1.6e-10 2.1875 2.5625 0 251755474 0 251832803 0
1.6e-10 2.07812 2.45312 0 234708968 0 235014222 0
1.6e-10 1.875 2.40625 0 259251329 0 259276593 0
1.6e-10 2.64062 3.01562 0 249619324 0 249700041 0
1.6e-10 1.70312 2.21875 0 205817631 0 205804553 0
1.6e-10 1.78125 2.29688 0 235819108 0 235968406 0
1.6e-10 1.71875 2.23438 0 199209024 0 199190215 0
1.6e-10 2.28125 2.79688 0 211151449 0 211276692 0
1.6e-10 2.21875 2.73438 0 238879603 0 238971670 0
1.6e-10 2.14062 2.51562 0 210071926 0 210399672 0
1.6e-10 2.34375 2.875 0 245661637 0 245472505 0
1.6e-10 1.71875 2.25 0 262038238 0 261994415 0
1.6e-10 1.78125 2.3125 0 233457779 0 233306762 0
1.6e-10 2.59375 2.96875 0 207538419 0 207175077 0
1.6e-10 1.90625 2.42188 0 248631693 0 248550264 0
1.6e-10 1.73438 2.25 0 259010164 0 259055481 0
1.6e-10 2.60938 2.98438 0 199398304 0 199355881 0
1.6e-10 2.375 2.90625 0 232813388 0 233209117 0
1.6e-10 1.85938 2.375 0 201101580 0 201098836 0
1.6e-10 1.70312 2.23438 0 202954159 3 202919977 0
1.6e-10 2.125 2.5 0 211635710 0 211732968 0
1.6e-10 1.75 2.26562 0 248869114 0 248960594 0
1.6e-10 1.70312 2.21875 0 207126870 24 207100637 0
1.6e-10 2.25 2.76562 0 223759278 0 223810620 0
1.6e-10 2.32812 2.84375 0 256502100 0 256541357 2
1.6e-10 2.17188 2.54688 0 259292914 0 259244892 0
1.6e-10 1.67188 2.04688 0 215948256 0 215966532 6
1.6e-10 1.76562 2.28125 0 242550221 0 242372664 0
1.6e-10 2.20312 2.73438 0 242451854 0 242417218 0
1.6e-10 2.09375 2.46875 0 228887239 0 228852157 0
1.6e-10 1.90625 2.42188 0 246500945 0 246584975 0
1.6e-10 1.76562 2.28125 0 243272249 0 243227360 0
1.6e-10 2.10938 2.48438 0 222164790 4 222060832 0
1.6e-10 1.79688 2.3125 0 227965563 0 228097113 0
1.6e-10 1.71875 2.23438 0 199187229 2 199023013 0
1.6e-10 2.625 3 0 255189865 0 255100590 0
1.6e-10 1.85938 2.375 0 201812362 0 201917662 0
1.6e-10 1.78125 2.3125 0 232635177 0 232870402 0
1.6e-10 1.6875 2.20312 0 212123990 0 212155683 0
1.6e-10 1.89062 2.40625 0 255557554 0 255663849 0
1.6e-10 2.1875 2.5625 0 250912921 0 250534380 0
1.6e-10 1.71875 2.25 0 196816286 0 196848267 0
1.6e-10 2.0625 2.4375 0 239972360 0 239700282 0
1.6e-10 1.75 2.26562 0 250974249 0 250889872 0
1.6e-10 2.42188 2.9375 0 214519834 0 214489673 0
1.6e-10 1.79688 2.32812 0 224428170 0 224418188 0
1.6e-10 2.40625 2.9375 0 219904662 0 219729436 0
1.6e-10 1.82812 2.34375 0 215087492 0 215054844 0
1.6e-10 2.42188 2.9375 0 215634102 0 215818623 0
1.6e-10 2.28125 2.8125 0 210169810 0 209919338 0
1.6e-10 1.79688 2.32812 0 224898754 0 224849447 0
1.6e-10 2.1875 2.5625 0 251189245 0 251354431 0
1.6e-10 1.8125 2.34375 0 217467852 0 217402184 0
1.6e-10 1.875 2.40625 0 259395733 0 259241790 0
1.6e-10 1.8125 2.32812 0 222177695 0 222040822 0
1.6e-10 1.79688 2.32812 0 223709441 0 223547993 0
1.6e-10 2.10938 2.48438 0 222656483 0 222670655 0
1.6e-10 2.21875 2.73438 0 239207971 0 239517279 0
1.6e-10 2.34375 2.875 0 248073787 0 248366825 0
1.6e-10 1.71875 2.23438 0 199392341 0 199411988 0
1.6e-10 1.65625 2.03125 0 220273684 0 220256162 0
1.6e-10 1.76562 2.29688 0 238760632 0 238705702 0
1.6e-10 1.75 2.26562 0 251264908 0 251429454 0
1.6e-10 2.32812 2.84375 0 260213174 0 260262538 0
1.6e-10 1.6875 2.20312 0 210835445 0 210957468 0
1.6e-10 1.76562 2.29688 0 240585866 0 240328434 1
1.6e-10 2.10938 2.48438 0 222305855 0 222404916 0
1.6e-10 2.23438 2.76562 0 228684065 0 228684210 0
1.6e-10 2.59375 2.96875 0 204729174 0 204800472 0
1.6e-10 1.85938 2.39062 0 199061239 0 199245969 0
1.6e-10 2.14062 2.51562 0 205282615 0 205028001 0
1.6e-10 2.14062 2.51562 0 210251107 0 210144480 0
1.6e-10 2.1875 2.54688 0 256129319 0 256121192 0
1.6e-10 1.76562 2.28125 0 241769671 0 241726136 0
1.6e-10 1.79688 2.32812 0 223779306 0 223854031 0
1.6e-10 2.15625 2.53125 0 202699580 0 202708900 0
1.6e-10 1.67188 2.04688 0 216451697 0 216459547 0
1.6e-10 2.35938 2.89062 0 239680259 0 239563213 0
1.6e-10 2.07812 2.4375 0 237391067 0 237558514 0
1.6e-10 1.64062 2.01562 0 232935450 0 232855587 0
1.6e-10 1.70312 2.23438 0 201508215 0 201559435 0
1.6e-10 1.89062 2.40625 0 254837141 0 254925745 14
1.6e-10 2.23438 2.76562 0 229152287 0 229321256 2
1.6e-10 1.875 2.40625 0 257765834 0 257701037 0
1.6e-10 1.64062 2.01562 0 230197243 0 230097791 0
1.6e-10 2.15625 2.53125 0 201657158 0 201829258 0
1.6e-10 1.64062 2.01562 0 228510929 0 228221595 0
1.6e-10 1.79688 2.32812 0 225760856 0 225833934 8
1.6e-10 1.79688 2.32812 0 224466285 0 224593649 0
1.6e-10 1.85938 2.375 0 203105543 12 202998771 0
1.6e-10 2.25 2.76562 0 224764563 2 224838157 0
1.6e-10 1.85938 2.375 0 201826637 0 201743775 0
1.6e-10 2.375 2.90625 0 232154530 0 232207239 0
1.6e-10 1.875 2.40625 0 257668534 0 258028369 0
1.6e-10 1.73438 2.26562 0 255120056 0 255202239 0
1.6e-10 1.78125 2.3125 0 230626449 0 230525039 0
1.6e-10 1.75 2.26562 0 249940471 0 249995385 0
1.6e-10 2.29688 2.82812 0 204225902 0 204075386 0
1.6e-10 1.76562 2.28125 0 240982583 0 240955698 0
1.6e-10 1.85938 2.39062 0 199962318 0 200068722 0
1.6e-10 1.76562 2.29688 0 240080220 2 240170274 0
1.6e-10 2.35938 2.875 0 241628182 5 241575242 0
1.6e-10 1.70312 2.23438 0 203333621 0 203267330 0
1.6e-10 1.8125 2.32812 0 223140977 0 223307640 0
1.6e-10 2.14062 2.51562 0 208304210 0 208349851 0
1.6e-10 2.42188 2.9375 0 216517704 0 216734799 0
1.6e-10 1.70312 2.21875 0 204703078 0 204619010 0
1.6e-10 1.6875 2.21875 0 207874240 0 207967216 0
1.6e-10 1.71875 2.25 0 196857631 0 196836528 0
1.6e-10 2.14062 2.51562 0 204552706 0 204593643 0
1.6e-10 2.21875 2.73438 0 239540950 0 239645302 7
1.6e-10 1.70312 2.21875 0 204457619 0 204480445 0
1.6e-10 1.70312 2.23438 0 201686432 0 201815861 0
1.6e-10 2.39062 2.92188 0 224842241 0 224521011 0
1.6e-10 1.82812 2.35938 0 212549501 0 212606625 0
1.6e-10 2.0625 2.4375 0 242053181 0 242137723 0
1.6e-10 1.73438 2.26562 0 253576409 0 253853964 0
1.6e-10 1.64062 2.01562 0 228242684 0 228196666 0
1.6e-10 2.32812 2.84375 0 259419720 0 259355371 11
1.6e-10 1.65625 2.01562 0 226920836 1 226660186 0
1.6e-10 2.28125 2.8125 0 209685126 0 209941429 0
1.6e-10 2.125 2.5 0 215774697 0 215798692 0
1.6e-10 2.14062 2.51562 0 208187854 0 208342219 0
1.6e-10 1.71875 2.23438 0 200751170 0 200649553 0
1.6e-10 1.73438 2.25 0 259722012 0 259971729 0
1.6e-10 2.14062 2.51562 0 209088831 1 209190937 0
1.6e-10 2.26562 2.79688 0 215211796 0 215254715 0
1.6e-10 1.71875 2.25 0 197595942 0 197624672 0
1.6e-10 1.82812 2.34375 0 214938998 0 214947728 3
1.6e-10 2.29688 2.8125 0 206341071 0 206419383 0
1.6e-10 2.10938 2.48438 0 218393891 0 218350827 0
1.6e-10 2.23438 2.75 0 232941116 0 233005529 0
1.6e-10 1.89062 2.40625 0 252046425 0 252253388 0
1.6e-10 1.76562 2.29688 0 239298761 3 239273245 1
1.6e-10 2.1875 2.5625 0 254231531 0 254039203 0
1.6e-10 2.26562 2.78125 0 217125210 0 217226047 0
1.6e-10 1.67188 2.04688 0 218480420 0 218721725 0
1.6e-10 2.17188 2.54688 0 259182161 0 259031614 0
1.6e-10 2.125 2.5 0 212229483 0 212257252 0
1.6e-10 1.70312 2.21875 0 206331495 0 206208984 0
1.6e-10 2.40625 2.92188 0 221898783 0 222001979 0
1.6e-10 1.84375 2.35938 0 207489755 0 207240600 5
1.6e-10 2.28125 2.8125 0 209183426 0 209128719 0
1.6e-10 2.14062 2.51562 0 207175001 0 207247971 0
1.6e-10 1.875 2.39062 0 261020689 0 261105646 0
1.6e-10 2.15625 2.53125 0 202490400 0 202489608 0
1.6e-10 1.79688 2.3125 0 228633259 0 228707367 0
1.6e-10 1.64062 2.01562 0 226977258 0 226906109 0
1.6e-10 1.6875 2.20312 0 212769484 0 212978831 0
1.6e-10 1.65625 2.01562 0 226508212 0 226468910 0
1.6e-10 1.84375 2.35938 0 207564859 0 207459995 0
1.6e-10 1.76562 2.28125 0 242755170 0 242807760 0
1.6e-10 2.07812 2.45312 0 235979564 0 236151448 0
1.6e-10 1.85938 2.39062 0 198916895 0 198858631 0
1.6e-10 1.73438 2.26562 0 255830135 0 255937996 0
1.6e-10 2.26562 2.79688 0 216036958 0 216072758 0
1.6e-10 1.75 2.26562 0 249273368 0 249413927 0
1.6e-10 2.17188 2.54688 0 258754476 0 258733341 0
1.6e-10 2.23438 2.75 0 231569138 0 231599560 0
1.6e-10 1.75 2.28125 0 246160513 0 246117209 0
1.6e-10 1.75 2.26562 0 249472180 0 249419261 0
1.6e-10 1.84375 2.35938 0 208227436 0 208113179 0
1.6e-10 2.39062 2.92188 0 225491167 0 225430601 1
1.6e-10 1.84375 2.375 0 205218349 0 205181254 0
1.6e-10 1.71875 2.25 0 197523387 0 197503330 0
1.6e-10 1.70312 2.21875 0 205156153 0 205101376 0
1.6e-10 1.75 2.26562 0 249499678 0 249316372 0
1.6e-10 1.67188 2.04688 0 217297983 0 217322463 0
1.6e-10 2.32812 2.85938 0 255427832 5 255528472 0
1.6e-10 2.125 2.5 0 210941238 0 210902572 0
1.6e-10 1.67188 2.03125 0 219710405 15 219785598 0
1.6e-10 1.70312 2.21875 0 205802932 0 205784277 0
1.6e-10 1.6875 2.21875 0 207885270 0 208105422 0
1.6e-10 1.82812 2.34375 0 216924218 0 216964510 0
1.6e-10 2.39062 2.92188 0 224584715 0 224702843 0
1.6e-10 2.25 2.78125 0 221175906 0 221256673 0
1.6e-10 1.71875 2.25 0 196871902 0 196957761 0
1.6e-10 1.8125 2.34375 0 218597597 0 218624595 0
1.6e-10 1.8125 2.32812 0 223407447 0 223311564 0
1.6e-10 1.79688 2.3125 0 229967491 0 229913877 0
1.6e-10 1.875 2.40625 0 256406279 4 256542148 0
1.6e-10 2.26562 2.78125 0 218103869 0 217975215 0
1.6e-10 1.75 2.28125 0 245022342 0 244748244 0
1.6e-10 1.71875 2.23438 0 197927718 0 198236141 0
1.6e-10 1.75 2.26562 0 250429353 0 250363062 0
1.6e-10 1.82812 2.34375 0 213665552 0 213570825 0
1.6e-10 2.25 2.78125 0 220772884 0 221019493 0
1.6e-10 1.71875 2.25 0 197532676 0 197685999 0
1.6e-10 1.6875 2.21875 0 207376605 0 207491189 0
1.6e-10 1.73438 2.26562 0 253253496 2 253188308 0
1.6e-10 2.14062 2.51562 0 208426363 0 208541270 0
1.6e-10 2.39062 2.90625 0 228925616 2 229108434 2
1.6e-10 2.23438 2.76562 0 229361970 0 229135525 0
1.6e-10 1.79688 2.32812 0 224384485 0 224583680 0
1.6e-10 2.10938 2.48438 0 217988799 0 217772333 0
1.6e-10 1.79688 2.3125 0 229296624 0 229281515 0
1.6e-10 1.64062 2.01562 0 231827776 0 231563284 0
1.6e-10 1.8125 2.34375 0 219391142 0 219395133 0
1.6e-10 2.3125 2.82812 0 200528272 0 200297793 1
1.6e-10 1.85938 2.375 0 202223573 0 202213486 0
1.6e-10 2.21875 2.73438 0 239717608 0 239362742 0
1.6e-10 1.75 2.28125 0 247916356 0 247728505 0
1.6e-10 2.17188 2.54688 0 197236137 0 197266510 0
1.6e-10 1.70312 2.23438 0 200984582 0 201167837 0
1.6e-10 1.71875 2.25 0 196784195 0 196747507 0
1.6e-10 2.3125 2.84375 0 261749999 0 261612844 0
1.6e-10 2.39062 2.92188 0 225904257 3 226064543 0
1.6e-10 1.82812 2.34375 0 214817454 0 214938744 2
1.6e-10 1.84375 2.375 0 205242195 0 205336858 0
1.6e-10 2.15625 2.53125 0 199779381 0 199626911 0
1.6e-10 1.85938 2.39062 0 200057963 0 200036870 0
1.6e-10 1.67188 2.04688 0 216377457 0 216280712 0
1.6e-10 2.09375 2.46875 0 227341642 12 227559506 0
1.6e-10 2.21875 2.73438 0 239381221 0 239274701 0
1.6e-10 2.1875 2.5625 0 250990414 0 250884623 0
1.6e-10 1.875 2.40625 0 259341811 0 259522088 0
1.6e-10 1.84375 2.35938 0 207323588 0 207086648 0
1.6e-10 2.3125 2.82812 0 199725190 0 199686329 0
1.6e-10 2.125 2.5 0 214709127 0 214655005 0
1.6e-10 2.125 2.5 0 212187005 0 212128864 0
1.6e-10 2.15625 2.53125 0 201888986 0 201887948 0
1.6e-10 1.82812 2.34375 0 216462426 0 216433645 0
1.6e-10 2.125 2.5 0 216085897 0 216152914 0
1.6e-10 2.35938 2.875 0 242741278 0 243009560 0
1.6e-10 1.67188 2.04688 0 217679115 0 217645054 0
1.6e-10 2.34375 2.875 0 248132289 0 248061154 0
1.6e-10 1.76562 2.29688 0 239828879 1 239823814 0
1.6e-10 1.75 2.26562 0 250089018 0 250138693 0
1.6e-10 2.29688 2.8125 0 207243052 5 207043022 0
1.6e-10 2.14062 2.51562 0 208602144 0 208519083 0
1.6e-10 1.85938 2.39062 0 200133385 0 200090191 0
1.6e-10 1.75 2.26562 0 251614761 0 251755378 3
1.6e-10 1.73438 2.26562 0 252796975 0 252517582 0
1.6e-10 1.8125 2.34375 0 219880995 0 219973696 0
1.6e-10 2.39062 2.90625 0 227981908 0 227662945 2
1.6e-10 2.15625 2.53125 0 201368572 0 201345741 2
1.6e-10 1.64062 2.01562 0 229452463 0 229509274 0
1.6e-10 1.6875 2.21875 0 208079304 0 208182906 0
1.6e-10 1.82812 2.34375 0 215233204 0 215314730 0
1.6e-10 2.15625 2.53125 0 200143266 0 199983147 0
1.6e-10 2.0625 2.4375 0 239709586 0 239899065 0
1.6e-10 1.65625 2.03125 0 225224213 0 225346640 0
1.6e-10 1.89062 2.40625 0 254044320 0 253954945 0
1.6e-10 1.85938 2.375 0 200969061 1 200902506 0
1.6e-10 2.32812 2.84375 0 258239516 0 257949851 0
1.6e-10 1.67188 2.04688 0 218958520 0 218878655 0
1.6e-10 2.10938 2.48438 0 221022826 0 221079924 0
1.6e-10 1.78125 2.29688 0 234390912 0 234621264 0
1.6e-10 1.89062 2.40625 0 255806457 0 255888502 7
1.6e-10 1.84375 2.375 0 206105288 5 206068386 2
1.6e-10 2.25 2.76562 0 225182588 0 225240014 0
1.6e-10 1.64062 2.01562 0 227843073 0 227687519 0
1.6e-10 2.10938 2.48438 0 217593501 0 217765050 0
1.6e-10 2.17188 2.54688 0 259030140 1 258991776 0
1.6e-10 2.29688 2.82812 0 201990784 0 202034350 0
1.6e-10 2.09375 2.46875 0 228107248 0 228221828 0
1.6e-10 1.79688 2.3125 0 226897252 0 226988663 0
1.6e-10 1.70312 2.23438 0 202993388 0 203063080 0
1.6e-10 2.28125 2.79688 0 213917539 0 213900183 0
1.6e-10 1.73438 2.25 0 258340294 0 258597148 0
1.6e-10 2.1875 2.5625 0 251192846 6 250816890 0
1.6e-10 2.26562 2.78125 0 218757707 0 218468162 0
1.6e-10 1.79688 2.3125 0 230075210 0 230204161 0
1.6e-10 1.82812 2.34375 0 216180226 0 216124706 0
1.6e-10 1.64062 2.01562 0 228381656 0 228457535 0
1.6e-10 1.75 2.28125 0 246779081 0 246793980 0
1.6e-10 1.73438 2.26562 0 253281689 0 253455025 0
1.6e-10 1.78125 2.3125 0 232322128 0 232300601 0
1.6e-10 1.64062 2.01562 0 229832095 0 229927260 3
1.6e-10 1.84375 2.375 0 206336583 0 206209104 0
1.6e-10 1.6875 2.21875 0 208585160 0 208521983 0
1.6e-10 2.17188 2.54688 0 261759348 0 261777642 0
1.6e-10 2.25 2.78125 0 222786246 0 222577208 0
1.6e-10 2.29688 2.8125 0 206895704 0 206957360 0
1.6e-10 1.64062 2.01562 0 228789311 0 228780503 1
1.6e-10 1.85938 2.375 0 203369701 0 203240335 0
1.6e-10 2.57812 2.95312 0 213259311 0 213201145 0
1.6e-10 1.84375 2.375 0 204189215 0 204252739 0
1.6e-10 1.64062 2.01562 0 232440714 0 232409004 0
1.6e-10 2.20312 2.71875 0 247681572 0 247898790 0
1.6e-10 1.70312 2.21875 0 205868939 5 205814075 0
1.6e-10 2.09375 2.46875 0 229745221 0 229859359 0
1.6e-10 1.73438 2.25 0 258612024 0 258449139 0
1.6e-10 2.3125 2.84375 0 197496157 0 197703111 0
1.6e-10 1.64062 2.01562 0 230489147 0 230739367 0
1.6e-10 1.85938 2.39062 0 200123480 0 200098243 0
1.6e-10 2.26562 2.79688 0 215184182 0 215279740 0
1.6e-10 2.29688 2.82812 0 201635378 0 201581119 0
1.6e-10 2.39062 2.92188 0 224515464 0 224582298 0
1.6e-10 1.70312 2.21875 0 206902333 0 206792967 0
1.6e-10 2.3125 2.82812 0 201030535 3 201293537 0
1.6e-10 1.85938 2.375 0 202731908 0 202614128 0
1.6e-10 1.8125 2.32812 0 222037391 0 221984916 16
1.6e-10 1.65625 2.03125 0 222540085 0 222357422 0
1.6e-10 1.6875 2.20312 0 212690508 0 212637573 0
1.6e-10 1.78125 2.3125 0 233570254 0 233607964 1
1.6e-10 2.15625 2.53125 0 203258954 0 203446536 0
1.6e-10 1.76562 2.29688 0 238295842 0 238264512 0
1.6e-10 2.07812 2.45312 0 235917371 0 236119893 0
1.6e-10 1.67188 2.04688 0 215225310 0 215131529 0
1.6e-10 1.6875 2.21875 0 208879353 0 208704271 0
1.6e-10 2.23438 2.75 0 230695881 0 230848727 0
1.6e-10 2.0625 2.4375 0 239731375 0 239707097 0
1.6e-10 2.25 2.78125 0 222394313 0 222269271 0
1.6e-10 1.70312 2.23438 0 201513630 0 201533188 0
1.6e-10 2.23438 2.76562 0 229816128 0 229692684 0
1.6e-10 2.34375 2.85938 0 252712793 0 252865793 0
1.6e-10 1.6875 2.20312 0 210406951 1 210559538 0
1.6e-10 2.64062 3.01562 0 248742101 0 248741236 3
1.6e-10 2.17188 2.54688 0 256877222 0 256944691 0
1.6e-10 2.42188 2.9375 0 216004680 0 216176101 0
1.6e-10 2.375 2.89062 0 234899982 0 234925300 0
1.6e-10 2.14062 2.51562 0 208335489 0 207967684 0
1.6e-10 1.78125 2.3125 0 233622634 0 233759735 0
1.6e-10 1.6875 2.21875 0 209459135 13 209304700 0
1.6e-10 1.64062 2.01562 0 228019915 0 228191453 0
1.6e-10 2.23438 2.76562 0 230163595 0 229993373 0
1.6e-10 1.64062 2.01562 0 232603328 0 232682779 0
1.6e-10 1.73438 2.25 0 259442205 0 259070155 0
1.6e-10 1.64062 2.01562 0 230479154 0 230228680 0
1.6e-10 1.82812 2.34375 0 216678919 0 216586492 0
1.6e-10 1.75 2.26562 0 251159932 0 251257040 0
1.6e-10 2.14062 2.51562 0 208819302 0 208914675 0
1.6e-10 1.84375 2.375 0 205169212 14 205540945 0
1.6e-10 1.75 2.28125 0 245267667 0 245222392 0
1.6e-10 1.70312 2.21875 0 203848287 0 203947729 0
1.6e-10 1.82812 2.34375 0 214251608 0 214143574 0
1.6e-10 1.78125 2.3125 0 232119338 0 232101104 0
1.6e-10 1.67188 2.04688 0 216038535 0 215977851 0
1.6e-10 2.17188 2.54688 0 260807866 7 260606311 0
1.6e-10 1.78125 2.3125 0 231948043 0 231923921 0
1.6e-10 2.1875 2.5625 0 252641595 0 252540370 0
1.6e-10 1.8125 2.32812 0 220077133 0 220054752 0
1.6e-10 1.89062 2.40625 0 254793450 0 254800865 0
1.6e-10 1.73438 2.26562 0 254380337 1 254376392 0
1.6e-10 1.65625 2.03125 0 222334445 0 222121231 0
1.6e-10 1.82812 2.34375 0 214233092 0 214339833 0
1.6e-10 2.1875 2.5625 0 253809123 0 254069751 0
1.6e-10 2.14062 2.5 0 210404107 0 210335726 0
1.6e-10 2.40625 2.9375 0 217564002 0 217561398 0
1.6e-10 2.26562 2.79688 0 216739974 0 216633709 0
1.6e-10 2.0625 2.4375 0 243517346 0 243594629 0
1.6e-10 1.76562 2.28125 0 243950106 4 244167066 0
1.6e-10 1.67188 2.04688 0 218234774 1 218314499 0
1.6e-10 1.64062 2.01562 0 229383567 0 229515814 0
1.6e-10 1.85938 2.39062 0 199750830 0 199708206 0
1.6e-10 2.14062 2.51562 0 205573665 0 205349399 0
1.6e-10 1.8125 2.34375 0 217516785 0 217507975 0
1.6e-10 2.125 2.5 0 216174469 0 216224336 0
1.6e-10 2.0625 2.4375 0 238057667 0 238090422 0
1.6e-10 1.8125 2.32812 0 220211659 0 220297996 0
1.6e-10 1.79688 2.3125 0 228594642 0 228651248 0
1.6e-10 2.25 2.76562 0 227364323 0 227330567 0
1.6e-10 1.79688 2.3125 0 229583415 0 229596752 0
1.6e-10 2.39062 2.92188 0 224259612 0 224108126 0
1.6e-10 1.79688 2.3125 0 229621602 0 229679654 1
1.6e-10 1.82812 2.34375 0 216221739 0 216155701 0
1.6e-10 2.40625 2.92188 0 223899087 0 223633254 0
1.6e-10 1.70312 2.23438 0 203280486 0 203287495 0
1.6e-10 2.26562 2.78125 0 218218011 0 218367842 0
1.6e-10 2.57812 2.95312 0 207983048 0 207924148 0
1.6e-10 1.84375 2.375 0 206783585 0 206806246 0
1.6e-10 2.17188 2.54688 0 261131532 0 261063022 0
1.6e-10 1.65625 2.01562 0 226838888 0 226795564 0
1.6e-10 2.26562 2.79688 0 215196589 0 215117230 0
1.6e-10 1.82812 2.34375 0 214172186 0 213953589 7
1.6e-10 1.71875 2.23438 0 199254210 0 199352093 0
1.6e-10 2.23438 2.75 0 233861575 2 233652118 0
1.6e-10 2.07812 2.45312 0 232313678 0 232805787 0
1.6e-10 2.625 3 0 256062444 0 256265361 1
1.6e-10 1.75 2.28125 0 247403700 0 247514842 0
1.6e-10 1.76562 2.29688 0 240255431 3 240169697 0
1.6e-10 2.64062 3.01562 0 249988252 0 249991788 0
1.6e-10 2.25 2.76562 0 225380918 0 225603512 0
1.6e-10 2.09375 2.46875 0 226243588 0 226589698 0
1.6e-10 2.25 2.78125 0 222918138 0 222851639 0
1.6e-10 1.8125 2.32812 0 220484257 0 220553815 0
1.6e-10 1.73438 2.25 0 259289113 0 259489744 0
1.6e-10 1.8125 2.34375 0 218194746 0 218210563 0
1.6e-10 2.26562 2.79688 0 216543109 0 216410599 0
1.6e-10 1.78125 2.29688 0 234991403 0 235019846 22
1.6e-10 2.57812 2.95312 0 213217718 0 213407527 0
1.6e-10 1.84375 2.35938 0 209912541 0 210037174 0
1.6e-10 1.70312 2.23438 0 203721432 0 203873778 0
1.6e-10 1.64062 2.01562 0 228995709 0 228799475 0
1.6e-10 2.25 2.78125 0 223083171 0 223209548 0
1.6e-10 2.28125 2.8125 0 208774590 0 208978450 0
1.6e-10 2.32812 2.84375 0 260600898 0 260886982 0
1.6e-10 2.57812 2.95312 0 213851989 0 213854999 0
1.6e-10 1.70312 2.21875 0 206913529 0 207035609 0
1.6e-10 2.39062 2.90625 0 229020155 0 228968710 0
1.6e-10 2.1875 2.5625 0 254248987 0 254215164 0
1.6e-10 1.64062 2.01562 0 228295859 0 228204064 0
1.6e-10 2.60938 2.98438 0 200144792 0 200165528 0
1.6e-10 2.23438 2.76562 0 229882490 0 229655718 0
1.6e-10 2.29688 2.8125 0 204608660 0 204451890 0
1.6e-10 1.85938 2.39062 0 198988224 0 199010272 0
1.6e-10 2.15625 2.53125 0 203285653 0 203195025 0
1.6e-10 1.78125 2.3125 0 232372086 0 232027240 0
1.6e-10 1.84375 2.35938 0 210059464 0 210008148 0
1.6e-10 2.57812 2.95312 0 209372207 0 209497869 0
1.6e-10 2.0625 2.42188 0 244917425 0 245076610 0
1.6e-10 2.17188 2.54688 0 256869667 0 256689653 0
1.6e-10 1.78125 2.3125 0 232274811 0 232158789 0
1.6e-10 2.29688 2.8125 0 206788527 0 206616707 0
1.6e-10 2.10938 2.48438 0 219124111 0 219164288 0
1.6e-10 2.14062 2.51562 0 206284208 0 206347216 0
1.6e-10 2.32812 2.84375 0 260779173 0 260237967 0
1.6e-10 1.70312 2.21875 0 204972053 0 205085531 0
1.6e-10 2.39062 2.92188 0 227105731 0 227241916 0
1.6e-10 1.85938 2.39062 0 200403098 0 200742189 0
1.6e-10 1.79688 2.3125 0 227596906 0 227641851 0
1.6e-10 1.64062 2.01562 0 228958755 0 228616204 0
1.6e-10 1.67188 2.04688 0 214479248 0 214323333 2
1.6e-10 1.79688 2.3125 0 228890906 0 228933897 0
1.6e-10 1.89062 2.42188 0 251460161 0 251503555 4
1.6e-10 1.75 2.26562 0 251612493 0 251430855 0
1.6e-10 2.17188 2.54688 0 197240145 1 197469791 0
1.6e-10 1.875 2.39062 0 197939457 0 197976727 0
1.6e-10 2.21875 2.75 0 236253941 0 235964207 0
1.6e-10 1.65625 2.03125 0 222588564 0 222502047 0
1.6e-10 2.1875 2.5625 0 251439902 0 251232548 0
1.6e-10 2.14062 2.51562 0 205253427 0 205194110 0
1.6e-10 2.09375 2.46875 0 224074206 0 224311423 0
1.6e-10 2.09375 2.46875 0 229197213 0 229426488 0
1.6e-10 2.35938 2.875 0 243309131 0 243388474 0
1.6e-10 2.26562 2.79688 0 216243749 0 216030917 0
1.6e-10 2.10938 2.48438 0 223296270 0 223400590 0
1.6e-10 2.3125 2.82812 0 199246194 0 199163308 0
1.6e-10 1.65625 2.03125 0 221675694 0 221616989 0
1.6e-10 1.79688 2.32812 0 226500152 0 226329730 0
1.6e-10 1.73438 2.25 0 258353679 0 258416163 5
1.6e-10 1.79688 2.32812 0 225569043 0 225704738 0
1.6e-10 1.85938 2.375 0 201738267 0 201792432 0
1.6e-10 1.67188 2.04688 0 217078445 0 217002970 0
1.6e-10 2.60938 2.98438 0 196900507 0 196899363 0
1.6e-10 1.75 2.28125 0 247784341 0 247703778 0
1.6e-10 1.71875 2.25 0 196904397 0 196947237 0
1.6e-10 1.67188 2.04688 0 213991933 0 214163304 0
1.6e-10 2.25 2.78125 0 221343464 0 221472692 0
1.6e-10 1.65625 2.03125 0 225679618 0 225844146 0
1.6e-10 2.25 2.76562 0 224752991 0 224781490 0
1.6e-10 2.26562 2.78125 0 217978061 0 218263756 0
1.6e-10 1.85938 2.375 0 201815951 0 201863127 0
1.6e-10 1.71875 2.23438 0 199942704 0 199973858 0
1.6e-10 1.64062 2.01562 0 232827466 0 232750551 0
1.6e-10 2.59375 2.96875 0 203414048 2 203461568 0
1.6e-10 1.64062 2.01562 0 230382299 0 230516807 0
1.6e-10 2.17188 2.54688 0 257300449 0 257346800 1
1.6e-10 1.70312 2.21875 0 206431210 4 206331359 0
1.6e-10 2.21875 2.75 0 234649165 0 234697123 0
1.6e-10 2.10938 2.48438 0 217691523 0 217411522 0
1.6e-10 1.73438 2.25 0 256300912 0 256515301 0
1.6e-10 1.67188 2.04688 0 219403399 0 219363450 0
1.6e-10 2.10938 2.48438 0 222503902 0 222366153 0
1.6e-10 1.73438 2.25 0 257706249 20 257684500 0
1.6e-10 1.71875 2.23438 0 199227164 0 199115261 0
1.6e-10 2.25 2.78125 0 223154773 0 223282890 0
1.6e-10 1.67188 2.04688 0 218640038 1 218711364 0
1.6e-10 2.1875 2.5625 0 254345728 0 254470482 22
1.6e-10 1.875 2.40625 0 256979851 0 256899159 0
1.6e-10 1.78125 2.29688 0 236560187 0 236448062 0
1.6e-10 2.23438 2.76562 0 230329218 0 230552171 1
1.6e-10 1.76562 2.29688 0 239638063 0 239362248 0
1.6e-10 1.64062 2.01562 0 229875378 0 230138379 0
1.6e-10 1.70312 2.21875 0 205712711 0 205663530 1
1.6e-10 2.1875 2.5625 0 252904243 0 252976222 0
1.6e-10 2.17188 2.54688 0 262189934 0 262097728 0
1.6e-10 2.0625 2.4375 0 242915550 0 242649603 0
1.6e-10 2.09375 2.46875 0 225910535 0 225844960 0
1.6e-10 2.28125 2.8125 0 210030633 0 209929913 0
1.6e-10 1.65625 2.03125 0 223328444 0 223325332 0
1.6e-10 1.875 2.40625 0 256754415 0 256492778 0
1.6e-10 2.28125 2.8125 0 209538270 0 209608390 0
1.6e-10 2.09375 2.46875 0 228292400 0 228114863 0
1.6e-10 1.90625 2.42188 0 246056225 0 245833463 0
1.6e-10 1.875 2.40625 0 257694237 0 257646814 0
1.6e-10 1.6875 2.04688 0 213395494 0 213305053 0
1.6e-10 2.39062 2.92188 0 226755110 0 226873411 0
1.6e-10 1.89062 2.40625 0 253423699 0 253422454 0
1.6e-10 1.78125 2.29688 0 237250103 0 237367896 0
1.6e-10 1.8125 2.34375 0 219385089 0 219605027 0
1.6e-10 1.67188 2.04688 0 213772163 0 213791512 0
1.6e-10 2.35938 2.875 0 243912696 0 243797866 0
1.6e-10 1.65625 2.03125 0 223466222 0 223635971 0
1.6e-10 1.875 2.40625 0 259081832 0 259373423 0
1.6e-10 2.375 2.89062 0 235964883 0 235904262 0
1.6e-10 2.1875 2.5625 0 252614432 0 252458155 0
1.6e-10 1.64062 2.01562 0 231510814 0 231580451 0
1.6e-10 1.64062 2.01562 0 229440127 0 229546611 3
1.6e-10 2.34375 2.85938 0 249559908 0 249817528 0
1.6e-10 2.20312 2.71875 0 245378021 0 245180710 0
1.6e-10 1.76562 2.28125 0 243158782 0 243024524 0
1.6e-10 2.23438 2.76562 0 229226566 0 229022004 0
1.6e-10 2.34375 2.85938 0 251554543 0 251832589 0
1.6e-10 2.0625 2.4375 0 244559324 0 244416684 0
1.6e-10 2.125 2.5 0 211230353 0 211192755 0
1.6e-10 2.375 2.89062 0 236213640 0 236181861 0
1.6e-10 2.57812 2.95312 0 213010318 0 213117715 0
1.6e-10 2.14062 2.51562 0 208274933 0 208150270 0
1.6e-10 1.64062 2.01562 0 231780071 0 231781405 4
1.6e-10 1.85938 2.375 0 201595749 0 201567142 0
1.6e-10 1.70312 2.23438 0 201371753 0 201321565 0
1.6e-10 1.65625 2.03125 0 223270884 0 223056620 2
1.6e-10 1.78125 2.29688 0 235760156 0 235673068 0
1.6e-10 2.32812 2.85938 0 253415638 0 253397497 0
1.6e-10 2.14062 2.51562 0 208236881 0 208054716 0
1.6e-10 2.0625 2.4375 0 239854561 0 240012808 0
1.6e-10 1.84375 2.375 0 206610597 0 206685129 0
1.6e-10 2.625 3 0 254840462 0 255054264 0
1.6e-10 1.79688 2.32812 0 225580358 0 225591187 0
1.6e-10 2.07812 2.45312 0 236029873 0 235846035 0
1.6e-10 2.20312 2.5625 0 248930987 1 249083327 0
1.6e-10 1.75 2.28125 0 247926656 0 248124267 0
1.6e-10 2.35938 2.875 0 243891023 0 244125498 1
1.6e-10 1.79688 2.3125 0 227342268 0 227107800 0
1.6e-10 1.73438 2.25 0 258141811 0 258262843 0
1.6e-10 1.6875 2.20312 0 211808517 0 211675342 0
1.6e-10 1.71875 2.25 0 261353368 0 260896569 0
1.6e-10 2.32812 2.85938 0 255971164 0 255659855 0
1.6e-10 2.14062 2.51562 0 207815247 0 207840363 0
1.6e-10 2.40625 2.92188 0 221892767 0 221952886 0
1.6e-10 1.875 2.40625 0 259107521 1 259183615 0
1.6e-10 1.67188 2.04688 0 214937075 0 214920910 0
1.6e-10 2.25 2.78125 0 222388369 0 222302600 0
1.6e-10 2.23438 2.75 0 232935070 0 232783856 0
1.6e-10 1.90625 2.42188 0 245301751 0 245391019 0
1.6e-10 2.40625 2.9375 0 220152732 0 220136982 0
1.6e-10 2.28125 2.8125 0 208176994 0 208147978 0
1.6e-10 2.15625 2.53125 0 203063217 1 203196207 0
1.6e-10 1.76562 2.29688 0 239802268 0 239719444 0
1.6e-10 2.15625 2.53125 0 203840820 0 204129565 0
1.6e-10 2.17188 2.54688 0 197682752 0 197699006 0
1.6e-10 1.67188 2.04688 0 215537871 0 215582548 0
1.6e-10 1.85938 2.39062 0 198289597 0 198171645 0
1.6e-10 2.09375 2.46875 0 225829101 0 225815396 0
1.6e-10 2.28125 2.79688 0 213811954 0 213772893 0
1.6e-10 1.65625 2.03125 0 222747208 0 222761469 0
1.6e-10 2.07812 2.4375 0 237416634 7 237537741 0
1.6e-10 2.0625 2.4375 0 238929740 0 238884143 0
1.6e-10 1.76562 2.29688 0 239280138 0 239304231 0
1.6e-10 1.75 2.26562 0 249367140 0 249316191 0
1.6e-10 1.85938 2.375 0 203979795 0 204045459 0
1.6e-10 1.70312 2.21875 0 204493627 0 204418926 0
1.6e-10 2.1875 2.5625 0 251811270 0 252068015 0
1.6e-10 2.59375 2.96875 0 203883766 0 204030298 0
1.6e-10 2.60938 2.96875 0 201695532 0 201876874 0
1.6e-10 2.23438 2.75 0 231369509 0 231370546 0
1.6e-10 2.625 2.98438 0 260758490 0 260710065 0
1.6e-10 2.1875 2.5625 0 252592580 0 252390376 0
1.6e-10 1.65625 2.01562 0 226791530 8 226841387 0
1.6e-10 1.67188 2.04688 0 216947209 0 216974475 0
1.6e-10 1.79688 2.3125 0 228275127 0 228351726 0
1.6e-10 1.76562 2.29688 0 237978271 3 237897806 2
1.6e-10 2.15625 2.53125 0 198591316 0 198420069 0
1.6e-10 2.07812 2.45312 0 237257596 0 237132863 0
1.6e-10 1.875 2.40625 0 256687793 0 256737128 0
1.6e-10 2.26562 2.78125 0 217711418 0 217655090 0
1.6e-10 1.70312 2.23438 0 201930232 0 201949875 0
1.6e-10 2.07812 2.45312 0 231820878 0 231896860 2
1.6e-10 2.14062 2.51562 0 208332391 0 208456324 0
1.6e-10 2.32812 2.85938 0 254000815 0 254460614 0
1.6e-10 1.67188 2.03125 0 219949937 0 220026681 0
1.6e-10 1.76562 2.28125 0 244094827 0 244086060 0
1.6e-10 2.0625 2.4375 0 238452973 0 238374891 0
1.6e-10 1.67188 2.04688 0 217322551 0 217400971 0
1.6e-10 2.23438 2.76562 0 229202941 0 229267649 0
1.6e-10 1.70312 2.21875 0 206840579 0 206798580 0
1.6e-10 1.85938 2.375 0 203626137 0 203535553 28
1.6e-10 1.65625 2.03125 0 225633413 0 225740412 0
1.6e-10 1.78125 2.3125 0 232205418 0 232094149 0
1.6e-10 1.76562 2.28125 0 242615033 0 242523916 0
1.6e-10 1.64062 2.01562 0 229000022 0 229167441 0
1.6e-10 1.75 2.26562 0 251319398 0 251288209 0
1.6e-10 1.64062 2.01562 0 228040353 0 227891770 0
1.6e-10 2.07812 2.45312 0 236556524 0 236717093 0
1.6e-10 1.65625 2.03125 0 226167102 0 225960893 0
1.6e-10 1.70312 2.21875 0 205091269 0 205066688 0
1.6e-10 2.125 2.5 0 213599314 0 213471401 1
1.6e-10 2.09375 2.46875 0 226937507 0 226698886 0
1.6e-10 1.875 2.39062 0 261929588 0 261913647 0
1.6e-10 1.6875 2.21875 0 208537656 0 208579000 0
1.6e-10 2.35938 2.875 0 244688441 0 244170688 0
1.6e-10 2.10938 2.46875 0 223510489 0 223502551 0
1.6e-10 2.39062 2.92188 0 224482634 0 224627309 0
1.6e-10 2.375 2.90625 0 232852236 0 233047779 0
1.6e-10 2.625 3 0 257729384 1 257900247 0
1.6e-10 1.75 2.28125 0 246328100 0 246441347 0
1.6e-10 1.70312 2.21875 0 204034423 0 203860086 0
1.6e-10 1.76562 2.29688 0 238391471 15 238354602 0
1.6e-10 1.8125 2.32812 0 221376620 0 221312800 0
1.6e-10 1.8125 2.32812 0 221926294 0 221725400 0
1.6e-10 2.15625 2.53125 0 201569947 0 201530405 0
1.6e-10 1.70312 2.23438 0 201588198 0 201436434 0
1.6e-10 2.28125 2.79688 0 211800010 3 211678719 27
1.6e-10 2.25 2.76562 0 225291099 0 225346487 0
1.6e-10 1.8125 2.34375 0 219227409 0 219075361 0
1.6e-10 2.0625 2.4375 0 241696660 0 241852773 0
1.6e-10 2.34375 2.85938 0 252622149 0 252673557 1
1.6e-10 1.64062 2.01562 0 230028866 0 230084483 0
1.6e-10 2.17188 2.54688 0 257911864 0 257995716 0
1.6e-10 2.1875 2.5625 0 254788623 0 254734147 1
1.6e-10 1.875 2.40625 0 259373481 0 259511792 0
1.6e-10 2.07812 2.45312 0 237332787 0 237352660 0
1.6e-10 2.17188 2.54688 0 197883343 0 197851805 0
1.6e-10 2.34375 2.85938 0 251632303 0 251465447 0
1.6e-10 2.20312 2.73438 0 243413682 0 243480724 0
1.6e-10 1.78125 2.29688 0 236092751 0 236212630 0
1.6e-10 1.6875 2.21875 0 207952159 0 207985851 0
1.6e-10 2.39062 2.92188 0 226148493 0 226181281 0
1.6e-10 1.75 2.28125 0 245496150 0 245462209 0
1.6e-10 1.78125 2.3125 0 231743035 0 231640856 0
1.6e-10 2.60938 2.98438 0 197913966 0 197933424 0
1.6e-10 1.67188 2.04688 0 216125980 0 216133017 4
1.6e-10 1.8125 2.34375 0 217124285 0 217236868 0
1.6e-10 2.17188 2.54688 0 261329775 0 261550520 0
1.6e-10 1.65625 2.03125 0 225484789 0 225424028 0
1.6e-10 1.79688 2.3125 0 229552463 0 229520068 0
1.6e-10 2.20312 2.5625 0 248868244 0 248680520 0
1.6e-10 1.85938 2.375 0 201035851 0 200950736 0
1.6e-10 2.10938 2.48438 0 220058500 0 220272384 0
1.6e-10 1.79688 2.3125 0 230425940 0 230435327 0
1.6e-10 1.8125 2.32812 0 223144609 0 223110694 0
1.6e-10 1.79688 2.3125 0 230256812 0 230383554 0
1.6e-10 2.29688 2.8125 0 207290959 0 207555102 0
1.6e-10 2.40625 2.92188 0 222744627 0 222760572 0
1.6e-10 1.64062 2.01562 0 231840013 0 232032820 0
1.6e-10 1.6875 2.20312 0 211423672 0 211229057 0
1.6e-10 2.125 2.5 0 212458564 0 212616632 0
1.6e-10 1.73438 2.25 0 256239622 0 256215731 0
1.6e-10 2.26562 2.78125 0 217777485 0 217926521 0
1.6e-10 2.1875 2.5625 0 253324987 0 253366786 0
1.6e-10 1.75 2.28125 0 246837594 0 246862568 0
1.6e-10 2.26562 2.78125 0 217998726 0 217541179 0
1.6e-10 1.85938 2.375 0 201185365 0 201245170 0
1.6e-10 1.73438 2.26562 0 253321162 0 253495068 0
1.6e-10 1.79688 2.32812 0 225027773 0 224978489 0
1.6e-10 1.6875 2.20312 0 210545500 0 210409658 0
1.6e-10 2.25 2.78125 0 221632130 0 221757542 0
1.6e-10 1.85938 2.375 0 202184108 0 202145030 0
1.6e-10 1.79688 2.3125 0 230133238 0 230128173 0
1.6e-10 1.67188 2.04688 0 216722113 0 216615831 0
1.6e-10 2.64062 3.01562 0 250710157 0 251334167 0
1.6e-10 2.25 2.78125 0 222873712 0 222882812 0
1.6e-10 1.8125 2.34375 0 218247964 0 218404848 0
1.6e-10 2.0625 2.4375 0 240838115 0 240716258 0
1.6e-10 1.67188 2.04688 0 217929891 0 217986379 0
1.6e-10 1.76562 2.28125 0 241791909 0 241762636 1
1.6e-10 1.70312 2.23438 0 203409507 0 203392877 0
1.6e-10 2.23438 2.75 0 233318504 0 233070334 0
1.6e-10 1.75 2.26562 0 252252506 0 252083386 0
1.6e-10 1.8125 2.32812 0 220696229 0 220930184 0
1.6e-10 1.73438 2.25 0 258795702 0 258867608 0
1.6e-10 2.0625 2.4375 0 241958024 0 241847367 0
1.6e-10 2.17188 2.54688 0 258058505 0 258021226 0
1.6e-10 1.65625 2.03125 0 221980233 0 222219747 3
1.6e-10 2.09375 2.45312 0 230438848 0 230563893 0
1.6e-10 2.21875 2.73438 0 238300757 0 238083104 0
1.6e-10 1.65625 2.03125 0 222491839 0 222591463 0
1.6e-10 1.65625 2.03125 0 221357898 0 221191182 0
1.6e-10 1.73438 2.25 0 259704191 0 259669243 0
1.6e-10 1.76562 2.29688 0 240310520 0 240188052 0
1.6e-10 1.89062 2.42188 0 248872981 0 248924942 0
1.6e-10 2.17188 2.54688 0 261557731 0 261404254 3
1.6e-10 1.64062 2.01562 0 229604964 2 229609539 0
1.6e-10 1.6875 2.21875 0 209095700 0 208864119 0
1.6e-10 1.76562 2.28125 0 241575234 0 241630034 0
1.6e-10 2.28125 2.79688 0 213060101 0 213258404 0
1.6e-10 1.85938 2.39062 0 199544695 2 199513770 0
1.6e-10 1.65625 2.03125 0 225358393 0 225356677 0
1.6e-10 1.82812 2.34375 0 215573457 0 215646958 0
1.6e-10 2.10938 2.48438 0 222285003 0 222324476 0
1.6e-10 1.76562 2.29688 0 237956688 0 238032435 0
1.6e-10 2.23438 2.75 0 234154241 0 234186204 0
1.6e-10 2.23438 2.75 0 233101894 0 232930218 0
1.6e-10 2.0625 2.4375 0 241970709 0 241996120 0
1.6e-10 1.75 2.28125 0 245838930 5 245530434 0
1.6e-10 1.76562 2.28125 0 243273812 0 243021762 0
1.6e-10 2.57812 2.95312 0 212468918 0 212681819 0
1.6e-10 1.73438 2.26562 0 255130586 0 255183147 0
1.6e-10 2.125 2.5 0 212295956 0 212165293 0
1.6e-10 2.64062 3.01562 0 250847115 0 251162489 0
1.6e-10 1.79688 2.3125 0 227188358 0 227247402 0
1.6e-10 1.67188 2.04688 0 214194241 0 214216509 1
1.6e-10 2.32812 2.84375 0 256980570 0 257222465 0
1.6e-10 1.79688 2.32812 0 224573353 0 224762180 0
1.6e-10 1.82812 2.35938 0 213088152 0 213370227 0
1.6e-10 2.35938 2.89062 0 240495436 0 240944413 0
1.6e-10 1.84375 2.375 0 204918076 0 204904835 0
1.6e-10 1.6875 2.20312 0 211583747 0 211560912 0
1.6e-10 2.3125 2.82812 0 198571756 0 198512150 0
1.6e-10 2.57812 2.9375 0 213984591 0 214051953 0
1.6e-10 1.73438 2.26562 0 253208489 0 253421294 0
1.6e-10 1.84375 2.35938 0 210161694 0 210273194 0
1.6e-10 1.78125 2.29688 0 236253227 0 236272851 0
1.6e-10 2.29688 2.82812 0 201955207 0 202023619 0
1.6e-10 1.65625 2.03125 0 224958498 0 225082945 0
1.6e-10 1.67188 2.04688 0 214506115 0 214499053 0
1.6e-10 1.84375 2.35938 0 208207469 0 208438621 0
1.6e-10 2.34375 2.875 0 248693484 0 248769382 0
1.6e-10 2.59375 2.96875 0 205488899 0 205272358 0
1.6e-10 1.67188 2.03125 0 219925018 0 219866318 0
1.6e-10 2.15625 2.53125 0 203937858 0 203905985 0
1.6e-10 1.76562 2.28125 0 243573371 0 243424984 0
1.6e-10 2.26562 2.79688 0 214323193 0 214249092 0
1.6e-10 2.07812 2.45312 0 235942039 0 236018555 0
1.6e-10 1.67188 2.04688 0 214268286 0 214204145 0
1.6e-10 2.23438 2.75 0 234007037 0 233880156 0
1.6e-10 1.85938 2.375 0 203413422 0 203278175 0
1.6e-10 1.73438 2.26562 0 254804896 0 255145268 0
1.6e-10 1.75 2.28125 0 244959937 2 244881927 0
1.6e-10 1.71875 2.23438 0 198166296 0 198023628 0
1.6e-10 1.78125 2.29688 0 233653751 0 233923331 0
1.6e-10 1.84375 2.35938 0 207965710 0 207846797 0
1.6e-10 2.0625 2.4375 0 242871933 0 242782993 0
1.6e-10 1.76562 2.28125 0 243484314 0 243408341 0
1.6e-10 1.89062 2.42188 0 249903195 0 249779572 2
1.6e-10 2.20312 2.71875 0 246589122 0 246652690 0
1.6e-10 2.17188 2.54688 0 259172212 0 259535283 0
1.6e-10 2.34375 2.875 0 247111696 8 246973012 0
1.6e-10 1.89062 2.40625 0 253335409 0 253735734 0
1.6e-10 1.70312 2.21875 0 206857540 0 206766895 0
1.6e-10 1.85938 2.39062 0 198546718 0 198371290 0
1.6e-10 1.64062 2.01562 0 230217593 0 230245967 0
1.6e-10 2.0625 2.42188 0 245005342 0 244933940 0
1.6e-10 1.875 2.39062 0 260558922 0 260487120 0
1.6e-10 2.125 2.5 0 211920790 0 211970908 0
1.6e-10 2.35938 2.875 0 243359509 0 243091486 0
1.6e-10 2.09375 2.46875 0 226655672 0 226596456 0
1.6e-10 2.39062 2.90625 0 229673906 0 229530613 0
1.6e-10 1.75 2.28125 0 245702014 0 245686452 0
1.6e-10 1.79688 2.3125 0 230000264 0 230126199 0
1.6e-10 2.34375 2.85938 0 251811449 0 252205706 0
1.6e-10 2.23438 2.76562 0 229489530 0 229487340 0
1.6e-10 1.64062 2.01562 0 229629299 0 229616582 0
1.6e-10 1.64062 2.01562 0 227220991 0 227054966 0
1.6e-10 1.82812 2.34375 0 214538142 0 214547956 6
1.6e-10 1.64062 2.01562 0 232547858 0 232676913 0
1.6e-10 1.78125 2.3125 0 232432144 0 232423912 1
1.6e-10 1.70312 2.23438 0 201221306 0 201175885 0
1.6e-10 2.17188 2.54688 0 259451491 0 259245502 0
1.6e-10 2.39062 2.90625 0 229761912 0 229849487 0
1.6e-10 1.76562 2.28125 0 243260202 0 243375115 0
1.6e-10 2.1875 2.5625 0 250356153 0 250213430 0
1.6e-10 2.17188 2.54688 0 197896000 0 197812069 0
1.6e-10 1.6875 2.20312 0 211068951 0 211145965 0
1.6e-10 1.70312 2.23438 0 202116238 0 202131437 0
1.6e-10 2.0625 2.4375 0 241626276 0 241701435 0
1.6e-10 2.3125 2.84375 0 198273245 0 198124273 0
1.6e-10 2.20312 2.71875 0 246847855 1 246981842 1
1.6e-10 1.67188 2.03125 0 219778679 0 219765819 0
1.6e-10 2.35938 2.89062 0 240703020 0 240495481 0
1.6e-10 2.125 2.5 0 214150757 0 214368361 0
1.6e-10 1.78125 2.29688 0 234284085 0 234280016 0
1.6e-10 1.67188 2.04688 0 218709154 0 218842298 0
1.6e-10 1.64062 2.01562 0 229737485 0 229730502 0
1.6e-10 1.76562 2.29688 0 238905095 0 238684096 0
1.6e-10 2.1875 2.5625 0 255648852 0 255507889 0
1.6e-10 1.6875 2.20312 0 211558256 1 211334139 0
1.6e-10 2.21875 2.73438 0 239116692 0 239217560 0
1.6e-10 2.26562 2.79688 0 215141768 0 214786688 0
1.6e-10 2.1875 2.5625 0 254824278 0 255054002 0
1.6e-10 1.78125 2.29688 0 234076828 0 234262152 0
1.6e-10 2.17188 2.54688 0 197508808 5 197583705 0
1.6e-10 2.59375 2.96875 0 206173776 0 206499394 0
1.6e-10 1.65625 2.01562 0 226634104 0 226641288 0
1.6e-10 1.64062 2.01562 0 229885452 0 229982656 0
1.6e-10 1.82812 2.34375 0 216343360 0 216322945 0
1.6e-10 2.10938 2.48438 0 223006985 0 222843906 0
1.6e-10 2.35938 2.89062 0 239644261 0 239877706 0
1.6e-10 1.71875 2.23438 0 199973330 0 199897159 0
1.6e-10 2.28125 2.79688 0 212088715 0 212002594 0
1.6e-10 1.71875 2.23438 0 199311514 0 199258078 0
1.6e-10 2.14062 2.51562 0 209284258 0 209324230 0
1.6e-10 1.6875 2.04688 0 213419830 0 213375920 0
1.6e-10 2.125 2.5 0 212841719 0 212678861 0
1.6e-10 2.59375 2.96875 0 202091942 0 201999448 0
1.6e-10 2.14062 2.51562 0 206737292 0 206725393 0
1.6e-10 2.29688 2.82812 0 201978760 0 202275229 0
1.6e-10 2.20312 2.71875 0 247615030 0 247379429 0
1.6e-10 1.71875 2.23438 0 199580567 0 199789973 0
1.6e-10 2.29688 2.8125 0 206534206 0 206539896 0
1.6e-10 1.67188 2.04688 0 215661818 0 215712161 0
1.6e-10 2.26562 2.78125 0 217606314 0 217886553 0
1.6e-10 1.64062 2.01562 0 231317033 0 231106232 0
1.6e-10 1.875 2.39062 0 261066177 0 261184905 0
1.6e-10 1.73438 2.25 0 258513927 3 258380585 0
1.6e-10 2.15625 2.53125 0 201057184 0 201131090 0
1.6e-10 1.67188 2.04688 0 217105586 0 217049815 0
1.6e-10 1.76562 2.29688 0 237876968 0 238051131 0
1.6e-10 2.26562 2.79688 0 215036060 0 215270872 0
1.6e-10 1.64062 2.01562 0 232094181 0 232112810 0
1.6e-10 2.0625 2.4375 0 239781777 0 239803855 0
1.6e-10 2.3125 2.82812 0 198660945 0 198875132 0
1.6e-10 2.09375 2.46875 0 226640026 0 226172018 0
1.6e-10 1.78125 2.29688 0 235190918 0 235077328 0
1.6e-10 1.6875 2.21875 0 207793576 0 207871784 0
1.6e-10 2.21875 2.73438 0 238370596 0 238373922 0
1.6e-10 2.09375 2.45312 0 230558765 0 230663763 0
1.6e-10 2.57812 2.95312 0 211329296 0 211512459 0
1.6e-10 2.09375 2.46875 0 227641209 0 227805784 0
1.6e-10 1.65625 2.03125 0 224845076 0 224807000 0
1.6e-10 1.6875 2.20312 0 211898224 0 211844648 0
1.6e-10 2.125 2.5 0 212327293 0 212206247 0
1.6e-10 1.84375 2.375 0 204299644 0 204333466 0
1.6e-10 1.73438 2.25 0 259560026 0 259617230 0
1.6e-10 2.0625 2.4375 0 239387863 0 239605415 0
1.6e-10 1.78125 2.3125 0 231205939 0 231296963 0
1.6e-10 2.10938 2.48438 0 217441525 0 217492713 0
1.6e-10 2.32812 2.85938 0 254379252 0 254600061 0
1.6e-10 1.85938 2.39062 0 198758452 4 198790559 0
1.6e-10 2.15625 2.53125 0 202610911 0 202999892 0
1.6e-10 1.6875 2.20312 0 212501233 0 212429514 0
1.6e-10 1.79688 2.3125 0 229868928 0 229665888 0
1.6e-10 2.29688 2.8125 0 204652737 0 204724017 0
1.6e-10 1.89062 2.42188 0 249801367 0 249943521 0
1.6e-10 1.84375 2.35938 0 209415856 0 209357580 0
1.6e-10 2.10938 2.48438 0 222581024 0 222677001 0
1.6e-10 2.29688 2.82812 0 203669737 0 203617324 0
1.6e-10 1.8125 2.32812 0 222016306 0 221925290 1
1.6e-10 1.6875 2.21875 0 209108762 0 209179690 1
1.6e-10 1.8125 2.32812 0 220629278 0 220734263 0
1.6e-10 2.125 2.48438 0 217003363 0 216933385 0
1.6e-10 2.375 2.90625 0 233573040 0 233714245 0
1.6e-10 1.64062 2.01562 0 230929405 0 230903182 0
1.6e-10 1.71875 2.23438 0 199631135 0 199599575 0
1.6e-10 2.10938 2.48438 0 220290946 0 220370997 0
1.6e-10 1.67188 2.04688 0 218009393 0 217998130 0
1.6e-10 2.07812 2.45312 0 233306759 0 233019232 0
1.6e-10 1.82812 2.34375 0 215434158 0 215343864 0
1.6e-10 2.07812 2.45312 0 235618089 0 235656673 0
1.6e-10 1.70312 2.23438 0 202719601 0 202569826 0
1.6e-10 1.76562 2.29688 0 237963218 0 237919249 0
1.6e-10 2.20312 2.73438 0 243310575 0 242800393 0
1.6e-10 1.89062 2.42188 0 251019906 0 250977872 0
1.6e-10 2.0625 2.4375 0 244297823 0 244036179 0
1.6e-10 2.20312 2.73438 0 243006748 0 243343686 0
1.6e-10 2.40625 2.9375 0 219045207 0 218910080 0
1.6e-10 2.14062 2.51562 0 209436981 0 209400375 0
1.6e-10 2.1875 2.5625 0 253928683 0 254079967 0
1.6e-10 1.70312 2.21875 0 204797653 0 204759892 0
1.6e-10 1.90625 2.42188 0 248015295 0 247836193 0
1.6e-10 1.73438 2.25 0 256273062 0 256014965 0
1.6e-10 2.07812 2.45312 0 230886096 0 230956438 0
1.6e-10 1.73438 2.26562 0 255559823 0 255799772 0
1.6e-10 1.89062 2.42188 0 252036856 0 251981438 0
1.6e-10 1.73438 2.26562 0 254948742 0 255042905 0
1.6e-10 1.75 2.28125 0 245875286 0 245998181 0
1.6e-10 1.84375 2.35938 0 208845101 0 208866879 2
1.6e-10 1.8125 2.32812 0 221319490 0 221618086 0
1.6e-10 2.07812 2.45312 0 233268337 0 233320788 0
1.6e-10 2.39062 2.90625 0 229574931 0 229566500 0
1.6e-10 1.64062 2.01562 0 231345117 3 231268090 0
1.6e-10 1.8125 2.32812 0 221394094 44 221226399 0
1.6e-10 2.39062 2.90625 0 230152981 0 230310594 0
1.6e-10 1.89062 2.42188 0 249787200 0 249987234 0
1.6e-10 1.79688 2.32812 0 223620742 6 223711379 0
1.6e-10 2.23438 2.76562 0 227859869 0 227855716 0
1.6e-10 1.84375 2.375 0 206595235 0 206572248 0
1.6e-10 1.64062 2.01562 0 228434259 0 228346067 0
1.6e-10 1.70312 2.21875 0 206494938 1 206442876 0
1.6e-10 1.85938 2.375 0 201654229 0 201415981 0
1.6e-10 2.39062 2.90625 0 229207170 3 229095454 0
1.6e-10 2.1875 2.54688 0 256281032 14 256232549 0
1.6e-10 2.42188 2.9375 0 216097866 0 215950451 0
1.6e-10 2.375 2.90625 0 232998239 0 233032104 0
1.6e-10 1.6875 2.20312 0 211687120 0 211723975 0
1.6e-10 1.85938 2.39062 0 198962462 0 199167413 0
1.6e-10 2.07812 2.45312 0 236757025 0 236987547 0
1.6e-10 1.64062 2.01562 0 228146309 0 228161682 0
1.6e-10 1.89062 2.40625 0 255674361 0 255579291 0
1.6e-10 2.09375 2.46875 0 225346174 5 225388343 0
1.6e-10 2.40625 2.9375 0 218581334 0 218522235 0
1.6e-10 2.28125 2.8125 0 208300732 0 208369586 0
1.6e-10 2.15625 2.53125 0 201934039 1 201953576 0
1.6e-10 1.76562 2.29688 0 240569131 0 240461488 0
1.6e-10 1.73438 2.25 0 259610045 0 259548865 0
1.6e-10 1.71875 2.23438 0 200842157 12 200877820 0
1.6e-10 1.84375 2.35938 0 208422302 0 208580925 0
1.6e-10 1.64062 2.01562 0 227313206 0 227453311 0
1.6e-10 1.70312 2.23438 0 201368610 0 201439879 0
1.6e-10 1.73438 2.25 0 256132002 0 255918331 0
1.6e-10 1.75 2.26562 0 250039962 6 249983037 0
1.6e-10 2.20312 2.5625 0 248637819 0 248389820 0
1.6e-10 2.0625 2.42188 0 244733189 0 244876786 0
1.6e-10 1.71875 2.23438 0 199742724 0 199632362 0
1.6e-10 1.70312 2.21875 0 206822106 0 206793062 0
1.6e-10 1.67188 2.04688 0 218886722 0 219087730 0
1.6e-10 2.25 2.76562 0 226926219 0 226969727 0
1.6e-10 2.17188 2.54688 0 259394865 0 259317208 1
1.6e-10 1.82812 2.34375 0 216008472 0 216105223 0
1.6e-10 1.67188 2.04688 0 216849491 0 216758309 0
1.6e-10 1.64062 2.01562 0 230958552 0 231079062 0
1.6e-10 1.71875 2.23438 0 200462329 1 200548902 0
1.6e-10 1.67188 2.04688 0 216843087 0 216668634 0
1.6e-10 1.84375 2.375 0 205690203 0 205745030 0
1.6e-10 1.67188 2.04688 0 217985017 0 218005089 0
1.6e-10 1.875 2.39062 0 260399190 0 260622093 0
1.6e-10 2.3125 2.84375 0 261730631 0 261596518 0
1.6e-10 1.84375 2.375 0 206504257 0 206297511 0
