1.6e-10 2.07812 2.46875 0 206767502 0 206702716 0
1.6e-10 1.71875 2.26562 0 221812938 0 221662833 0
1.6e-10 1.85938 2.40625 0 230858149 0 230683116 0
1.6e-10 2.10938 2.5 0 260471275 0 260441819 0
1.6e-10 2.25 2.79688 0 201221952 0 201022620 0
1.6e-10 2.76562 3.3125 0 249607677 0 249459961 0
1.6e-10 2.59375 3 0 251941393 0 251864858 0
1.6e-10 2.1875 2.75 0 221838550 0 221713512 0
1.6e-10 2.23438 2.78125 0 207318705 0 207553157 1
1.6e-10 1.6875 2.25 0 234722423 0 234287689 0
1.6e-10 1.71875 2.26562 0 223607828 0 223612034 0
1.6e-10 2.14062 2.54688 0 241516613 0 241394908 0
1.6e-10 2.09375 2.48438 0 200947291 0 200879235 0
1.6e-10 2.70312 3.26562 0 206422754 0 206269714 2
1.6e-10 1.8125 2.375 0 246877576 0 246833913 0
1.6e-10 2.07812 2.46875 0 206692814 0 206608192 1
1.6e-10 2.17188 2.73438 0 227616947 0 227538325 12
1.6e-10 1.75 2.29688 0 209422044 0 209418399 0
1.6e-10 1.71875 2.28125 0 220528918 0 220453677 0
1.6e-10 2.70312 3.26562 0 206723809 0 206821458 0
1.6e-10 1.78125 2.34375 0 262767802 0 262848178 4
1.6e-10 2.23438 2.79688 0 204983643 0 205094798 0
1.6e-10 1.85938 2.42188 0 228370829 0 228544520 0
1.6e-10 2.10938 2.51562 0 256598378 0 256619677 0
1.6e-10 2.14062 2.53125 0 246232848 2 246456844 0
1.6e-10 2.21875 2.78125 0 210523314 0 210463175 0
1.6e-10 2.60938 3.01562 0 244117052 0 244189244 0
1.6e-10 1.6875 2.25 0 234034726 0 234115550 0
1.6e-10 2.67188 3.0625 0 221076411 0 221233801 0
1.6e-10 2.1875 2.73438 0 225787139 0 225814866 0
1.6e-10 2.125 2.51562 0 252649991 0 252768042 0
1.6e-10 1.73438 2.29688 0 214557937 0 214444898 0
1.6e-10 2.21875 2.78125 0 210105174 0 210091351 0
1.6e-10 2.25 2.8125 0 199901929 0 199712141 0
1.6e-10 1.84375 2.39062 0 238192864 0 237992731 0
1.6e-10 1.73438 2.28125 0 216009098 0 215693556 0
1.6e-10 2.07812 2.46875 0 207538956 0 207515547 0
1.6e-10 2.07812 2.48438 0 202246630 0 202242314 0
1.6e-10 2.40625 2.95312 0 202735132 0 202632703 0
1.6e-10 2.21875 2.76562 0 212248371 0 212465022 0
1.6e-10 2.15625 2.54688 0 237131331 3 237190165 0
1.6e-10 1.84375 2.39062 0 236864926 0 236974171 16
1.6e-10 1.89062 2.45312 0 215229784 0 215170705 0
1.6e-10 1.75 2.29688 0 211746919 0 211895117 0
1.6e-10 1.75 2.3125 0 206399268 0 206372507 0
1.6e-10 2.39062 2.95312 0 204488883 0 204572980 0
1.6e-10 1.82812 2.39062 0 238731090 5 238940829 0
1.6e-10 1.73438 2.29688 0 212835737 0 212871035 0
1.6e-10 2.40625 2.95312 0 201989195 0 201771675 0
1.6e-10 2.10938 2.5 0 260270176 0 260285782 0
1.6e-10 1.76562 2.3125 0 205127452 0 205415110 0
1.6e-10 2.125 2.51562 0 251618256 0 251671227 0
1.6e-10 2.32812 2.875 0 232745031 0 232712946 0
1.6e-10 1.85938 2.42188 0 226543340 0 226793943 0
1.6e-10 2.34375 2.89062 0 226124166 0 226533256 0
1.6e-10 2.32812 2.89062 0 230760003 0 230699985 0
1.6e-10 1.73438 2.29688 0 214741509 4 214583727 0
1.6e-10 2.73438 3.29688 0 259273286 0 259059570 0
1.6e-10 2.1875 2.75 0 223673480 0 223888249 18
1.6e-10 1.6875 2.25 0 233959905 0 234037026 0
1.6e-10 2.34375 2.89062 0 225561227 0 225850725 0
1.6e-10 2.32812 2.89062 0 229623832 0 229595779 0
1.6e-10 1.84375 2.39062 0 238013218 0 238055646 0
1.6e-10 2.75 3.3125 0 252455222 0 252360763 0
1.6e-10 2.14062 2.54688 0 241286560 0 241206051 0
1.6e-10 2.0625 2.46875 0 208254328 0 208612625 0
1.6e-10 2.15625 2.54688 0 238292929 1 238226611 1
1.6e-10 2.29688 2.85938 0 242875590 0 242990402 0
1.6e-10 2.375 2.9375 0 209969431 0 210112399 0
1.6e-10 2.17188 2.5625 0 233406737 0 233335386 0
1.6e-10 2.07812 2.48438 0 202965593 0 203265813 1
1.6e-10 1.71875 2.26562 0 223878300 0 223864887 0
1.6e-10 1.73438 2.28125 0 217403622 0 217494685 1
1.6e-10 2.0625 2.46875 0 209531130 0 209195694 0
1.6e-10 2.23438 2.78125 0 207102861 0 206990555 0
1.6e-10 2.29688 2.84375 0 245902469 0 245862960 0
1.6e-10 1.84375 2.40625 0 233327930 0 233623284 0
1.6e-10 1.73438 2.29688 0 214668686 0 214609274 0
1.6e-10 2.625 3.03125 0 238289685 0 238526999 0
1.6e-10 1.85938 2.40625 0 230542334 0 230686625 0
1.6e-10 2.625 3.03125 0 238094575 0 238073744 0
1.6e-10 2.21875 2.78125 0 209470686 0 209698646 0
1.6e-10 1.82812 2.375 0 244856378 3 244811467 0
1.6e-10 2.21875 2.76562 0 212803959 0 212791406 0
1.6e-10 2.15625 2.54688 0 236756993 1 236891314 0
1.6e-10 2.75 3.3125 0 251543746 0 251295068 0
1.6e-10 2.20312 2.76562 0 214870876 1 214867271 0
1.6e-10 2.26562 2.8125 0 262705362 0 262691728 0
1.6e-10 1.6875 2.23438 0 235158993 0 235111991 0
1.6e-10 2.15625 2.54688 0 239000571 0 239074426 0
1.6e-10 2.25 2.79688 0 200447729 0 200347206 0
1.6e-10 1.84375 2.39062 0 237024773 0 237320387 0
1.6e-10 1.78125 2.32812 0 264354759 0 264467835 0
1.6e-10 2.625 3.03125 0 238598794 2 238419962 0
1.6e-10 1.79688 2.35938 0 255298887 2 255103770 0
1.6e-10 1.75 2.3125 0 206877697 4 206820453 0
1.6e-10 1.79688 2.34375 0 257057061 0 256916998 0
1.6e-10 2.3125 2.875 0 236206441 0 236348040 0
1.6e-10 1.8125 2.35938 0 250210121 0 250398473 0
1.6e-10 1.79688 2.35938 0 254077482 0 254172289 0
1.6e-10 2.6875 3.25 0 211978399 0 211964387 0
1.6e-10 2.35938 2.90625 0 219059637 0 219150150 0
1.6e-10 2.26562 2.8125 0 262463764 0 262611295 0
1.6e-10 1.70312 2.25 0 230641255 0 230849979 0
1.6e-10 1.8125 2.35938 0 250498508 0 250506857 3
1.6e-10 1.71875 2.28125 0 219846639 0 219601638 0
1.6e-10 1.84375 2.40625 0 233408669 0 233476656 0
1.6e-10 2.65625 3.0625 0 225426346 0 225309061 1
1.6e-10 1.84375 2.40625 0 233457978 0 233737981 0
1.6e-10 2.28125 2.84375 0 248939776 1 248833606 5
1.6e-10 1.76562 2.3125 0 205826559 0 205921371 0
1.6e-10 1.875 2.42188 0 223137819 0 223315936 1
1.6e-10 2.73438 3.29688 0 259043376 0 259126460 0
1.6e-10 1.8125 2.375 0 247022239 0 246914417 0
1.6e-10 1.75 2.3125 0 207947032 0 208026273 0
1.6e-10 1.79688 2.35938 0 255230166 0 255007339 0
1.6e-10 2.20312 2.75 0 218428161 0 218477187 0
1.6e-10 1.76562 2.32812 0 202946276 0 202758526 0
1.6e-10 1.73438 2.29688 0 214335781 0 214338111 0
1.6e-10 2.65625 3.0625 0 223973475 0 223954606 2
1.6e-10 2.67188 3.07812 0 217755692 0 217653708 0
1.6e-10 2.28125 2.84375 0 249830742 0 249686341 0
1.6e-10 1.78125 2.34375 0 263241462 0 263312511 0
1.6e-10 1.78125 2.32812 0 199158022 0 199092213 0
1.6e-10 1.89062 2.4375 0 216310624 0 216242287 0
1.6e-10 1.85938 2.40625 0 229981719 0 229908429 9
1.6e-10 2.6875 3.07812 0 216760460 0 216853173 2
1.6e-10 2.125 2.51562 0 251975888 0 251889897 0
1.6e-10 2.20312 2.75 0 220458854 0 220628253 0
1.6e-10 1.71875 2.28125 0 221149618 0 221289966 0
1.6e-10 2.73438 3.28125 0 262428650 0 262576301 0
1.6e-10 2.09375 2.48438 0 200930335 0 200987548 0
1.6e-10 2.25 2.79688 0 200340257 0 200443169 0
1.6e-10 1.78125 2.32812 0 200174606 0 199960754 0
1.6e-10 2.6875 3.25 0 212485631 0 212377747 0
1.6e-10 2.75 3.3125 0 252813978 0 252442469 0
1.6e-10 1.73438 2.29688 0 213299073 0 213197062 0
1.6e-10 1.76562 2.3125 0 205960220 0 206105905 0
1.6e-10 1.71875 2.26562 0 222251675 0 221964298 0
1.6e-10 1.70312 2.25 0 229220508 0 229192377 0
1.6e-10 2.59375 3 0 251242482 0 251450292 0
1.6e-10 2.28125 2.84375 0 251580456 0 251421934 0
1.6e-10 1.75 2.3125 0 209278326 0 209255639 0
1.6e-10 2.70312 3.25 0 209484568 0 209238429 0
1.6e-10 2.25 2.8125 0 263244745 0 263013131 0
1.6e-10 2.28125 2.84375 0 248833736 0 248812527 0
1.6e-10 2.65625 3.0625 0 225229434 0 225080637 0
1.6e-10 2.125 2.51562 0 253536360 0 253664790 0
1.6e-10 2.59375 2.98438 0 255168933 0 254716060 0
1.6e-10 2.07812 2.48438 0 202796185 0 203025865 0
1.6e-10 2.07812 2.48438 0 202718114 0 202746696 0
1.6e-10 2.26562 2.82812 0 257284950 0 256933874 0
1.6e-10 1.70312 2.26562 0 227662665 0 227637093 0
1.6e-10 2.0625 2.45312 0 210403672 0 210405992 0
1.6e-10 1.78125 2.34375 0 263460528 0 263701631 0
1.6e-10 2.10938 2.5 0 258491718 0 258313054 0
1.6e-10 2.70312 3.26562 0 207276545 0 207441906 0
1.6e-10 2.35938 2.90625 0 220218504 0 220242363 0
1.6e-10 1.82812 2.375 0 242348564 2 242391379 0
1.6e-10 1.85938 2.40625 0 229111614 3 228952429 0
1.6e-10 1.875 2.4375 0 220241654 2 220128267 0
1.6e-10 2.40625 2.96875 0 199230832 0 199130370 0
1.6e-10 1.79688 2.35938 0 252836064 0 252834682 0
1.6e-10 2.09375 2.48438 0 201713486 0 201639155 0
1.6e-10 2.375 2.9375 0 210531452 0 210628495 0
1.6e-10 2.375 2.9375 0 210512215 0 210328126 0
1.6e-10 1.71875 2.28125 0 219722466 0 219630657 0
1.6e-10 2.625 3.03125 0 237412388 0 237192464 0
1.6e-10 2.15625 2.5625 0 235140399 0 234955113 0
1.6e-10 2.0625 2.45312 0 212327578 0 212445608 0
1.6e-10 1.84375 2.39062 0 237834033 0 237676394 0
1.6e-10 2.25 2.79688 0 201702853 0 201727308 0
1.6e-10 1.75 2.3125 0 208872948 0 208801726 0
1.6e-10 1.70312 2.26562 0 227634505 0 227417185 0
1.6e-10 2.0625 2.45312 0 213788725 0 213805114 0
1.6e-10 2.59375 3 0 251010369 0 251163634 0
1.6e-10 2.3125 2.875 0 236615697 0 236303004 0
1.6e-10 2.3125 2.875 0 235784416 0 235444146 0
1.6e-10 1.73438 2.28125 0 215628799 0 215728839 0
1.6e-10 1.79688 2.34375 0 258308257 0 258446986 0
1.6e-10 2.73438 3.28125 0 264529482 0 264867478 0
1.6e-10 2.25 2.79688 0 200282417 1 200444762 0
1.6e-10 2.3125 2.875 0 236825982 0 236946121 0
1.6e-10 2.25 2.79688 0 200282424 0 200323725 0
1.6e-10 1.84375 2.39062 0 237183469 0 237156301 0
1.6e-10 2.67188 3.0625 0 222892307 0 222985497 0
1.6e-10 2.625 3.01562 0 242444475 0 242456713 0
1.6e-10 1.78125 2.32812 0 200075018 0 200219898 0
1.6e-10 2.0625 2.46875 0 208392532 0 208752049 0
1.6e-10 2.35938 2.92188 0 216775438 0 216663901 0
1.6e-10 1.82812 2.375 0 242458854 0 242515069 0
1.6e-10 2.375 2.9375 0 210796627 0 210656296 0
1.6e-10 1.85938 2.42188 0 227101252 0 227313488 1
1.6e-10 2.75 3.3125 0 251778234 0 252003332 0
1.6e-10 1.70312 2.26562 0 225526430 1 225390068 0
1.6e-10 2.57812 2.96875 0 261599886 1 261744502 0
1.6e-10 1.82812 2.39062 0 240327305 6 240205063 0
1.6e-10 2.15625 2.54688 0 240068003 0 239901834 0
1.6e-10 1.84375 2.39062 0 237310733 0 237286753 0
1.6e-10 2.15625 2.54688 0 240126733 0 240147522 0
1.6e-10 2.17188 2.5625 0 231040260 0 230960273 0
1.6e-10 2.71875 3.26562 0 203586015 0 203634926 0
1.6e-10 2.375 2.92188 0 213508938 0 213738146 0
1.6e-10 2.60938 3 0 250050199 0 249786413 3
1.6e-10 1.6875 2.25 0 231703065 0 231720808 0
1.6e-10 1.82812 2.39062 0 240833190 0 240842726 0
1.6e-10 1.89062 2.45312 0 215386698 0 215239538 0
1.6e-10 1.76562 2.32812 0 202945826 0 202879978 0
1.6e-10 2.125 2.51562 0 250842666 0 250776507 0
1.6e-10 1.78125 2.32812 0 263831988 0 263941754 0
1.6e-10 2.71875 3.28125 0 201801334 0 201852133 0
1.6e-10 2.15625 2.54688 0 239028958 0 238955960 0
1.6e-10 2.0625 2.46875 0 208902888 0 209118252 0
1.6e-10 2.0625 2.45312 0 212346814 0 212254278 0
1.6e-10 1.70312 2.26562 0 225565578 0 225486905 0
1.6e-10 1.70312 2.25 0 228481210 0 228596081 0
1.6e-10 2.15625 2.54688 0 237928681 0 237915746 0
1.6e-10 1.89062 2.45312 0 215125582 0 215302839 0
1.6e-10 1.70312 2.26562 0 227140671 0 227154116 0
1.6e-10 2.21875 2.78125 0 210408191 0 210470329 0
1.6e-10 1.71875 2.26562 0 223886469 0 223861606 0
1.6e-10 1.82812 2.39062 0 239320792 0 239252698 0
1.6e-10 1.78125 2.32812 0 264039839 0 264187329 0
1.6e-10 1.73438 2.28125 0 215663495 0 215568823 0
1.6e-10 2.34375 2.89062 0 225106863 0 225089103 0
1.6e-10 1.71875 2.28125 0 219286710 0 219162595 0
1.6e-10 2.17188 2.73438 0 228562050 0 228666781 0
1.6e-10 2.6875 3.25 0 211578600 0 211812558 0
1.6e-10 1.75 2.3125 0 206595826 0 206525997 0
1.6e-10 2.32812 2.89062 0 229396302 0 229378069 12
1.6e-10 2.26562 2.82812 0 257515097 0 257649935 0
1.6e-10 1.89062 2.45312 0 215437392 10 215360970 1
1.6e-10 2.0625 2.46875 0 208911054 0 208868779 0
1.6e-10 1.73438 2.28125 0 217139600 0 217387095 0
1.6e-10 2.75 3.29688 0 255759872 0 255539454 0
1.6e-10 2.0625 2.46875 0 208384565 0 208390132 0
1.6e-10 1.76562 2.32812 0 202977747 0 202986384 0
1.6e-10 1.82812 2.39062 0 239530582 0 239479340 0
1.6e-10 1.78125 2.34375 0 260621346 0 260623083 0
1.6e-10 2.71875 3.28125 0 199323687 0 199350861 0
1.6e-10 2.21875 2.76562 0 213498340 0 213918211 0
1.6e-10 1.8125 2.375 0 247212752 0 247298719 0
1.6e-10 2.73438 3.28125 0 262823287 0 262560456 0
1.6e-10 1.85938 2.42188 0 228594767 0 228671811 0
1.6e-10 1.70312 2.26562 0 226381448 0 226226709 0
1.6e-10 2.34375 2.90625 0 224327264 0 224433432 0
1.6e-10 2.34375 2.90625 0 221701469 0 221728987 0
1.6e-10 2.07812 2.48438 0 202882899 3 202984492 0
1.6e-10 2.67188 3.07812 0 219363312 0 219262022 0
1.6e-10 2.73438 3.29688 0 258952054 0 258727490 0
1.6e-10 2.14062 2.53125 0 243821720 0 243728964 0
1.6e-10 2.64062 3.03125 0 235592834 0 235772142 0
1.6e-10 2.65625 3.0625 0 223963566 0 223874049 0
1.6e-10 1.71875 2.28125 0 219843227 0 219803130 0
1.6e-10 1.85938 2.42188 0 226856450 0 226711079 0
1.6e-10 2.0625 2.45312 0 212499267 2 212437863 0
1.6e-10 1.84375 2.40625 0 233579742 0 233591215 0
1.6e-10 1.76562 2.3125 0 204391583 0 204390530 0
1.6e-10 2.25 2.8125 0 264041428 1 263989309 0
1.6e-10 2.70312 3.26562 0 206509098 0 206537969 0
1.6e-10 2.15625 2.54688 0 239238210 0 239253042 0
1.6e-10 2.57812 2.96875 0 260797236 0 260863005 0
1.6e-10 1.6875 2.25 0 234176363 0 234031064 0
1.6e-10 2.23438 2.78125 0 205930564 0 205956331 0
1.6e-10 2.28125 2.82812 0 253474989 0 253428642 0
1.6e-10 1.85938 2.42188 0 228052681 0 228067190 3
1.6e-10 2.32812 2.89062 0 227971598 0 228147853 0
1.6e-10 2.39062 2.9375 0 207747777 0 207837114 0
1.6e-10 2.09375 2.5 0 262552254 0 262299783 0
1.6e-10 2.25 2.8125 0 198988773 0 199058024 0
1.6e-10 1.79688 2.34375 0 256629418 0 256813047 0
1.6e-10 2.21875 2.78125 0 209092187 0 209019460 0
1.6e-10 1.73438 2.28125 0 217821405 0 217607525 0
1.6e-10 1.71875 2.26562 0 223351450 0 223158497 3
1.6e-10 1.78125 2.32812 0 199681560 0 199808234 0
1.6e-10 1.75 2.29688 0 209560544 0 209748161 0
1.6e-10 1.79688 2.35938 0 255111033 0 254854859 0
1.6e-10 1.82812 2.375 0 244449827 0 244578532 0
1.6e-10 2.70312 3.25 0 210557525 0 210636397 0
1.6e-10 1.6875 2.25 0 233006671 0 232969649 0
1.6e-10 2.64062 3.03125 0 234104882 0 233614006 0
1.6e-10 1.8125 2.35938 0 250383358 0 250460163 0
1.6e-10 2.17188 2.5625 0 230945650 0 230720165 0
1.6e-10 2.1875 2.75 0 222864991 0 222858833 2
1.6e-10 1.875 2.4375 0 220790794 0 220838566 8
1.6e-10 1.85938 2.42188 0 227212282 0 227426229 0
1.6e-10 1.75 2.3125 0 208603512 0 208497828 0
1.6e-10 1.76562 2.32812 0 200654909 0 200600665 0
1.6e-10 2.6875 3.25 0 211280605 0 211433395 0
1.6e-10 2.29688 2.85938 0 243993553 55 243872663 0
1.6e-10 1.84375 2.40625 0 233836336 0 233922314 0
1.6e-10 1.82812 2.39062 0 238786748 0 239254355 0
1.6e-10 2.39062 2.9375 0 207975405 0 207997233 0
1.6e-10 1.70312 2.25 0 229622732 1 229738094 0
1.6e-10 2.57812 2.98438 0 257774032 0 258114099 9
1.6e-10 1.76562 2.3125 0 206091489 0 206152838 1
1.6e-10 2.09375 2.48438 0 199374781 0 199353633 0
1.6e-10 1.70312 2.25 0 229918625 0 229714026 0
1.6e-10 2.14062 2.53125 0 246363796 0 246440723 0
1.6e-10 2.28125 2.84375 0 249186694 0 249581201 0
1.6e-10 2.35938 2.90625 0 220855711 0 220779343 0
1.6e-10 2.57812 2.96875 0 264197435 0 263979528 0
1.6e-10 1.76562 2.3125 0 203779551 0 203907564 0
1.6e-10 2.0625 2.45312 0 210260953 0 210423679 0
1.6e-10 1.85938 2.40625 0 231302940 0 231178102 0
1.6e-10 1.6875 2.25 0 231212193 0 231192288 0
1.6e-10 2.14062 2.54688 0 240620366 0 240703748 0
1.6e-10 1.85938 2.42188 0 227590529 0 227666389 0
1.6e-10 2.0625 2.45312 0 213107970 1 213064192 0
1.6e-10 2.125 2.51562 0 252570703 0 252768425 0
1.6e-10 2.29688 2.85938 0 244136444 0 244279253 0
1.6e-10 2.07812 2.48438 0 203126090 0 203034845 0
1.6e-10 1.79688 2.34375 0 258048483 1 258007341 0
1.6e-10 2.59375 2.98438 0 253104523 0 253080678 0
1.6e-10 2.09375 2.48438 0 200418121 0 200321671 0
1.6e-10 1.73438 2.29688 0 214383469 0 214286809 0
1.6e-10 2.60938 3 0 248938645 0 248399614 0
1.6e-10 2.09375 2.48438 0 199579695 0 199663361 0
1.6e-10 1.75 2.29688 0 209672110 0 209830572 2
1.6e-10 2.07812 2.48438 0 203102204 0 203018043 10
1.6e-10 2.07812 2.46875 0 206850655 0 206783031 0
1.6e-10 2.67188 3.0625 0 220985134 0 220686308 0
1.6e-10 2.28125 2.84375 0 251593813 0 251629625 0
1.6e-10 2.34375 2.89062 0 226622088 0 226793578 0
1.6e-10 1.76562 2.32812 0 203451503 0 203370565 7
1.6e-10 1.84375 2.40625 0 232440758 0 232662250 0
1.6e-10 1.875 2.42188 0 222728844 0 222880663 0
1.6e-10 2.40625 2.96875 0 200033581 12 199802845 0
1.6e-10 2.59375 2.98438 0 253694597 0 253798386 0
1.6e-10 1.78125 2.32812 0 200055652 0 200116254 2
1.6e-10 2.0625 2.45312 0 210660980 0 210836597 0
1.6e-10 2.15625 2.54688 0 239436895 0 239551502 0
1.6e-10 1.73438 2.28125 0 217101743 0 216985395 3
1.6e-10 2.14062 2.53125 0 245684816 0 245627217 0
1.6e-10 2.20312 2.75 0 218433492 0 218230277 0
1.6e-10 2.26562 2.82812 0 256839802 0 256530330 0
1.6e-10 2.0625 2.46875 0 208449230 0 208513216 0
1.6e-10 1.78125 2.32812 0 199747461 0 199799981 0
1.6e-10 2.21875 2.76562 0 214417509 0 214438834 0
1.6e-10 1.71875 2.28125 0 218488671 0 218495527 0
1.6e-10 1.73438 2.28125 0 216208418 0 216187505 0
1.6e-10 2.70312 3.26562 0 206757719 0 206745708 0
1.6e-10 2.32812 2.89062 0 230925691 1 231086720 0
1.6e-10 2.67188 3.07812 0 218076214 0 218132861 0
1.6e-10 2.375 2.92188 0 214645752 0 214992895 0
1.6e-10 1.79688 2.35938 0 255839407 0 256117192 0
1.6e-10 2.14062 2.53125 0 244178518 0 244279881 0
1.6e-10 2.21875 2.78125 0 211591210 0 211676300 0
1.6e-10 2.0625 2.45312 0 212681097 0 212881765 0
1.6e-10 2.23438 2.78125 0 206142124 0 206188893 0
1.6e-10 1.70312 2.25 0 230190270 0 230173467 0
1.6e-10 2.39062 2.95312 0 204537985 0 204862090 0
1.6e-10 2.125 2.53125 0 247930464 0 248130588 0
1.6e-10 1.82812 2.375 0 244570922 2 244900813 0
1.6e-10 2.09375 2.48438 0 200533790 0 200371383 0
1.6e-10 1.8125 2.375 0 246743045 0 246730400 0
1.6e-10 2.40625 2.96875 0 200196308 0 200219355 0
1.6e-10 1.73438 2.29688 0 212358706 0 212285694 2
1.6e-10 2.34375 2.90625 0 224263724 0 224194648 0
1.6e-10 2.26562 2.8125 0 260344961 0 260388348 0
1.6e-10 1.79688 2.35938 0 256137993 0 256059679 0
1.6e-10 2.28125 2.82812 0 254839592 0 254638141 1
1.6e-10 2.10938 2.5 0 260168934 0 260490568 0
1.6e-10 2.17188 2.73438 0 227498345 0 227509265 0
1.6e-10 2.10938 2.51562 0 257106036 1 257024857 0
1.6e-10 2.75 3.3125 0 252587206 0 253117146 0
1.6e-10 1.79688 2.35938 0 252982194 0 253177288 0
1.6e-10 1.875 2.42188 0 224911591 0 225078140 0
1.6e-10 1.82812 2.375 0 242918958 0 242806684 0
1.6e-10 2.60938 3 0 249097829 0 248843828 0
1.6e-10 2.125 2.51562 0 254208127 0 254487341 0
1.6e-10 2.39062 2.95312 0 204355795 0 204111361 0
1.6e-10 2.65625 3.04688 0 228007349 0 227896424 0
1.6e-10 1.85938 2.40625 0 231121891 0 230855002 0
1.6e-10 1.73438 2.29688 0 213181911 0 213087949 0
1.6e-10 2.14062 2.54688 0 240963030 0 240932720 0
1.6e-10 2.60938 3 0 248020248 0 248027481 0
1.6e-10 2.17188 2.5625 0 232838462 0 232649802 0
1.6e-10 1.79688 2.34375 0 259344532 0 259520707 0
1.6e-10 1.8125 2.375 0 246764698 0 246623455 0
1.6e-10 1.89062 2.4375 0 217103973 0 216816227 0
1.6e-10 1.8125 2.35938 0 249620474 0 249678392 4
1.6e-10 1.78125 2.34375 0 261410692 0 261613788 0
1.6e-10 1.76562 2.32812 0 202380259 0 202379911 0
1.6e-10 1.84375 2.40625 0 233591565 0 233618753 1
1.6e-10 1.84375 2.39062 0 236785762 0 236749890 0
1.6e-10 1.73438 2.29688 0 212749974 0 212825171 0
1.6e-10 2.10938 2.51562 0 255896614 0 255755578 0
1.6e-10 2.10938 2.51562 0 256236987 0 256266423 0
1.6e-10 2.32812 2.89062 0 230690992 0 231247871 0
1.6e-10 1.71875 2.28125 0 220108364 0 220080803 0
1.6e-10 2.125 2.51562 0 251588993 0 251782265 0
1.6e-10 2.64062 3.04688 0 230269938 0 230457278 0
1.6e-10 2.10938 2.51562 0 257268685 0 257253254 0
1.6e-10 1.73438 2.29688 0 213930732 5 213922135 0
1.6e-10 2.17188 2.5625 0 231405725 6 231262463 0
1.6e-10 2.625 3.01562 0 240308059 0 240332512 0
1.6e-10 2.0625 2.46875 0 209407081 4 209157502 0
1.6e-10 2.21875 2.78125 0 209574072 0 209557727 0
1.6e-10 1.79688 2.34375 0 256659647 0 256576081 0
1.6e-10 2.29688 2.84375 0 248001747 0 248137676 0
1.6e-10 2.07812 2.46875 0 206048100 0 206067540 0
1.6e-10 2.625 3.01562 0 241508433 0 241744378 0
1.6e-10 2.3125 2.875 0 235829274 0 235797135 0
1.6e-10 2.125 2.51562 0 252509690 0 252422690 0
1.6e-10 2.15625 2.54688 0 236521923 0 236487340 0
1.6e-10 2.125 2.51562 0 253378264 0 253224917 1
1.6e-10 1.76562 2.3125 0 204055219 0 203866888 0
1.6e-10 2.71875 3.28125 0 199652684 1 199666609 0
1.6e-10 1.8125 2.35938 0 252625163 0 252551476 0
1.6e-10 2.14062 2.54688 0 240555261 0 240639384 0
1.6e-10 2.09375 2.48438 0 199036902 0 199125127 0
1.6e-10 1.76562 2.3125 0 204130898 0 204048092 0
1.6e-10 1.82812 2.375 0 242841426 0 242808252 0
1.6e-10 2.09375 2.48438 0 201005071 0 200909237 0
1.6e-10 2.20312 2.75 0 219141781 0 218974899 0
1.6e-10 1.70312 2.26562 0 224970638 0 224913797 0
1.6e-10 2.70312 3.26562 0 206415915 0 206341435 0
1.6e-10 2.14062 2.54688 0 242733646 0 242998605 0
1.6e-10 1.78125 2.32812 0 199221334 0 199323800 0
1.6e-10 2.67188 3.0625 0 222074648 0 221854986 0
1.6e-10 2.125 2.53125 0 250167107 0 249938051 0
1.6e-10 1.85938 2.40625 0 228932127 6 228842004 0
1.6e-10 2.35938 2.90625 0 221468475 0 221301402 0
1.6e-10 1.71875 2.28125 0 221407016 0 221529208 0
1.6e-10 1.82812 2.375 0 243212934 0 243100694 0
1.6e-10 2.26562 2.8125 0 261888356 0 261824798 0
1.6e-10 2.25 2.79688 0 201760084 0 201974113 0
1.6e-10 1.875 2.42188 0 222872228 0 223131722 0
1.6e-10 1.84375 2.39062 0 237158035 0 237111756 0
1.6e-10 1.79688 2.34375 0 257077482 0 256938774 0
1.6e-10 2.65625 3.04688 0 226861837 0 227034910 0
1.6e-10 1.71875 2.26562 0 224476119 0 224444703 3
1.6e-10 1.75 2.29688 0 210305121 0 210329079 0
1.6e-10 1.70312 2.26562 0 225622174 0 225537319 0
1.6e-10 2.64062 3.04688 0 230676409 0 230510079 0
1.6e-10 1.6875 2.23438 0 234745472 0 234605304 0
1.6e-10 1.79688 2.34375 0 257836365 0 257841341 0
1.6e-10 2.25 2.79688 0 201490403 1 201518684 0
1.6e-10 2.25 2.79688 0 200426820 0 200521018 0
1.6e-10 2.625 3.03125 0 236609246 0 236360172 0
1.6e-10 2.75 3.3125 0 253999064 0 253988072 0
1.6e-10 2.32812 2.875 0 233362834 0 233512991 1
1.6e-10 2.125 2.51562 0 253302607 0 253272101 0
1.6e-10 2.15625 2.54688 0 236616681 0 236666971 1
1.6e-10 1.70312 2.25 0 230645564 0 230551630 0
1.6e-10 2.6875 3.25 0 211196874 11 211383840 0
1.6e-10 2.09375 2.48438 0 200721325 0 200680189 0
1.6e-10 2.28125 2.82812 0 255135961 3 254694631 0
1.6e-10 1.89062 2.4375 0 218858075 0 218932806 0
1.6e-10 2.70312 3.25 0 209561343 0 209765722 0
1.6e-10 1.79688 2.34375 0 256950207 0 257174752 0
1.6e-10 1.6875 2.25 0 234426650 0 234255552 0
1.6e-10 1.85938 2.42188 0 228110073 1 228082248 0
1.6e-10 2.07812 2.46875 0 206750780 0 206680988 0
1.6e-10 2.60938 3 0 249570826 1 249394411 0
1.6e-10 2.17188 2.5625 0 233710048 0 233546556 1
1.6e-10 2.26562 2.8125 0 260064889 0 260073342 0
1.6e-10 2.29688 2.84375 0 245438997 0 245313051 0
1.6e-10 1.76562 2.32812 0 200746576 0 200748095 0
1.6e-10 2.1875 2.75 0 220729172 0 220856816 0
1.6e-10 1.73438 2.29688 0 213679492 0 213656361 0
1.6e-10 2.15625 2.5625 0 234388261 0 234412955 0
1.6e-10 2.07812 2.48438 0 203431736 0 203625585 0
1.6e-10 2.375 2.92188 0 214753279 0 214691358 0
1.6e-10 2.26562 2.82812 0 256771205 0 257006860 0
1.6e-10 2.09375 2.48438 0 198923818 0 199048865 0
1.6e-10 1.8125 2.375 0 245614078 0 245562455 0
1.6e-10 2.125 2.51562 0 253444822 0 253731032 0
1.6e-10 1.84375 2.40625 0 232400099 0 232197866 0
1.6e-10 2.25 2.79688 0 201929391 0 201853096 0
1.6e-10 2.39062 2.9375 0 208878822 0 208690964 0
1.6e-10 1.85938 2.40625 0 229767150 0 229723696 0
1.6e-10 2.09375 2.48438 0 200505651 0 200571031 0
1.6e-10 2.32812 2.875 0 233205522 0 232915209 0
1.6e-10 2.0625 2.45312 0 212075289 0 212061546 0
1.6e-10 2.14062 2.53125 0 243560281 0 243578123 0
1.6e-10 2.6875 3.07812 0 215205354 0 215590829 0
1.6e-10 2.60938 3 0 246073913 0 245863269 0
1.6e-10 2.20312 2.75 0 220558561 0 220561986 0
1.6e-10 1.85938 2.42188 0 225327601 0 225579489 0
1.6e-10 1.85938 2.40625 0 231720545 0 231727249 0
1.6e-10 1.85938 2.42188 0 227258087 0 227137787 0
1.6e-10 1.75 2.3125 0 206766478 0 206960536 0
1.6e-10 1.70312 2.26562 0 225091333 0 225101154 5
1.6e-10 2.21875 2.78125 0 208540695 0 208783347 0
1.6e-10 2.625 3.03125 0 237011565 0 236763776 0
1.6e-10 2.21875 2.78125 0 211682284 0 211658906 0
1.6e-10 2.07812 2.48438 0 202118576 0 201961741 0
1.6e-10 2.0625 2.46875 0 208992833 0 208791976 0
1.6e-10 1.71875 2.28125 0 221244107 0 221322765 2
1.6e-10 1.82812 2.375 0 242955838 0 242869267 0
1.6e-10 1.85938 2.42188 0 227590036 0 227400397 0
1.6e-10 2.14062 2.54688 0 243058472 9 243080157 0
1.6e-10 2.65625 3.04688 0 228877253 0 228706395 0
1.6e-10 1.70312 2.25 0 229727169 0 229699800 0
1.6e-10 1.75 2.3125 0 207587240 0 207437686 0
1.6e-10 2.15625 2.54688 0 236801369 0 236699415 0
1.6e-10 2.10938 2.5 0 260728942 0 260827708 0
1.6e-10 1.78125 2.32812 0 199618390 0 199747366 0
1.6e-10 1.85938 2.40625 0 229212945 2 229245135 0
1.6e-10 2.07812 2.46875 0 207210722 0 207139792 0
1.6e-10 2.07812 2.46875 0 207348924 0 207399921 0
1.6e-10 2.14062 2.53125 0 245722668 0 245759417 0
1.6e-10 1.78125 2.32812 0 198933591 0 198857145 0
1.6e-10 1.75 2.3125 0 208947527 0 209010369 5
1.6e-10 2.17188 2.73438 0 229541845 0 229531992 0
1.6e-10 1.8125 2.35938 0 251000044 0 251134169 3
1.6e-10 2.71875 3.28125 0 200321612 0 200384070 0
1.6e-10 2.32812 2.875 0 233007281 0 232740724 0
1.6e-10 1.73438 2.29688 0 212649112 0 212845392 0
1.6e-10 2.64062 3.03125 0 234702632 0 234692902 0
1.6e-10 2.26562 2.82812 0 256752920 0 256650535 3
1.6e-10 2.32812 2.875 0 231879687 0 232010138 0
1.6e-10 2.625 3.01562 0 241820864 0 241861860 0
1.6e-10 1.70312 2.26562 0 224738340 0 224744905 0
1.6e-10 1.71875 2.28125 0 218737540 0 218973363 0
1.6e-10 2.20312 2.75 0 218338364 0 218327330 0
1.6e-10 2.25 2.8125 0 263722284 0 263683844 0
1.6e-10 2.09375 2.5 0 264167141 0 264135896 0
1.6e-10 1.76562 2.3125 0 204785989 0 204916940 0
1.6e-10 2.39062 2.95312 0 205055124 1 205014277 0
1.6e-10 2.75 3.3125 0 253840846 0 253935774 0
1.6e-10 2.125 2.51562 0 251225727 0 251474474 0
1.6e-10 2.21875 2.76562 0 214086316 0 214204019 0
1.6e-10 2.25 2.8125 0 264539804 0 264336963 0
1.6e-10 1.79688 2.34375 0 258580282 0 258414652 0
1.6e-10 2.29688 2.84375 0 247823371 0 247870658 0
1.6e-10 2.625 3.03125 0 236184398 0 236503508 0
1.6e-10 1.79688 2.35938 0 253973991 0 253917198 0
1.6e-10 1.79688 2.34375 0 257471103 0 257220766 0
1.6e-10 1.82812 2.39062 0 239682963 13 239861638 0
1.6e-10 2.67188 3.0625 0 222480872 0 222587749 0
1.6e-10 2.6875 3.07812 0 214484282 0 214470880 0
1.6e-10 1.89062 2.4375 0 218733343 0 218975733 0
1.6e-10 1.78125 2.34375 0 262163302 2 262297088 0
1.6e-10 1.8125 2.375 0 248339462 3 248420697 0
1.6e-10 2.28125 2.82812 0 252551424 0 252506502 0
1.6e-10 2.14062 2.53125 0 244103211 0 244217928 0
1.6e-10 2.14062 2.54688 0 240638567 0 240567506 0
1.6e-10 2.10938 2.5 0 260736991 17 260602726 0
1.6e-10 2.17188 2.5625 0 230391825 0 230312042 0
1.6e-10 2.21875 2.78125 0 209698514 0 209454703 0
1.6e-10 1.76562 2.3125 0 204627154 0 204726150 0
1.6e-10 1.76562 2.3125 0 204983998 0 204866503 0
1.6e-10 1.73438 2.28125 0 215944680 0 215963916 0
1.6e-10 1.8125 2.375 0 249147547 0 249122968 0
1.6e-10 2.07812 2.48438 0 203542234 0 203465164 0
1.6e-10 1.70312 2.26562 0 225997248 0 226025758 0
1.6e-10 1.8125 2.375 0 247801557 0 247858506 0
1.6e-10 1.79688 2.34375 0 256786736 0 256699595 0
1.6e-10 1.78125 2.34375 0 260967630 0 261069505 0
1.6e-10 2.14062 2.53125 0 243831101 0 243731847 0
1.6e-10 1.76562 2.32812 0 200638111 0 200650772 0
1.6e-10 2.25 2.79688 0 201482910 0 201389777 0
1.6e-10 1.73438 2.29688 0 214173859 0 214068412 0
1.6e-10 1.75 2.3125 0 209027395 0 209008811 0
1.6e-10 2.07812 2.48438 0 202093008 0 202109994 0
1.6e-10 2.20312 2.75 0 218904722 0 218912684 0
1.6e-10 2.0625 2.45312 0 210802392 0 210882747 0
1.6e-10 2.32812 2.875 0 232067320 0 232127423 0
1.6e-10 2.1875 2.73438 0 225115790 0 224910479 0
1.6e-10 2.28125 2.84375 0 251737006 0 251666814 0
1.6e-10 1.875 2.42188 0 225072376 0 224951168 0
1.6e-10 1.76562 2.3125 0 205336118 0 205349009 0
1.6e-10 2.26562 2.8125 0 260502063 0 260601950 0
1.6e-10 1.70312 2.26562 0 224866871 0 224767790 0
1.6e-10 1.8125 2.35938 0 250334089 0 250008673 0
1.6e-10 1.89062 2.45312 0 214798037 0 214805404 0
1.6e-10 2.70312 3.25 0 208579010 0 208673924 0
1.6e-10 1.89062 2.45312 0 213974266 0 213785756 0
1.6e-10 1.85938 2.40625 0 231599083 0 231644098 1
1.6e-10 2.34375 2.89062 0 226429170 0 226539812 0
1.6e-10 1.85938 2.42188 0 226072964 0 226178067 0
1.6e-10 1.78125 2.32812 0 200128759 0 200035915 3
1.6e-10 1.82812 2.39062 0 241307374 0 241462542 0
1.6e-10 2.23438 2.78125 0 206335766 0 206214298 0
1.6e-10 2.35938 2.90625 0 219862253 0 219483418 0
1.6e-10 1.73438 2.28125 0 218059652 0 218127280 0
1.6e-10 1.8125 2.375 0 247172802 0 247118076 0
1.6e-10 2.0625 2.45312 0 213237627 0 213284386 0
1.6e-10 2.67188 3.0625 0 221926845 0 221634659 0
1.6e-10 2.15625 2.5625 0 233784829 0 233831289 0
1.6e-10 2.65625 3.04688 0 226400781 2 226388129 0
1.6e-10 2.625 3.01562 0 241281163 0 241090184 0
1.6e-10 1.875 2.4375 0 221617921 0 221380534 0
1.6e-10 2.76562 3.3125 0 250719611 0 250703050 0
1.6e-10 1.78125 2.34375 0 263706505 0 263652693 0
1.6e-10 2.25 2.8125 0 263490059 0 263107922 0
1.6e-10 1.78125 2.32812 0 200388770 0 200289718 0
1.6e-10 1.76562 2.32812 0 202021386 0 201965080 1
1.6e-10 1.76562 2.3125 0 204242578 0 204310648 0
1.6e-10 2.26562 2.8125 0 260311603 0 260472537 0
1.6e-10 2.39062 2.9375 0 207626945 0 207942870 0
1.6e-10 2.57812 2.96875 0 263558930 0 263868916 0
1.6e-10 1.75 2.3125 0 208373772 0 208364919 0
1.6e-10 2.71875 3.26562 0 202339274 0 202426569 0
1.6e-10 2.34375 2.90625 0 224137635 0 224122150 0
1.6e-10 1.84375 2.40625 0 235301286 0 235292044 0
1.6e-10 1.79688 2.35938 0 254794761 0 254929708 0
1.6e-10 2.21875 2.76562 0 212170102 0 212012587 0
1.6e-10 2.0625 2.45312 0 212302553 0 212346485 0
1.6e-10 1.875 2.42188 0 222670960 0 222973764 0
1.6e-10 1.85938 2.42188 0 228508663 0 228494411 0
1.6e-10 2.65625 3.0625 0 224771260 0 224651836 0
1.6e-10 1.875 2.42188 0 223649236 0 223808153 0
1.6e-10 1.85938 2.40625 0 231514245 0 231394623 0
1.6e-10 2.15625 2.54688 0 239458543 1 239475344 0
1.6e-10 2.375 2.9375 0 209657097 0 209508191 0
1.6e-10 2.75 3.29688 0 257603857 0 257511981 0
1.6e-10 1.70312 2.25 0 228660257 2 228698346 0
1.6e-10 1.85938 2.40625 0 229565481 0 229404147 0
1.6e-10 2.34375 2.90625 0 223901927 0 224056632 0
1.6e-10 2.07812 2.46875 0 207115939 0 207106510 0
1.6e-10 2.07812 2.46875 0 206187351 0 206481161 0
1.6e-10 1.71875 2.26562 0 223396209 0 223374175 0
1.6e-10 2.64062 3.03125 0 232693244 0 232648983 0
1.6e-10 2.0625 2.45312 0 212714690 0 212545488 0
1.6e-10 2.10938 2.51562 0 256759967 0 256714082 0
1.6e-10 2.125 2.53125 0 248039291 1 248201328 0
1.6e-10 2.09375 2.48438 0 201782822 0 201630655 0
1.6e-10 2.15625 2.54688 0 239597614 0 239564986 0
1.6e-10 2.29688 2.84375 0 246649755 1 246758839 0
1.6e-10 2.09375 2.48438 0 201558890 0 201478964 0
1.6e-10 1.78125 2.32812 0 199292484 0 199085260 0
1.6e-10 1.71875 2.28125 0 221351462 0 221304454 0
1.6e-10 2.40625 2.96875 0 200521477 0 200589073 0
1.6e-10 1.75 2.29688 0 210851167 0 210856129 0
1.6e-10 2.17188 2.73438 0 228399429 0 228404842 0
1.6e-10 2.26562 2.82812 0 258965469 0 259094437 1
1.6e-10 2.70312 3.26562 0 205408006 0 205404675 0
1.6e-10 2.15625 2.54688 0 236437362 0 236423427 0
1.6e-10 2.15625 2.54688 0 238741688 0 238575786 0
1.6e-10 2.57812 2.96875 0 264075404 0 264306180 0
1.6e-10 1.75 2.29688 0 211990138 0 211909263 0
1.6e-10 1.76562 2.3125 0 205302837 0 205215356 0
1.6e-10 1.875 2.4375 0 221265289 0 221253075 0
1.6e-10 2.375 2.9375 0 210128389 0 210030791 0
1.6e-10 2.3125 2.85938 0 238331640 2 238281674 0
1.6e-10 1.84375 2.40625 0 234791689 0 234627202 13
1.6e-10 2.32812 2.875 0 233604800 0 233972449 0
1.6e-10 1.71875 2.26562 0 222151417 0 222329204 0
1.6e-10 1.71875 2.26562 0 222980658 0 223013128 0
1.6e-10 2.07812 2.46875 0 206657208 0 206663422 0
1.6e-10 1.71875 2.28125 0 221476432 0 221446350 0
1.6e-10 2.23438 2.78125 0 205949381 0 205688920 0
1.6e-10 2.3125 2.85938 0 238896038 8 238689452 0
1.6e-10 1.8125 2.35938 0 251313548 0 251599922 0
1.6e-10 1.75 2.3125 0 207073942 0 207052361 0
1.6e-10 1.78125 2.32812 0 200570662 0 200467296 0
1.6e-10 2.60938 3.01562 0 243839738 0 243745462 0
1.6e-10 2.71875 3.28125 0 202082375 0 202078584 11
1.6e-10 2.35938 2.90625 0 221160385 0 221421271 0
1.6e-10 1.73438 2.29688 0 215083598 0 215080972 0
1.6e-10 2.17188 2.5625 0 230076925 0 230139748 0
1.6e-10 2.32812 2.89062 0 231082133 0 230890634 0
1.6e-10 1.75 2.3125 0 208367506 0 208380537 0
1.6e-10 1.71875 2.26562 0 222844988 0 222781970 0
1.6e-10 2.73438 3.29688 0 259724663 0 259155638 0
1.6e-10 2.39062 2.9375 0 208006950 0 207743131 0
1.6e-10 2.21875 2.76562 0 213648622 3 213440713 0
1.6e-10 2.09375 2.48438 0 201814542 0 201687786 2
1.6e-10 2.59375 3 0 251772207 0 251514331 0
1.6e-10 1.70312 2.26562 0 226165084 0 226063315 2
1.6e-10 2.17188 2.5625 0 231650704 0 231506843 0
1.6e-10 2.23438 2.78125 0 207305534 1 207238006 0
1.6e-10 2.1875 2.73438 0 226931778 0 226965352 0
1.6e-10 1.8125 2.375 0 246981319 0 246897630 0
1.6e-10 2.67188 3.0625 0 222491884 0 222119971 0
1.6e-10 2.40625 2.95312 0 202892850 0 202921408 0
1.6e-10 2.70312 3.26562 0 205113136 0 205278281 0
1.6e-10 2.26562 2.8125 0 262240237 0 262063765 0
1.6e-10 2.29688 2.85938 0 241990237 0 241966964 0
1.6e-10 1.78125 2.32812 0 264822044 1 264749271 0
1.6e-10 2.32812 2.89062 0 228645459 0 228820978 0
1.6e-10 2.6875 3.07812 0 215333109 0 215112083 0
1.6e-10 1.78125 2.32812 0 264370533 0 264399484 0
1.6e-10 2.60938 3 0 248485282 0 248570866 0
1.6e-10 1.6875 2.25 0 233530396 0 233419350 0
1.6e-10 2.0625 2.45312 0 212764911 0 212844471 5
1.6e-10 1.78125 2.32812 0 264536043 0 264631356 0
1.6e-10 1.78125 2.34375 0 261765238 0 261721347 0
1.6e-10 1.6875 2.25 0 232421810 0 232549017 0
1.6e-10 1.84375 2.40625 0 233117769 0 233108422 0
1.6e-10 1.73438 2.28125 0 215780209 1 215741906 0
1.6e-10 1.75 2.29688 0 209457042 0 209549381 0
1.6e-10 2.34375 2.90625 0 222129608 12 221930525 0
1.6e-10 2.10938 2.51562 0 256530380 0 256432323 0
1.6e-10 2.65625 3.04688 0 229219127 0 229203004 0
1.6e-10 1.76562 2.32812 0 203522725 0 203564694 1
1.6e-10 2.125 2.53125 0 248902014 0 248753450 0
1.6e-10 1.70312 2.26562 0 226552664 0 226326477 0
1.6e-10 2.0625 2.45312 0 210868285 0 210897450 0
1.6e-10 2.09375 2.5 0 264019722 0 263994479 0
1.6e-10 1.6875 2.25 0 234178568 0 234065070 0
1.6e-10 2.1875 2.75 0 221194079 0 221052116 0
1.6e-10 1.85938 2.40625 0 228818932 0 228924325 3
1.6e-10 2.28125 2.84375 0 249260067 0 249508684 0
1.6e-10 2.39062 2.9375 0 207454284 0 207843646 0
1.6e-10 2.125 2.51562 0 253434195 0 253338679 0
1.6e-10 2.6875 3.07812 0 213771066 0 213946982 0
1.6e-10 2.73438 3.28125 0 262384031 0 262655041 0
1.6e-10 2.64062 3.04688 0 229929482 0 230212059 0
1.6e-10 1.89062 2.4375 0 217583293 0 217714392 0
1.6e-10 1.79688 2.35938 0 254509061 0 254345158 0
1.6e-10 2.10938 2.5 0 259608673 0 259477793 0
1.6e-10 1.82812 2.39062 0 240704179 0 240807899 0
1.6e-10 2.20312 2.76562 0 216902266 0 217065533 0
1.6e-10 2.75 3.3125 0 254234455 0 254186258 0
1.6e-10 1.76562 2.32812 0 201784170 0 201878809 0
1.6e-10 1.84375 2.40625 0 232896887 0 232712914 0
1.6e-10 2.625 3.01562 0 241881431 0 241922737 0
1.6e-10 1.70312 2.26562 0 228097288 0 227985858 0
1.6e-10 1.82812 2.39062 0 240673313 0 240637380 0
1.6e-10 2.29688 2.85938 0 243736744 0 243614800 0
1.6e-10 2.34375 2.89062 0 227640094 1 227674031 0
1.6e-10 1.875 2.4375 0 220639510 0 220449958 0
1.6e-10 2.60938 3 0 248510054 0 248362507 0
1.6e-10 1.71875 2.28125 0 218900800 0 218987817 0
1.6e-10 2.625 3.03125 0 238077224 0 238570005 0
1.6e-10 1.84375 2.39062 0 237968088 0 238174165 0
1.6e-10 2.0625 2.46875 0 208437279 0 208456965 0
1.6e-10 2.26562 2.8125 0 261463874 0 261563282 0
1.6e-10 2.57812 2.96875 0 261553691 0 261508083 0
1.6e-10 1.875 2.4375 0 221942369 0 222028369 0
1.6e-10 1.71875 2.28125 0 221096831 0 221063354 0
1.6e-10 2.34375 2.90625 0 222308067 0 222314925 0
1.6e-10 2.09375 2.48438 0 199350888 1 199174430 0
1.6e-10 2.3125 2.85938 0 239400313 0 239404920 0
1.6e-10 1.75 2.3125 0 208880406 0 209012100 0
1.6e-10 2.75 3.29688 0 256147980 0 256248278 0
1.6e-10 1.76562 2.32812 0 203004485 0 203150918 0
1.6e-10 2.32812 2.89062 0 228743414 0 228881312 0
1.6e-10 2.09375 2.5 0 263832630 0 263777804 0
1.6e-10 2.20312 2.75 0 219146146 0 219145293 0
1.6e-10 2.625 3.01562 0 240836748 0 240723869 0
1.6e-10 2.59375 2.98438 0 255738273 2 255618989 0
1.6e-10 1.875 2.42188 0 223691857 0 223771620 0
1.6e-10 1.8125 2.35938 0 251702884 0 251614044 0
1.6e-10 2.57812 2.96875 0 263273200 0 262939609 0
1.6e-10 2.14062 2.54688 0 240968535 13 240957852 0
1.6e-10 2.71875 3.28125 0 201842817 0 201726638 0
1.6e-10 2.57812 2.98438 0 257550393 0 257612853 0
1.6e-10 1.8125 2.35938 0 250553942 0 250349935 0
1.6e-10 1.70312 2.26562 0 224704742 0 224719590 0
1.6e-10 2.375 2.9375 0 210525941 0 210642146 0
1.6e-10 1.75 2.29688 0 210794597 0 210905558 0
1.6e-10 2.375 2.9375 0 209673247 0 209390060 0
1.6e-10 2.32812 2.875 0 232709558 0 232682144 0
1.6e-10 2.09375 2.48438 0 200275991 0 200159926 1
1.6e-10 2.625 3.03125 0 237036404 0 237424861 0
1.6e-10 2.57812 2.96875 0 261008351 8 261050797 0
1.6e-10 2.23438 2.79688 0 204144900 0 204029325 0
1.6e-10 2.28125 2.82812 0 251988157 0 251972378 0
1.6e-10 1.70312 2.25 0 229426979 0 229469834 0
1.6e-10 2.10938 2.5 0 261362998 0 261381983 0
1.6e-10 2.25 2.8125 0 263545769 0 263596218 0
1.6e-10 1.85938 2.40625 0 230185860 6 230133157 0
1.6e-10 2.15625 2.5625 0 235840421 0 236013362 0
1.6e-10 1.76562 2.32812 0 203549871 0 203593967 0
1.6e-10 2.29688 2.85938 0 241300424 0 241416942 0
1.6e-10 2.21875 2.76562 0 212875829 0 213036135 0
1.6e-10 1.84375 2.39062 0 236350426 0 236314910 0
1.6e-10 2.40625 2.95312 0 202232345 0 202309212 0
1.6e-10 2.17188 2.73438 0 228730282 0 228616030 0
1.6e-10 1.82812 2.39062 0 239624279 0 239666350 0
1.6e-10 1.89062 2.4375 0 217611805 0 217396119 0
1.6e-10 1.71875 2.28125 0 220365996 0 220212421 0
1.6e-10 2.32812 2.875 0 232606584 0 232422444 0
1.6e-10 2.07812 2.46875 0 204439013 0 204664246 0
1.6e-10 1.70312 2.25 0 230862503 0 231039653 0
1.6e-10 2.10938 2.5 0 260638355 0 260976309 0
1.6e-10 1.71875 2.26562 0 222591074 0 222515307 0
1.6e-10 2.23438 2.79688 0 202867822 0 203222826 0
1.6e-10 2.10938 2.5 0 260454233 0 260584046 0
1.6e-10 2.6875 3.25 0 212929360 0 212967183 0
1.6e-10 1.71875 2.26562 0 224485400 0 224422825 0
1.6e-10 2.59375 2.98438 0 256297626 0 255961288 0
1.6e-10 1.71875 2.28125 0 219763136 0 219660660 0
1.6e-10 2.32812 2.89062 0 229471192 0 229473693 0
1.6e-10 2.28125 2.84375 0 249619370 0 249631067 0
1.6e-10 1.85938 2.42188 0 227669204 0 227519775 0
1.6e-10 1.78125 2.34375 0 260103190 0 260075935 0
1.6e-10 1.84375 2.39062 0 237956736 0 238077958 0
1.6e-10 2.29688 2.84375 0 247584625 0 247727495 0
1.6e-10 1.78125 2.32812 0 264819503 0 264665566 0
1.6e-10 2.35938 2.92188 0 217564083 0 217480174 0
1.6e-10 2.64062 3.04688 0 231485335 0 231485552 0
1.6e-10 2.14062 2.54688 0 242915432 0 242766066 0
1.6e-10 2.23438 2.78125 0 207350994 0 207034519 0
1.6e-10 2.32812 2.89062 0 230781968 0 230983303 0
1.6e-10 1.71875 2.28125 0 221509150 0 221308858 0
1.6e-10 2.1875 2.73438 0 224287857 0 224061685 0
1.6e-10 2.67188 3.07812 0 217621454 2 217542614 0
1.6e-10 2.39062 2.95312 0 203975198 0 204017369 0
1.6e-10 2.26562 2.8125 0 259534545 0 259427963 0
1.6e-10 1.89062 2.4375 0 217983065 0 217818275 0
1.6e-10 1.73438 2.29688 0 213135677 0 213003911 0
1.6e-10 1.70312 2.25 0 229213782 0 229238744 0
1.6e-10 1.875 2.42188 0 223625897 0 223538577 4
1.6e-10 2.1875 2.73438 0 226416186 0 226557448 0
1.6e-10 1.89062 2.4375 0 216682797 1 216692523 70
1.6e-10 1.70312 2.26562 0 226121033 0 226141922 0
1.6e-10 1.75 2.3125 0 206533185 0 206641834 0
1.6e-10 2.35938 2.90625 0 220630846 0 220729101 0
1.6e-10 1.71875 2.26562 0 223478469 0 223469898 0
1.6e-10 2.28125 2.84375 0 249049578 0 248850193 0
1.6e-10 1.71875 2.26562 0 223900136 0 223759821 0
1.6e-10 1.70312 2.26562 0 224719646 0 224801706 0
1.6e-10 2.3125 2.85938 0 239629787 0 239606220 0
1.6e-10 2.64062 3.03125 0 234381824 0 234433844 0
1.6e-10 1.85938 2.40625 0 229697455 0 229551544 0
1.6e-10 1.75 2.3125 0 209076369 0 208928896 0
1.6e-10 2.26562 2.8125 0 262540806 0 262529613 0
1.6e-10 2.09375 2.5 0 264471968 12 264438404 0
1.6e-10 1.875 2.4375 0 222491085 0 222358053 0
1.6e-10 2.65625 3.0625 0 224058216 0 223876063 0
1.6e-10 1.76562 2.3125 0 204022323 0 203939737 0
1.6e-10 2.26562 2.8125 0 259219048 0 259345678 0
1.6e-10 2.20312 2.75 0 220848481 0 220695951 0
1.6e-10 1.82812 2.39062 0 240277026 0 240397868 2
1.6e-10 1.75 2.3125 0 206453272 4 206631749 0
1.6e-10 1.89062 2.45312 0 215942565 0 216000455 0
1.6e-10 2.375 2.9375 0 211091327 0 211005287 0
1.6e-10 2.07812 2.48438 0 202097195 0 202221940 0
1.6e-10 1.73438 2.28125 0 215977079 0 216043145 0
1.6e-10 2.67188 3.07812 0 217438281 0 217267334 0
1.6e-10 1.75 2.3125 0 207305651 0 207446840 0
1.6e-10 2.60938 3 0 248888025 0 248751062 0
1.6e-10 2.375 2.9375 0 212274049 2 212166773 0
1.6e-10 2.09375 2.5 0 263906778 0 263891660 0
1.6e-10 2.0625 2.46875 0 209390170 0 209481043 0
1.6e-10 1.71875 2.26562 0 222075731 0 222060978 0
1.6e-10 1.89062 2.4375 0 217495361 0 217619694 0
1.6e-10 2.29688 2.84375 0 247040407 0 246847810 0
1.6e-10 2.3125 2.85938 0 239188559 0 239325492 0
1.6e-10 1.76562 2.32812 0 200780774 0 200809087 0
1.6e-10 1.73438 2.29688 0 213079949 0 213063349 0
1.6e-10 2.625 3.01562 0 242460243 0 242050414 0
1.6e-10 1.89062 2.45312 0 214591024 0 214698376 0
1.6e-10 1.70312 2.26562 0 226656523 0 226952972 0
1.6e-10 2.0625 2.46875 0 208300008 0 208357806 0
1.6e-10 2.35938 2.92188 0 216402439 0 216100943 1
1.6e-10 1.6875 2.25 0 233173666 0 233169139 0
1.6e-10 2.6875 3.25 0 212614268 0 212981658 0
1.6e-10 2.14062 2.53125 0 245521916 0 245520120 0
1.6e-10 2.07812 2.46875 0 204766277 0 204594231 0
1.6e-10 1.8125 2.35938 0 251733907 0 251968904 0
1.6e-10 2.29688 2.85938 0 244734838 0 244860517 0
1.6e-10 1.6875 2.25 0 231638351 0 231737637 0
1.6e-10 1.70312 2.26562 0 225155060 0 224909507 0
1.6e-10 1.71875 2.26562 0 223232825 0 223239403 0
1.6e-10 1.6875 2.25 0 233990022 0 234022008 0
1.6e-10 2.625 3.01562 0 242807251 0 242819178 0
1.6e-10 1.78125 2.32812 0 200255881 0 200326885 0
1.6e-10 2.0625 2.46875 0 209010638 0 208900521 0
1.6e-10 2.0625 2.45312 0 210425905 1 210571775 0
1.6e-10 1.82812 2.375 0 243175005 0 243025608 0
1.6e-10 2.75 3.3125 0 252400247 0 252131385 0
1.6e-10 1.89062 2.4375 0 216442365 0 216533446 0
1.6e-10 2.625 3.03125 0 237525105 0 237557324 0
1.6e-10 2.15625 2.5625 0 235366713 0 235326110 0
1.6e-10 1.79688 2.35938 0 254897241 3 254972338 0
1.6e-10 2.57812 2.96875 0 261052159 0 260983583 0
1.6e-10 2.39062 2.9375 0 208330611 0 208458937 0
1.6e-10 1.76562 2.32812 0 202787825 0 202653169 0
1.6e-10 1.76562 2.32812 0 203245282 0 203113165 0
1.6e-10 2.35938 2.90625 0 220330662 0 220379371 0
1.6e-10 2.25 2.8125 0 199872122 1 199734494 0
1.6e-10 1.82812 2.375 0 242560395 0 242669909 0
1.6e-10 2.625 3.03125 0 237691493 0 237476040 0
1.6e-10 2.17188 2.5625 0 231095691 0 231208656 0
1.6e-10 1.76562 2.32812 0 201843002 6 201950225 0
1.6e-10 2.07812 2.46875 0 205356624 0 205453949 0
1.6e-10 1.6875 2.25 0 234476036 0 234673527 0
1.6e-10 2.375 2.9375 0 211957010 0 211956574 0
1.6e-10 1.6875 2.23438 0 235145717 0 235242002 0
1.6e-10 1.84375 2.40625 0 234305771 0 234127140 0
1.6e-10 2.23438 2.79688 0 205123494 14 205115633 0
1.6e-10 1.70312 2.26562 0 225088775 0 225164311 0
1.6e-10 1.875 2.4375 0 220310384 0 220196103 0
1.6e-10 2.73438 3.28125 0 263665570 4 263575976 0
1.6e-10 2.0625 2.46875 0 209652876 0 209595090 0
1.6e-10 2.09375 2.48438 0 198771208 0 198692476 0
1.6e-10 1.71875 2.28125 0 219419806 0 219402326 0
1.6e-10 1.84375 2.39062 0 237579046 0 237576483 0
1.6e-10 2.32812 2.89062 0 229286513 0 229184865 0
1.6e-10 1.70312 2.26562 0 228054456 0 227833239 0
1.6e-10 2.59375 2.98438 0 255280245 9 255272387 0
1.6e-10 2.75 3.3125 0 250984061 0 251014932 0
1.6e-10 1.78125 2.32812 0 199988695 0 199878808 0
1.6e-10 2.375 2.92188 0 215311684 0 215243547 0
1.6e-10 2.39062 2.95312 0 204844482 0 204849819 0
1.6e-10 1.875 2.42188 0 224069669 0 224009531 0
1.6e-10 1.70312 2.25 0 230097341 0 230039892 0
1.6e-10 1.89062 2.4375 0 216632789 0 216416857 0
1.6e-10 2.23438 2.78125 0 207410531 0 207082346 0
1.6e-10 2.34375 2.89062 0 225882560 0 225686172 0
1.6e-10 2.25 2.8125 0 199799549 0 200059595 0
1.6e-10 2.1875 2.73438 0 224703586 0 224826606 0
1.6e-10 1.84375 2.40625 0 232424676 0 232515395 0
1.6e-10 2.21875 2.76562 0 214526613 0 214535408 0
1.6e-10 2.0625 2.45312 0 212346678 0 212495736 0
1.6e-10 2.1875 2.75 0 221278234 0 221251954 0
1.6e-10 1.73438 2.29688 0 214701686 0 214693747 0
1.6e-10 1.85938 2.40625 0 231443351 0 231409709 0
1.6e-10 1.75 2.29688 0 211280442 0 211368219 0
1.6e-10 2.26562 2.8125 0 261208268 0 261417736 0
1.6e-10 1.70312 2.26562 0 226527063 0 226493589 0
1.6e-10 2.29688 2.84375 0 245947102 0 246092017 0
1.6e-10 1.73438 2.29688 0 213264441 0 213210818 0
1.6e-10 2.64062 3.03125 0 232768985 0 233118477 0
1.6e-10 2.23438 2.79688 0 203094344 1 203037351 0
1.6e-10 2.25 2.79688 0 200922922 0 200817423 0
1.6e-10 2.32812 2.875 0 232774426 0 232750437 0
1.6e-10 1.76562 2.3125 0 204867275 1 204915774 0
1.6e-10 2.71875 3.28125 0 200163367 0 200231276 0
1.6e-10 1.84375 2.40625 0 232044124 0 232236298 0
1.6e-10 2.57812 2.96875 0 262830188 0 262845129 0
1.6e-10 1.8125 2.375 0 246721631 6 246504794 0
1.6e-10 2.71875 3.26562 0 204895617 0 204469052 0
1.6e-10 2.10938 2.5 0 259803755 0 259947789 0
1.6e-10 1.78125 2.32812 0 264332402 0 264563621 0
1.6e-10 1.89062 2.4375 0 216927428 4 216998048 0
1.6e-10 1.78125 2.32812 0 198980897 0 198920938 0
1.6e-10 1.76562 2.3125 0 205522164 0 205481483 0
1.6e-10 2.125 2.51562 0 250672437 0 250576589 0
1.6e-10 2.125 2.53125 0 249468799 0 249084248 1
1.6e-10 1.71875 2.26562 0 224391527 0 224502429 6
1.6e-10 2.40625 2.96875 0 200096239 0 200182518 0
1.6e-10 2.40625 2.96875 0 200028459 0 199881146 0
1.6e-10 2.1875 2.73438 0 226414397 0 226270620 0
1.6e-10 2.10938 2.5 0 261319698 0 261648587 0
1.6e-10 2.17188 2.5625 0 230234060 0 230370612 0
1.6e-10 2.25 2.79688 0 201743379 0 201756321 0
1.6e-10 2.23438 2.79688 0 202731284 2 202644046 0
1.6e-10 1.84375 2.39062 0 237209301 0 236915691 0
1.6e-10 1.84375 2.39062 0 238476652 0 238581455 0
1.6e-10 1.76562 2.32812 0 202688645 0 202762115 0
1.6e-10 2.23438 2.78125 0 206475570 0 206476112 0
1.6e-10 2.25 2.79688 0 202090286 0 201871802 0
1.6e-10 1.875 2.4375 0 222039439 0 222141384 0
1.6e-10 2.375 2.9375 0 210951876 0 211011333 0
1.6e-10 1.73438 2.28125 0 217784837 0 217801757 4
1.6e-10 1.75 2.29688 0 211751072 0 211670547 0
1.6e-10 1.79688 2.35938 0 255987920 0 255833317 0
1.6e-10 1.89062 2.4375 0 217116744 0 217146737 0
1.6e-10 2.40625 2.96875 0 200554582 0 200425021 0
1.6e-10 2.15625 2.54688 0 240469962 0 240254597 0
1.6e-10 1.75 2.29688 0 210357942 0 210366306 0
1.6e-10 1.73438 2.29688 0 212500183 0 212508660 0
1.6e-10 1.85938 2.40625 0 231212615 0 231344280 0
1.6e-10 2.25 2.8125 0 265089591 0 264717289 0
1.6e-10 1.73438 2.29688 0 214817742 0 214660586 0
1.6e-10 2.3125 2.85938 0 238177739 0 237919404 0
1.6e-10 2.3125 2.85938 0 239075908 0 239258654 0
1.6e-10 2.1875 2.75 0 221068416 0 221327091 0
1.6e-10 1.6875 2.23438 0 234858308 0 235004702 0
1.6e-10 1.79688 2.34375 0 256889516 0 256840450 1
1.6e-10 2.39062 2.95312 0 206175799 0 206030917 0
1.6e-10 1.75 2.29688 0 211455550 0 211475600 0
1.6e-10 1.70312 2.26562 0 225572038 0 225531068 0
1.6e-10 2.15625 2.5625 0 234652627 0 234584440 0
1.6e-10 2.125 2.51562 0 250710066 0 250768027 0
1.6e-10 1.84375 2.39062 0 236165709 0 236138348 0
1.6e-10 1.875 2.42188 0 223974765 0 224074283 0
1.6e-10 1.89062 2.4375 0 216587837 0 216519178 0
1.6e-10 2.34375 2.89062 0 226645489 0 226753524 0
1.6e-10 1.75 2.29688 0 211424077 0 211195129 0
1.6e-10 2.17188 2.5625 0 231458016 0 231556131 0
1.6e-10 1.8125 2.375 0 248761225 0 249089697 5
1.6e-10 2.34375 2.90625 0 223787114 0 223908670 0
1.6e-10 1.76562 2.32812 0 202074499 0 202009115 0
1.6e-10 2.32812 2.875 0 232692018 0 232827493 0
1.6e-10 2.0625 2.46875 0 208153113 0 208086544 0
1.6e-10 2.07812 2.48438 0 203025475 0 203069866 6
1.6e-10 1.875 2.4375 0 220758888 0 220681640 0
1.6e-10 1.82812 2.39062 0 241749450 0 241835257 0
1.6e-10 2.09375 2.5 0 262619797 0 262663843 0
1.6e-10 1.70312 2.25 0 230153247 0 230311910 0
1.6e-10 2.09375 2.48438 0 200438589 0 200541051 0
1.6e-10 1.84375 2.40625 0 232730374 11 232726626 0
1.6e-10 1.84375 2.40625 0 234621241 0 234442818 0
1.6e-10 1.85938 2.42188 0 228608876 0 228711848 0
1.6e-10 2.25 2.79688 0 201162729 0 201355901 0
1.6e-10 2.25 2.79688 0 201757373 0 201715152 0
1.6e-10 2.625 3.03125 0 238605232 0 238732920 0
1.6e-10 2.09375 2.5 0 263106077 0 263190489 0
1.6e-10 1.71875 2.28125 0 220387631 0 220418923 0
1.6e-10 2.15625 2.54688 0 236779236 0 236833151 0
1.6e-10 2.3125 2.875 0 236242923 0 236433202 0
1.6e-10 2.625 3.03125 0 237430101 0 237474437 0
1.6e-10 1.70312 2.26562 0 225884666 0 225857906 10
1.6e-10 1.76562 2.3125 0 205947237 0 206086805 0
1.6e-10 1.73438 2.28125 0 217167956 0 217170169 0
1.6e-10 1.89062 2.4375 0 218221343 0 218259708 0
1.6e-10 1.70312 2.26562 0 226995718 0 226952549 0
1.6e-10 1.78125 2.32812 0 199545347 0 199477404 12
1.6e-10 2.73438 3.28125 0 263549464 0 263428148 0
1.6e-10 1.73438 2.29688 0 212401597 0 212308253 0
