206767502 206702716 0 0 
221812938 221662833 0 0 
230858149 230683116 0 0 
260471275 260441819 0 0 
201221952 201022620 0 0 
249607677 249459961 0 0 
251941393 251864858 0 0 
221838550 221713512 0 0 
207318705 207553157 0 1 
234722423 234287689 0 0 
223607828 223612034 0 0 
241516613 241394908 0 0 
200947291 200879235 0 0 
206422754 206269714 0 2 
246877576 246833913 0 0 
206692814 206608192 0 1 
227616947 227538325 0 12 
209422044 209418399 0 0 
220528918 220453677 0 0 
206723809 206821458 0 0 
262767802 262848178 0 4 
204983643 205094798 0 0 
228370829 228544520 0 0 
256598378 256619677 0 0 
246232848 246456844 2 0 
210523314 210463175 0 0 
244117052 244189244 0 0 
234034726 234115550 0 0 
221076411 221233801 0 0 
225787139 225814866 0 0 
252649991 252768042 0 0 
214557937 214444898 0 0 
210105174 210091351 0 0 
199901929 199712141 0 0 
238192864 237992731 0 0 
216009098 215693556 0 0 
207538956 207515547 0 0 
202246630 202242314 0 0 
202735132 202632703 0 0 
212248371 212465022 0 0 
237131331 237190165 3 0 
236864926 236974171 0 16 
215229784 215170705 0 0 
211746919 211895117 0 0 
206399268 206372507 0 0 
204488883 204572980 0 0 
238731090 238940829 5 0 
212835737 212871035 0 0 
201989195 201771675 0 0 
260270176 260285782 0 0 
205127452 205415110 0 0 
251618256 251671227 0 0 
232745031 232712946 0 0 
226543340 226793943 0 0 
226124166 226533256 0 0 
230760003 230699985 0 0 
214741509 214583727 4 0 
259273286 259059570 0 0 
223673480 223888249 0 18 
233959905 234037026 0 0 
225561227 225850725 0 0 
229623832 229595779 0 0 
238013218 238055646 0 0 
252455222 252360763 0 0 
241286560 241206051 0 0 
208254328 208612625 0 0 
238292929 238226611 1 1 
242875590 242990402 0 0 
209969431 210112399 0 0 
233406737 233335386 0 0 
202965593 203265813 0 1 
223878300 223864887 0 0 
217403622 217494685 0 1 
209531130 209195694 0 0 
207102861 206990555 0 0 
245902469 245862960 0 0 
233327930 233623284 0 0 
214668686 214609274 0 0 
238289685 238526999 0 0 
230542334 230686625 0 0 
238094575 238073744 0 0 
209470686 209698646 0 0 
244856378 244811467 3 0 
212803959 212791406 0 0 
236756993 236891314 1 0 
251543746 251295068 0 0 
214870876 214867271 1 0 
262705362 262691728 0 0 
235158993 235111991 0 0 
239000571 239074426 0 0 
200447729 200347206 0 0 
237024773 237320387 0 0 
264354759 264467835 0 0 
238598794 238419962 2 0 
255298887 255103770 2 0 
206877697 206820453 4 0 
257057061 256916998 0 0 
236206441 236348040 0 0 
250210121 250398473 0 0 
254077482 254172289 0 0 
211978399 211964387 0 0 
219059637 219150150 0 0 
262463764 262611295 0 0 
230641255 230849979 0 0 
250498508 250506857 0 3 
219846639 219601638 0 0 
233408669 233476656 0 0 
225426346 225309061 0 1 
233457978 233737981 0 0 
248939776 248833606 1 5 
205826559 205921371 0 0 
223137819 223315936 0 1 
259043376 259126460 0 0 
247022239 246914417 0 0 
207947032 208026273 0 0 
255230166 255007339 0 0 
218428161 218477187 0 0 
202946276 202758526 0 0 
214335781 214338111 0 0 
223973475 223954606 0 2 
217755692 217653708 0 0 
249830742 249686341 0 0 
263241462 263312511 0 0 
199158022 199092213 0 0 
216310624 216242287 0 0 
229981719 229908429 0 9 
216760460 216853173 0 2 
251975888 251889897 0 0 
220458854 220628253 0 0 
221149618 221289966 0 0 
262428650 262576301 0 0 
200930335 200987548 0 0 
200340257 200443169 0 0 
200174606 199960754 0 0 
212485631 212377747 0 0 
252813978 252442469 0 0 
213299073 213197062 0 0 
205960220 206105905 0 0 
222251675 221964298 0 0 
229220508 229192377 0 0 
251242482 251450292 0 0 
251580456 251421934 0 0 
209278326 209255639 0 0 
209484568 209238429 0 0 
263244745 263013131 0 0 
248833736 248812527 0 0 
225229434 225080637 0 0 
253536360 253664790 0 0 
255168933 254716060 0 0 
202796185 203025865 0 0 
202718114 202746696 0 0 
257284950 256933874 0 0 
227662665 227637093 0 0 
210403672 210405992 0 0 
263460528 263701631 0 0 
258491718 258313054 0 0 
207276545 207441906 0 0 
220218504 220242363 0 0 
242348564 242391379 2 0 
229111614 228952429 3 0 
220241654 220128267 2 0 
199230832 199130370 0 0 
252836064 252834682 0 0 
201713486 201639155 0 0 
210531452 210628495 0 0 
210512215 210328126 0 0 
219722466 219630657 0 0 
237412388 237192464 0 0 
235140399 234955113 0 0 
212327578 212445608 0 0 
237834033 237676394 0 0 
201702853 201727308 0 0 
208872948 208801726 0 0 
227634505 227417185 0 0 
213788725 213805114 0 0 
251010369 251163634 0 0 
236615697 236303004 0 0 
235784416 235444146 0 0 
215628799 215728839 0 0 
258308257 258446986 0 0 
264529482 264867478 0 0 
200282417 200444762 1 0 
236825982 236946121 0 0 
200282424 200323725 0 0 
237183469 237156301 0 0 
222892307 222985497 0 0 
242444475 242456713 0 0 
200075018 200219898 0 0 
208392532 208752049 0 0 
216775438 216663901 0 0 
242458854 242515069 0 0 
210796627 210656296 0 0 
227101252 227313488 0 1 
251778234 252003332 0 0 
225526430 225390068 1 0 
261599886 261744502 1 0 
240327305 240205063 6 0 
240068003 239901834 0 0 
237310733 237286753 0 0 
240126733 240147522 0 0 
231040260 230960273 0 0 
203586015 203634926 0 0 
213508938 213738146 0 0 
250050199 249786413 0 3 
231703065 231720808 0 0 
240833190 240842726 0 0 
215386698 215239538 0 0 
202945826 202879978 0 0 
250842666 250776507 0 0 
263831988 263941754 0 0 
201801334 201852133 0 0 
239028958 238955960 0 0 
208902888 209118252 0 0 
212346814 212254278 0 0 
225565578 225486905 0 0 
228481210 228596081 0 0 
237928681 237915746 0 0 
215125582 215302839 0 0 
227140671 227154116 0 0 
210408191 210470329 0 0 
223886469 223861606 0 0 
239320792 239252698 0 0 
264039839 264187329 0 0 
215663495 215568823 0 0 
225106863 225089103 0 0 
219286710 219162595 0 0 
228562050 228666781 0 0 
211578600 211812558 0 0 
206595826 206525997 0 0 
229396302 229378069 0 12 
257515097 257649935 0 0 
215437392 215360970 10 1 
208911054 208868779 0 0 
217139600 217387095 0 0 
255759872 255539454 0 0 
208384565 208390132 0 0 
202977747 202986384 0 0 
239530582 239479340 0 0 
260621346 260623083 0 0 
199323687 199350861 0 0 
213498340 213918211 0 0 
247212752 247298719 0 0 
262823287 262560456 0 0 
228594767 228671811 0 0 
226381448 226226709 0 0 
224327264 224433432 0 0 
221701469 221728987 0 0 
202882899 202984492 3 0 
219363312 219262022 0 0 
258952054 258727490 0 0 
243821720 243728964 0 0 
235592834 235772142 0 0 
223963566 223874049 0 0 
219843227 219803130 0 0 
226856450 226711079 0 0 
212499267 212437863 2 0 
233579742 233591215 0 0 
204391583 204390530 0 0 
264041428 263989309 1 0 
206509098 206537969 0 0 
239238210 239253042 0 0 
260797236 260863005 0 0 
234176363 234031064 0 0 
205930564 205956331 0 0 
253474989 253428642 0 0 
228052681 228067190 0 3 
227971598 228147853 0 0 
207747777 207837114 0 0 
262552254 262299783 0 0 
198988773 199058024 0 0 
256629418 256813047 0 0 
209092187 209019460 0 0 
217821405 217607525 0 0 
223351450 223158497 0 3 
199681560 199808234 0 0 
209560544 209748161 0 0 
255111033 254854859 0 0 
244449827 244578532 0 0 
210557525 210636397 0 0 
233006671 232969649 0 0 
234104882 233614006 0 0 
250383358 250460163 0 0 
230945650 230720165 0 0 
222864991 222858833 0 2 
220790794 220838566 0 8 
227212282 227426229 0 0 
208603512 208497828 0 0 
200654909 200600665 0 0 
211280605 211433395 0 0 
243993553 243872663 55 0 
233836336 233922314 0 0 
238786748 239254355 0 0 
207975405 207997233 0 0 
229622732 229738094 1 0 
257774032 258114099 0 9 
206091489 206152838 0 1 
199374781 199353633 0 0 
229918625 229714026 0 0 
246363796 246440723 0 0 
249186694 249581201 0 0 
220855711 220779343 0 0 
264197435 263979528 0 0 
203779551 203907564 0 0 
210260953 210423679 0 0 
231302940 231178102 0 0 
231212193 231192288 0 0 
240620366 240703748 0 0 
227590529 227666389 0 0 
213107970 213064192 1 0 
252570703 252768425 0 0 
244136444 244279253 0 0 
203126090 203034845 0 0 
258048483 258007341 1 0 
253104523 253080678 0 0 
200418121 200321671 0 0 
214383469 214286809 0 0 
248938645 248399614 0 0 
199579695 199663361 0 0 
209672110 209830572 0 2 
203102204 203018043 0 10 
206850655 206783031 0 0 
220985134 220686308 0 0 
251593813 251629625 0 0 
226622088 226793578 0 0 
203451503 203370565 0 7 
232440758 232662250 0 0 
222728844 222880663 0 0 
200033581 199802845 12 0 
253694597 253798386 0 0 
200055652 200116254 0 2 
210660980 210836597 0 0 
239436895 239551502 0 0 
217101743 216985395 0 3 
245684816 245627217 0 0 
218433492 218230277 0 0 
256839802 256530330 0 0 
208449230 208513216 0 0 
199747461 199799981 0 0 
214417509 214438834 0 0 
218488671 218495527 0 0 
216208418 216187505 0 0 
206757719 206745708 0 0 
230925691 231086720 1 0 
218076214 218132861 0 0 
214645752 214992895 0 0 
255839407 256117192 0 0 
244178518 244279881 0 0 
211591210 211676300 0 0 
212681097 212881765 0 0 
206142124 206188893 0 0 
230190270 230173467 0 0 
204537985 204862090 0 0 
247930464 248130588 0 0 
244570922 244900813 2 0 
200533790 200371383 0 0 
246743045 246730400 0 0 
200196308 200219355 0 0 
212358706 212285694 0 2 
224263724 224194648 0 0 
260344961 260388348 0 0 
256137993 256059679 0 0 
254839592 254638141 0 1 
260168934 260490568 0 0 
227498345 227509265 0 0 
257106036 257024857 1 0 
252587206 253117146 0 0 
252982194 253177288 0 0 
224911591 225078140 0 0 
242918958 242806684 0 0 
249097829 248843828 0 0 
254208127 254487341 0 0 
204355795 204111361 0 0 
228007349 227896424 0 0 
231121891 230855002 0 0 
213181911 213087949 0 0 
240963030 240932720 0 0 
248020248 248027481 0 0 
232838462 232649802 0 0 
259344532 259520707 0 0 
246764698 246623455 0 0 
217103973 216816227 0 0 
249620474 249678392 0 4 
261410692 261613788 0 0 
202380259 202379911 0 0 
233591565 233618753 0 1 
236785762 236749890 0 0 
212749974 212825171 0 0 
255896614 255755578 0 0 
256236987 256266423 0 0 
230690992 231247871 0 0 
220108364 220080803 0 0 
251588993 251782265 0 0 
230269938 230457278 0 0 
257268685 257253254 0 0 
213930732 213922135 5 0 
231405725 231262463 6 0 
240308059 240332512 0 0 
209407081 209157502 4 0 
209574072 209557727 0 0 
256659647 256576081 0 0 
248001747 248137676 0 0 
206048100 206067540 0 0 
241508433 241744378 0 0 
235829274 235797135 0 0 
252509690 252422690 0 0 
236521923 236487340 0 0 
253378264 253224917 0 1 
204055219 203866888 0 0 
199652684 199666609 1 0 
252625163 252551476 0 0 
240555261 240639384 0 0 
199036902 199125127 0 0 
204130898 204048092 0 0 
242841426 242808252 0 0 
201005071 200909237 0 0 
219141781 218974899 0 0 
224970638 224913797 0 0 
206415915 206341435 0 0 
242733646 242998605 0 0 
199221334 199323800 0 0 
222074648 221854986 0 0 
250167107 249938051 0 0 
228932127 228842004 6 0 
221468475 221301402 0 0 
221407016 221529208 0 0 
243212934 243100694 0 0 
261888356 261824798 0 0 
201760084 201974113 0 0 
222872228 223131722 0 0 
237158035 237111756 0 0 
257077482 256938774 0 0 
226861837 227034910 0 0 
224476119 224444703 0 3 
210305121 210329079 0 0 
225622174 225537319 0 0 
230676409 230510079 0 0 
234745472 234605304 0 0 
257836365 257841341 0 0 
201490403 201518684 1 0 
200426820 200521018 0 0 
236609246 236360172 0 0 
253999064 253988072 0 0 
233362834 233512991 0 1 
253302607 253272101 0 0 
236616681 236666971 0 1 
230645564 230551630 0 0 
211196874 211383840 11 0 
200721325 200680189 0 0 
255135961 254694631 3 0 
218858075 218932806 0 0 
209561343 209765722 0 0 
256950207 257174752 0 0 
234426650 234255552 0 0 
228110073 228082248 1 0 
206750780 206680988 0 0 
249570826 249394411 1 0 
233710048 233546556 0 1 
260064889 260073342 0 0 
245438997 245313051 0 0 
200746576 200748095 0 0 
220729172 220856816 0 0 
213679492 213656361 0 0 
234388261 234412955 0 0 
203431736 203625585 0 0 
214753279 214691358 0 0 
256771205 257006860 0 0 
198923818 199048865 0 0 
245614078 245562455 0 0 
253444822 253731032 0 0 
232400099 232197866 0 0 
201929391 201853096 0 0 
208878822 208690964 0 0 
229767150 229723696 0 0 
200505651 200571031 0 0 
233205522 232915209 0 0 
212075289 212061546 0 0 
243560281 243578123 0 0 
215205354 215590829 0 0 
246073913 245863269 0 0 
220558561 220561986 0 0 
225327601 225579489 0 0 
231720545 231727249 0 0 
227258087 227137787 0 0 
206766478 206960536 0 0 
225091333 225101154 0 5 
208540695 208783347 0 0 
237011565 236763776 0 0 
211682284 211658906 0 0 
202118576 201961741 0 0 
208992833 208791976 0 0 
221244107 221322765 0 2 
242955838 242869267 0 0 
227590036 227400397 0 0 
243058472 243080157 9 0 
228877253 228706395 0 0 
229727169 229699800 0 0 
207587240 207437686 0 0 
236801369 236699415 0 0 
260728942 260827708 0 0 
199618390 199747366 0 0 
229212945 229245135 2 0 
207210722 207139792 0 0 
207348924 207399921 0 0 
245722668 245759417 0 0 
198933591 198857145 0 0 
208947527 209010369 0 5 
229541845 229531992 0 0 
251000044 251134169 0 3 
200321612 200384070 0 0 
233007281 232740724 0 0 
212649112 212845392 0 0 
234702632 234692902 0 0 
256752920 256650535 0 3 
231879687 232010138 0 0 
241820864 241861860 0 0 
224738340 224744905 0 0 
218737540 218973363 0 0 
218338364 218327330 0 0 
263722284 263683844 0 0 
264167141 264135896 0 0 
204785989 204916940 0 0 
205055124 205014277 1 0 
253840846 253935774 0 0 
251225727 251474474 0 0 
214086316 214204019 0 0 
264539804 264336963 0 0 
258580282 258414652 0 0 
247823371 247870658 0 0 
236184398 236503508 0 0 
253973991 253917198 0 0 
257471103 257220766 0 0 
239682963 239861638 13 0 
222480872 222587749 0 0 
214484282 214470880 0 0 
218733343 218975733 0 0 
262163302 262297088 2 0 
248339462 248420697 3 0 
252551424 252506502 0 0 
244103211 244217928 0 0 
240638567 240567506 0 0 
260736991 260602726 17 0 
230391825 230312042 0 0 
209698514 209454703 0 0 
204627154 204726150 0 0 
204983998 204866503 0 0 
215944680 215963916 0 0 
249147547 249122968 0 0 
203542234 203465164 0 0 
225997248 226025758 0 0 
247801557 247858506 0 0 
256786736 256699595 0 0 
260967630 261069505 0 0 
243831101 243731847 0 0 
200638111 200650772 0 0 
201482910 201389777 0 0 
214173859 214068412 0 0 
209027395 209008811 0 0 
202093008 202109994 0 0 
218904722 218912684 0 0 
210802392 210882747 0 0 
232067320 232127423 0 0 
225115790 224910479 0 0 
251737006 251666814 0 0 
225072376 224951168 0 0 
205336118 205349009 0 0 
260502063 260601950 0 0 
224866871 224767790 0 0 
250334089 250008673 0 0 
214798037 214805404 0 0 
208579010 208673924 0 0 
213974266 213785756 0 0 
231599083 231644098 0 1 
226429170 226539812 0 0 
226072964 226178067 0 0 
200128759 200035915 0 3 
241307374 241462542 0 0 
206335766 206214298 0 0 
219862253 219483418 0 0 
218059652 218127280 0 0 
247172802 247118076 0 0 
213237627 213284386 0 0 
221926845 221634659 0 0 
233784829 233831289 0 0 
226400781 226388129 2 0 
241281163 241090184 0 0 
221617921 221380534 0 0 
250719611 250703050 0 0 
263706505 263652693 0 0 
263490059 263107922 0 0 
200388770 200289718 0 0 
202021386 201965080 0 1 
204242578 204310648 0 0 
260311603 260472537 0 0 
207626945 207942870 0 0 
263558930 263868916 0 0 
208373772 208364919 0 0 
202339274 202426569 0 0 
224137635 224122150 0 0 
235301286 235292044 0 0 
254794761 254929708 0 0 
212170102 212012587 0 0 
212302553 212346485 0 0 
222670960 222973764 0 0 
228508663 228494411 0 0 
224771260 224651836 0 0 
223649236 223808153 0 0 
231514245 231394623 0 0 
239458543 239475344 1 0 
209657097 209508191 0 0 
257603857 257511981 0 0 
228660257 228698346 2 0 
229565481 229404147 0 0 
223901927 224056632 0 0 
207115939 207106510 0 0 
206187351 206481161 0 0 
223396209 223374175 0 0 
232693244 232648983 0 0 
212714690 212545488 0 0 
256759967 256714082 0 0 
248039291 248201328 1 0 
201782822 201630655 0 0 
239597614 239564986 0 0 
246649755 246758839 1 0 
201558890 201478964 0 0 
199292484 199085260 0 0 
221351462 221304454 0 0 
200521477 200589073 0 0 
210851167 210856129 0 0 
228399429 228404842 0 0 
258965469 259094437 0 1 
205408006 205404675 0 0 
236437362 236423427 0 0 
238741688 238575786 0 0 
264075404 264306180 0 0 
211990138 211909263 0 0 
205302837 205215356 0 0 
221265289 221253075 0 0 
210128389 210030791 0 0 
238331640 238281674 2 0 
234791689 234627202 0 13 
233604800 233972449 0 0 
222151417 222329204 0 0 
222980658 223013128 0 0 
206657208 206663422 0 0 
221476432 221446350 0 0 
205949381 205688920 0 0 
238896038 238689452 8 0 
251313548 251599922 0 0 
207073942 207052361 0 0 
200570662 200467296 0 0 
243839738 243745462 0 0 
202082375 202078584 0 11 
221160385 221421271 0 0 
215083598 215080972 0 0 
230076925 230139748 0 0 
231082133 230890634 0 0 
208367506 208380537 0 0 
222844988 222781970 0 0 
259724663 259155638 0 0 
208006950 207743131 0 0 
213648622 213440713 3 0 
201814542 201687786 0 2 
251772207 251514331 0 0 
226165084 226063315 0 2 
231650704 231506843 0 0 
207305534 207238006 1 0 
226931778 226965352 0 0 
246981319 246897630 0 0 
222491884 222119971 0 0 
202892850 202921408 0 0 
205113136 205278281 0 0 
262240237 262063765 0 0 
241990237 241966964 0 0 
264822044 264749271 1 0 
228645459 228820978 0 0 
215333109 215112083 0 0 
264370533 264399484 0 0 
248485282 248570866 0 0 
233530396 233419350 0 0 
212764911 212844471 0 5 
264536043 264631356 0 0 
261765238 261721347 0 0 
232421810 232549017 0 0 
233117769 233108422 0 0 
215780209 215741906 1 0 
209457042 209549381 0 0 
222129608 221930525 12 0 
256530380 256432323 0 0 
229219127 229203004 0 0 
203522725 203564694 0 1 
248902014 248753450 0 0 
226552664 226326477 0 0 
210868285 210897450 0 0 
264019722 263994479 0 0 
234178568 234065070 0 0 
221194079 221052116 0 0 
228818932 228924325 0 3 
249260067 249508684 0 0 
207454284 207843646 0 0 
253434195 253338679 0 0 
213771066 213946982 0 0 
262384031 262655041 0 0 
229929482 230212059 0 0 
217583293 217714392 0 0 
254509061 254345158 0 0 
259608673 259477793 0 0 
240704179 240807899 0 0 
216902266 217065533 0 0 
254234455 254186258 0 0 
201784170 201878809 0 0 
232896887 232712914 0 0 
241881431 241922737 0 0 
228097288 227985858 0 0 
240673313 240637380 0 0 
243736744 243614800 0 0 
227640094 227674031 1 0 
220639510 220449958 0 0 
248510054 248362507 0 0 
218900800 218987817 0 0 
238077224 238570005 0 0 
237968088 238174165 0 0 
208437279 208456965 0 0 
261463874 261563282 0 0 
261553691 261508083 0 0 
221942369 222028369 0 0 
221096831 221063354 0 0 
222308067 222314925 0 0 
199350888 199174430 1 0 
239400313 239404920 0 0 
208880406 209012100 0 0 
256147980 256248278 0 0 
203004485 203150918 0 0 
228743414 228881312 0 0 
263832630 263777804 0 0 
219146146 219145293 0 0 
240836748 240723869 0 0 
255738273 255618989 2 0 
223691857 223771620 0 0 
251702884 251614044 0 0 
263273200 262939609 0 0 
240968535 240957852 13 0 
201842817 201726638 0 0 
257550393 257612853 0 0 
250553942 250349935 0 0 
224704742 224719590 0 0 
210525941 210642146 0 0 
210794597 210905558 0 0 
209673247 209390060 0 0 
232709558 232682144 0 0 
200275991 200159926 0 1 
237036404 237424861 0 0 
261008351 261050797 8 0 
204144900 204029325 0 0 
251988157 251972378 0 0 
229426979 229469834 0 0 
261362998 261381983 0 0 
263545769 263596218 0 0 
230185860 230133157 6 0 
235840421 236013362 0 0 
203549871 203593967 0 0 
241300424 241416942 0 0 
212875829 213036135 0 0 
236350426 236314910 0 0 
202232345 202309212 0 0 
228730282 228616030 0 0 
239624279 239666350 0 0 
217611805 217396119 0 0 
220365996 220212421 0 0 
232606584 232422444 0 0 
204439013 204664246 0 0 
230862503 231039653 0 0 
260638355 260976309 0 0 
222591074 222515307 0 0 
202867822 203222826 0 0 
260454233 260584046 0 0 
212929360 212967183 0 0 
224485400 224422825 0 0 
256297626 255961288 0 0 
219763136 219660660 0 0 
229471192 229473693 0 0 
249619370 249631067 0 0 
227669204 227519775 0 0 
260103190 260075935 0 0 
237956736 238077958 0 0 
247584625 247727495 0 0 
264819503 264665566 0 0 
217564083 217480174 0 0 
231485335 231485552 0 0 
242915432 242766066 0 0 
207350994 207034519 0 0 
230781968 230983303 0 0 
221509150 221308858 0 0 
224287857 224061685 0 0 
217621454 217542614 2 0 
203975198 204017369 0 0 
259534545 259427963 0 0 
217983065 217818275 0 0 
213135677 213003911 0 0 
229213782 229238744 0 0 
223625897 223538577 0 4 
226416186 226557448 0 0 
216682797 216692523 1 70 
226121033 226141922 0 0 
206533185 206641834 0 0 
220630846 220729101 0 0 
223478469 223469898 0 0 
249049578 248850193 0 0 
223900136 223759821 0 0 
224719646 224801706 0 0 
239629787 239606220 0 0 
234381824 234433844 0 0 
229697455 229551544 0 0 
209076369 208928896 0 0 
262540806 262529613 0 0 
264471968 264438404 12 0 
222491085 222358053 0 0 
224058216 223876063 0 0 
204022323 203939737 0 0 
259219048 259345678 0 0 
220848481 220695951 0 0 
240277026 240397868 0 2 
206453272 206631749 4 0 
215942565 216000455 0 0 
211091327 211005287 0 0 
202097195 202221940 0 0 
215977079 216043145 0 0 
217438281 217267334 0 0 
207305651 207446840 0 0 
248888025 248751062 0 0 
212274049 212166773 2 0 
263906778 263891660 0 0 
209390170 209481043 0 0 
222075731 222060978 0 0 
217495361 217619694 0 0 
247040407 246847810 0 0 
239188559 239325492 0 0 
200780774 200809087 0 0 
213079949 213063349 0 0 
242460243 242050414 0 0 
214591024 214698376 0 0 
226656523 226952972 0 0 
208300008 208357806 0 0 
216402439 216100943 0 1 
233173666 233169139 0 0 
212614268 212981658 0 0 
245521916 245520120 0 0 
204766277 204594231 0 0 
251733907 251968904 0 0 
244734838 244860517 0 0 
231638351 231737637 0 0 
225155060 224909507 0 0 
223232825 223239403 0 0 
233990022 234022008 0 0 
242807251 242819178 0 0 
200255881 200326885 0 0 
209010638 208900521 0 0 
210425905 210571775 1 0 
243175005 243025608 0 0 
252400247 252131385 0 0 
216442365 216533446 0 0 
237525105 237557324 0 0 
235366713 235326110 0 0 
254897241 254972338 3 0 
261052159 260983583 0 0 
208330611 208458937 0 0 
202787825 202653169 0 0 
203245282 203113165 0 0 
220330662 220379371 0 0 
199872122 199734494 1 0 
242560395 242669909 0 0 
237691493 237476040 0 0 
231095691 231208656 0 0 
201843002 201950225 6 0 
205356624 205453949 0 0 
234476036 234673527 0 0 
211957010 211956574 0 0 
235145717 235242002 0 0 
234305771 234127140 0 0 
205123494 205115633 14 0 
225088775 225164311 0 0 
220310384 220196103 0 0 
263665570 263575976 4 0 
209652876 209595090 0 0 
198771208 198692476 0 0 
219419806 219402326 0 0 
237579046 237576483 0 0 
229286513 229184865 0 0 
228054456 227833239 0 0 
255280245 255272387 9 0 
250984061 251014932 0 0 
199988695 199878808 0 0 
215311684 215243547 0 0 
204844482 204849819 0 0 
224069669 224009531 0 0 
230097341 230039892 0 0 
216632789 216416857 0 0 
207410531 207082346 0 0 
225882560 225686172 0 0 
199799549 200059595 0 0 
224703586 224826606 0 0 
232424676 232515395 0 0 
214526613 214535408 0 0 
212346678 212495736 0 0 
221278234 221251954 0 0 
214701686 214693747 0 0 
231443351 231409709 0 0 
211280442 211368219 0 0 
261208268 261417736 0 0 
226527063 226493589 0 0 
245947102 246092017 0 0 
213264441 213210818 0 0 
232768985 233118477 0 0 
203094344 203037351 1 0 
200922922 200817423 0 0 
232774426 232750437 0 0 
204867275 204915774 1 0 
200163367 200231276 0 0 
232044124 232236298 0 0 
262830188 262845129 0 0 
246721631 246504794 6 0 
204895617 204469052 0 0 
259803755 259947789 0 0 
264332402 264563621 0 0 
216927428 216998048 4 0 
198980897 198920938 0 0 
205522164 205481483 0 0 
250672437 250576589 0 0 
249468799 249084248 0 1 
224391527 224502429 0 6 
200096239 200182518 0 0 
200028459 199881146 0 0 
226414397 226270620 0 0 
261319698 261648587 0 0 
230234060 230370612 0 0 
201743379 201756321 0 0 
202731284 202644046 2 0 
237209301 236915691 0 0 
238476652 238581455 0 0 
202688645 202762115 0 0 
206475570 206476112 0 0 
202090286 201871802 0 0 
222039439 222141384 0 0 
210951876 211011333 0 0 
217784837 217801757 0 4 
211751072 211670547 0 0 
255987920 255833317 0 0 
217116744 217146737 0 0 
200554582 200425021 0 0 
240469962 240254597 0 0 
210357942 210366306 0 0 
212500183 212508660 0 0 
231212615 231344280 0 0 
265089591 264717289 0 0 
214817742 214660586 0 0 
238177739 237919404 0 0 
239075908 239258654 0 0 
221068416 221327091 0 0 
234858308 235004702 0 0 
256889516 256840450 0 1 
206175799 206030917 0 0 
211455550 211475600 0 0 
225572038 225531068 0 0 
234652627 234584440 0 0 
250710066 250768027 0 0 
236165709 236138348 0 0 
223974765 224074283 0 0 
216587837 216519178 0 0 
226645489 226753524 0 0 
211424077 211195129 0 0 
231458016 231556131 0 0 
248761225 249089697 0 5 
223787114 223908670 0 0 
202074499 202009115 0 0 
232692018 232827493 0 0 
208153113 208086544 0 0 
203025475 203069866 0 6 
220758888 220681640 0 0 
241749450 241835257 0 0 
262619797 262663843 0 0 
230153247 230311910 0 0 
200438589 200541051 0 0 
232730374 232726626 11 0 
234621241 234442818 0 0 
228608876 228711848 0 0 
201162729 201355901 0 0 
201757373 201715152 0 0 
238605232 238732920 0 0 
263106077 263190489 0 0 
220387631 220418923 0 0 
236779236 236833151 0 0 
236242923 236433202 0 0 
237430101 237474437 0 0 
225884666 225857906 0 10 
205947237 206086805 0 0 
217167956 217170169 0 0 
218221343 218259708 0 0 
226995718 226952549 0 0 
199545347 199477404 0 12 
263549464 263428148 0 0 
212401597 212308253 0 0 
