6.2e-09 1.32812 1.84375 0 224905095 5 224861296 10
6.2e-09 1.20312 1.73438 0 210054950 22 210160556 12
6.2e-09 2.09375 2.46875 0 208687979 7 208611098 0
6.2e-09 1.82812 2.34375 0 200390613 0 200339627 27
6.2e-09 1.6875 2.21875 0 257435373 24 257591046 6
6.2e-09 1.64062 2 0 216447798 5 216561375 2
6.2e-09 1.60938 1.98438 0 225737943 27 225736459 1
6.2e-09 1.84375 2.35938 0 257956461 24 257662369 20
6.2e-09 1.17188 1.6875 0 223938811 4 223887861 22
6.2e-09 1.54688 1.92188 0 257531191 17 257629346 8
6.2e-09 1.76562 2.28125 0 224524051 5 224399589 6
6.2e-09 1.70312 2.23438 0 249394690 9 249225762 30
6.2e-09 1.14062 1.51562 0 240465018 1 240569896 4
6.2e-09 1.125 1.48438 0 250116886 4 250026651 22
6.2e-09 1.10938 1.48438 0 252789418 12 252833102 2
6.2e-09 1.59375 1.96875 0 234833796 3 234788003 5
6.2e-09 1.60938 1.96875 0 229393535 11 229446776 1
6.2e-09 1.34375 1.85938 0 216186225 5 216204786 2
6.2e-09 1.1875 1.70312 0 223010987 8 223042685 5
6.2e-09 1.625 2 0 221706309 19 221709354 23
6.2e-09 2.07812 2.4375 0 217855297 1 217673969 0
6.2e-09 1.29688 1.8125 0 239976967 7 239910728 12
6.2e-09 1.78125 2.29688 0 219191828 83 219499458 3
6.2e-09 1.15625 1.51562 0 235005577 8 234965761 8
6.2e-09 1.84375 2.35938 0 260069270 0 260274410 6
6.2e-09 1.59375 1.96875 0 235333998 9 235556521 105
6.2e-09 1.29688 1.8125 0 239838799 3 239652359 8
6.2e-09 1.20312 1.71875 0 211676573 19 211586692 4
6.2e-09 1.875 2.39062 0 240875327 95 240714127 18
6.2e-09 1.26562 1.78125 0 249554811 14 249528616 32
6.2e-09 1.15625 1.53125 0 233858594 16 233861157 3
6.2e-09 1.29688 1.8125 0 239486291 25 239699852 1
6.2e-09 1.23438 1.75 0 202252862 7 202236116 6
6.2e-09 1.65625 2.03125 0 206571134 35 206517140 13
6.2e-09 1.5625 1.92188 0 252066882 12 252250328 12
6.2e-09 1.78125 2.29688 0 217352607 46 217335532 15
6.2e-09 1.57812 1.9375 0 243755869 5 244092774 5
6.2e-09 1.26562 1.78125 0 248482498 0 248428252 8
6.2e-09 1.79688 2.3125 0 213029180 9 213042282 3
6.2e-09 1.5625 1.9375 0 249244127 15 249068317 9
6.2e-09 1.59375 1.96875 0 234066266 54 233844003 0
6.2e-09 1.28125 1.79688 0 243870864 26 244006192 13
6.2e-09 1.15625 1.51562 0 236956453 28 237020456 1
6.2e-09 1.67188 2.03125 0 202883715 24 202884738 3
6.2e-09 1.8125 2.32812 0 202521760 0 202381581 9
6.2e-09 1.14062 1.5 0 242947654 19 243016432 28
6.2e-09 1.34375 1.85938 0 214432487 10 214408348 9
6.2e-09 1.5625 1.92188 0 251434416 14 251520650 2
6.2e-09 1.35938 1.875 0 207536371 9 207515356 13
6.2e-09 1.17188 1.6875 0 226229385 12 226205019 10
6.2e-09 1.21875 1.75 0 203858192 4 203839695 0
6.2e-09 1.5625 1.92188 0 253045266 47 253218834 9
6.2e-09 1.10938 1.48438 0 252301802 37 252185528 25
6.2e-09 1.14062 1.5 0 243919665 16 243855580 5
6.2e-09 1.21875 1.73438 0 206529219 10 206498538 18
6.2e-09 1.79688 2.3125 0 213367649 5 213454867 18
6.2e-09 1.375 1.89062 0 203470235 3 203570223 6
6.2e-09 1.26562 1.79688 0 247854527 14 247725438 4
6.2e-09 1.28125 1.79688 0 244639262 31 244774495 0
6.2e-09 1.64062 2.01562 0 212124909 6 211881971 7
6.2e-09 1.15625 1.51562 0 235837130 5 235724412 8
6.2e-09 1.78125 2.29688 0 219601109 33 219711518 11
6.2e-09 1.17188 1.6875 0 225466043 8 225390074 23
6.2e-09 1.8125 2.34375 0 201715654 4 201632761 12
6.2e-09 1.21875 1.73438 0 205946338 7 206017591 5
6.2e-09 1.25 1.76562 0 261579920 25 261734153 31
6.2e-09 1.23438 1.75 0 202731714 5 202759945 20
6.2e-09 1.75 2.26562 0 233391045 44 233509483 3
6.2e-09 1.39062 1.90625 0 264953302 4 264915591 7
6.2e-09 1.3125 1.84375 0 226364769 17 226265102 7
6.2e-09 1.35938 1.875 0 211817152 17 211962107 22
6.2e-09 1.26562 1.78125 0 251383825 33 251372035 9
6.2e-09 1.35938 1.875 0 211541209 11 211690325 16
6.2e-09 1.35938 1.875 0 207555010 25 207516608 6
6.2e-09 1.21875 1.73438 0 204569971 10 204463723 27
6.2e-09 1.75 2.26562 0 234340045 4 234334922 4
6.2e-09 1.76562 2.28125 0 223128150 1 222978471 1
6.2e-09 1.375 1.89062 0 203471238 10 203432611 19
6.2e-09 1.20312 1.71875 0 210654831 6 210671390 14
6.2e-09 1.17188 1.6875 0 225815982 9 225712462 29
6.2e-09 1.73438 2.25 0 241525111 13 241650116 9
6.2e-09 1.14062 1.51562 0 240542315 1 240360744 34
6.2e-09 1.20312 1.71875 0 214408497 12 214446499 1
6.2e-09 1.35938 1.875 0 207231325 4 207057699 6
6.2e-09 1.17188 1.70312 0 223308616 14 223398244 12
6.2e-09 1.60938 1.98438 0 225526934 13 225429715 20
6.2e-09 2.0625 2.42188 0 224519060 5 224438958 8
6.2e-09 1.29688 1.8125 0 233646647 1 233616350 5
6.2e-09 1.625 2 0 219593652 1 219560273 27
6.2e-09 1.57812 1.9375 0 245959928 7 245924890 10
6.2e-09 1.28125 1.79688 0 241902849 14 241955958 8
6.2e-09 1.28125 1.79688 0 243858398 11 243926752 6
6.2e-09 1.14062 1.51562 0 239492389 20 239254170 15
6.2e-09 1.875 2.39062 0 243362477 32 243384473 9
6.2e-09 1.1875 1.70312 0 222221049 33 222231853 37
6.2e-09 1.15625 1.51562 0 235439369 2 235431678 22
6.2e-09 2.0625 2.42188 0 223807896 7 223941473 13
6.2e-09 1.20312 1.71875 0 213375195 37 213317666 11
6.2e-09 1.28125 1.79688 0 242964645 10 243025475 8
6.2e-09 1.64062 2.01562 0 215508897 4 215579260 29
6.2e-09 1.10938 1.48438 0 254945328 21 254784860 23
6.2e-09 1.14062 1.51562 0 239635988 36 239669786 15
6.2e-09 1.64062 2 0 216165083 4 216078898 12
6.2e-09 1.10938 1.48438 0 253508622 6 253506543 29
6.2e-09 1.34375 1.85938 0 213740521 11 213706919 19
6.2e-09 1.21875 1.73438 0 206890789 44 207048231 6
6.2e-09 1.75 2.26562 0 232561601 14 232684316 4
6.2e-09 1.15625 1.53125 0 234404866 0 234527187 8
6.2e-09 1.59375 1.96875 0 232801853 52 232968695 14
6.2e-09 1.1875 1.70312 0 220477775 17 220616343 1
6.2e-09 1.15625 1.51562 0 235045788 5 235002435 9
6.2e-09 1.6875 2.20312 0 260392112 38 260155710 43
6.2e-09 1.64062 2.01562 0 212210404 9 212388409 4
6.2e-09 1.17188 1.6875 0 224210911 15 224181183 5
6.2e-09 1.10938 1.48438 0 253362525 10 253501566 12
6.2e-09 1.54688 1.90625 0 259529172 19 259405284 21
6.2e-09 2.0625 2.4375 0 223936363 36 223509940 11
6.2e-09 1.125 1.5 0 244701267 31 244639966 1
6.2e-09 1.3125 1.82812 0 228143767 2 228213942 7
6.2e-09 1.90625 2.42188 0 228721833 14 228657555 11
6.2e-09 1.375 1.89062 0 205700677 0 205762602 11
6.2e-09 1.17188 1.6875 0 225616232 33 225680442 10
6.2e-09 1.125 1.5 0 248238028 7 248061393 61
6.2e-09 1.15625 1.53125 0 233687863 15 233901799 13
6.2e-09 1.17188 1.70312 0 223126530 1 223235337 5
6.2e-09 1.17188 1.6875 0 223807978 4 223759567 2
6.2e-09 1.125 1.48438 0 249682547 23 249535471 40
6.2e-09 2.0625 2.42188 0 224303735 33 224317445 28
6.2e-09 1.3125 1.82812 0 231732129 2 231680810 20
6.2e-09 2.09375 2.45312 0 210783562 23 210769528 18
6.2e-09 1.5625 1.9375 0 250227955 4 250135993 13
6.2e-09 1.20312 1.71875 0 215146597 1 214959516 7
6.2e-09 1.34375 1.85938 0 216971653 7 217031347 6
6.2e-09 1.21875 1.73438 0 208674602 25 208813884 22
6.2e-09 1.67188 2.03125 0 203159341 22 203258539 1
6.2e-09 2.0625 2.4375 0 219324159 4 219320949 4
6.2e-09 1.1875 1.70312 0 221539312 13 221501563 14
6.2e-09 1.3125 1.82812 0 227054074 33 227099040 5
6.2e-09 1.3125 1.84375 0 226073186 4 226202763 5
6.2e-09 1.65625 2.03125 0 205213884 5 205242291 36
6.2e-09 2.0625 2.4375 0 221462284 0 221343019 5
6.2e-09 1.71875 2.23438 0 245482979 1 245624359 4
6.2e-09 1.15625 1.53125 0 232659881 11 232574400 35
6.2e-09 1.375 1.89062 0 202194510 9 202254836 2
6.2e-09 1.17188 1.53125 0 228274546 20 228324005 15
6.2e-09 1.75 2.26562 0 230080655 20 230194142 53
6.2e-09 1.25 1.76562 0 258889171 10 258979391 3
6.2e-09 1.21875 1.73438 0 209380355 27 209324824 0
6.2e-09 1.10938 1.48438 0 254026225 2 254113640 4
6.2e-09 1.125 1.5 0 248738499 6 248746280 0
6.2e-09 1.625 2 0 220107485 9 220208410 12
6.2e-09 1.84375 2.35938 0 257571186 16 257394828 10
6.2e-09 1.23438 1.75 0 264185588 23 264000672 9
6.2e-09 2.0625 2.42188 0 224791398 6 224708449 8
6.2e-09 1.10938 1.48438 0 253528308 1 253377454 63
6.2e-09 1.375 1.89062 0 202621731 15 202604857 2
6.2e-09 2.0625 2.4375 0 223425349 6 223527537 15
6.2e-09 1.125 1.5 0 246406349 29 246326019 21
6.2e-09 1.28125 1.79688 0 246404163 41 246374264 3
6.2e-09 1.89062 2.40625 0 237158277 11 237099550 13
6.2e-09 1.15625 1.53125 0 231921023 7 232028114 4
6.2e-09 1.65625 2.03125 0 207135068 5 207244764 5
6.2e-09 1.90625 2.42188 0 226260256 6 226164754 17
6.2e-09 1.71875 2.23438 0 243193255 21 243276875 43
6.2e-09 1.125 1.5 0 245980073 4 245829727 24
6.2e-09 1.54688 1.92188 0 254071312 37 254020827 25
6.2e-09 1.14062 1.51562 0 238473626 17 238476152 30
6.2e-09 1.32812 1.84375 0 225218866 16 225230852 7
6.2e-09 1.34375 1.85938 0 214603306 13 214661322 5
6.2e-09 1.82812 2.34375 0 266569109 4 266574167 3
6.2e-09 1.375 1.89062 0 202628005 4 202820069 3
6.2e-09 1.14062 1.51562 0 240136237 11 239958208 1
6.2e-09 1.29688 1.8125 0 235367266 2 235260073 6
6.2e-09 1.10938 1.48438 0 256176742 4 256256143 4
6.2e-09 1.20312 1.71875 0 214460396 17 214477575 5
6.2e-09 1.78125 2.29688 0 220298506 19 220184680 1
6.2e-09 2.07812 2.45312 0 212805072 16 212790415 6
6.2e-09 1.29688 1.8125 0 237533991 11 237510952 4
6.2e-09 1.57812 1.95312 0 241806556 36 241543373 17
6.2e-09 1.8125 2.32812 0 206393087 9 206535817 11
6.2e-09 1.82812 2.34375 0 200816365 7 200869339 4
6.2e-09 1.23438 1.76562 0 263467382 8 263606895 1
6.2e-09 1.6875 2.20312 0 261881147 12 261883083 6
6.2e-09 1.14062 1.5 0 242729590 4 242835534 7
6.2e-09 1.14062 1.5 0 242793009 40 242813707 44
6.2e-09 1.57812 1.95312 0 243560133 9 243506495 12
6.2e-09 1.34375 1.85938 0 217322182 10 217392684 28
6.2e-09 1.39062 1.90625 0 263961413 24 263673486 4
6.2e-09 1.3125 1.84375 0 226320817 48 226362899 18
6.2e-09 1.26562 1.78125 0 250148468 3 250357811 10
6.2e-09 1.65625 2.03125 0 205433535 5 205174308 8
6.2e-09 1.60938 1.98438 0 226688511 8 226681537 12
6.2e-09 1.20312 1.71875 0 213098290 15 213051526 4
6.2e-09 2.0625 2.42188 0 224522204 4 224489961 17
6.2e-09 1.90625 2.42188 0 229669112 42 229704344 13
6.2e-09 1.85938 2.375 0 246376945 2 246396058 10
6.2e-09 1.60938 1.96875 0 230115529 4 230052750 19
6.2e-09 1.17188 1.70312 0 223230016 3 223226383 28
6.2e-09 1.1875 1.70312 0 222283963 3 222245407 24
6.2e-09 1.375 1.89062 0 200747975 3 200660726 10
6.2e-09 2.0625 2.4375 0 221673882 3 221627603 17
6.2e-09 1.28125 1.79688 0 246317860 14 246367594 8
6.2e-09 1.17188 1.6875 0 225392582 17 225580593 33
6.2e-09 1.20312 1.71875 0 211531092 3 211414921 10
6.2e-09 1.1875 1.70312 0 220670497 7 220597394 0
6.2e-09 1.875 2.39062 0 244622647 43 244495614 11
6.2e-09 1.5625 1.92188 0 252570531 2 252518511 9
6.2e-09 1.34375 1.85938 0 213616544 9 213662958 1
6.2e-09 1.20312 1.71875 0 215575119 20 215624473 1
6.2e-09 1.15625 1.53125 0 234200442 5 234275102 18
6.2e-09 1.78125 2.29688 0 216353291 16 216337637 17
6.2e-09 1.79688 2.3125 0 209532073 9 209432725 53
6.2e-09 1.1875 1.70312 0 222460993 2 222424071 1
6.2e-09 1.70312 2.21875 0 252467358 21 252534227 19
6.2e-09 1.25 1.76562 0 262455331 8 262511893 19
6.2e-09 1.14062 1.51562 0 238748306 6 238561475 18
6.2e-09 1.10938 1.48438 0 253239268 1 253218948 11
6.2e-09 1.10938 1.48438 0 253875431 9 253896927 15
6.2e-09 1.1875 1.70312 0 220710353 23 220558121 6
6.2e-09 1.26562 1.78125 0 251502701 14 251503170 6
6.2e-09 1.26562 1.78125 0 250578695 19 250459055 11
6.2e-09 1.15625 1.53125 0 231152150 5 231191572 1
6.2e-09 1.60938 1.98438 0 225425242 7 225631732 10
6.2e-09 2.09375 2.46875 0 206717759 0 206349866 15
6.2e-09 1.25 1.76562 0 257837237 13 257837189 30
6.2e-09 1.26562 1.78125 0 251551656 26 251452119 31
6.2e-09 1.67188 2.04688 0 200414972 3 200426540 8
6.2e-09 1.21875 1.73438 0 205036161 20 205047651 13
6.2e-09 1.1875 1.70312 0 218410087 11 218531976 1
6.2e-09 1.29688 1.8125 0 236483460 8 236582130 14
6.2e-09 1.14062 1.51562 0 240922779 8 240808788 25
6.2e-09 1.75 2.26562 0 229964400 22 230204476 2
6.2e-09 1.76562 2.28125 0 225626329 15 225590283 32
6.2e-09 1.17188 1.6875 0 224638132 6 224673528 1
6.2e-09 1.125 1.5 0 247589235 12 247476143 30
6.2e-09 1.76562 2.28125 0 222114555 2 222101987 2
6.2e-09 1.23438 1.75 0 265441094 17 265433551 1
6.2e-09 1.20312 1.71875 0 212761254 2 212787272 66
6.2e-09 1.60938 1.98438 0 225525387 14 225643402 5
6.2e-09 1.625 2 0 220974663 9 220604760 3
6.2e-09 1.57812 1.95312 0 242620885 13 242694122 15
6.2e-09 1.25 1.76562 0 260231288 3 260051952 10
6.2e-09 1.78125 2.29688 0 217255231 1 217310499 33
6.2e-09 1.25 1.76562 0 257183771 19 257174496 45
6.2e-09 1.15625 1.53125 0 230946765 3 230979962 8
6.2e-09 1.375 1.89062 0 205972185 6 205772761 5
6.2e-09 2.09375 2.46875 0 209985956 20 209936383 48
6.2e-09 1.54688 1.92188 0 254876084 15 254836471 32
6.2e-09 1.84375 2.35938 0 257566792 13 257606575 14
6.2e-09 1.875 2.40625 0 237387114 16 237524273 0
6.2e-09 1.1875 1.70312 0 217473765 2 217654822 6
6.2e-09 1.3125 1.82812 0 227442542 10 227337925 44
6.2e-09 1.17188 1.53125 0 227723219 40 227599027 8
6.2e-09 1.23438 1.75 0 203282184 18 203276496 3
6.2e-09 1.1875 1.70312 0 222184789 3 222204840 22
6.2e-09 1.29688 1.8125 0 239248688 3 239233706 2
6.2e-09 1.70312 2.21875 0 253639772 28 253815577 1
6.2e-09 2.10938 2.46875 0 204528674 14 204661114 20
6.2e-09 1.84375 2.35938 0 256314337 19 256313909 15
6.2e-09 1.89062 2.40625 0 232530574 5 232667883 14
6.2e-09 1.875 2.39062 0 239623798 7 239928152 9
6.2e-09 1.17188 1.53125 0 228468208 28 228276162 10
6.2e-09 1.75 2.26562 0 231247261 20 231183995 18
6.2e-09 1.25 1.78125 0 255322250 4 255289695 28
6.2e-09 1.125 1.48438 0 250064484 19 249849157 8
6.2e-09 1.79688 2.3125 0 209769253 21 210014025 17
6.2e-09 1.6875 2.20312 0 260023278 2 259936517 19
6.2e-09 1.14062 1.5 0 242998323 11 242768704 1
6.2e-09 1.26562 1.78125 0 248580344 31 248772959 17
6.2e-09 1.125 1.5 0 249284995 0 249409146 0
6.2e-09 1.78125 2.29688 0 215701530 6 215615439 2
6.2e-09 1.39062 1.90625 0 265172874 17 265201816 5
6.2e-09 1.17188 1.6875 0 224383962 0 224311986 5
6.2e-09 1.23438 1.75 0 200435733 3 200277092 5
6.2e-09 1.59375 1.96875 0 235866039 0 235878286 6
6.2e-09 1.28125 1.79688 0 247114458 0 247162670 2
6.2e-09 1.26562 1.78125 0 248146427 7 248274004 16
6.2e-09 1.67188 2.04688 0 202159366 11 202028349 15
6.2e-09 1.15625 1.53125 0 232411556 1 232412692 3
6.2e-09 1.54688 1.92188 0 255500901 2 255452750 25
6.2e-09 1.8125 2.32812 0 202764345 3 202760996 4
6.2e-09 1.59375 1.96875 0 235672634 3 235523760 0
6.2e-09 1.5625 1.92188 0 253740410 7 253738489 6
6.2e-09 1.34375 1.875 0 212462869 6 212362752 26
6.2e-09 1.78125 2.29688 0 217796491 12 217728881 8
6.2e-09 1.3125 1.82812 0 229634187 10 229560382 30
6.2e-09 1.15625 1.53125 0 234551215 5 234544230 2
6.2e-09 1.85938 2.375 0 249593373 21 249744406 5
6.2e-09 1.73438 2.25 0 235310614 5 235307618 4
6.2e-09 1.28125 1.79688 0 245860507 31 245956464 3
6.2e-09 1.23438 1.76562 0 263561606 21 263721187 37
6.2e-09 1.28125 1.79688 0 241608914 21 241556704 5
6.2e-09 1.23438 1.75 0 264599518 3 264447070 20
6.2e-09 1.73438 2.25 0 238220218 32 238251103 6
6.2e-09 1.375 1.89062 0 205400636 9 205301097 4
6.2e-09 1.34375 1.85938 0 218155571 6 218061273 7
6.2e-09 1.75 2.26562 0 229192204 0 229148764 2
6.2e-09 1.57812 1.9375 0 245549264 6 245494561 11
6.2e-09 1.15625 1.53125 0 231059751 23 230879663 0
6.2e-09 1.375 1.89062 0 205657807 3 205489509 0
6.2e-09 1.3125 1.82812 0 228096783 6 228144017 13
6.2e-09 1.3125 1.82812 0 228414068 16 228305680 3
6.2e-09 1.625 1.98438 0 223625836 5 223770903 1
6.2e-09 1.1875 1.70312 0 220957829 23 221151013 2
6.2e-09 1.17188 1.53125 0 227679283 11 227712638 0
6.2e-09 1.70312 2.23438 0 249788078 2 249696425 5
6.2e-09 1.20312 1.71875 0 213523273 13 213425724 2
6.2e-09 1.28125 1.79688 0 246265141 1 246232891 4
6.2e-09 1.14062 1.51562 0 237615741 26 237660717 1
6.2e-09 1.28125 1.79688 0 245811697 12 245976758 28
6.2e-09 1.26562 1.78125 0 249357108 0 249343003 33
6.2e-09 1.85938 2.39062 0 244920398 12 244929698 13
6.2e-09 1.15625 1.53125 0 233794039 6 233914069 15
6.2e-09 1.21875 1.73438 0 209251494 14 209259514 7
6.2e-09 1.21875 1.73438 0 207217362 11 207192604 9
6.2e-09 1.76562 2.28125 0 226444329 28 226544563 8
6.2e-09 1.65625 2.03125 0 207098574 8 206983142 29
6.2e-09 1.23438 1.75 0 265500017 5 265295404 8
6.2e-09 1.35938 1.875 0 207170789 3 207124262 18
6.2e-09 1.14062 1.5 0 243961154 29 244088204 0
6.2e-09 1.625 2 0 220187095 13 220276427 1
6.2e-09 1.125 1.48438 0 249583680 2 249679238 10
6.2e-09 1.3125 1.82812 0 228795748 0 228504642 19
6.2e-09 1.82812 2.34375 0 262837359 20 262774575 9
6.2e-09 1.3125 1.82812 0 228200522 11 228183771 2
6.2e-09 1.28125 1.79688 0 244806082 6 244714545 8
6.2e-09 1.625 2 0 220308064 24 220556310 12
6.2e-09 1.32812 1.84375 0 225530152 38 225445255 6
6.2e-09 1.23438 1.75 0 264589964 4 264603191 25
6.2e-09 1.20312 1.71875 0 213550730 0 213182544 20
6.2e-09 1.23438 1.75 0 202474432 6 202400731 63
6.2e-09 1.875 2.39062 0 241267398 1 241181299 5
6.2e-09 1.20312 1.71875 0 210613923 1 210590652 12
6.2e-09 1.60938 1.98438 0 225974502 5 225915832 4
6.2e-09 1.1875 1.70312 0 220343057 14 220492398 23
6.2e-09 1.59375 1.96875 0 234356646 16 234364555 0
6.2e-09 1.73438 2.25 0 239984492 14 240067223 7
6.2e-09 1.14062 1.51562 0 239352777 34 239272842 9
6.2e-09 1.23438 1.75 0 264058247 11 264198749 12
6.2e-09 1.25 1.76562 0 262750706 32 262871219 5
6.2e-09 1.82812 2.35938 0 260403428 9 260601166 28
6.2e-09 1.6875 2.20312 0 258712240 5 258601875 9
6.2e-09 1.375 1.89062 0 200866176 4 200735937 1
6.2e-09 1.125 1.5 0 246223642 11 246225462 7
6.2e-09 1.57812 1.9375 0 244702627 3 244688605 14
6.2e-09 1.75 2.26562 0 228415781 4 228520910 4
6.2e-09 1.64062 2 0 216961775 11 217002134 6
6.2e-09 1.75 2.26562 0 229414052 4 229381633 8
6.2e-09 1.3125 1.82812 0 231205830 49 231235208 5
6.2e-09 1.125 1.48438 0 250003919 7 250038516 36
6.2e-09 1.23438 1.76562 0 263424200 4 263236230 20
6.2e-09 1.5625 1.92188 0 253015337 18 252969837 16
6.2e-09 1.70312 2.21875 0 256151409 5 256038014 2
6.2e-09 1.1875 1.70312 0 218418266 2 218434519 10
6.2e-09 1.89062 2.40625 0 235700687 26 235904613 6
6.2e-09 1.70312 2.21875 0 250631859 10 250521441 4
6.2e-09 2.0625 2.42188 0 224600315 16 224397497 13
6.2e-09 1.23438 1.75 0 266362608 11 266327812 10
6.2e-09 1.90625 2.42188 0 228720492 14 228723017 1
6.2e-09 1.20312 1.73438 0 210093875 6 210254863 17
6.2e-09 1.73438 2.25 0 241041806 10 241009442 10
6.2e-09 1.17188 1.53125 0 229154938 15 229090655 2
6.2e-09 2.09375 2.46875 0 206596222 38 206557070 8
6.2e-09 1.375 1.89062 0 205556717 5 205633448 25
6.2e-09 1.1875 1.70312 0 219889144 3 219716524 25
6.2e-09 1.26562 1.78125 0 252627652 7 252635129 21
6.2e-09 1.28125 1.79688 0 243158504 1 243186972 10
6.2e-09 1.17188 1.70312 0 223517307 24 223368122 23
6.2e-09 1.32812 1.84375 0 222877069 2 222903585 12
6.2e-09 2.0625 2.42188 0 224378937 8 224450151 8
6.2e-09 1.14062 1.5 0 244251602 20 244234870 24
6.2e-09 1.29688 1.8125 0 235814859 4 235945042 16
6.2e-09 1.3125 1.82812 0 228385979 18 228397612 3
6.2e-09 1.125 1.5 0 244693245 14 244670149 9
6.2e-09 1.34375 1.85938 0 214486237 6 214518159 16
6.2e-09 2.10938 2.46875 0 204301737 10 204425793 8
6.2e-09 1.34375 1.85938 0 213202940 16 213287010 11
6.2e-09 1.76562 2.28125 0 222326301 8 222232108 12
6.2e-09 1.3125 1.82812 0 226765618 7 226696500 21
6.2e-09 1.59375 1.95312 0 238830974 29 238640695 12
6.2e-09 1.375 1.89062 0 203589400 1 203516989 5
6.2e-09 1.82812 2.34375 0 261755424 6 261880681 31
6.2e-09 1.25 1.78125 0 255215736 25 255450718 30
6.2e-09 1.25 1.76562 0 262640731 20 262667373 9
6.2e-09 1.6875 2.20312 0 260826365 8 260998658 6
6.2e-09 1.64062 2.01562 0 215285895 0 215134129 29
6.2e-09 1.85938 2.375 0 251578745 10 251738765 16
6.2e-09 1.1875 1.70312 0 218254900 18 218349741 10
6.2e-09 1.67188 2.04688 0 202107388 5 202118946 8
6.2e-09 1.65625 2.01562 0 210592826 4 210659903 34
6.2e-09 1.65625 2.03125 0 204993088 22 205090942 6
6.2e-09 1.32812 1.84375 0 224700321 32 224621787 11
6.2e-09 1.25 1.76562 0 257955136 1 257871374 18
6.2e-09 1.6875 2.04688 0 263883073 3 263875721 15
6.2e-09 1.75 2.26562 0 230634558 15 230650741 6
6.2e-09 1.125 1.5 0 244811936 32 244729805 24
6.2e-09 1.1875 1.71875 0 216582071 18 216576178 1
6.2e-09 1.75 2.26562 0 234238219 7 234210668 1
6.2e-09 1.23438 1.75 0 263931496 13 263739250 35
6.2e-09 1.73438 2.25 0 237394190 10 237351621 2
6.2e-09 1.3125 1.82812 0 230555203 3 230491635 8
6.2e-09 1.6875 2.20312 0 262056650 3 262143057 6
6.2e-09 1.375 1.89062 0 201650662 1 201668995 6
6.2e-09 1.25 1.76562 0 261908089 2 261858251 7
6.2e-09 1.32812 1.84375 0 222137822 11 222278901 2
6.2e-09 2.0625 2.4375 0 221600782 16 221594114 11
6.2e-09 1.14062 1.51562 0 239431565 7 239490305 15
6.2e-09 1.15625 1.51562 0 236082275 6 236065151 2
6.2e-09 1.59375 1.95312 0 238530157 24 238391785 4
6.2e-09 1.57812 1.9375 0 244232363 7 244123156 30
6.2e-09 1.59375 1.96875 0 232151719 10 232007114 3
6.2e-09 1.28125 1.79688 0 245778849 21 245866657 1
6.2e-09 1.29688 1.8125 0 236829583 1 236764861 30
6.2e-09 1.17188 1.6875 0 226954164 18 226875035 12
6.2e-09 1.35938 1.875 0 211067191 8 211117642 6
6.2e-09 1.65625 2.03125 0 207889260 9 207793759 8
6.2e-09 1.25 1.76562 0 262030217 20 262040086 13
6.2e-09 1.64062 2.01562 0 212942392 22 212985090 12
6.2e-09 1.64062 2.01562 0 214257636 4 214598625 18
6.2e-09 1.6875 2.20312 0 258790712 10 258894085 2
6.2e-09 1.34375 1.875 0 212713206 6 212718376 10
6.2e-09 1.125 1.5 0 245554567 27 245621904 2
6.2e-09 1.375 1.89062 0 205526644 29 205494489 7
6.2e-09 1.17188 1.6875 0 226797772 12 226898479 5
6.2e-09 1.10938 1.48438 0 252167828 4 252309872 4
6.2e-09 2.0625 2.4375 0 220982872 0 220643284 18
6.2e-09 1.60938 1.96875 0 231466699 9 231427725 39
6.2e-09 1.67188 2.04688 0 266217880 11 266494343 15
6.2e-09 1.64062 2 0 216574067 0 216701062 32
6.2e-09 1.82812 2.34375 0 266596320 28 266328768 2
6.2e-09 1.21875 1.73438 0 207901269 27 208038367 39
6.2e-09 1.65625 2.03125 0 206838883 8 206847043 25
6.2e-09 1.25 1.76562 0 261862455 6 261851355 9
6.2e-09 1.35938 1.875 0 211836010 20 211882085 3
6.2e-09 1.89062 2.40625 0 236719405 2 236776663 9
6.2e-09 1.125 1.5 0 247725071 18 247890185 23
6.2e-09 1.15625 1.53125 0 234417536 6 234359625 3
6.2e-09 1.14062 1.5 0 242349106 6 242403744 18
6.2e-09 1.625 2 0 221592425 7 221444421 8
6.2e-09 1.125 1.48438 0 250092219 23 249925697 19
6.2e-09 1.29688 1.8125 0 233521701 17 233472092 3
6.2e-09 1.8125 2.32812 0 206991513 16 206869084 2
6.2e-09 1.1875 1.70312 0 218422593 5 218450672 7
6.2e-09 1.75 2.26562 0 228867021 18 229064180 28
6.2e-09 1.35938 1.875 0 211848526 23 211896100 24
6.2e-09 1.17188 1.6875 0 225088627 4 225092210 7
6.2e-09 1.85938 2.375 0 251918653 15 251760094 8
6.2e-09 1.29688 1.8125 0 239208981 20 239386484 7
6.2e-09 1.90625 2.42188 0 229185717 9 229093642 3
6.2e-09 1.8125 2.32812 0 206411589 48 206533231 1
6.2e-09 1.20312 1.71875 0 211587174 19 211475677 5
6.2e-09 1.73438 2.25 0 239269112 7 239215687 7
6.2e-09 1.64062 2 0 215616489 8 215619835 15
6.2e-09 1.21875 1.73438 0 205155677 39 205272906 10
6.2e-09 1.82812 2.34375 0 266653852 13 266583956 59
6.2e-09 1.34375 1.85938 0 217929980 11 218085271 11
6.2e-09 1.26562 1.78125 0 255214145 11 255172326 7
6.2e-09 1.14062 1.51562 0 239639679 6 239508326 2
6.2e-09 1.75 2.26562 0 229358842 19 229248015 3
6.2e-09 1.14062 1.51562 0 240684506 8 240604835 2
6.2e-09 1.57812 1.95312 0 242618956 74 242595082 0
6.2e-09 1.1875 1.70312 0 219925216 14 219822690 21
6.2e-09 1.84375 2.35938 0 254851402 9 254745491 2
6.2e-09 1.625 2 0 221363617 6 221313859 10
6.2e-09 1.34375 1.85938 0 217369912 2 217330621 2
6.2e-09 1.5625 1.9375 0 246588842 19 246519181 21
6.2e-09 1.10938 1.48438 0 255706274 23 255725271 15
6.2e-09 1.20312 1.71875 0 213084028 4 213111194 15
6.2e-09 1.75 2.26562 0 230957632 2 230963275 10
6.2e-09 1.15625 1.51562 0 236241504 4 236194970 2
6.2e-09 1.65625 2.03125 0 208059796 1 208125872 9
6.2e-09 1.5625 1.9375 0 249258268 3 249454668 15
6.2e-09 1.3125 1.82812 0 226996718 17 226912653 6
6.2e-09 1.5625 1.92188 0 252207887 0 252279286 24
6.2e-09 1.21875 1.73438 0 205765169 0 205694657 26
6.2e-09 1.875 2.39062 0 240176699 15 239937406 8
6.2e-09 1.15625 1.53125 0 233664705 27 233652731 13
6.2e-09 1.1875 1.70312 0 218500689 11 218570849 13
6.2e-09 1.75 2.26562 0 232612836 19 232583226 1
6.2e-09 2.0625 2.4375 0 220701104 17 220736002 2
6.2e-09 1.39062 1.90625 0 263789800 1 263698168 20
6.2e-09 1.65625 2.03125 0 208715671 26 208800240 38
6.2e-09 1.375 1.89062 0 201794875 3 201687342 2
6.2e-09 1.54688 1.92188 0 254786753 44 254905861 4
6.2e-09 1.875 2.39062 0 244103932 31 244065775 7
6.2e-09 1.75 2.26562 0 230818154 21 230597711 21
6.2e-09 1.17188 1.6875 0 227416822 15 227306785 5
6.2e-09 1.875 2.39062 0 241596459 17 241450331 6
6.2e-09 1.125 1.5 0 246854612 7 246684253 0
6.2e-09 1.32812 1.84375 0 223004566 6 222927405 26
6.2e-09 1.5625 1.9375 0 247489275 4 247413933 21
6.2e-09 1.625 1.98438 0 223154956 14 223274930 3
6.2e-09 1.54688 1.90625 0 259234664 14 259057058 14
6.2e-09 1.75 2.26562 0 229333507 3 229174101 4
6.2e-09 1.64062 2.01562 0 214382644 3 214396052 21
6.2e-09 1.17188 1.6875 0 225446620 23 225382522 3
6.2e-09 1.29688 1.8125 0 236223257 9 236352889 6
6.2e-09 1.59375 1.96875 0 235153247 17 235257190 10
6.2e-09 1.65625 2.01562 0 209845946 22 209936844 4
6.2e-09 1.1875 1.70312 0 220540321 12 220435790 14
6.2e-09 1.21875 1.73438 0 205438025 8 205521826 11
6.2e-09 1.76562 2.28125 0 223307425 14 223416544 9
6.2e-09 1.15625 1.53125 0 234081727 3 233786089 43
6.2e-09 1.39062 1.90625 0 264652688 14 264777529 2
6.2e-09 1.35938 1.875 0 210259887 62 210268556 12
6.2e-09 1.73438 2.25 0 235912185 9 235988109 35
6.2e-09 1.25 1.76562 0 256344808 4 256155897 39
6.2e-09 1.6875 2.04688 0 262961022 15 263040804 17
6.2e-09 1.57812 1.95312 0 242746739 2 242437536 12
6.2e-09 2.07812 2.45312 0 216343829 7 216142793 9
6.2e-09 1.15625 1.51562 0 234737381 7 234732608 4
6.2e-09 1.54688 1.90625 0 259198929 8 259274008 24
6.2e-09 2.07812 2.45312 0 216872637 5 216885045 9
6.2e-09 2.07812 2.45312 0 213547013 21 213440790 1
6.2e-09 1.625 1.98438 0 222816793 0 222820090 25
6.2e-09 1.23438 1.75 0 264481650 7 264496079 6
6.2e-09 1.76562 2.28125 0 222648923 18 222674047 9
6.2e-09 1.71875 2.23438 0 247689684 24 247592526 7
6.2e-09 1.76562 2.28125 0 223727267 14 223634367 5
6.2e-09 1.89062 2.40625 0 231143204 3 231063301 34
6.2e-09 1.79688 2.3125 0 212228148 12 212296995 3
6.2e-09 1.125 1.5 0 247730791 0 247865555 7
6.2e-09 1.73438 2.25 0 237548713 21 237559779 1
6.2e-09 1.14062 1.5 0 242630200 5 242709182 20
6.2e-09 1.25 1.76562 0 256924790 6 256884956 25
6.2e-09 1.34375 1.85938 0 214656500 6 214593817 3
6.2e-09 1.64062 2 0 217367419 0 217445427 10
6.2e-09 1.10938 1.48438 0 252733419 30 252837624 0
6.2e-09 1.64062 2.01562 0 213358664 21 213273594 23
6.2e-09 1.59375 1.95312 0 236779828 15 236974841 10
6.2e-09 1.26562 1.78125 0 251823536 6 251869946 25
6.2e-09 1.84375 2.35938 0 256888716 15 256808577 10
6.2e-09 1.20312 1.71875 0 214019761 11 213921330 14
6.2e-09 1.375 1.89062 0 204012385 6 203783177 8
6.2e-09 1.35938 1.89062 0 206420498 4 206404642 13
6.2e-09 1.625 1.98438 0 223952505 1 224196180 3
6.2e-09 1.125 1.48438 0 249542631 1 249712146 16
6.2e-09 1.84375 2.35938 0 258116298 20 258091525 10
6.2e-09 1.64062 2 0 216552269 8 216450495 18
6.2e-09 1.84375 2.35938 0 256156934 9 256040812 6
6.2e-09 1.73438 2.25 0 241386251 27 241427719 2
6.2e-09 1.125 1.5 0 245260121 10 245280855 10
6.2e-09 1.25 1.76562 0 257260701 4 257281918 17
6.2e-09 1.20312 1.73438 0 210189247 9 210194171 2
6.2e-09 1.17188 1.53125 0 227999156 22 228156333 0
6.2e-09 1.21875 1.73438 0 208236557 6 208332306 11
6.2e-09 1.85938 2.375 0 247357752 20 247542344 0
6.2e-09 1.57812 1.9375 0 245071782 1 245132658 28
6.2e-09 1.10938 1.48438 0 254593579 9 254643046 20
6.2e-09 1.35938 1.875 0 207718034 30 207631617 13
6.2e-09 1.65625 2.03125 0 208011036 7 208083972 29
6.2e-09 1.70312 2.21875 0 254042045 4 253981997 2
6.2e-09 1.73438 2.25 0 236285095 19 236498382 4
6.2e-09 1.375 1.89062 0 201244375 17 201209489 4
6.2e-09 1.57812 1.95312 0 239647077 28 239604348 2
6.2e-09 1.39062 1.90625 0 262623235 13 262565167 7
6.2e-09 1.10938 1.48438 0 252312880 14 252344853 18
6.2e-09 1.17188 1.6875 0 224625457 8 224538366 13
6.2e-09 1.26562 1.78125 0 252224328 16 252592122 13
6.2e-09 1.21875 1.73438 0 204533821 8 204388266 12
6.2e-09 2.10938 2.48438 0 203941910 21 204029914 0
6.2e-09 2.07812 2.45312 0 215597598 38 215428863 18
6.2e-09 1.375 1.90625 0 200335560 1 200313368 34
6.2e-09 1.60938 1.98438 0 226062748 5 226301345 24
6.2e-09 1.76562 2.28125 0 221200798 21 221105625 28
6.2e-09 1.35938 1.875 0 210596451 1 210717803 25
6.2e-09 1.35938 1.875 0 209381546 12 209505026 2
6.2e-09 1.84375 2.35938 0 253996057 9 253919481 5
6.2e-09 1.39062 1.90625 0 264290473 9 264026540 4
6.2e-09 1.15625 1.53125 0 232161929 10 232129334 8
6.2e-09 1.34375 1.85938 0 212979969 14 212990820 2
6.2e-09 1.90625 2.42188 0 228841498 27 228954116 1
6.2e-09 1.54688 1.92188 0 255910611 65 255769773 33
6.2e-09 1.20312 1.71875 0 212234372 80 212199557 3
6.2e-09 1.15625 1.51562 0 235610853 34 235634859 12
6.2e-09 1.85938 2.375 0 249434071 6 249824079 1
6.2e-09 1.59375 1.96875 0 233448113 10 233420459 5
6.2e-09 1.375 1.89062 0 204212485 30 204274584 6
6.2e-09 1.3125 1.82812 0 230606205 40 230591467 2
6.2e-09 1.375 1.89062 0 201387618 0 201435902 4
6.2e-09 1.82812 2.34375 0 265938488 71 265683298 10
6.2e-09 1.76562 2.28125 0 224396898 2 224405208 2
6.2e-09 1.60938 1.98438 0 224832830 0 224713272 21
6.2e-09 1.17188 1.6875 0 223880585 0 223813495 27
6.2e-09 1.25 1.76562 0 259921390 8 259946677 17
6.2e-09 1.35938 1.875 0 207820672 19 207738247 8
6.2e-09 1.3125 1.82812 0 228035267 8 227887751 0
6.2e-09 1.25 1.76562 0 260447683 3 260534518 11
6.2e-09 1.57812 1.95312 0 239163665 11 239099108 34
6.2e-09 1.34375 1.85938 0 216388278 8 216175952 21
6.2e-09 1.14062 1.51562 0 239556792 34 239575672 12
6.2e-09 1.70312 2.21875 0 253655440 4 253748306 6
6.2e-09 1.1875 1.70312 0 219407624 15 219518402 15
6.2e-09 1.20312 1.73438 0 210041990 3 210080767 9
6.2e-09 1.32812 1.84375 0 223598712 18 223605483 9
6.2e-09 1.29688 1.8125 0 237086129 9 237085049 0
6.2e-09 1.34375 1.85938 0 218516100 1 218576681 0
6.2e-09 1.625 2 0 218240283 20 218068251 26
6.2e-09 1.71875 2.23438 0 245165132 12 245145584 2
6.2e-09 1.59375 1.96875 0 232236694 32 232146322 18
6.2e-09 1.57812 1.95312 0 241768985 14 241715327 5
6.2e-09 1.6875 2.21875 0 257310522 3 257373846 0
6.2e-09 1.6875 2.20312 0 261783987 2 261971474 5
6.2e-09 1.54688 1.92188 0 254958761 22 254813299 9
6.2e-09 1.1875 1.71875 0 216647926 8 216781229 21
6.2e-09 1.34375 1.85938 0 217894054 5 217702893 2
6.2e-09 1.85938 2.375 0 247170504 24 247170309 42
6.2e-09 1.14062 1.51562 0 241947734 26 241902948 10
6.2e-09 1.375 1.89062 0 202634062 13 202737483 4
6.2e-09 1.5625 1.92188 0 253658739 7 253477820 11
6.2e-09 1.17188 1.6875 0 226960648 23 227022981 5
6.2e-09 1.60938 1.96875 0 229555732 51 229376970 4
6.2e-09 1.15625 1.51562 0 236464223 6 236466172 34
6.2e-09 1.15625 1.51562 0 235712830 12 235577766 6
6.2e-09 1.875 2.39062 0 242874406 3 243102083 6
6.2e-09 1.75 2.26562 0 232600388 12 232551362 1
6.2e-09 1.625 2 0 220553664 3 220405543 7
6.2e-09 1.79688 2.3125 0 208223213 4 208022641 8
6.2e-09 1.23438 1.75 0 200439221 2 200495085 15
6.2e-09 1.25 1.76562 0 257635162 142 257575308 26
6.2e-09 1.125 1.5 0 248771668 10 248766080 13
6.2e-09 1.73438 2.25 0 239249200 0 239319891 8
6.2e-09 1.26562 1.78125 0 254848121 11 255045390 16
6.2e-09 1.70312 2.21875 0 250746371 12 250934865 5
6.2e-09 2.09375 2.46875 0 208632915 29 208762499 13
6.2e-09 1.35938 1.875 0 212357783 5 212350798 6
6.2e-09 1.5625 1.92188 0 251798499 5 251975832 10
6.2e-09 1.3125 1.82812 0 229785742 9 229833412 0
6.2e-09 1.75 2.26562 0 231943284 0 232126020 12
6.2e-09 1.25 1.76562 0 259649607 34 259570218 4
6.2e-09 1.57812 1.9375 0 243760950 2 243615648 3
6.2e-09 1.15625 1.53125 0 234042813 1 234049176 5
6.2e-09 1.10938 1.48438 0 253222256 1 253195574 13
6.2e-09 1.70312 2.23438 0 249790512 14 249762006 35
6.2e-09 1.67188 2.04688 0 200337863 6 200207378 15
6.2e-09 1.375 1.89062 0 201908103 1 201849562 8
6.2e-09 2.0625 2.4375 0 223299453 5 223201289 24
6.2e-09 1.60938 1.98438 0 225984915 0 226051217 16
6.2e-09 1.29688 1.8125 0 234532579 3 234733947 5
6.2e-09 1.5625 1.9375 0 246715790 10 246917316 15
6.2e-09 1.10938 1.48438 0 253922868 15 253989483 24
6.2e-09 1.23438 1.75 0 200766944 10 200978886 3
6.2e-09 1.17188 1.6875 0 224002336 2 223903408 2
6.2e-09 1.3125 1.82812 0 232990813 16 232660382 26
6.2e-09 1.59375 1.96875 0 235737156 16 235720801 14
6.2e-09 1.20312 1.71875 0 215472877 4 215561901 9
6.2e-09 1.29688 1.8125 0 236922608 12 236888040 5
6.2e-09 1.65625 2.01562 0 209358919 6 209418733 7
6.2e-09 1.65625 2.01562 0 209186074 19 209188166 17
6.2e-09 1.23438 1.76562 0 263297048 0 263340850 11
6.2e-09 1.5625 1.9375 0 248393858 1 248411926 3
6.2e-09 1.32812 1.84375 0 221004941 13 221143100 22
6.2e-09 1.125 1.48438 0 250197711 6 250160232 40
6.2e-09 1.82812 2.34375 0 263783689 9 263851962 19
6.2e-09 1.79688 2.3125 0 211940752 6 212018981 23
6.2e-09 1.60938 1.96875 0 229511907 20 229228725 10
6.2e-09 1.20312 1.71875 0 213806778 29 213799823 13
6.2e-09 1.57812 1.95312 0 240956482 21 241069703 5
6.2e-09 1.29688 1.8125 0 235039619 3 235058256 14
6.2e-09 1.25 1.76562 0 261369724 14 261351724 13
6.2e-09 1.10938 1.48438 0 254551827 4 254349512 0
6.2e-09 1.17188 1.53125 0 229266330 7 229239939 8
6.2e-09 1.25 1.76562 0 262852270 6 262902804 18
6.2e-09 1.82812 2.34375 0 261368297 3 261039735 2
6.2e-09 1.76562 2.28125 0 223898019 5 223650988 26
6.2e-09 1.25 1.76562 0 256514254 9 256314086 10
6.2e-09 1.89062 2.40625 0 231897617 13 231779980 5
6.2e-09 1.57812 1.95312 0 241984181 13 242041924 13
6.2e-09 1.20312 1.71875 0 212716491 24 212676895 4
6.2e-09 1.20312 1.71875 0 215401611 0 215257244 2
6.2e-09 1.23438 1.75 0 201719999 24 201777733 2
6.2e-09 1.34375 1.85938 0 217415148 9 217466052 17
6.2e-09 1.89062 2.40625 0 232336783 3 232415674 4
6.2e-09 1.70312 2.21875 0 254763614 3 254941527 8
6.2e-09 1.35938 1.875 0 208676460 3 208694044 3
6.2e-09 1.15625 1.51562 0 235145209 5 235024504 35
6.2e-09 1.10938 1.48438 0 254727431 5 254669708 9
6.2e-09 1.85938 2.375 0 251044050 2 251183416 9
6.2e-09 1.23438 1.75 0 264244856 3 264175799 16
6.2e-09 1.60938 1.96875 0 230419322 18 230233896 11
6.2e-09 1.28125 1.79688 0 242177131 10 242228273 14
6.2e-09 1.375 1.89062 0 200859201 5 200820250 3
6.2e-09 1.35938 1.875 0 206767712 11 206796898 1
6.2e-09 1.25 1.76562 0 256278499 35 256220288 23
6.2e-09 1.29688 1.8125 0 235212377 11 235241445 0
6.2e-09 1.3125 1.82812 0 228928483 5 228999603 18
6.2e-09 1.54688 1.92188 0 258037674 8 257769165 6
6.2e-09 1.84375 2.35938 0 257827050 32 257859633 12
6.2e-09 1.59375 1.96875 0 232649243 2 232833508 3
6.2e-09 1.75 2.28125 0 227789242 0 227905237 8
6.2e-09 1.3125 1.82812 0 232117102 16 232202815 13
6.2e-09 1.73438 2.25 0 241119990 4 241229721 1
6.2e-09 2.10938 2.48438 0 203528374 4 203482692 3
6.2e-09 1.39062 1.90625 0 261953651 18 261934241 1
6.2e-09 1.15625 1.51562 0 235877886 27 235841378 3
6.2e-09 1.85938 2.375 0 245520343 4 245644606 6
6.2e-09 2.0625 2.42188 0 225140087 2 224954363 3
6.2e-09 1.34375 1.85938 0 214512771 13 214554057 13
6.2e-09 1.14062 1.5 0 242419613 1 242348239 16
6.2e-09 1.375 1.89062 0 203227028 2 203242109 1
6.2e-09 1.26562 1.78125 0 249345442 0 249512765 6
6.2e-09 1.60938 1.96875 0 230786307 2 230616041 3
6.2e-09 1.84375 2.35938 0 255571180 9 255628132 22
6.2e-09 2.09375 2.45312 0 211225528 17 211100763 7
6.2e-09 1.15625 1.53125 0 233467247 0 233365814 5
6.2e-09 1.1875 1.70312 0 217310583 33 217207606 10
6.2e-09 1.35938 1.875 0 209621731 9 209684772 11
6.2e-09 1.85938 2.39062 0 245138148 13 244972785 8
6.2e-09 1.1875 1.70312 0 220017033 13 219956594 11
6.2e-09 1.125 1.5 0 248050659 6 247888235 17
6.2e-09 1.64062 2.01562 0 215523885 5 215422650 71
6.2e-09 1.29688 1.8125 0 234792839 35 234736874 3
6.2e-09 1.75 2.26562 0 229361183 12 229359228 64
6.2e-09 1.79688 2.3125 0 210457938 4 210506793 7
6.2e-09 1.5625 1.92188 0 252197388 1 252311014 21
6.2e-09 1.28125 1.79688 0 243800615 7 243793706 2
6.2e-09 1.5625 1.92188 0 253218786 15 253203797 27
6.2e-09 1.20312 1.71875 0 213491258 2 213367884 14
6.2e-09 1.1875 1.70312 0 216963357 5 216925454 11
6.2e-09 1.23438 1.75 0 200428990 18 200458905 2
6.2e-09 1.1875 1.70312 0 218335162 1 218219730 1
6.2e-09 1.17188 1.6875 0 226903435 6 226794415 8
6.2e-09 1.89062 2.40625 0 231973617 27 231937680 14
6.2e-09 1.71875 2.23438 0 246983802 23 246923880 8
6.2e-09 1.17188 1.70312 0 223401964 17 223341977 17
6.2e-09 1.26562 1.78125 0 254323142 5 254337245 0
6.2e-09 1.3125 1.82812 0 227209098 20 227201801 13
6.2e-09 1.39062 1.90625 0 265387792 28 265503492 3
6.2e-09 1.90625 2.42188 0 230284022 3 230034924 7
6.2e-09 1.875 2.39062 0 240718437 11 240602903 4
6.2e-09 1.25 1.76562 0 258628216 5 258533192 37
6.2e-09 1.64062 2.01562 0 214485199 10 214216193 8
6.2e-09 1.625 2 0 219062804 13 219287290 3
6.2e-09 1.375 1.89062 0 201204547 10 201109497 15
6.2e-09 1.3125 1.82812 0 228369979 14 228506707 11
6.2e-09 1.57812 1.95312 0 240115597 23 239895432 6
6.2e-09 1.25 1.76562 0 259355383 28 259303369 7
6.2e-09 1.875 2.39062 0 238266115 1 238386657 15
6.2e-09 1.125 1.5 0 247604977 8 247759549 16
6.2e-09 1.39062 1.90625 0 263145305 14 263044840 20
6.2e-09 1.64062 2.01562 0 213759919 36 213892035 0
6.2e-09 1.625 2 0 222134159 2 221986365 2
6.2e-09 1.34375 1.85938 0 216490885 0 216642486 0
6.2e-09 1.78125 2.29688 0 218955188 11 219213655 0
6.2e-09 1.28125 1.79688 0 244525175 5 244526275 6
6.2e-09 1.20312 1.71875 0 210628605 1 210639025 10
6.2e-09 1.21875 1.73438 0 205703036 6 205671549 0
6.2e-09 1.8125 2.32812 0 202437275 2 202455399 3
6.2e-09 1.71875 2.23438 0 249035064 6 248977435 2
6.2e-09 1.5625 1.9375 0 250683192 11 250454169 13
6.2e-09 1.25 1.76562 0 261325408 39 261352180 36
6.2e-09 1.8125 2.32812 0 205816606 11 205854110 4
6.2e-09 1.64062 2.01562 0 215357443 8 215334678 5
6.2e-09 1.54688 1.92188 0 254898774 8 254821221 9
6.2e-09 1.39062 1.90625 0 262362345 2 262302193 4
6.2e-09 2.10938 2.46875 0 206312793 4 206005646 9
6.2e-09 1.76562 2.28125 0 224383649 7 224367669 0
6.2e-09 1.67188 2.04688 0 202353781 3 202266975 14
6.2e-09 1.71875 2.25 0 242085131 1 241741034 32
6.2e-09 1.82812 2.34375 0 263047331 5 263056438 30
6.2e-09 1.28125 1.79688 0 246980935 4 247026704 12
6.2e-09 1.28125 1.79688 0 242044047 14 242065377 9
6.2e-09 1.28125 1.79688 0 245444223 10 245502917 6
6.2e-09 1.15625 1.51562 0 236986868 16 236977681 9
6.2e-09 1.26562 1.78125 0 254432627 24 254427374 10
6.2e-09 1.26562 1.78125 0 252413613 58 252397026 3
6.2e-09 2.07812 2.4375 0 218874600 14 218905777 1
6.2e-09 1.28125 1.79688 0 244090720 6 244057883 2
6.2e-09 1.10938 1.48438 0 252017218 15 252188921 0
6.2e-09 2.09375 2.46875 0 208973550 16 208896284 21
6.2e-09 1.6875 2.04688 0 262832890 3 262761661 11
6.2e-09 1.84375 2.35938 0 254334989 6 254585759 11
6.2e-09 1.65625 2.03125 0 207169823 18 207171091 7
6.2e-09 1.125 1.5 0 249092402 28 249235559 26
6.2e-09 1.84375 2.35938 0 253672412 4 253708852 17
6.2e-09 2.0625 2.4375 0 223470719 17 223080354 0
6.2e-09 1.89062 2.40625 0 234075200 1 234495724 8
6.2e-09 1.375 1.90625 0 200080571 22 200140809 21
6.2e-09 1.26562 1.78125 0 252118624 24 252170142 0
6.2e-09 1.25 1.76562 0 261062044 26 261080405 20
6.2e-09 1.6875 2.20312 0 261637778 27 261554629 7
6.2e-09 1.59375 1.95312 0 237040818 1 237007554 9
6.2e-09 1.14062 1.5 0 243861379 3 243865189 3
6.2e-09 1.21875 1.73438 0 204623857 15 204788811 15
6.2e-09 2.09375 2.45312 0 212072304 77 212087497 5
6.2e-09 1.125 1.5 0 247064956 5 246919918 30
6.2e-09 1.375 1.89062 0 204851673 38 204967963 3
6.2e-09 1.29688 1.8125 0 239028125 3 238843895 7
6.2e-09 1.17188 1.53125 0 228637436 13 228791129 2
6.2e-09 1.1875 1.70312 0 220691129 18 220622127 6
6.2e-09 1.20312 1.71875 0 213120371 3 213044355 2
6.2e-09 1.25 1.78125 0 255696823 12 255679829 10
6.2e-09 1.73438 2.25 0 239910198 21 239966583 4
6.2e-09 1.625 1.98438 0 222738344 20 222615000 20
6.2e-09 1.26562 1.78125 0 248985270 7 249066493 8
6.2e-09 2.0625 2.4375 0 222119266 10 222221026 5
6.2e-09 1.60938 1.98438 0 225918295 7 225998721 13
6.2e-09 1.20312 1.71875 0 215563341 43 215754859 22
6.2e-09 1.1875 1.70312 0 223047752 4 222833037 17
6.2e-09 1.85938 2.375 0 250360635 18 250079374 8
6.2e-09 1.20312 1.71875 0 213564857 8 213624036 4
6.2e-09 1.25 1.76562 0 261203406 10 261146597 10
6.2e-09 1.25 1.76562 0 256936758 5 256758546 8
6.2e-09 1.78125 2.29688 0 215996695 12 216032982 15
6.2e-09 1.17188 1.6875 0 226267042 20 226188653 13
6.2e-09 1.20312 1.71875 0 215303666 11 215490226 3
6.2e-09 1.32812 1.84375 0 222010422 27 222035602 3
6.2e-09 1.375 1.89062 0 200618560 14 200565673 6
6.2e-09 1.39062 1.90625 0 263437011 18 263391679 0
6.2e-09 1.17188 1.53125 0 229105346 10 229013998 19
6.2e-09 1.17188 1.6875 0 227100138 16 227208062 8
6.2e-09 1.15625 1.53125 0 230365977 18 230432035 25
6.2e-09 1.1875 1.71875 0 216702017 7 216809055 18
6.2e-09 1.26562 1.79688 0 248038923 7 247950414 2
6.2e-09 1.67188 2.04688 0 266499296 5 266324116 9
6.2e-09 1.60938 1.98438 0 226107279 11 226089062 11
6.2e-09 1.65625 2.01562 0 209958675 47 210141807 6
6.2e-09 1.10938 1.48438 0 255898579 9 255781799 10
6.2e-09 1.1875 1.70312 0 219286595 16 219131033 2
6.2e-09 1.89062 2.40625 0 233291815 14 233462236 22
6.2e-09 1.54688 1.92188 0 257183149 74 257280182 24
6.2e-09 1.875 2.39062 0 242534671 68 242603575 6
6.2e-09 1.14062 1.51562 0 241585353 19 241554940 21
6.2e-09 1.17188 1.53125 0 228089622 17 228114846 13
6.2e-09 1.875 2.39062 0 241560576 3 241682273 18
6.2e-09 1.14062 1.5 0 243379057 21 243413097 13
6.2e-09 1.89062 2.40625 0 232238866 11 231982855 16
6.2e-09 1.17188 1.53125 0 228208384 11 228341679 10
6.2e-09 1.125 1.5 0 244572888 20 244574129 2
6.2e-09 1.67188 2.04688 0 265827795 5 265978901 17
6.2e-09 1.125 1.5 0 245016990 11 245084600 5
6.2e-09 1.1875 1.70312 0 222665301 0 222870417 19
6.2e-09 1.85938 2.375 0 248342453 25 248475147 11
6.2e-09 1.70312 2.21875 0 250748477 5 250560630 7
6.2e-09 1.8125 2.32812 0 203219505 7 203213911 15
6.2e-09 1.78125 2.29688 0 216970852 30 216986952 0
6.2e-09 1.60938 1.98438 0 226503516 5 226382062 3
6.2e-09 1.21875 1.73438 0 209645625 6 209644503 2
6.2e-09 1.71875 2.23438 0 248686040 2 248819304 1
6.2e-09 1.26562 1.78125 0 253868902 4 253790168 3
6.2e-09 1.84375 2.35938 0 255492920 12 255400979 15
6.2e-09 1.5625 1.9375 0 247816849 3 247677932 10
6.2e-09 1.10938 1.48438 0 252074497 5 252312470 7
6.2e-09 1.64062 2 0 216315857 41 216318684 6
6.2e-09 1.54688 1.90625 0 261449817 5 261244501 15
6.2e-09 1.28125 1.79688 0 244005794 1 244180811 27
6.2e-09 1.34375 1.85938 0 214014211 17 214058020 8
6.2e-09 1.79688 2.3125 0 208403891 4 208457647 0
6.2e-09 1.375 1.89062 0 203067327 0 203046072 17
6.2e-09 1.10938 1.48438 0 252115878 69 252091196 8
6.2e-09 1.14062 1.5 0 243983535 15 244237247 8
6.2e-09 1.23438 1.76562 0 263016935 36 263136908 16
6.2e-09 1.1875 1.70312 0 221537259 4 221569664 16
6.2e-09 1.26562 1.78125 0 249009443 17 249074137 3
6.2e-09 1.84375 2.35938 0 256519019 8 256541210 5
6.2e-09 1.14062 1.51562 0 237140246 7 237126719 4
6.2e-09 1.21875 1.73438 0 206811545 10 206817832 8
6.2e-09 1.375 1.89062 0 200383534 13 200448138 7
6.2e-09 1.17188 1.70312 0 223047663 10 222988631 29
6.2e-09 1.10938 1.48438 0 252941691 9 252901773 8
6.2e-09 1.28125 1.79688 0 242243842 3 242223638 19
6.2e-09 1.71875 2.23438 0 244208453 1 244378107 28
6.2e-09 1.23438 1.75 0 200396531 5 200455671 10
6.2e-09 1.28125 1.8125 0 240426184 14 240791591 9
6.2e-09 1.67188 2.03125 0 204478954 21 204468626 8
6.2e-09 1.57812 1.95312 0 239022709 0 238929635 5
6.2e-09 1.70312 2.21875 0 250970842 10 250777176 2
6.2e-09 1.14062 1.5 0 242741160 44 242768376 34
6.2e-09 1.71875 2.23438 0 247299913 5 247310627 4
6.2e-09 1.29688 1.8125 0 240051409 1 240077209 7
6.2e-09 1.20312 1.71875 0 215996138 0 216023888 14
6.2e-09 1.34375 1.85938 0 216133989 26 216095809 7
6.2e-09 1.54688 1.90625 0 260375643 31 260124606 4
6.2e-09 1.35938 1.875 0 206815321 20 206797223 29
6.2e-09 1.3125 1.82812 0 232002901 11 232004338 10
6.2e-09 1.6875 2.20312 0 259429521 7 259492954 17
6.2e-09 2.07812 2.4375 0 218257690 2 218314671 19
6.2e-09 1.35938 1.89062 0 206118828 3 206115105 6
6.2e-09 1.85938 2.375 0 250420654 22 250428292 2
6.2e-09 1.1875 1.70312 0 221546257 13 221468693 30
6.2e-09 1.73438 2.25 0 236088536 23 236217980 3
6.2e-09 1.65625 2.03125 0 206626247 7 206710496 6
6.2e-09 1.28125 1.79688 0 244294877 11 244293229 4
6.2e-09 1.125 1.5 0 245405950 12 245357708 20
6.2e-09 1.23438 1.75 0 202019278 10 201755483 6
6.2e-09 1.21875 1.73438 0 205140441 15 205207984 17
6.2e-09 1.60938 1.98438 0 225297046 2 225352348 2
6.2e-09 1.21875 1.73438 0 204919928 5 204767541 14
6.2e-09 1.20312 1.71875 0 212950276 7 212865046 14
6.2e-09 1.26562 1.78125 0 250335836 19 250311401 12
6.2e-09 1.6875 2.04688 0 264312747 12 264155937 88
6.2e-09 1.8125 2.32812 0 206365079 9 206440974 28
6.2e-09 1.76562 2.28125 0 226513365 17 226564394 2
6.2e-09 1.26562 1.78125 0 249697093 42 249711617 17
6.2e-09 1.26562 1.78125 0 251861404 13 251888294 3
6.2e-09 1.23438 1.75 0 266511014 6 266421702 1
6.2e-09 1.125 1.5 0 247033602 10 247260737 60
6.2e-09 1.67188 2.03125 0 204375487 3 204278476 10
6.2e-09 1.79688 2.3125 0 209374129 36 209353280 2
6.2e-09 1.25 1.76562 0 256706560 8 256702338 14
6.2e-09 1.21875 1.73438 0 205218262 1 205205485 4
6.2e-09 1.3125 1.82812 0 231946966 2 232079464 7
6.2e-09 2.07812 2.4375 0 218288245 1 218288058 31
6.2e-09 1.54688 1.92188 0 258467525 9 258283681 8
6.2e-09 1.15625 1.53125 0 231946543 9 231905807 13
6.2e-09 1.1875 1.70312 0 218988311 10 219041994 2
6.2e-09 1.375 1.89062 0 202609186 14 202666388 4
6.2e-09 1.1875 1.70312 0 221606878 7 221648104 12
6.2e-09 1.82812 2.34375 0 261618421 24 261485199 6
6.2e-09 1.21875 1.73438 0 209085202 11 208990770 13
6.2e-09 1.21875 1.73438 0 205554136 3 205490927 28
6.2e-09 1.76562 2.28125 0 226129142 56 226338994 55
6.2e-09 1.57812 1.95312 0 240474900 5 240513117 18
6.2e-09 1.29688 1.82812 0 232865166 16 232861393 8
6.2e-09 1.20312 1.71875 0 213297042 20 213305644 33
6.2e-09 1.73438 2.25 0 235703414 9 235714005 0
6.2e-09 1.32812 1.84375 0 221022993 4 220928532 1
6.2e-09 1.73438 2.25 0 236985440 7 236874045 9
6.2e-09 1.14062 1.51562 0 240953111 20 240984156 21
6.2e-09 1.6875 2.04688 0 263348496 4 263299378 7
6.2e-09 1.64062 2.01562 0 211925186 12 211813037 8
6.2e-09 1.1875 1.70312 0 218010969 8 217843456 8
6.2e-09 1.67188 2.04688 0 200689792 15 200782246 12
6.2e-09 1.54688 1.92188 0 255386993 15 255358672 8
6.2e-09 1.76562 2.28125 0 222911756 10 222630609 0
6.2e-09 1.6875 2.20312 0 260987737 2 261001059 3
6.2e-09 1.15625 1.53125 0 234529253 13 234610992 26
6.2e-09 1.67188 2.03125 0 203903296 7 203721634 25
6.2e-09 1.71875 2.23438 0 244400219 3 244360724 19
6.2e-09 1.89062 2.40625 0 235880767 6 235842731 21
6.2e-09 1.17188 1.70312 0 223168154 18 223282654 0
6.2e-09 1.28125 1.79688 0 245079832 30 244994209 2
6.2e-09 1.8125 2.32812 0 203481343 151 203479234 5
6.2e-09 1.64062 2.01562 0 211767774 22 211786457 0
6.2e-09 1.26562 1.79688 0 248112301 1 248036193 17
6.2e-09 1.67188 2.04688 0 266366858 36 266372203 15
6.2e-09 1.20312 1.71875 0 210326116 0 210298637 37
6.2e-09 2.09375 2.46875 0 209380173 1 209319548 14
6.2e-09 1.34375 1.85938 0 213528492 1 213320365 21
6.2e-09 1.32812 1.84375 0 223736186 4 223797541 5
6.2e-09 1.10938 1.48438 0 255612403 9 256008512 20
6.2e-09 1.26562 1.78125 0 252670523 29 252649476 13
6.2e-09 1.76562 2.28125 0 225984298 14 225928642 14
6.2e-09 1.29688 1.8125 0 237423542 18 237501260 5
6.2e-09 1.89062 2.40625 0 231057222 9 231288304 9
6.2e-09 1.82812 2.34375 0 266339748 5 266365779 16
6.2e-09 1.15625 1.51562 0 236051319 11 235970426 10
6.2e-09 1.875 2.39062 0 244554333 0 244613659 32
6.2e-09 1.125 1.5 0 247599971 3 247650880 16
6.2e-09 1.21875 1.73438 0 208255242 3 208292915 10
6.2e-09 1.28125 1.79688 0 244312366 1 244336198 61
6.2e-09 1.21875 1.73438 0 206698699 8 206700118 7
6.2e-09 1.70312 2.21875 0 253464701 5 253511804 9
6.2e-09 1.1875 1.70312 0 221518822 13 221654120 7
6.2e-09 1.125 1.48438 0 251183868 23 251186357 12
6.2e-09 2.0625 2.4375 0 222054171 2 221855944 1
6.2e-09 1.25 1.76562 0 256080318 4 256207556 2
6.2e-09 1.73438 2.25 0 236096135 47 236220095 29
6.2e-09 1.23438 1.75 0 264208816 3 264274819 21
6.2e-09 2.07812 2.4375 0 217877277 35 217863186 1
6.2e-09 1.15625 1.53125 0 231395553 9 231330733 7
6.2e-09 1.35938 1.875 0 211364019 9 211313309 18
6.2e-09 1.54688 1.90625 0 259747273 5 259659362 17
6.2e-09 1.35938 1.875 0 208698099 10 208584526 1
6.2e-09 1.71875 2.23438 0 246601528 18 246621940 45
6.2e-09 1.17188 1.6875 0 225529723 9 225424722 60
6.2e-09 1.25 1.76562 0 262023148 8 262025338 5
6.2e-09 1.75 2.28125 0 227545009 11 227344705 6
6.2e-09 1.65625 2.03125 0 206486296 5 206727478 14
6.2e-09 1.15625 1.51562 0 236978370 9 237004572 5
6.2e-09 1.125 1.5 0 245507001 12 245500784 16
6.2e-09 1.65625 2.01562 0 209689967 20 209705935 11
6.2e-09 1.25 1.76562 0 256776514 2 256883030 19
6.2e-09 1.32812 1.84375 0 223382618 6 223385140 28
6.2e-09 1.90625 2.42188 0 228459996 5 228535658 7
6.2e-09 1.8125 2.32812 0 201716194 12 201732683 56
6.2e-09 1.1875 1.70312 0 219734892 4 219676797 39
6.2e-09 1.25 1.76562 0 262566426 18 262731084 102
6.2e-09 1.34375 1.85938 0 217952568 11 217986615 15
6.2e-09 1.35938 1.875 0 206696532 1 206888188 13
6.2e-09 1.25 1.76562 0 261790012 20 261741218 0
6.2e-09 1.10938 1.48438 0 253177233 6 253114683 11
6.2e-09 1.78125 2.29688 0 215503152 5 215433271 2
6.2e-09 1.5625 1.9375 0 250864860 7 251018818 8
6.2e-09 1.23438 1.75 0 266332669 10 266210625 22
6.2e-09 1.70312 2.21875 0 251824691 12 251582501 16
6.2e-09 1.875 2.39062 0 239054279 37 239227996 15
6.2e-09 1.65625 2.03125 0 207048289 46 207096172 5
6.2e-09 1.15625 1.53125 0 229957074 24 230008673 5
6.2e-09 1.3125 1.82812 0 228590145 5 228630024 8
6.2e-09 1.70312 2.21875 0 254659851 12 254272455 5
6.2e-09 1.17188 1.53125 0 229710931 0 229530548 2
6.2e-09 1.73438 2.25 0 240755356 14 240969233 5
6.2e-09 1.57812 1.9375 0 244704732 12 244779852 16
6.2e-09 1.17188 1.6875 0 225021931 4 224955797 0
6.2e-09 1.375 1.89062 0 205448204 7 205447572 2
6.2e-09 1.28125 1.79688 0 241168221 42 241285561 11
6.2e-09 1.34375 1.85938 0 215031008 21 215046756 5
6.2e-09 1.21875 1.73438 0 207982979 18 208037329 4
6.2e-09 1.8125 2.34375 0 201375006 26 201379381 0
