6.2e-09 17.4375 2 8.17188 2 78296055 0 239550210
6.2e-09 17.9062 1.96875 8.40625 1 210702676 5 115974057
6.2e-09 18.4219 1.95312 8.17188 3 260996693 1 51113255
6.2e-09 17.9375 2.82812 8.17188 3 71468558 2 236198366
6.2e-09 19.0312 1.85938 8.17188 7 0 7 335350331
6.2e-09 18 2.48438 8.17188 2 21238256 2 257447041
6.2e-09 19 2.51562 8.17188 4 240971318 10 115088255
6.2e-09 17.5625 2.26562 8.17188 2 185665740 1 148880047
6.2e-09 18.9375 1.79688 8.28125 8 220276371 6 75059743
6.2e-09 18 1.875 8.17188 3 102283682 1 262254848
6.2e-09 21.7344 2.25 8.17188 192 0 195 368457571
6.2e-09 17.8438 1.8125 8 1 177043601 2 184611356
6.2e-09 18.0938 1.85938 8.17188 2 104564076 0 207702753
6.2e-09 18.0156 2.04688 8.17188 3 273217065 1 80471157
6.2e-09 19.0938 2.01562 8.17188 11 299440431 6 0
6.2e-09 19.0938 1.875 8.17188 7 92826066 9 207588358
6.2e-09 17.3281 1.96875 7.92188 1 267037606 2 16408678
6.2e-09 18.5312 2.42188 8.17188 1 225448272 3 110260392
6.2e-09 18.2188 1.96875 8.29688 2 12854388 8 318897505
6.2e-09 18.4219 2.45312 7.9375 2 238546120 5 71809581
6.2e-09 19.1094 1.9375 8.17188 8 206471463 5 85003386
6.2e-09 18.1094 1.89062 8.17188 2 143853192 2 160707754
6.2e-09 19.75 2.75 8.17188 16 295225173 12 0
6.2e-09 17.9219 2.48438 8.17188 1 154293440 2 163638907
6.2e-09 17.5781 2.28125 8.1875 1 312983573 4 9815128
6.2e-09 19.5625 2.48438 8.17188 9 61654978 8 243137701
6.2e-09 19.5781 1.95312 8.1875 8 297293925 10 0
6.2e-09 17.9844 1.84375 8.17188 1 268733885 0 11751428
6.2e-09 18.2812 1.79688 8.17188 3 220081365 2 79950367
6.2e-09 17.9219 2.40625 8.17188 3 262531352 0 53948612
6.2e-09 17.4688 1.82812 8.17188 3 296499729 2 0
6.2e-09 17.5 2.51562 8.17188 0 53558547 0 227886400
6.2e-09 18.1875 2.46875 8.15625 1 0 3 351111439
6.2e-09 19.1406 1.89062 8.17188 12 235256775 6 130308684
6.2e-09 18.625 2.40625 8.17188 3 285493775 0 0
6.2e-09 19.2812 2.04688 8.17188 9 217027145 4 70350318
6.2e-09 18.1719 2.40625 8.17188 3 286036791 5 79112513
6.2e-09 18.0781 2.375 8.17188 1 231846057 1 86727388
6.2e-09 19.0312 2.35938 8.17188 12 0 12 334739235
6.2e-09 19.1719 2.28125 8.23438 13 157479673 10 187833521
6.2e-09 20.0938 1.89062 8.17188 23 0 27 285741428
6.2e-09 18.0781 1.92188 8.17188 3 56744322 1 260008997
6.2e-09 18.5938 1.92188 8.17188 1 152819617 7 147650312
6.2e-09 20.6406 2.04688 8.17188 43 0 52 340655109
6.2e-09 17.4531 1.82812 8.17188 1 199369583 0 107052878
6.2e-09 18.7031 2.39062 8.17188 5 119534341 5 210753602
6.2e-09 18.2344 2.85938 8.17188 4 165302370 4 158538663
6.2e-09 infty 1.84375 8.17188 3042 0 3107 0
6.2e-09 18.7031 2.51562 8.17188 5 228667517 4 101959465
6.2e-09 19.5469 1.92188 8.17188 11 315907602 10 0
6.2e-09 17.625 2.5 8.17188 1 44250610 0 252750961
6.2e-09 17.9688 1.84375 8.17188 3 284686546 1 9521573
6.2e-09 18.1875 2.03125 8.17188 3 0 5 353259936
6.2e-09 18.0156 1.8125 8.40625 3 234123815 1 127283953
6.2e-09 17.9688 1.9375 8.17188 1 124175233 1 167795647
6.2e-09 18.7344 2.39062 8.17188 6 221265328 4 98970004
6.2e-09 18.2969 1.90625 8.17188 4 204780635 3 84835341
6.2e-09 18 1.90625 8.17188 1 92368666 2 272078059
6.2e-09 18.1719 2.03125 8.17188 3 154452227 3 206706752
6.2e-09 18.0625 2.32812 8.17188 1 107985314 3 224189192
6.2e-09 18.7031 1.96875 8.40625 2 245037289 8 90926179
6.2e-09 18.2344 1.90625 8.17188 2 16187277 2 308759553
6.2e-09 17.9688 2.45312 8 0 201587646 1 92697788
6.2e-09 18.4375 1.8125 8.39062 7 172296559 7 129539251
6.2e-09 20.7031 2.28125 8.17188 56 257987377 53 50029976
6.2e-09 19.1406 2.42188 8.17188 8 277572810 6 0
6.2e-09 18.0781 1.85938 8.17188 2 20565561 1 302722747
6.2e-09 20.125 2.40625 8.17188 27 0 22 360485370
6.2e-09 19.125 1.89062 8.17188 6 0 5 280990285
6.2e-09 18.1875 2.01562 8.17188 2 77662281 3 270022038
6.2e-09 18.4531 2.51562 8.17188 5 207795094 6 88635052
6.2e-09 18.2969 2.45312 8.375 2 192284298 4 93426979
6.2e-09 19.1406 1.95312 8.17188 14 217988702 6 150968583
6.2e-09 18.1094 1.90625 8.17188 4 0 0 303792623
6.2e-09 17.5938 2.35938 8.17188 0 65628935 2 247630732
6.2e-09 19.5938 2 8.17188 15 0 2 291506614
6.2e-09 20.0938 1.78125 8.17188 23 287776700 17 0
6.2e-09 19.8906 2.04688 8.17188 17 311026300 23 0
6.2e-09 18.0938 1.96875 8.42188 2 224403601 4 89408470
6.2e-09 18.0938 1.92188 8.17188 1 127520838 2 185093229
6.2e-09 18.0781 2.28125 8.23438 0 239311677 1 77358658
6.2e-09 17.7969 2.26562 8.17188 2 0 4 297048703
6.2e-09 17.5469 2.3125 8.17188 2 151799380 5 191120428
6.2e-09 18.4375 2.34375 8.17188 2 89624674 6 211714109
6.2e-09 19.9688 2.45312 7.92188 20 164453740 17 190023886
6.2e-09 18.5469 2.21875 8.17188 3 263118959 4 65249565
6.2e-09 18.5 1.8125 8.07812 2 0 4 360727664
6.2e-09 17.875 2.75 8.17188 3 309105968 2 37740337
6.2e-09 19.5156 1.84375 8.17188 9 47746707 18 285468085
6.2e-09 17.6719 1.9375 8.17188 2 135667231 3 227571916
6.2e-09 19.2031 1.85938 8.17188 7 323317133 12 8316078
6.2e-09 18.0469 2.5 8.17188 2 0 2 333508623
6.2e-09 17.1406 2.375 8.17188 0 75055348 1 218830159
6.2e-09 17.6406 1.96875 8.32812 1 71831787 2 219954016
6.2e-09 18.5312 1.875 8.17188 6 197471145 5 140917746
6.2e-09 19.1875 1.96875 8.29688 9 100621197 6 235122119
6.2e-09 18.0625 1.85938 8.17188 1 332340713 2 0
6.2e-09 18.0625 1.82812 8.17188 4 172888361 2 156597901
6.2e-09 18.5625 2.39062 8.17188 1 317185431 4 8558571
6.2e-09 18.5312 2.01562 8.17188 3 341400873 3 0
6.2e-09 18.6719 1.89062 8.17188 11 158617058 7 190299923
6.2e-09 19.3594 2.29688 7.98438 14 207344118 13 125222841
6.2e-09 19.9375 1.96875 8.35938 17 285815142 23 0
6.2e-09 18.25 2.3125 8.17188 5 91123299 4 226733200
6.2e-09 19.125 2.25 8.17188 6 0 8 285936995
6.2e-09 18.2969 1.79688 8.26562 1 140910964 4 150265495
6.2e-09 17.75 1.82812 8.17188 3 129868943 0 191570605
6.2e-09 19.7031 2 8.17188 15 318346699 15 0
6.2e-09 18.0312 1.90625 8.17188 3 265754646 1 79239153
6.2e-09 17.4844 1.89062 8.17188 0 79647657 1 207536531
6.2e-09 18 1.82812 8.17188 1 313898844 4 54094792
6.2e-09 17.4062 1.9375 8.17188 1 20300442 1 314196622
6.2e-09 19.1719 2.26562 8.17188 6 252290190 9 89832854
6.2e-09 18.4844 1.89062 8.17188 1 202089612 0 78577363
6.2e-09 19.2344 1.89062 8.17188 9 251619595 10 60545593
6.2e-09 17.7656 1.90625 8.17188 3 29998249 1 282835465
6.2e-09 17.0938 2.40625 8.17188 1 214529695 0 109131311
6.2e-09 17.1719 2.32812 8.17188 1 0 1 283951700
6.2e-09 18.2188 1.79688 8.21875 2 178024986 2 154073893
6.2e-09 18.5156 1.85938 8.17188 4 94112646 4 253152521
6.2e-09 18.1562 1.95312 8.25 2 360810740 7 6821223
6.2e-09 18.5625 1.96875 8.3125 2 324059669 2 0
6.2e-09 18.4844 2.26562 8.17188 3 56720439 1 220942844
6.2e-09 infty 2.51562 8.17188 2896 0 3052 0
6.2e-09 18.7656 1.92188 8.17188 7 39269278 7 260733621
6.2e-09 18.9844 1.85938 8.17188 3 0 8 361173484
6.2e-09 18.9531 1.98438 8.10938 4 283552215 7 0
6.2e-09 infty 1.89062 8.17188 2797 0 2973 0
6.2e-09 18.3594 1.78125 8.17188 1 277893029 3 71781083
6.2e-09 17.6562 2.28125 8.29688 0 198874172 3 81636161
6.2e-09 17.7812 1.79688 8.17188 2 111500999 2 192985987
6.2e-09 17.2656 1.84375 8.17188 2 240832333 3 77198852
6.2e-09 17.375 2.45312 7.96875 0 309880090 1 44941412
6.2e-09 17.0781 2.76562 8.25 0 197566614 1 137228111
6.2e-09 18.4688 2.04688 8.17188 2 115422264 2 169961760
6.2e-09 17.5312 2.75 8.17188 0 334989067 0 22215871
6.2e-09 19.2188 2.04688 8.17188 8 185895250 14 129347791
6.2e-09 17.5156 2.42188 8.17188 1 289279680 1 75351112
6.2e-09 18.0781 2.82812 8.17188 1 75949031 0 246352249
6.2e-09 16.9688 1.82812 8.17188 3 95329878 1 204405929
6.2e-09 18.6875 2.01562 8.17188 4 40578376 5 305002748
6.2e-09 18.0625 2.25 8.17188 0 236239856 1 96067438
6.2e-09 19.0781 2.375 8.17188 4 0 7 302634685
6.2e-09 infty 1.78125 8.17188 2802 0 2663 0
6.2e-09 18.1406 2.82812 8.17188 3 264822579 2 23759037
6.2e-09 19.5 1.8125 8.40625 12 258570250 18 90741544
6.2e-09 18.0938 1.92188 8.17188 5 123486366 3 190162674
6.2e-09 19.125 1.84375 8.17188 8 274717918 13 8845910
6.2e-09 18.4375 2.29688 8.42188 3 247489895 0 49462676
6.2e-09 18.6094 1.95312 8.17188 5 134295446 2 157995391
6.2e-09 18.5 2.46875 8.17188 4 9596165 2 353064010
6.2e-09 17.1406 2 8.17188 2 226438711 0 74578838
6.2e-09 19.1406 2.51562 8.17188 8 0 8 364158718
6.2e-09 18.0156 1.78125 8.17188 2 191512675 2 161005249
6.2e-09 18.75 1.8125 8.39062 4 77104609 5 232088873
6.2e-09 17.5312 2.23438 8.17188 0 165084710 0 192251662
6.2e-09 17.9375 1.89062 8.17188 1 265304021 1 44633641
6.2e-09 19.6094 1.79688 8.26562 9 38745754 15 244684204
6.2e-09 18.625 2.4375 8.17188 3 127076264 4 158297886
6.2e-09 18.5156 2.78125 8.0625 5 0 1 352215658
6.2e-09 18.2031 2.46875 8.17188 2 230721050 1 112881680
6.2e-09 18.625 2.39062 8.17188 5 148162075 4 137306751
6.2e-09 16.7188 2.39062 8.17188 1 255824709 0 97851778
6.2e-09 18.6406 2.04688 8.17188 5 279008736 5 0
6.2e-09 17.7188 2.01562 8.17188 1 279829548 0 62677787
6.2e-09 18.5781 1.82812 8.17188 8 110196296 5 203233705
6.2e-09 17.9219 2.3125 8.15625 1 186079557 3 131288234
6.2e-09 18.2656 1.875 8.17188 2 171148016 4 134625538
6.2e-09 17.5781 1.9375 8.17188 3 2910067 3 320783414
6.2e-09 18.8906 2.46875 8.07812 10 173335891 8 145832745
6.2e-09 19.3281 2.21875 8.17188 14 252337410 16 97452942
6.2e-09 17.6406 1.85938 8.17188 2 34962412 2 260217365
6.2e-09 17.9688 1.8125 7.96875 0 255996717 1 31030786
6.2e-09 17.9688 2.23438 8.17188 2 195352969 1 92239636
6.2e-09 22.5469 2.76562 8.29688 463 0 448 280262461
6.2e-09 18.3281 1.8125 8.40625 3 136319285 2 140897169
6.2e-09 17.2812 2.04688 8.17188 2 7181163 0 302546354
6.2e-09 18.3125 1.92188 8.17188 2 183336721 1 98681865
6.2e-09 17.5156 2.375 8.17188 4 308502824 0 58632209
6.2e-09 17.5469 2.53125 8.17188 1 207991 0 339747004
6.2e-09 18.1406 2.375 8.17188 0 286284801 2 0
6.2e-09 18.1562 1.84375 8.17188 0 267567967 3 10651759
6.2e-09 17.7188 1.96875 8.42188 3 152828583 2 186506254
6.2e-09 18.5156 1.84375 8.17188 3 291113983 5 62655285
6.2e-09 17.7031 2 8.17188 4 265161890 0 78939270
6.2e-09 18.2188 2.4375 8.28125 3 176022291 2 152789183
6.2e-09 18 2.01562 8.17188 2 310028945 3 58236189
6.2e-09 17.5469 2.32812 8.17188 0 339265278 1 9511828
6.2e-09 18.6719 2.4375 8.23438 3 265291728 5 84769990
6.2e-09 20.0469 2.04688 8.17188 24 30425159 32 284285036
6.2e-09 18.6719 2.5 8.17188 7 263819620 5 85639053
6.2e-09 19.5 2.5 8.17188 16 272954275 13 71443949
6.2e-09 17.4531 2.79688 8.17188 2 118733535 2 184366861
6.2e-09 18.7188 2.35938 8.17188 5 122160087 5 205708076
6.2e-09 17.5781 1.85938 8.17188 0 244883573 0 77663752
6.2e-09 17.875 1.89062 8.17188 0 22762516 1 324108587
6.2e-09 18.0156 1.92188 8.17188 0 352214157 0 0
6.2e-09 17.5938 2.76562 8.20312 0 135130648 2 181545091
6.2e-09 19.625 2.84375 8.17188 15 186785047 21 178960780
6.2e-09 18.7188 1.84375 8.17188 3 200985151 8 125694234
6.2e-09 19.5 1.84375 8.17188 13 0 16 345178680
6.2e-09 17.9219 2.45312 8.0625 1 196718019 3 116658241
6.2e-09 19.4531 2.4375 8.1875 6 162291865 7 119764944
6.2e-09 19.0312 2.01562 8.17188 7 287655300 12 46296961
6.2e-09 18.2656 1.79688 8.23438 6 17715447 5 290825401
6.2e-09 17.6719 2.01562 8.17188 0 50416827 1 227545084
6.2e-09 18.0781 2.39062 8.17188 3 204132417 0 111350771
6.2e-09 17.7969 2.3125 8.17188 2 224063112 3 71208168
6.2e-09 17.9375 2.23438 8.17188 2 288555670 1 22827013
6.2e-09 17.6719 1.875 8.17188 3 147806477 2 215735539
6.2e-09 18.1406 2.35938 8.17188 2 160704811 3 125241034
6.2e-09 18.6719 1.79688 8.23438 4 0 4 358353065
6.2e-09 18.2344 1.82812 8.17188 3 54490921 6 272282981
6.2e-09 21.75 1.84375 8.17188 240 366183262 205 0
6.2e-09 18.7031 2.5 8.17188 3 336812139 6 0
6.2e-09 19.2031 1.79688 8.29688 10 57610283 9 272807238
6.2e-09 19.625 1.78125 8.17188 15 329030611 11 40239512
6.2e-09 17.625 1.875 8.17188 1 103782712 0 198409377
6.2e-09 19.4062 1.96875 7.9375 7 225898069 13 79286775
6.2e-09 18.6094 1.82812 8.09375 6 299793619 3 0
6.2e-09 16.9844 1.82812 8.17188 2 21904159 1 269028220
6.2e-09 17.8594 2.32812 8.17188 1 45413865 0 311697856
6.2e-09 17.9688 2 8.17188 3 124621874 1 167842060
6.2e-09 18 2.23438 8.17188 1 82376853 1 194891182
6.2e-09 17.1719 2.78125 8.14062 0 30718202 0 252436909
6.2e-09 18.4062 1.79688 8.17188 4 164462992 7 157553919
6.2e-09 20.4219 2.45312 8.39062 29 281717341 35 0
6.2e-09 19 2.03125 8.17188 4 329718543 5 25660373
6.2e-09 18.3438 2.04688 8.17188 6 175384583 4 184291841
6.2e-09 18.6875 1.78125 8.17188 6 195128050 4 144406355
6.2e-09 18.5938 1.875 8.17188 6 272366433 6 31720542
6.2e-09 18.5469 2.26562 8.17188 5 228378292 6 101265266
6.2e-09 17.6562 2.3125 8.17188 1 27610893 0 258917686
6.2e-09 18.6719 2.46875 8.17188 7 224633290 7 124009335
6.2e-09 17.5312 1.875 8.17188 3 261375624 2 88434611
6.2e-09 17.5 1.96875 8 0 240285661 1 37586686
6.2e-09 19.3125 2.34375 8.17188 17 49744016 14 310803197
6.2e-09 18.7812 2.85938 8.17188 4 164604792 8 128977776
6.2e-09 18.8281 2.8125 8.17188 4 259241929 8 102901433
6.2e-09 17.1719 2.32812 8.17188 0 119392907 0 163594325
6.2e-09 18.2969 2.39062 8.17188 2 192086570 1 98484916
6.2e-09 19.0469 1.79688 8.17188 4 125455415 12 200464356
6.2e-09 17.4219 2.51562 8.17188 0 279494343 0 45819477
6.2e-09 18.1875 2.21875 8.17188 2 113925662 1 237918650
6.2e-09 18.4531 1.90625 8.17188 1 144174208 2 147841210
6.2e-09 18.1406 2.51562 8.17188 4 82831743 1 205654673
6.2e-09 19.5938 2.75 8.17188 13 0 10 288570316
6.2e-09 19.3125 1.96875 8.28125 9 361023191 13 0
6.2e-09 19.3906 1.8125 7.98438 7 195046241 8 121205433
6.2e-09 17.4219 1.90625 8.17188 2 56175342 2 266104659
6.2e-09 18.625 2.04688 8.17188 7 22295403 3 269697268
6.2e-09 17.3281 2 8.17188 2 122763786 0 165295784
6.2e-09 19.6094 2.26562 8.17188 9 0 14 285476269
6.2e-09 18.0156 1.84375 8.17188 1 257772321 1 101549545
6.2e-09 18.0938 2.26562 8.17188 3 247696854 3 60984818
6.2e-09 17.875 2.78125 8.0625 2 291830140 6 51816126
6.2e-09 18.7344 2.4375 8.21875 2 312770245 4 7792716
6.2e-09 17.8281 1.96875 8.01562 2 72023969 0 210587340
6.2e-09 17.5781 2.79688 8.17188 2 157910318 1 166375553
6.2e-09 18.6406 1.92188 8.17188 3 84434781 1 197203327
6.2e-09 17.7031 2.4375 8.29688 1 105057055 0 244978537
6.2e-09 18.5312 2.75 8.17188 3 113225464 3 229545310
6.2e-09 19.1875 2.40625 8.17188 3 0 9 332931650
6.2e-09 18.5938 2.51562 8.17188 3 173248843 5 128393291
6.2e-09 18.5625 2.5625 8.17188 4 129518935 1 190387064
6.2e-09 18.7812 1.78125 8.17188 7 90216316 5 201907586
6.2e-09 16.9219 2.78125 8.17188 2 115065113 2 215058587
6.2e-09 20.0156 2.40625 8.17188 16 0 20 331791116
6.2e-09 18.875 2.03125 8.17188 6 2170788 9 331124807
6.2e-09 19.0312 2.28125 8.1875 6 141799820 8 195601990
6.2e-09 18.3906 2.75 8.17188 0 156933307 4 172402406
6.2e-09 17.7812 1.89062 8.17188 3 127428573 5 177347311
6.2e-09 19.0625 2.34375 8.17188 9 311938842 8 0
6.2e-09 18.3125 1.90625 8.17188 2 242482586 1 39086086
6.2e-09 18.5 2.5 8.17188 6 0 8 360967064
6.2e-09 17.9531 2.23438 8.17188 2 223768124 1 73854021
6.2e-09 18.1719 1.78125 8.17188 3 252245924 1 108641322
6.2e-09 17.1406 2.26562 8.17188 1 2911169 2 294959624
6.2e-09 18.1562 2.21875 8.17188 5 223491011 3 57047915
6.2e-09 18.0938 2.51562 8.17188 2 302230856 2 10966184
6.2e-09 19.5938 2.51562 8.17188 14 53037788 21 241800096
6.2e-09 18.2656 2.01562 8.17188 2 55663301 2 251347928
6.2e-09 18.1094 2.32812 8.17188 0 0 2 303954897
6.2e-09 19.1406 1.85938 8.17188 5 189657528 7 175842182
6.2e-09 19.1406 1.98438 8.03125 7 0 6 278090445
6.2e-09 18.5156 1.89062 8.17188 5 0 4 353512515
6.2e-09 19.2344 2.28125 8.29688 15 46339965 10 262071486
6.2e-09 17.6094 2.82812 8.17188 1 240692661 0 64173450
6.2e-09 18.5781 2.375 8.17188 9 232418256 5 77962158
6.2e-09 19.6562 2.5625 8.17188 16 0 19 347070740
6.2e-09 17.2344 1.85938 8.17188 1 144554503 1 191498608
6.2e-09 18.6719 1.79688 8.23438 6 65349963 4 286287670
6.2e-09 19 1.89062 8.17188 7 175874873 4 179261103
6.2e-09 18.2656 2.01562 8.17188 4 113314351 1 194778303
6.2e-09 18.0625 1.90625 8.17188 5 103668428 2 220570949
6.2e-09 17.4531 2.26562 8.17188 0 0 0 306448695
6.2e-09 19.0938 1.79688 8.26562 6 298696789 6 0
6.2e-09 17.75 1.78125 8.17188 1 187126267 1 134668973
6.2e-09 17.6094 2.375 8.17188 0 24100409 1 284742394
6.2e-09 18.5781 2.32812 8.17188 5 251945773 5 58573779
6.2e-09 18.1406 2.3125 8.15625 4 71094782 3 215445477
6.2e-09 18.5312 2.03125 8.17188 2 198232326 1 138104459
6.2e-09 17.4375 2.78125 7.9375 2 191709900 0 121256882
6.2e-09 19.2188 2.32812 8.17188 7 0 8 321021226
6.2e-09 19.7344 2.46875 8.07812 16 304154578 12 0
6.2e-09 18.7031 1.82812 8.17188 6 283009755 6 53276516
6.2e-09 18.625 1.9375 8.17188 2 276436468 3 11320250
6.2e-09 17.7031 2.5 8.17188 2 98405337 3 254654601
6.2e-09 19.6094 2.48438 8.17188 9 222861636 13 61589088
6.2e-09 18.0312 1.90625 8.17188 1 141794340 0 201218128
6.2e-09 18.6406 1.95312 8.17188 4 159542649 3 209542700
6.2e-09 19.25 2.29688 8.09375 14 34284735 16 267794197
6.2e-09 17.6406 1.90625 8.17188 1 37130284 1 252604355
6.2e-09 18.75 1.98438 8.14062 4 82973773 4 227094386
6.2e-09 17.7344 1.90625 8.17188 1 161243136 0 169905216
6.2e-09 17.1406 1.875 8.17188 0 284193320 3 14313641
6.2e-09 18.2031 2.85938 8.17188 2 322993525 2 19361877
6.2e-09 18.5625 1.82812 8.17188 5 131277176 6 190194174
6.2e-09 17.4531 1.85938 8.17188 0 49145650 0 257757690
6.2e-09 17.5781 2.82812 8.17188 2 242137613 2 84098372
6.2e-09 19.8125 2.8125 8.17188 18 182738564 26 172301313
6.2e-09 17.7188 2.03125 8.17188 0 340342306 0 1322711
6.2e-09 18.4375 1.84375 8.17188 3 97443434 2 204045698
6.2e-09 18.7031 2.78125 7.95312 5 45140631 6 293601220
6.2e-09 18.8594 1.98438 8.15625 6 233313806 12 109198430
6.2e-09 18.5625 2.32812 8.17188 3 24478450 2 299912151
6.2e-09 17.5781 1.98438 8.0625 2 257813397 0 64546368
6.2e-09 18.0312 1.89062 8.17188 0 262494632 2 80034090
6.2e-09 19.1094 1.95312 8.17188 5 0 3 289025121
6.2e-09 18.5156 1.78125 8.17188 0 285193726 1 61291894
6.2e-09 18.6406 1.98438 8.04688 7 187577934 6 95542063
6.2e-09 18.2812 2.04688 8.17188 2 220322836 2 77189968
6.2e-09 18.1562 1.875 8.17188 3 73491630 1 204978464
6.2e-09 18.0469 2.78125 7.98438 1 26394498 2 315774800
6.2e-09 17.5156 2.39062 8.17188 1 198382118 2 165846723
6.2e-09 18.6406 2.35938 8.17188 7 249754408 7 34311182
6.2e-09 17.5781 1.82812 8.17188 1 84636110 2 238316739
6.2e-09 18.6875 1.79688 8.29688 5 327937486 5 20774061
6.2e-09 17.75 2.23438 8.17188 0 3247699 3 321199971
6.2e-09 17.8125 1.96875 7.98438 2 110420966 0 175166702
6.2e-09 17.4219 1.9375 8.17188 1 323120037 0 0
6.2e-09 17.6562 2.01562 8.17188 2 0 0 283737442
6.2e-09 18.625 1.85938 8.17188 4 116911317 6 175147731
6.2e-09 18.6094 1.89062 8.17188 3 50503273 2 243756456
6.2e-09 18.9531 1.92188 8.17188 7 51531866 4 235911719
6.2e-09 17.9531 2.03125 8.17188 1 204676953 1 98180263
6.2e-09 18.2344 1.95312 8.17188 4 0 3 325734904
6.2e-09 17.9375 2.82812 8.17188 1 73973696 0 232378566
6.2e-09 17.6406 1.96875 8.28125 0 218222425 0 73013911
6.2e-09 18.7656 2.03125 8.17188 4 302763714 4 0
6.2e-09 17.9531 2 8.17188 1 134599748 1 168242622
6.2e-09 17.6875 2.51562 8.17188 2 83294023 3 278992597
6.2e-09 19.7969 2.21875 8.17188 13 366955065 22 0
6.2e-09 17.9531 2.04688 8.17188 0 254557672 1 45793006
6.2e-09 19.125 2.04688 8.17188 11 76355898 4 209631215
6.2e-09 18.1562 1.875 8.17188 1 176900786 3 190455751
6.2e-09 17.8906 2.375 8.17188 2 138865809 1 197153295
6.2e-09 17.0781 1.82812 8.17188 0 94059694 3 240864275
6.2e-09 17.9219 1.96875 8.42188 4 204484122 0 113280408
6.2e-09 17.9844 1.875 8.17188 4 242183418 1 41623316
6.2e-09 18.1094 2.375 8.17188 5 0 2 298867299
6.2e-09 18.2812 2.26562 8.17188 0 80781230 3 217012821
6.2e-09 18.2031 2.04688 8.17188 6 178062472 7 159666500
6.2e-09 18.0312 2.25 8.17188 0 23774713 2 320616957
6.2e-09 17.0625 2.23438 8.17188 0 72995381 1 268960345
6.2e-09 17.4531 1.84375 8.17188 1 154664596 2 153795437
6.2e-09 19 1.90625 8.17188 6 339834404 9 8511109
6.2e-09 20.0469 2.01562 8.17188 18 309458420 28 0
6.2e-09 17.7188 2.26562 8.17188 3 277979869 0 62763337
6.2e-09 18.4688 1.92188 8.17188 5 156368945 1 129040169
6.2e-09 18.6406 2.32812 8.17188 2 51899648 7 231091564
6.2e-09 18.8594 1.82812 8.17188 6 341295491 4 888113
6.2e-09 18.6562 1.85938 8.17188 5 282762208 1 81444565
6.2e-09 17.6719 2.39062 8.17188 1 204342203 1 72649626
6.2e-09 18.5156 1.95312 8.1875 2 20397633 7 326014697
6.2e-09 17.4844 2.39062 8.17188 2 0 0 290214596
6.2e-09 18.5156 2.23438 8.17188 3 189129346 3 156467544
6.2e-09 18.0156 1.875 8.17188 3 295178416 2 61959473
6.2e-09 19.7344 2.4375 8.17188 17 270842444 13 36211114
6.2e-09 18.6719 2.42188 8.17188 11 150000895 5 207622195
6.2e-09 18.625 1.96875 8.35938 3 223404863 2 68406504
6.2e-09 19.8125 2.3125 8.17188 22 296963023 26 55304760
6.2e-09 18.2344 2.40625 8.17188 2 325668387 4 0
6.2e-09 17.75 2.25 8.17188 1 238752485 2 86006906
6.2e-09 19.1094 1.82812 8.17188 8 225609652 7 63946893
6.2e-09 18.5781 1.9375 8.17188 3 304699204 7 10109407
6.2e-09 18.5312 2.28125 8.1875 4 336924991 5 0
6.2e-09 18.375 2.40625 8.17188 2 110850299 1 228597767
6.2e-09 17.5781 2.39062 8.17188 2 106815969 0 222273184
6.2e-09 18.2344 1.98438 8.10938 5 267960877 2 54556533
6.2e-09 18.5 1.78125 8.17188 2 342648300 3 20518916
6.2e-09 18.2344 1.89062 8.17188 2 295133436 4 31264919
6.2e-09 19.7188 2.35938 8.17188 14 312671395 17 0
6.2e-09 18.4219 2.35938 8.17188 2 151775889 1 160777998
6.2e-09 18.3594 2.32812 8.17188 3 204581813 4 144475076
6.2e-09 19.5625 1.84375 8.17188 16 141505335 14 163288155
6.2e-09 17.2031 1.82812 8.125 2 270007379 0 88470551
6.2e-09 17.6875 2.04688 8.17188 4 40433154 2 320488138
6.2e-09 20.25 1.875 8.17188 31 63782222 33 222786846
6.2e-09 18.1719 2.29688 7.96875 3 138833344 3 224317076
6.2e-09 18.0625 1.89062 8.17188 4 78892852 1 248624430
6.2e-09 18.2031 1.79688 8.25 2 52690108 5 293001067
6.2e-09 18.4375 2.45312 8.35938 2 51341369 3 250446118
6.2e-09 18.625 2.25 8.17188 3 76984687 3 208910957
6.2e-09 19.7188 1.8125 8.39062 15 0 12 314883929
6.2e-09 17.5156 2.46875 8.17188 3 168516408 2 196703062
6.2e-09 18.5781 1.9375 8.17188 1 308619255 2 0
6.2e-09 17.25 2.03125 8.17188 0 143101081 3 184785402
6.2e-09 18.3438 1.96875 8.34375 9 28396592 2 329840407
6.2e-09 18.125 2.85938 8.17188 3 226275727 0 70862911
6.2e-09 18.5 2.51562 8.17188 2 24816578 1 335415711
6.2e-09 19.7344 2.39062 8.17188 23 0 14 306186540
6.2e-09 17.7812 1.79688 8.17188 2 180147165 1 124666841
6.2e-09 18.1094 1.90625 8.17188 3 44241995 1 258782759
6.2e-09 18.3594 2.48438 8.17188 4 334285019 2 15447697
6.2e-09 17.9375 1.96875 8.3125 5 283224607 1 24178161
6.2e-09 18.0469 1.82812 8.17188 1 215890000 1 118999271
6.2e-09 18.5938 1.90625 8.17188 4 241666345 3 59546289
6.2e-09 18.0625 1.78125 8.17188 2 190944556 2 140033803
6.2e-09 18.6562 2.375 8.17188 5 218756279 4 146805819
6.2e-09 19.25 2.21875 8.17188 9 147467689 14 155896950
6.2e-09 17.9375 1.96875 8.375 1 218879608 3 88687837
6.2e-09 17.7188 1.96875 8.29688 3 7352541 1 331066283
6.2e-09 19.4688 1.79688 8.28125 17 133240156 13 235764180
6.2e-09 17.6094 2.8125 8.17188 2 196827600 3 112903931
6.2e-09 18.3594 2.28125 8.26562 4 305700638 1 42805023
6.2e-09 18.5312 2.03125 8.17188 2 246033550 6 95476536
6.2e-09 18.5 1.84375 8.17188 1 13841931 2 349330145
6.2e-09 17.9688 1.98438 8.17188 4 13266037 1 276172369
6.2e-09 18.375 2.48438 8.17188 5 312572346 3 26725505
6.2e-09 18.5312 1.82812 8.17188 11 341284619 5 0
6.2e-09 19.1406 2 8.17188 7 258617524 3 19405742
6.2e-09 17.625 2.48438 8.17188 1 255199059 3 41120385
6.2e-09 17.5625 2.8125 8.17188 3 301252367 0 35252947
6.2e-09 19.1094 2.39062 8.17188 9 29956019 4 264107763
6.2e-09 18.3906 1.8125 7.96875 3 105460680 2 222693629
6.2e-09 17.9688 1.8125 7.9375 0 61118845 0 231605116
6.2e-09 19.8125 2.84375 8.17188 16 354264163 13 0
6.2e-09 18.6094 2.32812 8.17188 4 152997464 4 143259337
6.2e-09 17.2812 2.375 8.17188 2 103039228 0 208765677
6.2e-09 18.2969 2.23438 8.17188 2 54302735 3 237497369
6.2e-09 17.6562 2.42188 8.17188 2 3593765 4 280173709
6.2e-09 17.3281 1.95312 8.23438 0 29837900 0 255829418
6.2e-09 17.5469 2.03125 8.17188 0 229992163 1 110076182
6.2e-09 18.0469 1.89062 8.17188 3 216729147 4 121619366
6.2e-09 20.375 1.78125 8.17188 31 0 33 310065621
6.2e-09 18.6562 2.76562 8.26562 4 260508393 4 103748512
6.2e-09 18.9531 2.04688 8.17188 4 141573025 3 145722705
6.2e-09 18.0938 2.3125 8.15625 3 202994351 4 110631838
6.2e-09 18.8281 2.03125 8.17188 8 14227776 9 345841309
6.2e-09 19.375 2.76562 8.26562 8 180296991 10 141833565
6.2e-09 18.9531 2.26562 8.17188 5 0 9 289125444
6.2e-09 18.2656 1.95312 8.23438 4 66253736 0 236169769
6.2e-09 18.6562 2.78125 8.17188 3 361006875 5 0
6.2e-09 18.125 2.03125 8.17188 3 232588719 4 58409296
6.2e-09 19.4375 1.9375 8.17188 10 0 6 291996155
6.2e-09 18.6406 2.4375 8.26562 2 189452131 5 92978606
6.2e-09 18.125 1.84375 8.17188 3 239346503 0 52926533
6.2e-09 17.625 2.4375 8.25 0 136416770 2 165074736
6.2e-09 18.0156 2.34375 8.17188 2 314288446 2 45227246
6.2e-09 19.2969 1.89062 8.17188 9 162727584 10 115603495
6.2e-09 17.7344 2 8.17188 1 101060544 0 231460027
6.2e-09 17.75 2.79688 8.17188 1 35343194 0 285104517
6.2e-09 18.6094 2.40625 8.17188 3 282531127 2 13398538
6.2e-09 17.5469 2.04688 8.17188 0 251498760 2 96221328
6.2e-09 18.0469 2.51562 8.17188 2 335947128 2 0
6.2e-09 19 2.40625 8.17188 9 295876205 10 59048498
6.2e-09 19.0156 2.48438 8.17188 5 61395224 12 279309544
6.2e-09 17.5469 2.42188 8.17188 1 3193530 3 338252049
6.2e-09 18.6094 1.89062 8.17188 9 89288354 4 203171829
6.2e-09 18.0625 1.78125 8.17188 0 84489326 0 246913167
6.2e-09 18.6719 2.25 8.17188 0 90856737 6 264723024
6.2e-09 17.4688 2.21875 8.17188 0 124028923 0 170043468
6.2e-09 19 2.79688 8.17188 5 230251170 6 123123109
6.2e-09 18.1719 1.85938 8.17188 1 363242451 7 0
6.2e-09 19.1094 1.98438 8.17188 3 287026197 6 0
6.2e-09 17.7188 1.85938 8.17188 5 16011936 0 322471008
6.2e-09 18.7031 2.45312 8 3 22901303 8 315991610
6.2e-09 18.4844 1.84375 8.17188 5 21348239 8 347588690
6.2e-09 17.1406 2.25 8.17188 1 161209792 0 136483094
6.2e-09 18.625 2.34375 8.17188 1 23288785 8 263821917
6.2e-09 17.0781 2.51562 8.17188 1 265548055 0 66523817
6.2e-09 17.0781 1.89062 8.17188 0 305454655 0 24014600
6.2e-09 18.5625 2.84375 8.17188 4 187983842 0 132225970
6.2e-09 18.6094 2.75 8.17188 4 117317628 4 178623418
6.2e-09 18.6094 2.23438 8.17188 1 228630663 6 67570130
6.2e-09 18.125 2.25 8.17188 3 66961307 1 227373360
6.2e-09 18.0312 2.32812 8.17188 2 337644381 2 5787109
6.2e-09 17.7656 1.85938 8.17188 5 46795784 1 268589702
6.2e-09 18.8594 1.92188 8.17188 5 57179695 5 285252441
6.2e-09 18.0156 2.73438 8.17188 2 130932090 3 224331931
6.2e-09 18.0312 1.9375 8.17188 2 113050987 3 232189995
6.2e-09 17.0938 1.92188 8.17188 0 87845485 1 233533935
6.2e-09 19.7812 1.9375 8.17188 17 95310778 16 188307928
6.2e-09 17.6406 2 8.17188 0 148832974 1 144793608
6.2e-09 17.9688 1.82812 8.15625 2 131777270 2 160799596
6.2e-09 18.6406 2.03125 8.17188 5 227219033 2 53669941
6.2e-09 18.625 2.40625 8.17188 7 0 4 285865092
6.2e-09 17.9062 1.89062 8.17188 2 80175335 0 246595344
6.2e-09 17.9531 1.92188 8.17188 1 275530547 2 26067399
6.2e-09 18.9844 2.32812 8.17188 4 0 3 364159697
6.2e-09 18.6562 2 8.17188 2 267306154 5 93628279
6.2e-09 18.8125 1.78125 8.17188 8 286124627 7 81419343
6.2e-09 18.4844 2.21875 8.17188 4 280313736 5 0
6.2e-09 18.7031 2.04688 8.17188 3 157825231 2 180144586
6.2e-09 18.5469 1.90625 8.17188 4 13100368 3 315585194
6.2e-09 18.6719 1.85938 8.17188 4 349352838 6 4370220
6.2e-09 17.6875 1.84375 8.17188 1 51739827 1 301829102
6.2e-09 18.6875 2.25 8.17188 6 0 4 339660227
6.2e-09 18.2344 1.8125 8.0625 2 24297866 0 302937968
6.2e-09 18.375 1.78125 8.17188 0 253338802 2 86832492
6.2e-09 17.9531 2.40625 8.17188 0 210375083 5 87664146
6.2e-09 18.0469 2.03125 8.17188 2 173634343 1 163214988
6.2e-09 16.9531 2.01562 8.17188 2 32530944 1 278387108
6.2e-09 19.5156 2.26562 8.17188 24 334066337 17 0
6.2e-09 18.8906 1.98438 8.03125 5 320019140 7 0
6.2e-09 18.6875 2.40625 8.17188 3 232691022 7 110620580
6.2e-09 17.9219 2.21875 8.17188 1 173171125 2 146094126
6.2e-09 18.7188 1.95312 8.23438 4 243825957 3 83801468
6.2e-09 18.1562 2.28125 8.375 2 269645477 1 9675509
6.2e-09 17.5469 2.03125 8.17188 2 176175607 2 171643331
6.2e-09 18.3906 1.92188 8.17188 3 293931591 6 36333248
6.2e-09 20.0312 2.03125 8.17188 17 318805126 14 0
6.2e-09 19.0625 2.04688 8.17188 9 99670907 10 216400048
6.2e-09 17.4844 1.9375 8.17188 1 101523498 1 183284078
6.2e-09 19.375 1.82812 8.09375 8 306814759 10 16526860
6.2e-09 18.6406 2.26562 8.17188 1 94210444 4 188294383
6.2e-09 18.4062 2.28125 8.34375 3 320365142 3 1143502
6.2e-09 18.7812 1.84375 8.17188 4 52582611 7 241766682
6.2e-09 18.0312 1.95312 8.17188 1 242277571 3 105279282
6.2e-09 18.0938 2.39062 8.17188 3 310504483 1 0
6.2e-09 18.3906 2.46875 8.17188 3 282728742 2 48521662
6.2e-09 18.5469 1.79688 8.25 8 64800494 3 267982603
6.2e-09 18.9219 1.9375 8.17188 3 298171634 5 7364177
6.2e-09 17.1406 2.35938 8.17188 1 74837615 1 224907038
6.2e-09 17.7812 2.04688 8.17188 0 0 1 303732276
6.2e-09 18.2812 1.82812 8.09375 3 214888250 0 84678277
6.2e-09 21.4531 2.39062 8.17188 99 349032424 134 0
6.2e-09 18.75 1.85938 8.17188 8 309824006 7 1659562
6.2e-09 18.0938 1.8125 7.98438 1 42941772 2 270708027
6.2e-09 18.6094 1.78125 8.17188 5 146356684 4 147451381
6.2e-09 17.9062 2.51562 8.17188 3 168537771 1 159758241
6.2e-09 17.625 2.5625 8.17188 0 179480849 2 120523584
6.2e-09 18.0312 2.46875 8.17188 1 136212526 5 206711970
6.2e-09 18.2969 1.875 8.17188 3 139397346 0 154075142
6.2e-09 18.0469 1.85938 8.17188 5 266551329 2 73956966
6.2e-09 18.0781 1.95312 8.17188 2 317018880 1 5584996
6.2e-09 18.4844 2.78125 7.95312 5 365541093 1 0
6.2e-09 18.1406 1.98438 8.17188 1 56437247 3 232831665
6.2e-09 18.7031 2.5 8.17188 8 275698753 6 59207056
6.2e-09 17.6094 1.92188 8.17188 0 268095007 0 36659852
6.2e-09 17.2188 2.53125 8.17188 0 323557578 1 22719999
6.2e-09 20.5625 1.79688 8.3125 32 299131272 28 0
6.2e-09 20.0625 1.95312 8.1875 17 16475078 22 290018065
6.2e-09 18.5625 2.76562 8.20312 5 190822598 3 132542487
6.2e-09 18.7188 1.85938 8.17188 5 4317443 1 320800582
6.2e-09 18.1875 1.84375 8.17188 1 164519296 2 189203677
6.2e-09 17.2188 1.95312 8.17188 0 290642812 0 60118978
6.2e-09 17.0938 2 8.17188 1 30951496 0 296654996
6.2e-09 infty 2.39062 8.17188 2847 0 2855 0
6.2e-09 18.2188 2.75 8.17188 5 194565055 2 141221392
6.2e-09 18.4219 1.89062 8.17188 3 53413766 1 257900849
6.2e-09 18.625 2.03125 8.17188 3 32179452 1 258859967
6.2e-09 18.8281 1.79688 8.29688 5 236520161 5 122150737
6.2e-09 18.9531 1.8125 8.40625 5 26826894 5 263354065
6.2e-09 20.125 2.34375 8.17188 32 329886194 39 30316794
6.2e-09 18.5625 2.5 8.17188 3 256643932 5 61186658
6.2e-09 18.5781 2.84375 8.17188 5 310720348 1 0
6.2e-09 17.6406 1.79688 8.28125 3 261898118 2 32470075
6.2e-09 17.375 1.98438 8.17188 3 53282460 1 300433348
6.2e-09 18.125 1.875 8.17188 5 296951776 3 0
6.2e-09 18.0625 2.28125 8.1875 1 268396734 2 58354053
6.2e-09 17.9531 2.54688 8.17188 1 2684182 3 296048990
6.2e-09 18.1094 2.82812 8.17188 1 302484656 3 830146
6.2e-09 18.1562 2.375 8.17188 2 204877135 2 163920715
6.2e-09 18.125 1.85938 8.17188 2 84857738 4 206151766
6.2e-09 17.625 1.96875 8.28125 1 178650505 1 118232172
6.2e-09 22.3594 1.96875 8.01562 352 0 340 296429457
6.2e-09 19.2656 2.75 8.17188 9 1203726 7 292673581
6.2e-09 18.75 2.53125 8.17188 2 9913933 7 298769574
6.2e-09 17.2812 2.21875 8.17188 1 272465561 1 39766350
6.2e-09 18.5781 2.48438 8.17188 3 241807299 8 67513969
6.2e-09 17.125 1.85938 8.17188 2 36223136 1 270405406
6.2e-09 17.5625 1.82812 8.17188 1 126695496 2 207608733
6.2e-09 16.9219 2.78125 7.9375 1 0 0 332233642
6.2e-09 19.0469 2.48438 8.17188 6 60700026 12 261940425
6.2e-09 19.7344 2 8.17188 12 305230459 17 0
6.2e-09 19.5156 2.53125 8.17188 11 321089850 11 12412982
6.2e-09 19.0938 2.78125 7.96875 14 160503179 7 141142253
6.2e-09 17.7031 2.79688 8.17188 3 325422059 2 25834944
6.2e-09 19.1875 2.39062 8.17188 6 332502108 10 0
6.2e-09 18.5312 2.79688 8.17188 3 204716473 0 139032735
6.2e-09 18.9531 2.5625 8.17188 4 152721560 0 135909194
6.2e-09 19.4219 2.5 8.17188 12 25892413 10 274832903
6.2e-09 19.0469 2.35938 8.17188 11 224488065 6 100365955
6.2e-09 18.2812 2.375 8.17188 1 85474473 7 214836970
6.2e-09 17.5312 2.40625 8.17188 0 0 0 358569763
6.2e-09 17.5938 1.92188 8.17188 2 319889734 0 0
6.2e-09 18.7031 1.98438 8.14062 1 336466644 5 0
6.2e-09 18.0938 1.78125 8.17188 0 242109749 2 68677696
6.2e-09 17.9375 1.8125 8.4375 1 19118219 3 284920834
6.2e-09 21.1562 2.82812 8.17188 85 0 109 329628357
6.2e-09 18.7188 1.89062 8.17188 8 91569174 5 234822614
6.2e-09 18.0625 2.28125 8.17188 1 294449626 2 34324620
6.2e-09 19.0156 2.53125 8.17188 5 337953994 3 0
6.2e-09 18.0156 2.3125 8.17188 0 277523223 4 75189129
6.2e-09 17.625 1.89062 8.17188 1 142378972 4 153979894
6.2e-09 18.6094 2.53125 8.17188 2 257740451 4 35108175
6.2e-09 20.3906 1.875 8.17188 29 0 28 304227292
6.2e-09 18.1094 2.53125 8.17188 0 198303183 2 103561880
6.2e-09 19.0781 2.4375 8.3125 7 0 8 307138286
6.2e-09 17.5781 2.79688 8.17188 0 22668556 1 303887489
6.2e-09 18.125 2.03125 8.17188 1 295591015 2 0
6.2e-09 18.0469 1.82812 8.17188 4 198970288 2 139669380
6.2e-09 18.0781 2.375 8.17188 3 275459042 0 41183027
6.2e-09 19.4219 2.03125 8.17188 6 205073208 10 94929913
6.2e-09 18.5938 2.46875 8.17188 3 305753236 5 0
6.2e-09 17.6875 1.79688 8.29688 3 355841050 0 5855774
6.2e-09 18.5781 1.79688 8.1875 5 23752639 3 288171154
6.2e-09 17.9688 2.25 8.17188 1 63247604 3 226160585
6.2e-09 19.5312 1.92188 8.17188 11 0 8 328448389
6.2e-09 19.1406 2.8125 8.17188 5 0 14 367545963
6.2e-09 17.5625 2.25 8.17188 1 247935818 2 90810707
6.2e-09 18.0781 2.26562 8.17188 1 243318028 0 80425556
6.2e-09 17.2031 1.89062 8.17188 1 1402084 1 355730980
6.2e-09 19.5938 2.82812 8.17188 7 0 13 291914062
6.2e-09 18.7969 1.90625 8.17188 5 127495135 5 156061379
6.2e-09 17.4062 1.82812 8.17188 2 28558131 1 305352575
6.2e-09 18 1.875 8.17188 2 0 2 364909700
6.2e-09 17.8906 2.73438 8.17188 2 188380405 2 149452758
6.2e-09 18.5469 1.89062 8.17188 6 199984575 4 127532562
6.2e-09 17.5781 1.8125 8.07812 0 314543355 2 14314537
6.2e-09 17.6094 2 8.17188 0 45891849 1 260700942
6.2e-09 18.5781 1.98438 8.15625 5 210862766 3 104612308
6.2e-09 18.5938 1.79688 8.17188 2 245817932 4 54555600
6.2e-09 20.0938 2.75 8.17188 25 290099920 20 0
6.2e-09 18.625 2.39062 8.17188 4 162215637 1 128340190
6.2e-09 17.5625 1.82812 8.15625 3 137383575 1 193375849
6.2e-09 18.4844 1.9375 8.17188 2 0 2 368187257
6.2e-09 18.4688 2.54688 8.17188 3 0 5 286780700
6.2e-09 18.2188 2.75 8.17188 2 0 2 332451484
6.2e-09 18.2031 1.875 8.17188 4 230069368 2 111863502
6.2e-09 18.1719 1.90625 8.17188 4 328926708 2 32645855
6.2e-09 17.6719 2.53125 8.17188 0 102523287 0 266130613
6.2e-09 17.8125 1.8125 8.01562 2 40646976 0 246615508
6.2e-09 18.1406 2.03125 8.17188 2 104480298 1 184398057
6.2e-09 20.3125 1.95312 8.25 33 132046109 41 209153105
6.2e-09 17.4688 2.32812 8.17188 0 145752464 0 154454585
6.2e-09 17.6719 1.89062 8.17188 1 260668208 0 18414963
6.2e-09 18.0312 2.40625 8.17188 1 344591936 1 5195786
6.2e-09 20.2344 1.95312 8.21875 26 48449883 28 247649996
6.2e-09 19.2812 1.82812 8.17188 16 0 16 288914005
6.2e-09 17.8594 1.96875 8 3 121882500 0 232368548
6.2e-09 infty 1.79688 8.34375 3404 0 3326 0
6.2e-09 20.1719 1.90625 8.17188 36 331822154 33 0
6.2e-09 17.1094 2.28125 8.1875 2 262783130 1 54501234
6.2e-09 19.375 2.45312 8.4375 6 0 15 324889112
6.2e-09 17.2969 2.45312 8 0 270786172 0 27243534
6.2e-09 18.5156 1.92188 8.17188 3 99847637 4 253686095
6.2e-09 19.1406 2.76562 8.1875 8 356996943 6 5896487
6.2e-09 19.0312 2.42188 8.17188 6 256320063 2 72754275
6.2e-09 18.1094 1.78125 8.17188 1 41070323 1 257053397
6.2e-09 18.1875 1.79688 8.20312 3 355310590 3 0
6.2e-09 17.6094 1.95312 8.17188 1 58397422 1 250696194
6.2e-09 18.0938 1.89062 8.17188 2 143001187 3 163574441
6.2e-09 18.4062 2.34375 8.17188 4 18074952 3 300912403
6.2e-09 20.3594 1.78125 8.17188 27 319303718 31 0
6.2e-09 18.9375 1.84375 8.17188 8 81233275 5 215289111
6.2e-09 18.9375 2.82812 8.17188 3 57478371 4 239764515
6.2e-09 17.4531 2.8125 8.17188 1 218532494 0 86205056
6.2e-09 17.7812 2.28125 8.39062 2 64154713 2 236183397
6.2e-09 17.8438 2.32812 8.17188 3 277047873 1 90044208
6.2e-09 17.9062 1.82812 8.17188 1 157106521 1 171114267
6.2e-09 19.0625 1.78125 8.17188 8 290311574 7 24162179
6.2e-09 19.1094 2.73438 8.17188 11 250611268 7 40449220
6.2e-09 infty 1.96875 7.92188 3441 0 3315 0
6.2e-09 18.6562 2.79688 8.17188 5 57110543 7 306366184
6.2e-09 18.3438 2.78125 8.01562 1 351802372 3 2599285
6.2e-09 17.9688 2 8.17188 2 89427767 4 203934675
6.2e-09 19.25 2.42188 8.17188 11 304277032 11 0
6.2e-09 19.1719 1.78125 8.17188 10 341726622 5 0
6.2e-09 17.75 2.78125 7.92188 0 56164756 0 268065311
6.2e-09 18.3125 2.48438 8.17188 1 200088890 4 85284470
6.2e-09 18.1094 1.96875 8.35938 2 167139237 1 135900710
6.2e-09 17.9219 2.26562 8.17188 0 145829938 2 171474774
6.2e-09 20.0469 2 8.17188 18 0 24 314568768
6.2e-09 17.0938 2.23438 8.17188 0 927854 2 324486812
6.2e-09 17.9219 2.26562 8.17188 2 128136436 1 188470921
6.2e-09 18.5 1.875 8.17188 1 116626829 6 247362297
6.2e-09 18.0156 1.84375 8.17188 2 90164835 5 270849143
6.2e-09 18.1094 2.35938 8.17188 4 0 4 303999346
6.2e-09 18.0469 1.8125 7.9375 3 77522360 2 259579122
6.2e-09 17.6094 2.01562 8.17188 1 91753081 0 218920749
6.2e-09 18.1562 1.98438 8.15625 1 31428683 1 247547212
6.2e-09 17.9688 2.375 8.17188 1 33169016 2 257152313
6.2e-09 18.0781 2.29688 8.03125 2 59813535 3 262688373
6.2e-09 18.625 2.40625 8.17188 6 108829145 3 181507086
6.2e-09 19.0156 2.375 8.17188 13 213453825 8 125359447
6.2e-09 18.5938 2.25 8.17188 1 194771227 9 109990518
6.2e-09 17.5312 2.84375 8.17188 2 102696612 1 249174694
6.2e-09 19.6875 1.90625 8.17188 11 0 11 329540850
6.2e-09 17.6562 2.53125 8.17188 1 134620201 0 153218965
6.2e-09 17.625 2.3125 8.17188 0 100661129 3 200314143
6.2e-09 19.1719 1.9375 8.17188 10 162960641 7 183822772
6.2e-09 19.0312 2.79688 8.17188 5 176342485 5 160943562
6.2e-09 17.5156 2.25 8.17188 0 186371237 2 181887046
6.2e-09 20.8906 2.35938 8.17188 75 277327675 71 19255468
6.2e-09 18.6406 1.92188 8.17188 4 29204436 4 254477390
6.2e-09 17.8438 2.45312 7.98438 2 335880597 3 26184714
6.2e-09 17.8906 2.84375 8.17188 3 188039600 0 148776746
6.2e-09 17.7812 1.96875 8.28125 0 107134987 1 196883220
6.2e-09 17.7188 1.95312 8.17188 2 204703989 1 137917950
6.2e-09 19.0938 2 8.17188 10 184932431 8 109262042
6.2e-09 17.5312 2.23438 8.17188 1 162133550 4 194306663
6.2e-09 19.0156 1.82812 8.17188 8 0 11 338965523
6.2e-09 18.6094 1.95312 8.26562 2 237606290 7 60646910
6.2e-09 18.0938 2.42188 8.17188 1 198824050 2 112127323
6.2e-09 18.4531 2.23438 8.17188 2 283062720 4 11718841
6.2e-09 17.9375 1.95312 8.17188 0 200006610 0 108329792
6.2e-09 18.1406 2.42188 8.17188 2 91200362 0 198471515
6.2e-09 17.7812 2.4375 8.23438 2 0 1 307117536
6.2e-09 17.6406 2.5 8.17188 0 25122289 0 263801930
6.2e-09 infty 1.90625 8.17188 2832 0 2868 0
6.2e-09 18.6875 2.54688 8.17188 3 0 3 348014638
6.2e-09 17.9844 2.35938 8.17188 2 92248137 3 193033701
6.2e-09 18.9219 2.04688 8.17188 9 114956367 5 191935241
6.2e-09 18.7656 1.79688 8.29688 2 72800096 1 228722842
6.2e-09 19.7344 1.84375 8.17188 18 306609772 12 0
6.2e-09 18.5156 2.35938 8.17188 3 4331906 8 348894293
6.2e-09 18.0938 2.85938 8.17188 4 314439185 2 0
6.2e-09 17.8125 2.29688 8 0 16866081 0 270963002
6.2e-09 18.9844 1.92188 8.17188 3 170010015 4 191034736
6.2e-09 17.5781 1.85938 8.17188 2 153486230 1 176619439
6.2e-09 17.7031 2.375 8.17188 0 183965108 0 167946572
6.2e-09 18.2344 2.25 8.17188 4 12061356 5 310522186
6.2e-09 18.5938 2.54688 8.17188 5 0 1 308232499
6.2e-09 17.5 1.95312 8.17188 0 177165777 0 106045879
6.2e-09 18.7969 1.78125 8.17188 3 48842197 5 235480353
6.2e-09 19.5469 2.5625 8.17188 7 277025724 13 42911508
6.2e-09 18.5938 2.3125 8.15625 4 31064326 4 269605553
6.2e-09 19.9844 2.26562 8.17188 21 0 18 347067477
6.2e-09 18.5312 1.8125 8.09375 3 231044039 7 105071736
6.2e-09 18.0469 1.84375 8.17188 3 18351443 6 317830365
6.2e-09 17.7969 1.875 8.17188 2 197692681 1 99469468
6.2e-09 17.6406 2.26562 8.17188 2 72202760 0 217830862
6.2e-09 18.0312 2.04688 8.17188 2 27689181 3 323144096
6.2e-09 17.9375 1.89062 8.17188 1 160735469 1 147634832
6.2e-09 18.6406 2.04688 8.17188 8 311564702 3 57340172
6.2e-09 infty 1.96875 8 3317 0 3283 0
6.2e-09 18.6406 2.35938 8.17188 3 105497040 3 178139196
6.2e-09 17.6719 2.04688 8.17188 1 260224939 1 107986536
6.2e-09 19.6562 2.39062 8.17188 16 344392117 13 0
6.2e-09 19.0312 2.26562 8.17188 9 150634007 8 181934328
6.2e-09 18.4531 2.04688 8.17188 4 110618172 3 183371677
6.2e-09 18.0156 2.04688 8.17188 0 134515804 1 218645027
6.2e-09 18 1.92188 8.17188 1 68995921 4 294523897
6.2e-09 17.7031 2.39062 8.17188 0 141036293 2 210261975
6.2e-09 18.9219 2.29688 8.03125 6 202577592 2 100668500
6.2e-09 17.75 1.96875 7.98438 0 323065021 0 1801132
6.2e-09 17.9688 2.54688 8.17188 0 272752085 0 20004529
6.2e-09 18.125 2.42188 8.17188 2 0 1 291827691
6.2e-09 16.9531 2.04688 8.17188 0 270010191 2 41122094
6.2e-09 17.625 1.875 8.17188 2 268807576 0 29499893
6.2e-09 18.5469 2.35938 8.17188 1 313622936 6 12834767
6.2e-09 18.5469 2.28125 8.34375 2 0 4 334427195
6.2e-09 18.6875 1.90625 8.17188 3 344923355 4 0
6.2e-09 18 2.40625 8.17188 3 5384160 2 359729320
6.2e-09 17.6406 1.9375 8.17188 0 21132800 2 273762145
6.2e-09 18.2344 1.8125 8.40625 3 62619264 4 260488349
6.2e-09 18.8906 2.26562 8.17188 5 259314801 1 62910599
6.2e-09 17.6875 2.32812 8.17188 4 81092467 2 280975840
6.2e-09 17.5938 2.21875 8.17188 1 116186198 1 203441441
6.2e-09 17.7812 1.85938 8.17188 2 239562065 2 63949086
6.2e-09 18.4844 2.4375 8.23438 0 111073018 3 166728898
6.2e-09 infty 2.01562 8.17188 3081 0 3047 0
6.2e-09 18.0312 1.98438 8.10938 2 347926419 2 0
6.2e-09 17.9062 1.95312 8.23438 2 278440208 2 48886425
6.2e-09 17.9219 2.26562 8.17188 1 0 0 318602299
6.2e-09 17.6094 1.95312 8.26562 1 81562202 2 223623080
6.2e-09 19.1406 2.01562 8.17188 8 278218201 7 0
6.2e-09 18.7031 1.875 8.17188 1 40897309 6 296047904
6.2e-09 17.5625 2.01562 8.17188 0 119275351 4 219824105
6.2e-09 18.1562 1.79688 8.25 4 50861388 2 318346669
6.2e-09 19.2812 2.29688 7.92188 12 147301114 7 141928236
6.2e-09 18.0156 1.95312 8.17188 1 117751602 2 241956531
6.2e-09 18.1875 2.51562 8.17188 4 312108831 3 38302837
6.2e-09 17.9844 1.84375 8.17188 4 168636254 3 117253795
6.2e-09 19.7031 2.23438 8.17188 17 0 21 317344654
6.2e-09 20.125 2 8.17188 34 328490046 34 34506669
6.2e-09 18.5469 2.23438 8.17188 2 188293538 2 142096368
6.2e-09 19.0625 2.75 8.17188 5 119115546 7 199122203
6.2e-09 17.7969 2.28125 8.39062 2 0 3 294384027
6.2e-09 18.3594 2.3125 8.17188 5 341652471 6 6544694
6.2e-09 17.4219 2.01562 8.17188 1 168835630 2 156179058
6.2e-09 18 2.01562 8.17188 1 145854365 2 216118076
6.2e-09 19.1719 1.90625 8.17188 11 342473837 9 0
6.2e-09 18.1406 2.375 8.17188 6 105757623 1 182357655
6.2e-09 18.0781 2.21875 8.17188 2 47243618 2 275128347
6.2e-09 19 1.90625 8.17188 9 34577905 8 321078829
6.2e-09 18.1719 2.4375 8.17188 3 357829926 5 0
6.2e-09 19.0469 1.9375 8.17188 6 196417214 5 124827843
6.2e-09 18.9219 1.92188 8.17188 3 62154881 6 242342592
6.2e-09 17.1094 2.04688 8.17188 1 17950962 0 299316971
6.2e-09 17.7344 1.9375 8.17188 1 312573601 1 21145993
6.2e-09 17.6875 1.84375 8.17188 0 92065604 1 270425662
6.2e-09 19.0312 1.85938 8.17188 7 0 3 334923309
6.2e-09 17.5469 1.84375 8.17188 2 80079661 1 268916698
6.2e-09 17.5781 2.79688 8.17188 2 272312196 0 50323748
6.2e-09 18.0312 2 8.17188 2 185052387 4 157235322
6.2e-09 19.2188 2.4375 8.20312 10 48420996 10 270261294
6.2e-09 18.0938 2.26562 8.17188 1 293848149 2 18193396
6.2e-09 18.8438 2.26562 8.17188 2 650704 6 352125008
6.2e-09 18.2812 1.85938 8.17188 5 0 7 299296503
6.2e-09 18.5938 2.78125 8.15625 5 0 2 308066563
6.2e-09 18.5156 1.875 8.17188 10 245640632 3 103598418
6.2e-09 20.3594 2.32812 8.17188 45 160334838 44 160298378
6.2e-09 17.8906 2.75 8.17188 1 168358992 0 168482536
6.2e-09 18.4531 1.78125 8.17188 6 168655162 1 123645827
6.2e-09 19.5625 2.46875 8.14062 18 172989481 13 132917721
6.2e-09 19.3438 2.26562 8.17188 9 253174004 12 92484871
6.2e-09 17.25 2.39062 8.17188 0 309259475 0 19381291
6.2e-09 17.5 1.90625 8.17188 2 283625373 0 0
6.2e-09 18.7656 1.92188 8.17188 2 224133225 3 78892630
6.2e-09 19.5469 2.25 8.17188 10 197682661 12 121038062
6.2e-09 19.0469 2.82812 8.17188 10 0 10 320530056
6.2e-09 18.0781 1.9375 8.17188 0 172891199 3 149076999
6.2e-09 19.0469 2.29688 7.98438 5 260262924 7 66128199
6.2e-09 18.6875 1.9375 8.17188 6 82146916 12 261975475
6.2e-09 18.9688 2.53125 8.17188 4 59415027 7 220374747
6.2e-09 17.9375 2.42188 8.17188 1 310187515 1 744634
6.2e-09 19.8594 1.96875 7.98438 21 320705282 15 0
6.2e-09 18.9062 1.9375 8.17188 5 314126441 9 0
6.2e-09 16.8906 1.8125 8.40625 0 289108934 0 62882688
6.2e-09 20.2344 2.23438 8.17188 27 0 32 297239042
6.2e-09 18.2969 2.5 8.17188 1 78305151 1 212547410
6.2e-09 18.0625 2.03125 8.17188 4 89258257 2 236010405
6.2e-09 18.4531 1.90625 8.17188 5 285942908 2 7170583
6.2e-09 18.6094 2.34375 8.17188 4 280339514 3 15594236
6.2e-09 17.7031 1.96875 7.95312 2 4603848 1 345296264
6.2e-09 19 1.78125 8.17188 6 48509453 5 299749951
6.2e-09 20.0625 1.95312 8.17188 24 0 17 303143200
6.2e-09 18.2812 1.96875 8.34375 2 0 3 297857793
6.2e-09 17.8438 2.79688 8.17188 0 178232556 1 187093484
6.2e-09 18.9844 2.78125 7.95312 7 362590149 12 0
6.2e-09 18.5312 2.21875 8.17188 3 122276799 4 220699876
6.2e-09 infty 2.29688 8.07812 3249 0 3287 0
6.2e-09 18.9062 2.23438 8.17188 6 308850946 5 3872831
6.2e-09 18.6875 2.01562 8.17188 3 265559132 4 79419417
6.2e-09 18.0156 1.82812 8.09375 3 158264096 1 199096963
6.2e-09 19.1875 2.23438 8.17188 3 0 7 337132409
6.2e-09 18.6719 2.03125 8.17188 8 272013509 6 85521052
6.2e-09 18.25 2.4375 8.21875 2 119523055 4 198492156
6.2e-09 19.1406 2.03125 8.17188 11 168953723 12 196589501
6.2e-09 18.6094 1.8125 7.92188 5 91095113 0 208458929
6.2e-09 17.7344 2.82812 8.17188 1 16291521 1 317924897
6.2e-09 18.1094 1.90625 8.17188 1 166405030 3 134467450
6.2e-09 18.5781 2.34375 8.17188 6 230715746 3 80793155
6.2e-09 18.2812 2.39062 8.17188 1 0 5 298425117
6.2e-09 17.625 2.01562 8.17188 1 242668362 1 54393190
6.2e-09 19.2188 2.25 8.17188 7 302952501 4 20274319
6.2e-09 18.0625 1.875 8.17188 3 139925158 3 192043379
6.2e-09 17.625 2.40625 8.17188 1 235863139 0 60291581
6.2e-09 20.2188 2 8.17188 28 127423384 28 182592740
6.2e-09 20.375 1.9375 8.17188 33 309218442 29 0
6.2e-09 18.0625 2.79688 8.17188 0 72748653 3 251791743
6.2e-09 17.1562 2.25 8.17188 0 4975839 1 288328754
6.2e-09 18.4844 1.84375 8.17188 4 283476054 3 84914196
6.2e-09 19.1562 1.85938 8.17188 9 357994055 12 0
6.2e-09 17.8594 1.92188 8.17188 0 221787150 4 134715223
6.2e-09 18.5156 1.89062 8.17188 2 0 1 352934131
6.2e-09 18.125 1.9375 8.17188 1 248497620 1 43480406
6.2e-09 17.9375 1.96875 7.96875 1 87748344 3 222285770
6.2e-09 19.125 1.84375 8.17188 7 60957821 9 221642068
6.2e-09 18.1406 2.23438 8.17188 1 122335041 3 167433153
6.2e-09 18.5781 1.82812 8.17188 3 188734508 2 128124759
6.2e-09 18.625 2.35938 8.17188 3 52578323 3 236066425
6.2e-09 19.3906 2.45312 8.04688 7 204675274 6 108363984
6.2e-09 18.4688 2.04688 8.17188 2 46162825 2 239109010
6.2e-09 18.0469 2.04688 8.17188 3 312789118 7 26667492
6.2e-09 20.3438 2.29688 7.98438 31 0 29 330154375
6.2e-09 19.1406 1.92188 8.17188 7 344619506 14 24191873
6.2e-09 18.2188 2.51562 8.17188 2 287110023 1 47872288
6.2e-09 17.9062 1.92188 8.17188 0 271909750 0 56677804
6.2e-09 17.875 1.875 8.17188 1 78024114 0 269060190
6.2e-09 17.5781 2.03125 8.17188 3 75475741 1 248760635
6.2e-09 18.0312 1.89062 8.17188 6 0 1 348621754
6.2e-09 18.4531 2.28125 8.35938 1 42735135 1 251053524
6.2e-09 18.1562 1.98438 8.15625 0 147458971 4 133237180
6.2e-09 17.5781 2.34375 8.17188 2 189414244 1 135984559
6.2e-09 19.625 2.39062 8.17188 15 0 17 364611497
6.2e-09 18.25 2.28125 8.28125 4 11207757 3 303880375
6.2e-09 18.9688 1.95312 8.17188 6 0 8 279306711
6.2e-09 17.1875 1.875 8.17188 2 277101369 0 90741859
6.2e-09 18.2969 2.53125 8.17188 1 138213 2 289145452
6.2e-09 18.6406 2.3125 8.17188 6 0 3 283125268
6.2e-09 17.6719 1.78125 8.17188 0 135559725 0 144480944
6.2e-09 19.125 2.42188 8.17188 8 146792911 5 132529631
6.2e-09 17.625 2.21875 8.17188 1 223863493 1 72616624
6.2e-09 19.6562 2.32812 8.17188 14 0 15 345552310
6.2e-09 17.9375 1.9375 8.17188 0 220665588 1 90437762
6.2e-09 18 1.9375 8.17188 3 328953302 0 33324792
6.2e-09 18.125 1.875 8.17188 2 227724240 3 67351663
6.2e-09 18.5938 2.48438 8.17188 1 138224373 5 165768188
6.2e-09 17.2031 1.95312 8.17188 0 142075630 0 214007346
6.2e-09 18.25 2.01562 8.17188 2 313505746 4 3281819
6.2e-09 17.4531 2.34375 8.17188 2 268624211 3 33323317
6.2e-09 18.1406 1.79688 8.21875 3 78581906 0 210912300
6.2e-09 18.1719 2.48438 8.17188 2 149957386 3 210865704
6.2e-09 19.0156 2.8125 8.17188 9 294460414 8 50526015
6.2e-09 18.1875 2.29688 8.4375 0 337631323 2 13719182
6.2e-09 17.4688 1.92188 8.17188 2 255465661 1 38507819
6.2e-09 18.0156 2.34375 8.17188 2 200257456 0 156834709
6.2e-09 17.0469 1.875 8.17188 0 14783327 0 340348636
6.2e-09 19.7969 1.84375 8.17188 23 0 27 363970736
6.2e-09 17.6094 1.79688 8.32812 0 6778487 1 303859881
6.2e-09 18.5 1.96875 8.32812 4 363123188 2 0
6.2e-09 18.125 1.92188 8.17188 3 82342604 2 209420156
6.2e-09 18.2031 2.29688 7.98438 3 121529533 0 222481164
6.2e-09 17.9688 2.54688 8.17188 0 77278439 0 212202467
6.2e-09 17.2812 1.875 8.17188 1 272593421 0 39424792
6.2e-09 17.6406 2.3125 8.15625 3 212364669 0 79601137
6.2e-09 17.8594 1.79688 8.3125 0 153540654 4 203213220
6.2e-09 17.7969 1.9375 8.17188 1 212157351 3 84135683
6.2e-09 18.3594 1.85938 8.17188 3 349769722 2 0
6.2e-09 18.2969 2.25 8.17188 5 195243585 0 94121585
6.2e-09 18.2344 2.76562 8.25 1 0 0 325037140
6.2e-09 18.1719 1.78125 8.17188 0 265720323 2 96595577
6.2e-09 18.6406 1.79688 8.25 4 111896909 2 257191424
6.2e-09 20.2344 1.78125 8.17188 21 299039257 28 0
6.2e-09 18.0938 1.9375 8.17188 3 184357433 2 126791646
6.2e-09 19.8438 1.79688 8.29688 22 0 19 333610213
6.2e-09 17.5312 1.875 8.17188 0 113350106 1 241605388
6.2e-09 17.7969 1.95312 8.20312 3 80019551 3 217691974
6.2e-09 18.0781 2.78125 8.09375 1 80880482 1 239661585
6.2e-09 18.5781 1.78125 8.17188 5 193610363 1 115986981
6.2e-09 19.1406 2.32812 8.17188 10 187159616 5 174899208
6.2e-09 18.5469 2.03125 8.17188 3 278749371 4 51666930
6.2e-09 18.0781 2.82812 8.17188 3 250634156 4 72400617
6.2e-09 18.7969 1.8125 7.92188 8 282541451 6 0
6.2e-09 18.9375 2.48438 8.17188 4 133672059 1 163635725
6.2e-09 17.7344 1.875 8.17188 3 196087432 2 133262380
6.2e-09 infty 1.78125 8.17188 2626 0 2705 0
6.2e-09 20.3125 2.45312 7.96875 39 0 36 346693105
6.2e-09 17.875 2.78125 8.09375 2 43310066 3 298951499
6.2e-09 17.25 1.96875 8.3125 1 153719537 0 176424408
6.2e-09 infty 2.75 8.17188 2653 0 2568 0
6.2e-09 19.1406 2.4375 8.17188 9 0 10 367601389
6.2e-09 17.6875 2.01562 8.17188 1 194327869 0 163490374
6.2e-09 18.2812 2.25 8.17188 0 126218906 2 171777641
6.2e-09 17.9375 1.82812 8.125 1 137807487 0 168680476
6.2e-09 19.6406 2.79688 8.17188 10 106540666 16 248244151
6.2e-09 19.0156 1.8125 8.04688 7 167557581 6 177089784
6.2e-09 19.5625 1.8125 7.95312 13 56393736 14 255675099
6.2e-09 17.9688 1.95312 8.17188 0 166634556 0 120214498
6.2e-09 17.5938 2.51562 8.17188 4 282883419 1 34527951
6.2e-09 19.0156 1.79688 8.17188 9 297928063 6 39881229
6.2e-09 19.3594 2.76562 8.25 13 0 9 332793958
6.2e-09 18.1406 2.29688 8.10938 1 46188447 3 243530647
6.2e-09 18.625 1.90625 8.17188 4 227242778 9 61967944
6.2e-09 19.2188 2.73438 8.17188 10 271516937 7 47729935
6.2e-09 18.4531 2.3125 8.17188 4 127757029 3 164375527
6.2e-09 17.2188 2.45312 7.92188 1 55120716 2 290296287
6.2e-09 18.0938 2.34375 8.17188 3 123512863 2 187142539
6.2e-09 18.1562 2.04688 8.17188 3 354196258 4 11780357
6.2e-09 19.125 2.04688 8.17188 4 148507514 3 130929284
6.2e-09 18.4688 1.92188 8.17188 5 87300515 2 196389129
6.2e-09 17.7656 1.8125 8.0625 3 259674780 0 54760888
6.2e-09 17.9531 2.23438 8.17188 2 218561422 1 79083551
6.2e-09 18.3906 2.5625 8.17188 4 94340006 3 235757659
6.2e-09 19.75 1.90625 8.17188 12 297716603 17 0
6.2e-09 17.9844 2.54688 8.17188 1 73765257 2 210551694
6.2e-09 18.7812 2.78125 7.9375 4 84864603 3 204627265
6.2e-09 16.5469 2.01562 8.17188 0 6465279 0 353532486
6.2e-09 18.6094 1.78125 8.17188 3 275757271 2 20757638
6.2e-09 18.0781 1.98438 8.15625 0 12863781 4 303235190
6.2e-09 17.5938 2.25 8.17188 0 240997676 1 77895018
6.2e-09 18.9375 2.76562 8.42188 10 211866328 6 84601688
6.2e-09 17.875 1.8125 7.92188 1 345886461 3 0
6.2e-09 18.8594 1.875 8.17188 5 49944769 5 292081165
6.2e-09 18.5 1.98438 8.17188 7 0 4 359939619
6.2e-09 17.7031 2.25 8.17188 2 85749517 0 263804844
6.2e-09 19.5625 1.95312 8.17188 11 0 7 311655064
6.2e-09 17.125 2.01562 8.17188 1 28892582 0 277655960
6.2e-09 17.5 2.04688 8.17188 0 55724197 1 226081765
6.2e-09 18.5 2.46875 8.17188 4 265185610 5 95552857
6.2e-09 20.3281 1.8125 7.92188 38 0 30 332545500
6.2e-09 17.9844 1.875 8.17188 2 271954189 2 12129301
6.2e-09 17.4688 2.51562 8.17188 0 54124730 0 240345311
6.2e-09 19.4688 2.40625 8.17188 16 0 10 368587606
6.2e-09 18.5156 1.95312 8.21875 4 0 2 351699648
6.2e-09 18.1562 2.23438 8.17188 3 192192942 2 85672556
6.2e-09 17.6875 2.34375 8.17188 2 272544551 0 87845629
6.2e-09 18 1.95312 8.17188 1 20941004 2 257806088
6.2e-09 18.5156 1.9375 8.17188 6 270061248 1 83900781
6.2e-09 18 2.04688 8.17188 0 153519026 3 124049648
6.2e-09 17.2344 2.73438 8.17188 0 153251572 1 183991307
6.2e-09 20.6719 1.89062 8.17188 63 0 51 329804220
6.2e-09 18 2 8.17188 2 0 1 277682280
6.2e-09 17.5469 2.40625 8.17188 1 211743465 2 136109691
6.2e-09 19.0469 2.85938 8.17188 4 14869863 5 309043536
