0.015625	22705213	0	22703288	0	0.00888273	0	0
0.03125	23361957	0	23360445	0	0.00913975	0	0
0.046875	24036292	0	24036276	0	0.00940387	0	0
0.0625	24733211	0	24731198	0	0.00967614	0	0
0.078125	25449127	0	25445898	0	0.00995599	0	0
0.09375	26185023	0	26182815	0	0.0102441	0	0
0.109375	26944010	0	26940474	0	0.0105408	0	0
0.125	27724313	0	27717686	0	0.0108455	0	0
0.140625	28525906	0	28518805	0	0.011159	0	0
0.15625	29351227	0	29345562	0	0.0114822	0	0
0.171875	30200952	0	30193992	0	0.0118143	0	0
0.1875	31073792	0	31067212	0	0.0121559	0	0
0.203125	31971868	0	31966628	0	0.0125075	0	0
0.21875	32895785	0	32891722	0	0.0128692	0	0
0.234375	33847522	0	33843110	0	0.0132415	0	0
0.25	34826861	0	34823113	0	0.0136248	0	0
0.265625	35834215	0	35830002	0	0.0140188	0	0
0.28125	36871482	0	36865821	0	0.0144244	0	0
0.296875	37937127	0	37931435	0	0.0148413	0	0
0.3125	39034969	0	39026000	0	0.0152701	0	0
0.328125	40163613	0	40154258	0	0.0157116	0	0
0.34375	41325133	0	41316828	0	0.0161663	0	0
0.359375	42520398	0	42512839	0	0.016634	0	0
0.375	43752529	0	43741547	0	0.0171154	0	0
0.390625	45016962	0	45007738	0	0.0176105	0	0
0.40625	46317071	0	46311223	0	0.0181198	0	0
0.421875	47657665	0	47650169	0	0.0186439	0	0
0.4375	49035446	0	49030226	0	0.0191834	0	0
0.453125	50454550	0	50450864	0	0.0197389	0	0
0.46875	51915042	0	51911357	0	0.0203103	0	0
0.484375	53416716	0	53413897	0	0.020898	0	0
0.5	54961666	0	54958271	0	0.0215023	0	0
0.515625	42409711	0	42412341	0	0.0165927	0	0
0.53125	43636407	0	43639801	0	0.0170728	0	0
0.546875	44897754	0	44901060	0	0.0175663	0	0
0.5625	46196628	0	46200885	0	0.0180746	0	0
0.578125	47533306	0	47537382	0	0.0185976	0	0
0.59375	48909752	0	48913617	0	0.019136	0	0
0.609375	50324626	0	50326294	0	0.0196891	0	0
0.625	51780577	0	51783670	0	0.020259	0	0
0.640625	53278120	0	53281656	0	0.020845	0	0
0.65625	54820346	0	54823491	0	0.0214483	0	0
0.671875	56405203	0	56409318	0	0.0220686	0	0
0.6875	58038038	0	58040495	0	0.0227071	0	0
0.703125	59718994	0	59718736	0	0.0233642	0	0
0.71875	61447183	0	61447916	0	0.0240405	0	0
0.734375	63224062	0	63225552	0	0.0247358	0	0
0.75	65056870	0	65055770	0	0.0254524	0	0
0.765625	66939763	0	66941909	0	0.0261897	0	0
0.78125	68876544	0	68879344	0	0.0269476	0	0
0.796875	70866154	0	70872916	0	0.0277267	0	0
0.8125	72917069	0	72924862	0	0.0285293	0	0
0.828125	75025587	0	75034940	0	0.0293546	0	0
0.84375	77198643	0	77207417	0	0.0302046	0	0
0.859375	79428659	0	79440599	0	0.0310777	0	0
0.875	81727218	0	81741616	0	0.0319775	0	0
0.890625	84091887	0	84107566	0	0.0329029	0	0
0.90625	86524209	0	86540447	0	0.0338546	0	0
0.921875	89028550	0	89044318	0	0.0348343	0	0
0.9375	91606751	0	91618944	0	0.0358423	0	0
0.953125	94260397	0	94270527	0	0.0368801	0	0
0.96875	96992323	0	96998630	0	0.0379482	0	0
0.984375	99797141	0	99803687	0	0.0390455	0	0
1	102683363	0	102690098	0	0.0401748	0	0
1.01562	105654661	0	105664243	0	0.0413378	0	0
1.03125	81532117	0	81547006	0	0.0319012	0	0
1.04688	83891878	0	83907978	0	0.0328247	0	0
1.0625	86319835	0	86334595	0	0.0337743	0	0
1.07812	88817944	0	88832706	0	0.0347517	0	0
1.09375	91388642	0	91402658	0	0.0357573	0	0
1.10938	94031874	0	94046241	0	0.0367915	0	0
1.125	96752483	0	96765585	0	0.0378556	0	0
1.14062	99551217	0	99565195	0	0.0389508	0	0
1.15625	102432627	0	102446046	0	0.040078	0	0
1.17188	105397005	0	105411664	0	0.041238	0	0
1.1875	108448448	0	108463189	0	0.0424319	0	0
1.20312	111585283	0	111600549	0	0.0436592	0	0
1.21875	114814002	0	114828759	0	0.0449223	0	0
1.23438	118134121	0	118147547	0	0.046221	0	0
1.25	121553192	0	121565983	0	0.0475585	0	0
1.26562	125067086	0	125080246	0	0.0489334	0	0
1.28125	128682989	0	128696327	0	0.0503481	0	0
1.29688	132401930	0	132421859	0	0.0518043	0	0
1.3125	136232470	0	136252022	0	0.0533029	0	0
1.32812	140177123	0	140191075	0	0.0548451	0	0
1.34375	144232921	0	144246427	0	0.0564318	0	0
1.35938	148404571	0	148419969	0	0.0580643	0	0
1.375	152695269	0	152716069	0	0.059744	0	0
1.39062	157113486	0	157135032	0	0.0614727	0	0
1.40625	161657975	0	161679708	0	0.0632507	0	0
1.42188	166334908	0	166357861	0	0.0650807	0	0
1.4375	171145729	0	171170997	0	0.0669634	0	0
1.45312	176097962	0	176123628	0	0.0689009	0	0
1.46875	181192544	0	181218204	0	0.0708941	0	0
1.48438	186435940	0	186454979	0	0.0729442	0	0
1.5	191829486	0	191851080	0	0.0750549	0	0
1.51562	197379636	0	197402387	0	0.0772265	0	0
1.53125	203092177	0	203114612	0	0.0794614	0	0
1.54688	156730967	0	156748740	0	0.0613223	0	0
1.5625	161263512	0	161280448	0	0.0630955	0	0
1.57812	165931903	0	165945040	0	0.0649212	0	0
1.59375	170733519	0	170749023	0	0.0668002	0	0
1.60938	175675594	0	175693934	0	0.0687343	0	0
1.625	180756180	0	180775540	0	0.0707222	0	0
1.64062	185985097	0	186005584	0	0.0727681	0	0
1.65625	191368353	0	191382692	0	0.0748731	0	0
1.67188	196909102	0	196921238	0	0.0770404	0	0
1.6875	202604583	0	202615283	0	0.0792684	0	0
1.70312	208466154	0	208475629	0	0.0815614	0	0
1.71875	214494323	0	214508951	0	0.0839208	0	0
1.73438	220699911	0	220712970	0	0.0863484	0	0
1.75	227086752	0	227097190	0	0.0888466	0	0
1.76562	233655988	0	233671530	0	0.0914177	0	0
1.78125	240419363	0	240431943	0	0.0940632	0	0
1.79688	247373136	0	247386246	0	0.0967839	0	0
1.8125	254532430	0	254544935	1	0.0995848	0	0
1.82812	261893234	0	261915279	1	0.102466	0	0
1.84375	202100817	0	202115806	2	0.0790721	0	0
1.85938	207948249	0	207962655	2	0.0813597	0	0
1.875	213965006	0	213977573	2	0.0837133	0	0
1.89062	220152115	0	220165598	2	0.0861341	0	0
1.90625	226517498	0	226530992	3	0.0886245	0	0
1.92188	233071116	0	233082429	3	0.0911881	0	0
1.9375	239808632	0	239823838	3	0.0938248	0	0
1.95312	246744787	0	246762695	3	0.096539	0	0
1.96875	253884474	0	253898550	3	0.0993316	0	0
1.98438	261227639	0	261243261	3	0.102205	0	0
2	201570475	0	201600518	2	0.0788676	0	0
2.01562	207400108	0	207431636	2	0.0811486	0	0
2.03125	213397553	0	213436246	2	0.0834964	0	0
2.04688	219573006	0	219613859	2	0.0859129	0	0
2.0625	225925215	0	225968788	2	0.0883987	0	0
2.07812	232463025	0	232511781	3	0.0909575	0	0
2.09375	239191355	0	239238031	3	0.0935895	0	0
2.10938	246113362	0	246159753	3	0.0962976	0	0
2.125	253233797	0	253278985	3	0.0990831	0	0
2.14062	260561450	0	260607390	3	0.10195	0	0
2.15625	201066013	1	201108779	3	0.0786727	0	0
2.17188	206883160	1	206929756	3	0.0809493	0	0
2.1875	212866793	1	212914567	3	0.0832906	0	0
2.20312	219024548	1	219072251	3	0.0856997	0	0
2.21875	225363150	2	225411449	5	0.0881797	0	0
2.23438	231884631	2	231933189	8	0.0907312	0	0
2.25	238596422	2	238644068	9	0.0933569	0	0
2.26562	245501732	2	245547199	9	0.0960581	0	0
2.28125	252607166	2	252651820	10	0.0988378	0	0
2.29688	259913798	2	259962399	11	0.101697	0	0
2.3125	200578138	1	200615625	9	0.0784808	0	0
2.32812	206379123	1	206419286	9	0.0807509	0	0
2.34375	212348629	1	212391938	9	0.083087	0	0
2.35938	218493364	1	218534694	9	0.0854906	0	0
2.375	224814322	1	224857138	10	0.0879639	0	0
2.39062	231318692	1	231358244	10	0.090508	0	0
2.40625	238009576	1	238052517	10	0.0931264	0	0
2.42188	244893821	1	244942606	10	0.0958209	0	0
2.4375	251980912	1	252033442	10	0.0985944	0	0
2.45312	259269003	1	259323146	10	0.101446	0	0
2.46875	200061178	1	200117739	5	0.0782823	0	0
2.48438	205850831	1	205907966	5	0.0805475	0	0
2.5	211804622	1	211865965	5	0.0828777	0	0
2.51562	217931483	1	217994925	5	0.0852751	0	0
2.53125	224236618	1	224299917	5	0.0877419	0	0
2.54688	230723255	1	230786835	6	0.0902798	0	0
2.5625	237403022	1	237466315	6	0.0928931	0	0
2.57812	244272845	1	244337979	6	0.0955812	0	0
2.59375	251340309	1	251404534	6	0.098346	0	0
2.60938	258607910	1	258679924	7	0.101191	0	0
2.625	199558127	1	199603354	5	0.0780832	0	0
2.64062	205329562	1	205378224	6	0.0803419	0	0
2.65625	211274245	1	211321099	6	0.0826673	0	0
2.67188	217388768	1	217436262	7	0.0850597	0	0
2.6875	223683257	1	223728306	7	0.0875218	0	0
2.70312	230157459	1	230200535	7	0.0900544	0	0
2.71875	236813178	1	236858280	7	0.0926587	0	0
2.73438	243665497	2	243712442	7	0.09534	0	0
2.75	250711260	2	250761548	7	0.0980972	0	0
2.76562	257963698	2	258015007	7	0.100935	0	0
2.78125	199070569	2	199111649	5	0.0778917	0	0
2.79688	204826364	2	204874145	5	0.0801449	0	0
2.8125	210755146	2	210799760	6	0.0824638	0	0
2.82812	216855991	3	216899603	7	0.0848505	0	0
2.84375	223128680	3	223171461	7	0.0873044	0	0
2.85938	229586413	3	229630635	7	0.0898312	0	0
2.875	236227928	3	236275196	7	0.0924302	0	0
2.89062	243059394	3	243109884	7	0.0951035	0	0
2.90625	250090161	3	250148862	7	0.0978558	0	0
2.92188	257321539	3	257387947	7	0.100687	0	0
2.9375	198577069	1	198636973	3	0.0777023	0	0
2.95312	204323491	1	204383735	3	0.0799506	0	0
2.96875	210231939	1	210296235	3	0.0822629	0	0
2.98438	216315787	1	216375995	3	0.0846424	0	0
3	222574882	1	222637681	3	0.0870917	0	0
3.01562	229011304	1	229078839	3	0.0896107	0	0
3.03125	235633127	1	235705627	4	0.0922024	0	0
3.04688	242448472	1	242526480	4	0.0948699	0	0
3.0625	249459045	1	249543041	4	0.0976139	0	0
3.07812	256677109	1	256759952	4	0.100438	0	0
3.09375	198090035	0	198133316	2	0.0775085	0	0
3.10938	203822632	0	203863686	2	0.0797509	0	0
3.125	209720436	0	209758196	2	0.0820576	0	0
3.14062	215788444	0	215825736	2	0.0844316	0	0
3.15625	222032828	0	222070208	2	0.0868746	0	0
3.17188	228453361	0	228493082	2	0.089387	0	0
3.1875	235056277	0	235099429	2	0.091971	0	0
3.20312	241856017	0	241903354	2	0.0946321	0	0
3.21875	248852558	0	248898425	2	0.0973691	0	0
3.23438	256050160	0	256095703	2	0.100185	0	0
3.25	197593103	0	197629156	1	0.0773126	0	0
3.26562	203306936	0	203353879	1	0.0795502	0	0
3.28125	209188666	0	209237121	1	0.0818517	0	0
3.29688	215236937	0	215293083	1	0.0842195	0	0
3.3125	221460647	0	221522106	1	0.0866555	0	0
3.32812	227868086	0	227929340	1	0.0891623	0	0
3.34375	234460481	0	234519502	1	0.091741	0	0
3.35938	241242013	0	241303986	1	0.0943948	0	0
3.375	248220432	0	248286431	1	0.0971258	0	0
3.39062	255399452	1	255475001	3	0.0999363	0	0
3.40625	262792613	1	262867525	3	0.102829	0	0
3.42188	202788449	1	202854199	2	0.0793511	0	0
3.4375	208656426	1	208721683	2	0.0816467	0	0
3.45312	214687792	1	214759339	2	0.0840077	0	0
3.46875	220901151	2	220972271	2	0.0864385	0	0
3.48438	227295937	3	227364040	3	0.0889397	0	0
3.5	233870133	4	233941860	3	0.0915125	0	0
3.51562	240638027	5	240703815	3	0.0941592	0	0
3.53125	247599270	5	247668762	3	0.0968834	0	0
3.54688	254766174	5	254832696	3	0.0996868	0	0
3.5625	262136631	5	262201009	3	0.10257	0	0
3.57812	202287970	3	202349885	2	0.0791545	0	0
3.59375	208140045	3	208203924	2	0.0814444	0	0
3.60938	214159800	3	214223482	3	0.0837995	0	0
3.625	220354307	3	220422233	3	0.0862239	0	0
3.64062	226728242	3	226798952	4	0.0887182	0	0
3.65625	233288625	3	233359250	4	0.0912848	0	0
3.67188	240041703	3	240109656	4	0.0939263	0	0
3.6875	246984082	6	247051219	4	0.0966423	0	0
3.70312	254127744	6	254197467	4	0.0994376	0	0
3.71875	261473885	6	261556413	4	0.102314	0	0
3.73438	201789124	2	201846060	5	0.0789584	0	0
3.75	207628491	2	207690102	5	0.0812439	0	0
3.76562	213633895	2	213695570	5	0.0835934	0	0
3.78125	219817222	2	219876615	6	0.0860121	0	0
3.79688	226179569	2	226236033	6	0.0885007	0	0
3.8125	232717747	2	232783781	6	0.0910606	0	0
3.82812	239452085	2	239516510	6	0.093695	0	0
3.84375	246380545	2	246443084	6	0.0964053	0	0
3.85938	253506887	2	253567021	6	0.0991929	0	0
3.875	260838700	2	260901781	6	0.102062	0	0
3.89062	201293935	1	201341297	5	0.0787628	0	0
3.90625	207112839	1	207162928	5	0.0810399	0	0
3.92188	213108759	1	213154533	5	0.0833848	0	0
3.9375	219271461	1	219320971	5	0.0857966	0	0
3.95312	225613128	1	225668026	5	0.0882788	0	0
3.96875	232143835	1	232195826	6	0.0908333	0	0
3.98438	238858223	1	238910402	6	0.0934602	0	0
4	245768378	1	245824963	8	0.0961646	0	0
4.01562	252881064	1	252938155	8	0.0989474	0	0
4.03125	260196052	1	260259154	8	0.10181	0	0
4.04688	200798354	1	200837198	6	0.0785672	0	0
4.0625	206609462	1	206641269	7	0.0808393	0	0
4.07812	212585755	1	212621528	7	0.0831783	0	0
4.09375	218733194	1	218770544	8	0.0855837	0	0
4.10938	225059923	1	225103254	9	0.0880601	0	0
4.125	231565832	1	231614761	9	0.0906065	0	0
4.14062	238266034	1	238312161	9	0.0932273	0	0
4.15625	245163856	2	245204866	9	0.095925	0	0
4.17188	252254322	2	252298296	9	0.0986997	0	0
4.1875	259552430	2	259594876	9	0.101555	0	0
4.20312	200303236	3	200324754	9	0.0783701	0	0
4.21875	206101695	3	206118435	9	0.0806377	0	0
4.23438	212062983	4	212080985	9	0.0829703	0	0
4.25	218194815	4	218218032	9	0.0853703	0	0
4.26562	224507139	4	224528991	10	0.0878396	0	0
4.28125	231000318	4	231024802	10	0.0903805	0	0
4.29688	237680685	4	237706324	10	0.0929943	0	0
4.3125	244557848	4	244586189	10	0.0956855	0	0
4.32812	251624877	5	251661727	10	0.098452	0	0
4.34375	258906019	5	258944936	11	0.101301	0	0
4.35938	199814741	2	199832968	10	0.0781783	0	0
4.375	205594191	2	205620161	12	0.080441	0	0
4.39062	211543426	2	211570342	12	0.0827687	0	0
4.40625	217664572	2	217689743	12	0.0851632	0	0
4.42188	223964305	2	223990983	12	0.0876282	0	0
4.4375	230447974	2	230468535	12	0.0901636	0	0
4.45312	237121685	2	237137966	12	0.0927738	0	0
4.46875	243979006	2	244000947	12	0.0954577	0	0
4.48438	251040463	2	251058622	12	0.0982197	0	0
4.5	258301019	2	258321792	12	0.101061	0	0
4.51562	193730178	2	193743417	6	0.0757969	0.0229425	5.73563e-05
4.53125	193730178	2	193743417	6	0.0757969	0.0228851	0.000114569
4.54688	193730178	2	193743417	6	0.0757969	0.0228279	0.000171639
4.5625	193730178	2	193743417	7	0.0757969	0.0227709	0.000228566
4.57812	193730178	2	193743417	8	0.0757969	0.0227139	0.000285351
4.59375	193730178	2	193743417	9	0.0757969	0.0226571	0.000341994
4.60938	193730178	2	193743417	9	0.0757969	0.0226005	0.000398495
4.625	193730178	2	193743417	9	0.0757969	0.022544	0.000454855
4.64062	193730178	2	193743417	9	0.0757969	0.0224876	0.000511074
4.65625	193730178	2	193743417	9	0.0757969	0.0224314	0.000567153
4.67188	193730178	3	193743417	9	0.0757969	0.0223753	0.000623091
4.6875	145293495	1	145298934	6	0.0568452	0.0224752	0.000523506
4.70312	145293495	1	145298934	6	0.0568452	0.022419	0.000579554
4.71875	145293495	1	145298934	6	0.0568452	0.0223629	0.000635461
4.73438	145293495	1	145298934	6	0.0568452	0.022307	0.000691229
4.75	145293495	1	145298934	6	0.0568452	0.0222513	0.000746857
4.76562	145293495	1	145298934	6	0.0568452	0.0221956	0.000802346
4.78125	145293495	1	145298934	6	0.0568452	0.0221402	0.000857696
4.79688	145293495	1	145298934	6	0.0568452	0.0220848	0.000912908
4.8125	145293495	1	145298934	6	0.0568452	0.0220296	0.000967982
4.82812	145293495	1	145298934	7	0.0568452	0.0219745	0.00102292
4.84375	145293495	1	145298934	7	0.0568452	0.0219196	0.00107772
4.85938	145293495	1	145298934	7	0.0568452	0.0218648	0.00113238
4.875	145293495	1	145298934	9	0.0568452	0.0218101	0.0011869
4.89062	145293495	1	145298934	9	0.0568452	0.0217556	0.00124129
4.90625	145293495	1	145298934	9	0.0568452	0.0217012	0.00129555
4.92188	145293495	1	145298934	9	0.0568452	0.021647	0.00134966
4.9375	145293495	1	145298934	9	0.0568452	0.0215928	0.00140365
4.95312	145293495	1	145298934	9	0.0568452	0.0215389	0.00145749
4.96875	145293495	1	145298934	9	0.0568452	0.021485	0.00151121
4.98438	145293495	1	145298934	9	0.0568452	0.0214313	0.00156478
5	145293495	1	145298934	9	0.0568452	0.0213777	0.00161823
5.01562	145293495	1	145298934	9	0.0568452	0.0213243	0.00167154
5.03125	145293495	1	145298934	9	0.0568452	0.021271	0.00172472
5.04688	145293495	1	145298934	9	0.0568452	0.0212178	0.00177776
5.0625	145293495	1	145298934	9	0.0568452	0.0211647	0.00183067
5.07812	145293495	1	145298934	9	0.0568452	0.0211118	0.00188345
5.09375	145293495	1	145298934	9	0.0568452	0.021059	0.0019361
5.10938	145293495	1	145298934	9	0.0568452	0.0210064	0.00198862
5.125	145293495	1	145298934	9	0.0568452	0.0209539	0.002041
5.14062	145293495	1	145298934	9	0.0568452	0.0209015	0.00209325
5.15625	145293495	1	145298934	9	0.0568452	0.0208492	0.00214538
5.17188	145293495	1	145298934	9	0.0568452	0.0207971	0.00219737
5.1875	145293495	1	145298934	9	0.0568452	0.0207451	0.00224923
5.20312	108982516	1	108959281	4	0.0426334	0.0212556	0.00174006
5.21875	108982516	1	108959281	4	0.0426334	0.0212024	0.00179307
5.23438	108982516	1	108959281	4	0.0426334	0.0211494	0.00184594
5.25	108982516	1	108959281	4	0.0426334	0.0210966	0.00189868
5.26562	108982516	1	108959281	4	0.0426334	0.0210438	0.00195129
5.28125	108982516	1	108959281	4	0.0426334	0.0209912	0.00200377
5.29688	108982516	1	108959281	4	0.0426334	0.0209387	0.00205612
5.3125	108982516	1	108959281	4	0.0426334	0.0208864	0.00210834
5.32812	108982516	1	108959281	4	0.0426334	0.0208342	0.00216042
5.34375	108982516	1	108959281	4	0.0426334	0.0207821	0.00221238
5.35938	108982516	1	108959281	4	0.0426334	0.0207301	0.0022642
5.375	108982516	1	108959281	4	0.0426334	0.0206783	0.0023159
5.39062	108982516	1	108959281	4	0.0426334	0.0206266	0.00236746
5.40625	108982516	1	108959281	5	0.0426334	0.020575	0.0024189
5.42188	108982516	1	108959281	5	0.0426334	0.0205236	0.00247021
5.4375	108982516	1	108959281	6	0.0426334	0.0204723	0.00252139
5.45312	108982516	1	108959281	6	0.0426334	0.0204211	0.00257244
5.46875	108982516	1	108959281	6	0.0426334	0.0203701	0.00262337
5.48438	108982516	1	108959281	6	0.0426334	0.0203191	0.00267417
5.5	108982516	1	108959281	6	0.0426334	0.0202683	0.00272484
5.51562	108982516	1	108959281	6	0.0426334	0.0202177	0.00277538
5.53125	108982516	1	108959281	8	0.0426334	0.0201671	0.0028258
5.54688	108982516	1	108959281	8	0.0426334	0.0201167	0.00287609
5.5625	108982516	1	108959281	8	0.0426334	0.0200664	0.00292626
5.57812	108982516	1	108959281	8	0.0426334	0.0200162	0.0029763
5.59375	108982516	1	108959281	8	0.0426334	0.0199662	0.00302621
5.60938	108982516	1	108959281	8	0.0426334	0.0199163	0.003076
5.625	108982516	1	108959281	8	0.0426334	0.0198665	0.00312567
5.64062	108982516	1	108959281	8	0.0426334	0.0198168	0.00317521
5.65625	108982516	1	108959281	9	0.0426334	0.0197673	0.00322463
5.67188	108982516	1	108959281	9	0.0426334	0.0197179	0.00327393
5.6875	108982516	1	108959281	9	0.0426334	0.0196686	0.0033231
5.70312	108982516	1	108959281	10	0.0426334	0.0196194	0.00337215
5.71875	81739326	1	81721283	7	0.0319759	0.0204134	0.00258014
5.73438	81739326	1	81721283	7	0.0319759	0.0203624	0.00263105
5.75	81739326	1	81721283	7	0.0319759	0.0203115	0.00268183
5.76562	81739326	1	81721283	8	0.0319759	0.0202607	0.00273248
5.78125	81739326	1	81721283	9	0.0319759	0.02021	0.002783
5.79688	81739326	1	81721283	9	0.0319759	0.0201595	0.0028334
5.8125	81739326	1	81721283	9	0.0319759	0.0201091	0.00288368
5.82812	81739326	1	81721283	9	0.0319759	0.0200588	0.00293382
5.84375	81739326	1	81721283	10	0.0319759	0.0200087	0.00298384
5.85938	81739326	1	81721283	10	0.0319759	0.0199587	0.00303374
5.875	81739326	1	81721283	10	0.0319759	0.0199088	0.00308351
5.89062	81739326	1	81721283	10	0.0319759	0.019859	0.00313316
5.90625	81739326	1	81721283	10	0.0319759	0.0198093	0.00318268
5.92188	81739326	1	81721283	10	0.0319759	0.0197598	0.00323208
5.9375	81739326	1	81721283	11	0.0319759	0.0197104	0.00328136
5.95312	81739326	1	81721283	11	0.0319759	0.0196611	0.00333051
5.96875	81739326	1	81721283	11	0.0319759	0.019612	0.00337954
5.98438	81739326	1	81721283	11	0.0319759	0.019563	0.00342845
6	81739326	1	81721283	11	0.0319759	0.0195141	0.00347723
6.01562	81739326	1	81721283	11	0.0319759	0.0194653	0.0035259
6.03125	81739326	1	81721283	11	0.0319759	0.0194166	0.00357444
6.04688	81739326	1	81721283	11	0.0319759	0.0193681	0.00362286
6.0625	81739326	1	81721283	11	0.0319759	0.0193196	0.00367116
6.07812	81739326	1	81721283	11	0.0319759	0.0192713	0.00371934
6.09375	81739326	1	81721283	12	0.0319759	0.0192232	0.0037674
6.10938	81739326	1	81721283	12	0.0319759	0.0191751	0.00381533
6.125	81739326	1	81721283	12	0.0319759	0.0191272	0.00386315
6.14062	81739326	1	81721283	12	0.0319759	0.0190794	0.00391085
6.15625	81739326	1	81721283	12	0.0319759	0.0190317	0.00395843
6.17188	81739326	1	81721283	12	0.0319759	0.0189841	0.00400589
6.1875	81739326	1	81721283	12	0.0319759	0.0189366	0.00405323
6.20312	81739326	1	81721283	12	0.0319759	0.0188893	0.00410045
6.21875	81739326	1	81721283	12	0.0319759	0.0188421	0.00414756
6.23438	61305521	1	61290754	8	0.0239821	0.0198318	0.00316025
6.25	61305521	1	61290754	8	0.0239821	0.0197823	0.0032097
6.26562	61305521	1	61290754	8	0.0239821	0.0197328	0.00325904
6.28125	61305521	1	61290754	8	0.0239821	0.0196835	0.00330824
6.29688	61305521	1	61290754	8	0.0239821	0.0196343	0.00335733
6.3125	61305521	1	61290754	8	0.0239821	0.0195852	0.00340629
6.32812	61305521	1	61290754	8	0.0239821	0.0195362	0.00345513
6.34375	61305521	1	61290754	10	0.0239821	0.0194874	0.00350385
6.35938	61305521	1	61290754	10	0.0239821	0.0194386	0.00355245
6.375	61305521	1	61290754	10	0.0239821	0.0193901	0.00360092
6.39062	61305521	1	61290754	11	0.0239821	0.0193416	0.00364928
6.40625	61305521	1	61290754	11	0.0239821	0.0192932	0.00369751
6.42188	61305521	1	61290754	12	0.0239821	0.019245	0.00374562
6.4375	61305521	1	61290754	12	0.0239821	0.0191969	0.00379361
6.45312	61305521	1	61290754	12	0.0239821	0.0191489	0.00384149
6.46875	61305521	1	61290754	12	0.0239821	0.019101	0.00388924
6.48438	61305521	1	61290754	12	0.0239821	0.0190533	0.00393687
6.5	61305521	1	61290754	12	0.0239821	0.0190056	0.00398439
6.51562	61305521	1	61290754	12	0.0239821	0.0189581	0.00403178
6.53125	61305521	1	61290754	12	0.0239821	0.0189107	0.00407906
6.54688	61305521	1	61290754	13	0.0239821	0.0188634	0.00412622
6.5625	61305521	1	61290754	13	0.0239821	0.0188163	0.00417326
6.57812	61305521	2	61290754	14	0.0239821	0.0187692	0.00422018
6.59375	61305521	2	61290754	14	0.0239821	0.0187223	0.00426699
6.60938	61305521	2	61290754	14	0.0239821	0.0186755	0.00431368
6.625	61305521	2	61290754	14	0.0239821	0.0186288	0.00436025
6.64062	61305521	2	61290754	14	0.0239821	0.0185822	0.0044067
6.65625	61305521	2	61290754	14	0.0239821	0.0185358	0.00445304
6.67188	61305521	2	61290754	14	0.0239821	0.0184895	0.00449927
6.6875	61305521	2	61290754	14	0.0239821	0.0184432	0.00454537
6.70312	61305521	2	61290754	14	0.0239821	0.0183971	0.00459137
6.71875	61305521	2	61290754	14	0.0239821	0.0183511	0.00463725
6.73438	61305521	2	61290754	14	0.0239821	0.0183053	0.00468301
6.75	45986125	0	45970376	10	0.0179884	0.0194302	0.00356083
6.76562	45986125	0	45970376	10	0.0179884	0.0193817	0.00360929
6.78125	45986125	0	45970376	10	0.0179884	0.0193332	0.00365762
6.79688	45986125	0	45970376	11	0.0179884	0.0192849	0.00370583
6.8125	45986125	0	45970376	11	0.0179884	0.0192367	0.00375392
6.82812	45986125	0	45970376	11	0.0179884	0.0191886	0.0038019
6.84375	45986125	0	45970376	11	0.0179884	0.0191406	0.00384975
6.85938	45986125	0	45970376	11	0.0179884	0.0190928	0.00389748
6.875	45986125	0	45970376	11	0.0179884	0.019045	0.00394509
6.89062	45986125	0	45970376	11	0.0179884	0.0189974	0.00399258
6.90625	45986125	0	45970376	11	0.0179884	0.0189499	0.00403996
6.92188	45986125	0	45970376	11	0.0179884	0.0189025	0.00408722
6.9375	45986125	0	45970376	11	0.0179884	0.0188553	0.00413435
6.95312	45986125	0	45970376	11	0.0179884	0.0188081	0.00418137
6.96875	45986125	0	45970376	11	0.0179884	0.0187611	0.00422828
6.98438	45986125	0	45970376	12	0.0179884	0.0187142	0.00427506
7	45986125	0	45970376	12	0.0179884	0.0186674	0.00432173
7.01562	45986125	0	45970376	12	0.0179884	0.0186208	0.00436828
7.03125	45986125	0	45970376	12	0.0179884	0.0185742	0.00441472
7.04688	45986125	0	45970376	12	0.0179884	0.0185278	0.00446104
7.0625	45986125	0	45970376	14	0.0179884	0.0184815	0.00450724
7.07812	45986125	0	45970376	14	0.0179884	0.0184353	0.00455333
7.09375	45986125	0	45970376	14	0.0179884	0.0183892	0.0045993
7.10938	45986125	0	45970376	15	0.0179884	0.0183432	0.00464516
7.125	45986125	0	45970376	16	0.0179884	0.0182973	0.0046909
7.14062	45986125	0	45970376	16	0.0179884	0.0182516	0.00473653
7.15625	45986125	0	45970376	16	0.0179884	0.018206	0.00478205
7.17188	45986125	0	45970376	16	0.0179884	0.0181604	0.00482745
7.1875	45986125	0	45970376	16	0.0179884	0.018115	0.00487274
7.20312	45986125	0	45970376	16	0.0179884	0.0180698	0.00491791
7.21875	45986125	0	45970376	16	0.0179884	0.0180246	0.00496297
7.23438	45986125	0	45970376	17	0.0179884	0.0179795	0.00500792
7.25	45986125	0	45970376	18	0.0179884	0.0179346	0.00505276
7.26562	34488149	0	34475551	15	0.0134906	0.0191529	0.00383745
7.28125	34488149	0	34475551	15	0.0134906	0.019105	0.00388521
7.29688	34488149	0	34475551	15	0.0134906	0.0190573	0.00393286
7.3125	34488149	0	34475551	15	0.0134906	0.0190096	0.00398038
7.32812	34488149	0	34475551	15	0.0134906	0.0189621	0.00402779
7.34375	34488149	0	34475551	16	0.0134906	0.0189147	0.00407507
7.35938	34488149	0	34475551	16	0.0134906	0.0188674	0.00412224
7.375	34488149	0	34475551	18	0.0134906	0.0188203	0.00416929
7.39062	34488149	0	34475551	18	0.0134906	0.0187732	0.00421623
7.40625	34488149	0	34475551	18	0.0134906	0.0187263	0.00426304
7.42188	34488149	0	34475551	18	0.0134906	0.0186795	0.00430974
7.4375	34488149	0	34475551	18	0.0134906	0.0186328	0.00435632
7.45312	34488149	0	34475551	19	0.0134906	0.0185862	0.00440279
7.46875	34488149	0	34475551	20	0.0134906	0.0185397	0.00444914
7.48438	34488149	0	34475551	20	0.0134906	0.0184934	0.00449537
7.5	34488149	0	34475551	20	0.0134906	0.0184471	0.00454149
7.51562	34488149	0	34475551	21	0.0134906	0.018401	0.00458749
7.53125	34488149	0	34475551	22	0.0134906	0.018355	0.00463338
7.54688	34488149	0	34475551	22	0.0134906	0.0183091	0.00467915
7.5625	34488149	0	34475551	23	0.0134906	0.0182633	0.00472481
7.57812	34488149	0	34475551	25	0.0134906	0.0182177	0.00477035
7.59375	34488149	0	34475551	25	0.0134906	0.0181721	0.00481578
7.60938	34488149	0	34475551	25	0.0134906	0.0181267	0.0048611
7.625	34488149	0	34475551	26	0.0134906	0.0180814	0.0049063
7.64062	34488149	0	34475551	27	0.0134906	0.0180362	0.00495139
7.65625	34488149	0	34475551	29	0.0134906	0.0179911	0.00499637
7.67188	34488149	0	34475551	30	0.0134906	0.0179461	0.00504124
7.6875	34488149	0	34475551	31	0.0134906	0.0179013	0.00508599
7.70312	34488149	0	34475551	32	0.0134906	0.0178565	0.00513063
7.71875	34488149	0	34475551	32	0.0134906	0.0178119	0.00517516
7.73438	34488149	0	34475551	32	0.0134906	0.0177673	0.00521958
7.75	34488149	0	34475551	33	0.0134906	0.0177229	0.00526389
7.76562	34488149	0	34475551	34	0.0134906	0.0176786	0.00530808
7.78125	25862845	0	25856128	25	0.0101172	0.0189614	0.00402847
7.79688	25862845	0	25856128	25	0.0101172	0.018914	0.00407575
7.8125	25862845	0	25856128	26	0.0101172	0.0188667	0.00412292
7.82812	25862845	0	25856128	26	0.0101172	0.0188196	0.00416997
7.84375	25862845	0	25856128	26	0.0101172	0.0187725	0.0042169
7.85938	25862845	0	25856128	26	0.0101172	0.0187256	0.00426371
7.875	25862845	0	25856128	26	0.0101172	0.0186788	0.00431041
7.89062	25862845	0	25856128	29	0.0101172	0.0186321	0.00435699
7.90625	25862845	0	25856128	31	0.0101172	0.0185855	0.00440345
7.92188	25862845	0	25856128	32	0.0101172	0.018539	0.0044498
7.9375	25862845	0	25856128	32	0.0101172	0.0184927	0.00449603
7.95312	25862845	0	25856128	33	0.0101172	0.0184465	0.00454215
7.96875	25862845	0	25856128	33	0.0101172	0.0184004	0.00458815
7.98438	25862845	0	25856128	33	0.0101172	0.0183543	0.00463404
8	25862845	0	25856128	33	0.0101172	0.0183085	0.00467981
8.01562	25862845	0	25856128	33	0.0101172	0.0182627	0.00472546
8.03125	25862845	0	25856128	33	0.0101172	0.018217	0.00477101
8.04688	25862845	0	25856128	33	0.0101172	0.0181715	0.00481643
8.0625	25862845	0	25856128	33	0.0101172	0.0181261	0.00486175
8.07812	25862845	0	25856128	33	0.0101172	0.0180808	0.00490695
8.09375	25862845	0	25856128	33	0.0101172	0.0180355	0.00495204
8.10938	25862845	0	25856128	34	0.0101172	0.0179905	0.00499702
8.125	25862845	0	25856128	35	0.0101172	0.0179455	0.00504188
8.14062	25862845	0	25856128	35	0.0101172	0.0179006	0.00508663
8.15625	25862845	0	25856128	36	0.0101172	0.0178559	0.00513127
8.17188	25862845	0	25856128	36	0.0101172	0.0178112	0.0051758
8.1875	25862845	0	25856128	37	0.0101172	0.0177667	0.00522022
8.20312	25862845	0	25856128	39	0.0101172	0.0177223	0.00526452
8.21875	25862845	0	25856128	40	0.0101172	0.017678	0.00530872
8.23438	25862845	0	25856128	40	0.0101172	0.0176338	0.0053528
8.25	25862845	0	25856128	43	0.0101172	0.0175897	0.00539678
8.26562	25862845	0	25856128	43	0.0101172	0.0175457	0.00544064
8.28125	25862845	0	25856128	45	0.0101172	0.0175019	0.00548439
8.29688	19397553	0	19394994	38	0.00758853	0.0188292	0.00416037
8.3125	19397553	0	19394994	39	0.00758853	0.0187821	0.00420732
8.32812	19397553	0	19394994	40	0.00758853	0.0187352	0.00425416
8.34375	19397553	0	19394994	42	0.00758854	0.0186883	0.00430088
8.35938	19397553	0	19394994	42	0.00758854	0.0186416	0.00434749
8.375	19397553	0	19394994	43	0.00758854	0.018595	0.00439397
8.39062	19397553	0	19394994	44	0.00758854	0.0185485	0.00444035
8.40625	19397553	0	19394994	45	0.00758854	0.0185022	0.0044866
8.42188	19397553	0	19394994	48	0.00758854	0.0184559	0.00453274
8.4375	19397553	0	19394994	50	0.00758854	0.0184098	0.00457877
8.45312	19397553	0	19394994	51	0.00758854	0.0183637	0.00462468
8.46875	19397553	0	19394994	55	0.00758854	0.0183178	0.00467047
8.48438	19397553	0	19394994	58	0.00758854	0.018272	0.00471615
8.5	19397553	0	19394994	59	0.00758854	0.0182264	0.00476172
8.51562	19397553	0	19394994	61	0.00758854	0.0181808	0.00480717
8.53125	19397553	0	19394994	62	0.00758854	0.0181353	0.00485251
8.54688	19397553	0	19394994	65	0.00758854	0.01809	0.00489773
8.5625	19397553	0	19394994	66	0.00758854	0.0180448	0.00494284
8.57812	19397553	0	19394994	67	0.00758854	0.0179997	0.00498784
8.59375	19397553	0	19394994	69	0.00758854	0.0179547	0.00503273
8.60938	19397553	0	19394994	69	0.00758854	0.0179098	0.0050775
8.625	19397553	0	19394994	69	0.00758854	0.017865	0.00512217
8.64062	19397553	0	19394994	70	0.00758854	0.0178203	0.00516672
8.65625	19397553	0	19394994	73	0.00758854	0.0177758	0.00521116
8.67188	19397553	0	19394994	73	0.00758854	0.0177313	0.00525548
8.6875	19397553	0	19394994	73	0.00758854	0.017687	0.0052997
8.70312	19397553	0	19394994	75	0.00758854	0.0176428	0.00534381
8.71875	19397553	0	19394994	77	0.00758854	0.0175987	0.0053878
8.73438	19397553	0	19394994	78	0.00758854	0.0175547	0.00543169
8.75	19397553	0	19394994	79	0.00758854	0.0175108	0.00547547
8.76562	19397553	0	19394994	79	0.00758854	0.017467	0.00551914
8.78125	19397553	0	19394994	80	0.00758854	0.0174234	0.00556269
8.79688	19397553	0	19394994	83	0.00758854	0.0173798	0.00560614
8.8125	14544896	0	14544552	57	0.00569044	0.0187379	0.00425145
8.82812	14544896	0	14544552	58	0.00569044	0.018691	0.00429818
8.84375	14544896	0	14544552	61	0.00569044	0.0186443	0.00434479
8.85938	14544896	0	14544552	61	0.00569044	0.0185977	0.00439129
8.875	14544896	0	14544552	63	0.00569044	0.0185512	0.00443766
8.89062	14544896	0	14544552	64	0.00569044	0.0185048	0.00448393
8.90625	14544896	0	14544552	68	0.00569044	0.0184586	0.00453007
8.92188	14544896	0	14544552	68	0.00569044	0.0184124	0.0045761
8.9375	14544896	0	14544552	70	0.00569044	0.0183664	0.00462202
8.95312	14544896	0	14544552	75	0.00569044	0.0183205	0.00466782
8.96875	14544896	0	14544552	78	0.00569044	0.0182747	0.00471351
8.98438	14544896	0	14544552	80	0.00569044	0.018229	0.00475908
9	14544896	0	14544552	82	0.00569044	0.0181834	0.00480454
9.01562	14544896	0	14544552	84	0.00569044	0.018138	0.00484988
9.03125	14544896	0	14544552	87	0.00569044	0.0180926	0.00489511
9.04688	14544896	0	14544552	89	0.00569044	0.0180474	0.00494023
9.0625	14544896	0	14544552	91	0.00569044	0.0180023	0.00498524
9.07812	14544896	0	14544552	94	0.00569044	0.0179573	0.00503013
9.09375	14544896	0	14544552	95	0.00569044	0.0179124	0.00507491
9.10938	14544896	0	14544552	96	0.00569044	0.0178676	0.00511958
9.125	14544896	0	14544552	99	0.00569044	0.0178229	0.00516414
9.14062	14544896	0	14544552	102	0.00569044	0.0177784	0.00520858
9.15625	14544896	0	14544552	104	0.00569044	0.0177339	0.00525292
9.17188	14544896	0	14544552	107	0.00569045	0.0176896	0.00529714
9.1875	14544896	0	14544552	110	0.00569045	0.0176454	0.00534126
9.20312	14544896	0	14544552	111	0.00569045	0.0176012	0.00538526
9.21875	14544896	0	14544552	113	0.00569045	0.0175572	0.00542915
9.23438	14544896	0	14544552	116	0.00569045	0.0175133	0.00547294
9.25	14544896	0	14544552	119	0.00569045	0.0174696	0.00551661
9.26562	14544896	0	14544552	126	0.00569045	0.0174259	0.00556017
9.28125	14544896	0	14544552	129	0.00569045	0.0173823	0.00560363
9.29688	14544896	0	14544552	133	0.00569045	0.0173389	0.00564698
9.3125	14544896	0	14544552	140	0.00569045	0.0172955	0.00569022
9.32812	10905168	0	10908488	111	0.00426717	0.0186748	0.00431435
9.34375	10905168	0	10908488	112	0.00426717	0.0186281	0.00436092
9.35938	10905168	0	10908488	114	0.00426717	0.0185816	0.00440737
9.375	10905168	0	10908488	115	0.00426717	0.0185351	0.00445371
9.39062	10905168	0	10908488	118	0.00426717	0.0184888	0.00449993
9.40625	10905168	0	10908488	120	0.00426717	0.0184426	0.00454604
9.42188	10905168	0	10908488	123	0.00426717	0.0183965	0.00459203
9.4375	10905168	0	10908488	127	0.00426717	0.0183505	0.00463791
9.45312	10905168	0	10908488	130	0.00426717	0.0183046	0.00468367
9.46875	10905168	0	10908488	133	0.00426717	0.0182588	0.00472932
9.48438	10905168	0	10908488	140	0.00426717	0.0182132	0.00477485
9.5	10905168	0	10908488	144	0.00426718	0.0181677	0.00482027
9.51562	10905168	0	10908488	150	0.00426718	0.0181222	0.00486557
9.53125	10905168	0	10908488	155	0.00426718	0.0180769	0.00491077
9.54688	10905168	0	10908488	163	0.00426718	0.0180317	0.00495584
9.5625	10905168	0	10908488	169	0.00426718	0.0179867	0.00500081
9.57812	10905168	0	10908488	173	0.00426718	0.0179417	0.00504567
9.59375	10905168	0	10908488	177	0.00426718	0.0178968	0.00509041
9.60938	10905168	0	10908488	182	0.00426718	0.0178521	0.00513504
9.625	10905168	0	10908488	190	0.00426718	0.0178075	0.00517956
9.64062	10905168	0	10908488	195	0.00426719	0.0177629	0.00522396
9.65625	10905168	0	10908488	202	0.00426719	0.0177185	0.00526826
9.67188	10905168	0	10908488	205	0.00426719	0.0176742	0.00531245
9.6875	10905168	0	10908488	215	0.00426719	0.0176301	0.00535652
9.70312	10905168	0	10908488	219	0.00426719	0.017586	0.00540049
9.71875	10905168	0	10908488	223	0.00426719	0.017542	0.00544434
9.73438	10905168	0	10908488	229	0.00426719	0.0174982	0.00548809
9.75	10905168	0	10908488	234	0.00426719	0.0174544	0.00553172
9.76562	10905168	0	10908488	241	0.00426719	0.0174108	0.00557525
9.78125	10905168	0	10908488	245	0.0042672	0.0173672	0.00561867
9.79688	10905168	0	10908488	251	0.0042672	0.0173238	0.00566198
9.8125	10905168	0	10908488	255	0.0042672	0.0172805	0.00570518
9.82812	10905168	0	10908488	262	0.0042672	0.0172373	0.00574827
9.84375	8180272	0	8180551	198	0.00320051	0.0186313	0.00435778
9.85938	8180272	0	8180551	202	0.00320051	0.0185847	0.00440424
9.875	8180272	0	8180551	207	0.00320051	0.0185383	0.00445059
9.89062	8180272	0	8180551	212	0.00320052	0.0184919	0.00449682
9.90625	8180272	0	8180551	216	0.00320052	0.0184457	0.00454293
9.92188	8180272	0	8180551	220	0.00320052	0.0183996	0.00458893
9.9375	8180272	0	8180551	224	0.00320052	0.0183536	0.00463482
9.95312	8180272	0	8180551	233	0.00320052	0.0183077	0.00468059
9.96875	8180272	0	8180551	239	0.00320052	0.0182619	0.00472624
9.98438	8180272	0	8180551	246	0.00320052	0.0182163	0.00477178
10	8180272	0	8180551	252	0.00320052	0.0181707	0.00481721
10.0156	8180272	0	8180551	259	0.00320052	0.0181253	0.00486252
10.0312	8180272	0	8180551	267	0.00320053	0.01808	0.00490772
10.0469	8180272	0	8180551	272	0.00320053	0.0180348	0.00495281
10.0625	8180272	0	8180551	279	0.00320053	0.0179897	0.00499778
10.0781	8180272	0	8180551	290	0.00320053	0.0179447	0.00504264
10.0938	8180272	0	8180551	298	0.00320053	0.0178999	0.00508739
10.1094	8180272	0	8180551	306	0.00320053	0.0178551	0.00513203
10.125	8180272	0	8180551	315	0.00320054	0.0178105	0.00517656
10.1406	8180272	0	8180551	328	0.00320054	0.0177659	0.00522097
10.1562	8180272	0	8180551	336	0.00320054	0.0177215	0.00526528
10.1719	8180272	0	8180551	344	0.00320054	0.0176772	0.00530947
10.1875	8180272	0	8180551	354	0.00320054	0.017633	0.00535355
10.2031	8180272	0	8180551	363	0.00320054	0.0175889	0.00539752
10.2188	8180272	0	8180551	374	0.00320055	0.017545	0.00544139
10.2344	8180272	0	8180551	379	0.00320055	0.0175011	0.00548514
10.25	8180272	0	8180551	393	0.00320055	0.0174574	0.00552878
10.2656	8180272	0	8180551	408	0.00320055	0.0174137	0.00557232
10.2812	8180272	0	8180551	420	0.00320056	0.0173702	0.00561574
10.2969	8180272	0	8180551	430	0.00320056	0.0173268	0.00565906
10.3125	8180272	0	8180551	446	0.00320056	0.0172834	0.00570227
10.3281	8180272	0	8180551	458	0.00320056	0.0172402	0.00574537
10.3438	8180272	0	8180551	469	0.00320057	0.0171971	0.00578836
10.3594	6136167	0	6135964	333	0.00240072	0.0186012	0.00438777
10.375	6136167	0	6135964	346	0.00240072	0.0185547	0.00443416
10.3906	6136167	0	6135964	354	0.00240072	0.0185083	0.00448043
10.4062	6136167	0	6135964	369	0.00240072	0.0184621	0.00452659
10.4219	6136167	0	6135964	381	0.00240073	0.0184159	0.00457263
10.4375	6136167	0	6135964	395	0.00240073	0.0183699	0.00461855
10.4531	6136167	0	6135964	402	0.00240073	0.018324	0.00466436
10.4688	6136167	0	6135964	411	0.00240073	0.0182781	0.00471006
10.4844	6136167	0	6135964	416	0.00240073	0.0182324	0.00475564
10.5	6136167	0	6135964	429	0.00240074	0.0181869	0.00480111
10.5156	6136167	0	6135964	437	0.00240074	0.0181414	0.00484646
10.5312	6136167	0	6135964	455	0.00240074	0.018096	0.0048917
10.5469	6136167	0	6135964	470	0.00240074	0.0180508	0.00493683
10.5625	6136167	0	6135964	488	0.00240075	0.0180057	0.00498184
10.5781	6136167	0	6135964	495	0.00240075	0.0179607	0.00502674
10.5938	6136167	0	6135964	504	0.00240075	0.0179158	0.00507153
10.6094	6136167	0	6135964	518	0.00240075	0.017871	0.00511621
10.625	6136167	0	6135964	536	0.00240076	0.0178263	0.00516078
10.6406	6136167	0	6135964	550	0.00240076	0.0177817	0.00520523
10.6562	6136167	0	6135964	559	0.00240076	0.0177373	0.00524957
10.6719	6136167	0	6135964	575	0.00240076	0.0176929	0.0052938
10.6875	6136167	0	6135964	590	0.00240077	0.0176487	0.00533793
10.7031	6136167	0	6135964	609	0.00240077	0.0176046	0.00538194
10.7188	6136167	0	6135964	622	0.00240077	0.0175606	0.00542584
10.7344	6136167	0	6135964	639	0.00240078	0.0175167	0.00546963
10.75	6136167	0	6135964	659	0.00240078	0.0174729	0.00551331
10.7656	6136167	0	6135964	677	0.00240078	0.0174292	0.00555689
10.7812	6136167	0	6135964	697	0.00240079	0.0173856	0.00560035
10.7969	6136167	0	6135964	713	0.00240079	0.0173422	0.00564371
10.8125	6136167	0	6135964	733	0.00240079	0.0172988	0.00568695
10.8281	6136167	0	6135964	757	0.0024008	0.0172556	0.00573009
10.8438	6136167	0	6135964	783	0.0024008	0.0172124	0.00577312
10.8594	6136167	0	6135964	806	0.00240081	0.0171694	0.00581605
10.875	4601515	0	4602749	635	0.00180065	0.0185805	0.00440849
10.8906	4601515	0	4602749	657	0.00180065	0.018534	0.00445482
10.9062	4601515	0	4602749	677	0.00180065	0.0184877	0.00450104
10.9219	4601515	0	4602749	690	0.00180066	0.0184415	0.00454714
10.9375	4601515	0	4602749	708	0.00180066	0.0183954	0.00459313
10.9531	4601515	0	4602749	735	0.00180066	0.0183494	0.004639
10.9688	4601515	0	4602749	750	0.00180067	0.0183035	0.00468476
10.9844	4601515	0	4602749	764	0.00180067	0.0182577	0.00473041
11	4601515	0	4602749	781	0.00180067	0.0182121	0.00477594
11.0156	4601515	0	4602749	809	0.00180068	0.0181666	0.00482135
11.0312	4601515	0	4602749	831	0.00180068	0.0181211	0.00486666
11.0469	4601515	0	4602749	857	0.00180069	0.0180758	0.00491185
11.0625	4601515	0	4602749	881	0.00180069	0.0180307	0.00495692
11.0781	4601515	0	4602749	908	0.0018007	0.0179856	0.00500189
11.0938	4601515	0	4602749	932	0.0018007	0.0179406	0.00504674
11.1094	4601515	0	4602749	956	0.00180071	0.0178958	0.00509148
11.125	4601515	0	4602749	985	0.00180071	0.017851	0.00513611
11.1406	4601515	0	4602749	1007	0.00180072	0.0178064	0.00518062
11.1562	4601515	0	4602749	1043	0.00180073	0.0177619	0.00522503
11.1719	4601515	0	4602749	1065	0.00180073	0.0177175	0.00526932
11.1875	4601515	0	4602749	1103	0.00180074	0.0176732	0.0053135
11.2031	4601515	0	4602749	1138	0.00180074	0.017629	0.00535757
11.2188	4601515	0	4602749	1175	0.00180075	0.0175849	0.00540154
11.2344	4601515	0	4602749	1206	0.00180076	0.017541	0.00544539
11.25	4601515	0	4602749	1234	0.00180076	0.0174971	0.00548913
11.2656	4601515	0	4602749	1266	0.00180077	0.0174534	0.00553277
11.2812	4601515	0	4602749	1295	0.00180077	0.0174097	0.00557629
11.2969	4601515	0	4602749	1335	0.00180078	0.0173662	0.00561971
11.3125	4601515	0	4602749	1368	0.00180079	0.0173228	0.00566301
11.3281	4601515	0	4602749	1398	0.00180079	0.0172795	0.00570621
11.3438	4601515	0	4602749	1438	0.0018008	0.0172363	0.0057493
11.3594	4601515	0	4602749	1479	0.00180081	0.0171932	0.00579228
11.375	4601515	0	4602749	1518	0.00180082	0.0171502	0.00583516
11.3906	3451286	0	3451843	1194	0.00135061	0.0185661	0.00442279
11.4062	3451286	0	3451843	1239	0.00135062	0.0185197	0.00446909
11.4219	3451286	0	3451843	1273	0.00135063	0.0184734	0.00451527
11.4375	3451286	0	3451843	1314	0.00135063	0.0184272	0.00456134
11.4531	3451286	0	3451843	1359	0.00135064	0.0183812	0.00460729
11.4688	3451286	0	3451843	1394	0.00135065	0.0183352	0.00465313
11.4844	3451286	0	3451843	1425	0.00135066	0.0182894	0.00469885
11.5	3451286	0	3451843	1455	0.00135066	0.0182436	0.00474446
11.5156	3451286	0	3451843	1491	0.00135067	0.018198	0.00478995
11.5312	3451286	0	3451843	1522	0.00135068	0.0181525	0.00483534
11.5469	3451286	0	3451843	1567	0.00135068	0.0181072	0.0048806
11.5625	3451286	0	3451843	1607	0.00135069	0.0180619	0.00492576
11.5781	3451286	0	3451843	1651	0.0013507	0.0180167	0.0049708
11.5938	3451286	0	3451843	1691	0.00135071	0.0179717	0.00501573
11.6094	3451286	0	3451843	1741	0.00135072	0.0179268	0.00506055
11.625	3451286	0	3451843	1770	0.00135072	0.017882	0.00510525
11.6406	3451286	0	3451843	1816	0.00135073	0.0178372	0.00514985
11.6562	3451286	0	3451843	1859	0.00135074	0.0177927	0.00519433
11.6719	3451286	0	3451843	1903	0.00135075	0.0177482	0.0052387
11.6875	3451286	0	3451843	1950	0.00135076	0.0177038	0.00528296
11.7031	3451286	0	3451843	2003	0.00135077	0.0176595	0.00532711
11.7188	3451286	0	3451843	2052	0.00135078	0.0176154	0.00537114
11.7344	3451286	0	3451843	2094	0.00135079	0.0175714	0.00541507
11.75	3451286	0	3451843	2151	0.0013508	0.0175274	0.00545889
11.7656	3451286	0	3451843	2205	0.00135081	0.0174836	0.0055026
11.7812	3451286	0	3451843	2259	0.00135082	0.0174399	0.0055462
11.7969	3451286	0	3451843	2309	0.00135083	0.0173963	0.00558969
11.8125	3451286	0	3451843	2365	0.00135084	0.0173528	0.00563307
11.8281	3451286	0	3451843	2436	0.00135085	0.0173094	0.00567635
11.8438	3451286	0	3451843	2502	0.00135087	0.0172662	0.00571951
11.8594	3451286	0	3451843	2573	0.00135088	0.017223	0.00576257
11.875	3451286	0	3451843	2625	0.00135089	0.0171799	0.00580552
11.8906	3451286	0	3451843	2690	0.0013509	0.017137	0.00584836
11.9062	2588676	0	2589585	2024	0.00101336	0.0185562	0.00443266
11.9219	2588676	0	2589585	2083	0.00101337	0.0185098	0.00447894
11.9375	2588676	0	2589585	2139	0.00101338	0.0184636	0.0045251
11.9531	2588676	0	2589585	2200	0.00101339	0.0184174	0.00457114
11.9688	2588676	0	2589585	2261	0.0010134	0.0183714	0.00461707
11.9844	2588676	0	2589585	2322	0.00101342	0.0183254	0.00466288
12	2588676	0	2589585	2380	0.00101343	0.0182796	0.00470858
12.0156	2588676	0	2589585	2442	0.00101344	0.0182339	0.00475417
12.0312	2588676	0	2589585	2509	0.00101345	0.0181883	0.00479964
12.0469	2588676	0	2589585	2587	0.00101347	0.0181429	0.00484499
12.0625	2588676	0	2589585	2664	0.00101348	0.0180975	0.00489024
12.0781	2588676	0	2589585	2733	0.0010135	0.0180523	0.00493537
12.0938	2588676	0	2589585	2804	0.00101351	0.0180071	0.00498039
12.1094	2588676	0	2589585	2896	0.00101353	0.0179621	0.00502529
12.125	2588676	0	2589585	2991	0.00101355	0.0179172	0.00507008
12.1406	2588676	0	2589585	3061	0.00101356	0.0178724	0.00511476
12.1562	2588676	0	2589585	3143	0.00101358	0.0178277	0.00515933
12.1719	2588676	0	2589585	3238	0.0010136	0.0177832	0.00520379
12.1875	2588676	0	2589585	3325	0.00101361	0.0177387	0.00524814
12.2031	2588676	0	2589585	3420	0.00101363	0.0176944	0.00529237
12.2188	2588676	0	2589585	3525	0.00101365	0.0176501	0.0053365
12.2344	2588676	0	2589585	3626	0.00101367	0.017606	0.00538052
12.25	2588676	0	2589585	3729	0.00101369	0.017562	0.00542442
12.2656	2588676	0	2589585	3844	0.00101371	0.0175181	0.00546822
12.2812	2588676	0	2589585	3969	0.00101374	0.0174743	0.0055119
12.2969	2588676	0	2589585	4053	0.00101375	0.0174306	0.00555548
12.3125	2588676	0	2589585	4159	0.00101378	0.017387	0.00559895
12.3281	2588676	0	2589585	4262	0.0010138	0.0173436	0.0056423
12.3438	2588676	0	2589585	4380	0.00101382	0.0173002	0.00568555
12.3594	2588676	0	2589585	4485	0.00101384	0.017257	0.0057287
12.375	2588676	0	2589585	4622	0.00101387	0.0172138	0.00577173
12.3906	2588676	0	2589585	4730	0.00101389	0.0171708	0.00581466
12.4062	2588676	0	2589585	4855	0.00101391	0.0171278	0.00585748
12.4219	1941897	0	1941566	3743	0.000760408	0.0185494	0.00443948
12.4375	1941897	0	1941566	3855	0.00076043	0.018503	0.00448574
12.4531	1941897	0	1941566	3959	0.00076045	0.0184568	0.00453188
12.4688	1941897	0	1941566	4059	0.00076047	0.0184106	0.00457791
12.4844	1941897	0	1941566	4177	0.000760493	0.0183646	0.00462382
12.5	1941897	0	1941566	4294	0.000760516	0.0183187	0.00466962
12.5156	1941897	0	1941566	4399	0.000760536	0.0182729	0.0047153
12.5312	1941897	0	1941566	4550	0.000760566	0.0182272	0.00476087
12.5469	1941897	0	1941566	4680	0.000760591	0.0181816	0.00480632
12.5625	1941897	0	1941566	4804	0.000760616	0.0181362	0.00485166
12.5781	1941897	0	1941566	4927	0.00076064	0.0180908	0.00489689
12.5938	1941897	0	1941566	5068	0.000760667	0.0180456	0.004942
12.6094	1941897	0	1941566	5212	0.000760695	0.0180005	0.004987
12.625	1941897	0	1941566	5339	0.00076072	0.0179555	0.00503189
12.6406	1941897	0	1941566	5474	0.000760747	0.0179106	0.00507667
12.6562	1941897	0	1941566	5621	0.000760775	0.0178658	0.00512133
12.6719	1941897	0	1941566	5777	0.000760806	0.0178212	0.00516589
12.6875	1941897	0	1941566	5907	0.000760831	0.0177766	0.00521033
12.7031	1941897	0	1941566	6052	0.00076086	0.0177322	0.00525466
12.7188	1941897	0	1941566	6197	0.000760888	0.0176879	0.00529888
12.7344	1941897	0	1941566	6345	0.000760917	0.0176436	0.00534299
12.75	1941897	0	1941566	6507	0.000760949	0.0175995	0.00538699
12.7656	1941897	0	1941566	6669	0.00076098	0.0175555	0.00543088
12.7812	1941897	0	1941566	6860	0.000761018	0.0175116	0.00547465
12.7969	1941897	0	1941566	7033	0.000761052	0.0174679	0.00551832
12.8125	1941897	0	1941566	7224	0.000761089	0.0174242	0.00556188
12.8281	1941897	0	1941566	7423	0.000761128	0.0173806	0.00560534
12.8438	1941897	0	1941566	7616	0.000761166	0.0173372	0.00564868
12.8594	1941897	0	1941566	7806	0.000761203	0.0172938	0.00569191
12.875	1941897	0	1941566	8025	0.000761246	0.0172506	0.00573504
12.8906	1941897	0	1941566	8253	0.00076129	0.0172075	0.00577806
12.9062	1941897	0	1941566	8459	0.000761331	0.0171645	0.00582097
12.9219	1941897	0	1941566	8694	0.000761377	0.0171215	0.00586377
12.9375	1456726	0	1456088	6670	0.000571104	0.0185447	0.00444419
12.9531	1456726	0	1456088	6839	0.000571137	0.0184983	0.00449044
12.9688	1456726	0	1456088	7011	0.000571171	0.0184521	0.00453657
12.9844	1456726	0	1456088	7216	0.000571211	0.0184059	0.00458258
13	1456726	0	1456088	7420	0.000571251	0.0183599	0.00462848
13.0156	1456726	0	1456088	7596	0.000571285	0.018314	0.00467427
13.0312	1456726	0	1456088	7783	0.000571322	0.0182682	0.00471994
13.0469	1456726	0	1456088	7977	0.00057136	0.0182226	0.0047655
13.0625	1456726	0	1456088	8190	0.000571401	0.018177	0.00481094
13.0781	1456726	0	1456088	8441	0.000571451	0.0181316	0.00485627
13.0938	1456726	0	1456088	8654	0.000571492	0.0180862	0.00490148
13.1094	1456726	0	1456088	8870	0.000571534	0.018041	0.00494658
13.125	1456726	0	1456088	9087	0.000571577	0.0179959	0.00499157
13.1406	1456726	0	1456088	9333	0.000571625	0.0179509	0.00503645
13.1562	1456726	0	1456088	9587	0.000571675	0.0179061	0.00508122
13.1719	1456726	0	1456088	9842	0.000571725	0.0178613	0.00512587
13.1875	1456726	0	1456088	10107	0.000571776	0.0178166	0.00517041
13.2031	1456726	0	1456088	10363	0.000571827	0.0177721	0.00521484
13.2188	1456726	0	1456088	10630	0.000571879	0.0177277	0.00525916
13.2344	1456726	0	1456088	10895	0.000571931	0.0176833	0.00530337
13.25	1456726	0	1456088	11208	0.000571992	0.0176391	0.00534747
13.2656	1456726	0	1456088	11540	0.000572057	0.017595	0.00539145
13.2812	1456726	0	1456088	11844	0.000572116	0.0175511	0.00543533
13.2969	1456726	0	1456088	12146	0.000572175	0.0175072	0.0054791
13.3125	1456726	0	1456088	12476	0.00057224	0.0174634	0.00552276
13.3281	1456726	0	1456088	12805	0.000572304	0.0174197	0.00556631
13.3438	1456726	0	1456088	13151	0.000572372	0.0173762	0.00560975
13.3594	1456726	0	1456088	13514	0.000572443	0.0173328	0.00565308
13.375	1456726	0	1456088	13866	0.000572512	0.0172894	0.00569631
13.3906	1456726	0	1456088	14250	0.000572587	0.0172462	0.00573942
13.4062	1456726	0	1456088	14613	0.000572658	0.0172031	0.00578243
13.4219	1456726	0	1456088	14961	0.000572726	0.0171601	0.00582533
13.4375	1456726	0	1456088	15349	0.000572802	0.0171172	0.00586812
13.4531	1091751	0	1092728	11767	0.000429626	0.0185414	0.00444744
13.4688	1091751	0	1092728	12093	0.000429689	0.0184951	0.00449368
13.4844	1091751	0	1092728	12384	0.000429746	0.0184488	0.0045398
13.5	1091751	0	1092728	12730	0.000429814	0.0184027	0.00458581
13.5156	1091751	0	1092728	13042	0.000429875	0.0183567	0.0046317
13.5312	1091751	0	1092728	13422	0.000429949	0.0183108	0.00467748
13.5469	1091751	0	1092728	13783	0.00043002	0.018265	0.00472314
13.5625	1091751	0	1092728	14171	0.000430096	0.0182194	0.00476869
13.5781	1091751	0	1092728	14561	0.000430172	0.0181738	0.00481412
13.5938	1091751	0	1092728	14936	0.000430246	0.0181284	0.00485945
13.6094	1091751	0	1092728	15345	0.000430326	0.0180831	0.00490465
13.625	1091751	0	1092728	15755	0.000430406	0.0180379	0.00494975
13.6406	1091751	0	1092728	16165	0.000430486	0.0179928	0.00499473
13.6562	1091751	0	1092728	16592	0.000430569	0.0179478	0.0050396
13.6719	1091751	0	1092728	17039	0.000430657	0.0179029	0.00508436
13.6875	1091751	0	1092728	17502	0.000430747	0.0178581	0.005129
13.7031	1091751	0	1092728	17957	0.000430836	0.0178135	0.00517354
13.7188	1091751	0	1092728	18452	0.000430933	0.017769	0.00521796
13.7344	1091751	0	1092728	18933	0.000431027	0.0177245	0.00526227
13.75	1091751	0	1092728	19450	0.000431129	0.0176802	0.00530647
13.7656	1091751	0	1092728	19970	0.00043123	0.017636	0.00535056
13.7812	1091751	0	1092728	20493	0.000431333	0.0175919	0.00539454
13.7969	1091751	0	1092728	21036	0.000431439	0.017548	0.00543841
13.8125	1091751	0	1092728	21602	0.00043155	0.0175041	0.00548217
13.8281	1091751	0	1092728	22166	0.00043166	0.0174603	0.00552582
13.8438	1091751	0	1092728	22725	0.000431769	0.0174167	0.00556936
13.8594	1091751	0	1092728	23301	0.000431882	0.0173731	0.00561279
13.875	1091751	0	1092728	23886	0.000431996	0.0173297	0.00565612
13.8906	1091751	0	1092728	24586	0.000432133	0.0172864	0.00569934
13.9062	1091751	0	1092728	25233	0.00043226	0.0172432	0.00574244
13.9219	1091751	0	1092728	25923	0.000432395	0.0172001	0.00578544
13.9375	1091751	0	1092728	26583	0.000432524	0.0171571	0.00582834
13.9531	1091751	0	1092728	27288	0.000432662	0.0171142	0.00587112
13.9688	818516	0	819710	21029	0.00032458	0.0185392	0.00444969
13.9844	818516	0	819710	21591	0.00032469	0.0184928	0.00449592
14	818516	0	819710	22168	0.000324803	0.0184466	0.00454204
14.0156	818516	0	819710	22770	0.000324921	0.0184005	0.00458804
14.0312	818516	0	819710	23331	0.000325031	0.0183545	0.00463392
14.0469	818516	0	819710	23931	0.000325148	0.0183086	0.0046797
14.0625	818516	0	819710	24592	0.000325277	0.0182628	0.00472535
14.0781	818516	0	819710	25263	0.000325409	0.0182171	0.0047709
14.0938	818516	0	819710	25942	0.000325541	0.0181716	0.00481633
14.1094	818516	0	819710	26614	0.000325673	0.0181262	0.00486164
14.125	818516	0	819710	27327	0.000325812	0.0180809	0.00490684
14.1406	818516	0	819710	28046	0.000325953	0.0180357	0.00495193
14.1562	818516	0	819710	28778	0.000326096	0.0179906	0.00499691
14.1719	818516	0	819710	29582	0.000326254	0.0179456	0.00504177
14.1875	818516	0	819710	30416	0.000326417	0.0179007	0.00508652
14.2031	818516	0	819710	31251	0.00032658	0.017856	0.00513116
14.2188	818516	0	819710	32078	0.000326742	0.0178113	0.00517569
14.2344	818516	0	819710	32929	0.000326908	0.0177668	0.00522011
14.25	818516	0	819710	33821	0.000327083	0.0177224	0.00526442
14.2656	818516	0	819710	34760	0.000327266	0.0176781	0.00530861
14.2812	818516	0	819710	35655	0.000327442	0.0176339	0.0053527
14.2969	818516	0	819710	36620	0.00032763	0.0175898	0.00539667
14.3125	818516	0	819710	37610	0.000327824	0.0175458	0.00544053
14.3281	818516	0	819710	38579	0.000328013	0.017502	0.00548429
14.3438	818516	0	819710	39613	0.000328216	0.0174582	0.00552793
14.3594	818516	0	819710	40622	0.000328413	0.0174146	0.00557147
14.375	818516	0	819710	41748	0.000328633	0.017371	0.0056149
14.3906	818516	0	819710	42798	0.000328839	0.0173276	0.00565822
14.4062	818516	0	819710	43920	0.000329058	0.0172843	0.00570143
14.4219	818516	0	819710	45108	0.000329291	0.0172411	0.00574453
14.4375	818516	0	819710	46281	0.00032952	0.017198	0.00578753
14.4531	818516	0	819710	47439	0.000329747	0.017155	0.00583041
14.4688	818516	0	819710	48726	0.000329998	0.0171121	0.00587319
14.4844	614516	0	614105	37591	0.000247694	0.0185376	0.00445124
14.5	614516	0	614105	38637	0.000247899	0.0184913	0.00449747
14.5156	614516	0	614105	39636	0.000248094	0.018445	0.00454358
14.5312	614516	0	614105	40692	0.000248301	0.0183989	0.00458958
14.5469	614516	0	614105	41774	0.000248512	0.0183529	0.00463546
14.5625	614516	0	614105	42865	0.000248726	0.018307	0.00468123
14.5781	614516	0	614105	43979	0.000248944	0.0182613	0.00472688
14.5938	614516	0	614105	45142	0.000249171	0.0182156	0.00477242
14.6094	614516	0	614105	46321	0.000249402	0.0181701	0.00481784
14.625	614516	0	614105	47555	0.000249643	0.0181246	0.00486316
14.6406	614516	0	614105	48857	0.000249898	0.0180793	0.00490835
14.6562	614516	0	614105	50165	0.000250154	0.0180341	0.00495344
14.6719	614516	0	614105	51419	0.000250399	0.0179891	0.00499841
14.6875	614516	0	614105	52839	0.000250677	0.0179441	0.00504327
14.7031	614516	0	614105	54221	0.000250947	0.0178992	0.00508802
14.7188	614516	0	614105	55566	0.00025121	0.0178545	0.00513266
14.7344	614516	0	614105	56944	0.00025148	0.0178098	0.00517718
14.75	614516	0	614105	58481	0.000251781	0.0177653	0.00522159
14.7656	614516	0	614105	60047	0.000252087	0.0177209	0.0052659
14.7812	614516	0	614105	61638	0.000252398	0.0176766	0.00531009
14.7969	614516	0	614105	63264	0.000252716	0.0176324	0.00535417
14.8125	614516	0	614105	65008	0.000253057	0.0175883	0.00539814
14.8281	614516	0	614105	66731	0.000253394	0.0175444	0.005442
14.8438	614516	0	614105	68508	0.000253742	0.0175005	0.00548575
14.8594	614516	0	614105	70355	0.000254103	0.0174567	0.00552939
14.875	614516	0	614105	72247	0.000254473	0.0174131	0.00557293
14.8906	614516	0	614105	74122	0.00025484	0.0173696	0.00561635
14.9062	614516	0	614105	76061	0.000255219	0.0173261	0.00565967
14.9219	614516	0	614105	78190	0.000255636	0.0172828	0.00570287
14.9375	614516	0	614105	80237	0.000256036	0.0172396	0.00574597
14.9531	614516	0	614105	82409	0.000256461	0.0171965	0.00578896
14.9688	614516	0	614105	84631	0.000256896	0.0171535	0.00583185
14.9844	614516	0	614105	86896	0.000257339	0.0171106	0.00587462
15	461105	0	460437	66905	0.000193358	0.0185365	0.00445231
15.0156	461105	0	460437	68724	0.000193714	0.0184902	0.00449853
15.0312	461105	0	460437	70545	0.00019407	0.018444	0.00454464
15.0469	461105	0	460437	72451	0.000194443	0.0183978	0.00459064
15.0625	461105	0	460437	74436	0.000194831	0.0183519	0.00463652
15.0781	461105	0	460437	76501	0.000195235	0.018306	0.00468228
15.0938	461105	0	460437	78621	0.00019565	0.0182602	0.00472793
15.1094	461105	0	460437	80666	0.00019605	0.0182146	0.00477347
15.125	461105	0	460437	82812	0.00019647	0.018169	0.00481889
15.1406	461105	0	460437	85064	0.00019691	0.0181236	0.0048642
15.1562	461105	0	460437	87317	0.000197351	0.0180783	0.0049094
15.1719	461105	0	460437	89650	0.000197808	0.0180331	0.00495448
15.1875	461105	0	460437	92066	0.00019828	0.017988	0.00499945
15.2031	461105	0	460437	94568	0.00019877	0.017943	0.00504431
15.2188	461105	0	460437	97062	0.000199257	0.0178982	0.00508905
15.2344	461105	0	460437	99692	0.000199772	0.0178534	0.00513369
15.25	461105	0	460437	102409	0.000200303	0.0178088	0.00517821
15.2656	461105	0	460437	105097	0.000200829	0.0177643	0.00522262
15.2812	461105	0	460437	107766	0.000201351	0.0177199	0.00526692
15.2969	461105	0	460437	110611	0.000201908	0.0176756	0.00531111
15.3125	461105	0	460437	113538	0.00020248	0.0176314	0.00535519
15.3281	461105	0	460437	116575	0.000203075	0.0175873	0.00539915
15.3438	461105	0	460437	119725	0.000203691	0.0175433	0.00544301
15.3594	461105	0	460437	122928	0.000204317	0.0174995	0.00548676
15.375	461105	0	460437	126157	0.000204949	0.0174557	0.0055304
15.3906	461105	0	460437	129493	0.000205602	0.0174121	0.00557393
15.4062	461105	0	460437	132926	0.000206273	0.0173686	0.00561735
15.4219	461105	0	460437	136402	0.000206953	0.0173251	0.00566067
15.4375	461105	0	460437	140115	0.000207679	0.0172818	0.00570387
15.4531	461105	0	460437	143895	0.000208419	0.0172386	0.00574697
15.4688	461105	0	460437	147753	0.000209174	0.0171955	0.00578996
15.4844	461105	0	460437	151569	0.00020992	0.0171525	0.00583284
15.5	461105	0	460437	155619	0.000210712	0.0171097	0.00587561
15.5156	346026	0	345379	119998	0.000158725	0.0185358	0.00445305
15.5312	346026	0	345379	123234	0.000159358	0.0184895	0.00449927
15.5469	346026	0	345379	126568	0.00016001	0.0184432	0.00454538
15.5625	346026	0	345379	129992	0.00016068	0.0183971	0.00459137
15.5781	346026	0	345379	133499	0.000161366	0.0183511	0.00463725
15.5938	346026	0	345379	137027	0.000162056	0.0183052	0.00468301
15.6094	346026	0	345379	140709	0.000162777	0.0182595	0.00472866
15.625	346026	0	345379	144421	0.000163503	0.0182138	0.0047742
15.6406	346026	0	345379	148226	0.000164247	0.0181683	0.00481962
15.6562	346026	0	345379	152079	0.000165001	0.0181229	0.00486492
15.6719	346026	0	345379	156052	0.000165778	0.0180776	0.00491012
15.6875	346026	0	345379	160155	0.000166581	0.0180324	0.0049552
15.7031	346026	0	345379	164409	0.000167413	0.0179873	0.00500017
15.7188	346026	0	345379	168788	0.000168269	0.0179423	0.00504502
15.7344	346026	0	345379	173195	0.000169131	0.0178975	0.00508977
15.75	346026	0	345379	177757	0.000170024	0.0178527	0.0051344
15.7656	346026	0	345379	182567	0.000170965	0.0178081	0.00517892
15.7812	346026	0	345379	187416	0.000171913	0.0177636	0.00522333
15.7969	346026	0	345379	192445	0.000172897	0.0177192	0.00526763
15.8125	346026	0	345379	197660	0.000173917	0.0176749	0.00531181
15.8281	346026	0	345379	202835	0.00017493	0.0176307	0.00535589
15.8438	346026	0	345379	208177	0.000175975	0.0175866	0.00539986
15.8594	346026	0	345379	213509	0.000177018	0.0175426	0.00544371
15.875	346026	0	345379	219132	0.000178118	0.0174988	0.00548746
15.8906	346026	0	345379	224869	0.00017924	0.017455	0.0055311
15.9062	346026	0	345379	230870	0.000180414	0.0174114	0.00557463
15.9219	346026	0	345379	236971	0.000181607	0.0173679	0.00561805
15.9375	346026	0	345379	243241	0.000182834	0.0173245	0.00566136
15.9531	346026	0	345379	249644	0.000184086	0.0172811	0.00570456
15.9688	346026	0	345379	256346	0.000185397	0.0172379	0.00574765
15.9844	346026	0	345379	263259	0.00018675	0.0171948	0.00579064
16	346026	0	345379	270223	0.000188112	0.0171519	0.00583352
16.0156	346026	0	345379	277436	0.000189523	0.017109	0.00587629
16.0312	258879	0	258925	213356	0.000143028	0.0185353	0.00445356
16.0469	258879	0	258925	219072	0.000144146	0.0184889	0.00449978
16.0625	258879	0	258925	225002	0.000145306	0.0184427	0.00454589
16.0781	258879	0	258925	231072	0.000146494	0.0183966	0.00459188
16.0938	258879	0	258925	237287	0.00014771	0.0183506	0.00463776
16.1094	258879	0	258925	243634	0.000148951	0.0183047	0.00468352
16.125	258879	0	258925	250021	0.000150201	0.018259	0.00472916
16.1406	258879	0	258925	256646	0.000151496	0.0182133	0.0047747
16.1562	258879	0	258925	263549	0.000152847	0.0181678	0.00482012
16.1719	258879	0	258925	270495	0.000154206	0.0181224	0.00486542
16.1875	258879	0	258925	277810	0.000155637	0.0180771	0.00491062
16.2031	258879	0	258925	285199	0.000157082	0.0180319	0.0049557
16.2188	258879	0	258925	292647	0.000158539	0.0179868	0.00500066
16.2344	258879	0	258925	300514	0.000160078	0.0179418	0.00504552
16.25	258879	0	258925	308357	0.000161612	0.017897	0.00509026
16.2656	258879	0	258925	316517	0.000163208	0.0178522	0.00513489
16.2812	258879	0	258925	324986	0.000164865	0.0178076	0.00517941
16.2969	258879	0	258925	333551	0.00016654	0.0177631	0.00522382
16.3125	258879	0	258925	342428	0.000168277	0.0177187	0.00526811
16.3281	258879	0	258925	351531	0.000170058	0.0176744	0.0053123
16.3438	258879	0	258925	360835	0.000171878	0.0176302	0.00535638
16.3594	258879	0	258925	370562	0.000173781	0.0175861	0.00540034
16.375	258879	0	258925	380279	0.000175681	0.0175422	0.0054442
16.3906	258879	0	258925	390329	0.000177647	0.0174983	0.00548794
16.4062	258879	0	258925	400493	0.000179636	0.0174546	0.00553158
16.4219	258879	0	258925	411168	0.000181724	0.0174109	0.00557511
16.4375	258879	0	258925	422107	0.000183864	0.0173674	0.00561852
16.4531	258879	0	258925	433304	0.000186054	0.017324	0.00566183
16.4688	258879	0	258925	444812	0.000188305	0.0172807	0.00570504
16.4844	258879	0	258925	456607	0.000190612	0.0172375	0.00574813
16.5	258879	0	258925	468810	0.000193	0.0171944	0.00579112
16.5156	258879	0	258925	481338	0.00019545	0.0171514	0.00583399
16.5312	258879	0	258925	494183	0.000197963	0.0171085	0.00587677
16.5469	193463	0	194317	380697	0.000150328	0.0185349	0.00445391
16.5625	193463	0	194317	390920	0.000152328	0.0184886	0.00450013
16.5781	193463	0	194317	401192	0.000154337	0.0184424	0.00454624
16.5938	193463	0	194317	411916	0.000156435	0.0183963	0.00459223
16.6094	193463	0	194317	422804	0.000158565	0.0183503	0.00463811
16.625	193463	0	194317	434125	0.00016078	0.0183044	0.00468387
16.6406	193463	0	194317	445836	0.00016307	0.0182586	0.00472951
16.6562	193463	0	194317	457824	0.000165415	0.018213	0.00477505
16.6719	193463	0	194317	470174	0.000167831	0.0181675	0.00482046
16.6875	193463	0	194317	482523	0.000170247	0.018122	0.00486577
16.7031	193463	0	194317	495202	0.000172727	0.0180767	0.00491096
16.7188	193463	0	194317	508412	0.000175311	0.0180315	0.00495604
16.7344	193463	0	194317	521788	0.000177928	0.0179865	0.00500101
16.75	193463	0	194317	535826	0.000180674	0.0179415	0.00504586
16.7656	193463	0	194317	550281	0.000183502	0.0178966	0.0050906
16.7812	193463	0	194317	564664	0.000186315	0.0178519	0.00513523
16.7969	193463	0	194317	579484	0.000189214	0.0178073	0.00517975
16.8125	193463	0	194317	594910	0.000192232	0.0177627	0.00522416
16.8281	193463	0	194317	610765	0.000195334	0.0177183	0.00526845
16.8438	193463	0	194317	626875	0.000198485	0.017674	0.00531264
16.8594	193463	0	194317	643523	0.000201742	0.0176299	0.00535671
16.875	193463	0	194317	660641	0.00020509	0.0175858	0.00540068
16.8906	193463	0	194317	678473	0.000208578	0.0175418	0.00544453
16.9062	193463	0	194317	696514	0.000212108	0.017498	0.00548828
16.9219	193463	0	194317	715086	0.000215741	0.0174542	0.00553191
16.9375	193463	0	194317	734180	0.000219476	0.0174106	0.00557544
16.9531	193463	0	194317	753600	0.000223275	0.0173671	0.00561886
16.9688	193463	0	194317	773455	0.000227159	0.0173236	0.00566217
16.9844	193463	0	194317	794003	0.000231178	0.0172803	0.00570537
17	193463	0	194317	814934	0.000235273	0.0172371	0.00574846
17.0156	193463	0	194317	836665	0.000239524	0.017194	0.00579144
17.0312	193463	0	194317	859004	0.000243894	0.0171511	0.00583432
17.0469	193463	0	194317	881884	0.000248369	0.0171082	0.00587709
17.0625	145168	0	145664	678622	0.000189643	0.0185347	0.00445416
17.0781	145168	0	145664	696506	0.000193141	0.0184883	0.00450038
17.0938	145168	0	145664	715146	0.000196788	0.0184421	0.00454648
17.1094	145168	0	145664	734148	0.000200505	0.018396	0.00459247
17.125	145168	0	145664	753539	0.000204298	0.01835	0.00463835
17.1406	145168	0	145664	773360	0.000208175	0.0183042	0.00468411
17.1562	145168	0	145664	793825	0.000212179	0.0182584	0.00472975
17.1719	145168	0	145664	814983	0.000216317	0.0182127	0.00477529
17.1875	145168	0	145664	836684	0.000220563	0.0181672	0.0048207
17.2031	145168	0	145664	858889	0.000224906	0.0181218	0.00486601
17.2188	145168	0	145664	881704	0.000229369	0.0180765	0.0049112
17.2344	145168	0	145664	905094	0.000233945	0.0180313	0.00495628
17.25	145168	0	145664	929185	0.000238657	0.0179862	0.00500124
17.2656	145168	0	145664	954021	0.000243516	0.0179413	0.0050461
17.2812	145168	0	145664	979246	0.00024845	0.0178964	0.00509084
17.2969	145168	0	145664	1005325	0.000253552	0.0178517	0.00513547
17.3125	145168	0	145664	1032115	0.000258792	0.017807	0.00517998
17.3281	145168	0	145664	1059485	0.000264147	0.0177625	0.00522439
17.3438	145168	0	145664	1087396	0.000269606	0.0177181	0.00526869
17.3594	145168	0	145664	1116272	0.000275255	0.0176738	0.00531287
17.375	145168	0	145664	1145944	0.000281059	0.0176296	0.00535694
17.3906	145168	0	145664	1176117	0.000286962	0.0175856	0.00540091
17.4062	145168	0	145664	1207415	0.000293084	0.0175416	0.00544476
17.4219	145168	0	145664	1239663	0.000299393	0.0174977	0.00548851
17.4375	145168	0	145664	1272809	0.000305877	0.017454	0.00553214
17.4531	145168	0	145664	1306454	0.000312458	0.0174104	0.00557567
17.4688	145168	0	145664	1340960	0.000319208	0.0173668	0.00561908
17.4844	145168	0	145664	1377013	0.000326261	0.0173234	0.00566239
17.5	145168	0	145664	1413792	0.000333455	0.0172801	0.00570559
17.5156	145168	0	145664	1451343	0.000340801	0.0172369	0.00574868
17.5312	145168	0	145664	1490018	0.000348367	0.0171938	0.00579167
17.5469	145168	0	145664	1529788	0.000356146	0.0171508	0.00583455
17.5625	145168	0	145664	1570757	0.000364161	0.017108	0.00587732
17.5781	108970	0	109188	1209806	0.000279336	0.0185345	0.00445432
17.5938	108970	0	109188	1241810	0.000285596	0.0184882	0.00450054
17.6094	108970	0	109188	1275040	0.000292097	0.018442	0.00454665
17.625	108970	0	109188	1308972	0.000298734	0.0183959	0.00459264
17.6406	108970	0	109188	1343763	0.00030554	0.0183499	0.00463851
17.6562	108970	0	109188	1379501	0.000312531	0.018304	0.00468427
17.6719	108970	0	109188	1416131	0.000319697	0.0182582	0.00472992
17.6875	108970	0	109188	1453611	0.000327028	0.0182126	0.00477545
17.7031	108970	0	109188	1492354	0.000334607	0.0181671	0.00482087
17.7188	108970	0	109188	1531631	0.00034229	0.0181216	0.00486617
17.7344	108970	0	109188	1572159	0.000350219	0.0180763	0.00491136
17.75	108970	0	109188	1613681	0.000358341	0.0180311	0.00495644
17.7656	108970	0	109188	1656603	0.000366737	0.0179861	0.00500141
17.7812	108970	0	109188	1700515	0.000375327	0.0179411	0.00504626
17.7969	108970	0	109188	1745841	0.000384194	0.0178962	0.005091
17.8125	108970	0	109188	1792119	0.000393247	0.0178515	0.00513563
17.8281	108970	0	109188	1839496	0.000402514	0.0178069	0.00518015
17.8438	108970	0	109188	1888266	0.000412055	0.0177624	0.00522455
17.8594	108970	0	109188	1938870	0.000421954	0.017718	0.00526885
17.875	108970	0	109188	1990272	0.000432009	0.0176737	0.00531303
17.8906	108970	0	109188	2042923	0.000442308	0.0176295	0.00535711
17.9062	108970	0	109188	2096921	0.000452871	0.0175854	0.00540107
17.9219	108970	0	109188	2152605	0.000463764	0.0175414	0.00544492
17.9375	108970	0	109188	2209749	0.000474943	0.0174976	0.00548867
17.9531	108970	0	109188	2268721	0.000486479	0.0174538	0.0055323
17.9688	108970	0	109188	2329037	0.000498278	0.0174102	0.00557583
17.9844	108970	0	109188	2391152	0.000510428	0.0173667	0.00561924
18	108970	0	109188	2454532	0.000522827	0.0173233	0.00566255
18.0156	108970	0	109188	2519421	0.00053552	0.01728	0.00570575
18.0312	108970	0	109188	2586327	0.000548608	0.0172368	0.00574884
18.0469	108970	0	109188	2654978	0.000562038	0.0171937	0.00579183
18.0625	108970	0	109188	2725713	0.000575875	0.0171507	0.00583471
18.0781	108970	0	109188	2797433	0.000589904	0.0171078	0.00587747
18.0938	81727	0	81851	2153199	0.000453204	0.0185344	0.00445444
18.1094	81727	0	81851	2210255	0.000464365	0.0184881	0.00450066
18.125	81727	0	81851	2268898	0.000475836	0.0184418	0.00454677
18.1406	81727	0	81851	2329030	0.000487599	0.0183957	0.00459276
18.1562	81727	0	81851	2390345	0.000499594	0.0183497	0.00463863
18.1719	81727	0	81851	2453397	0.000511928	0.0183039	0.00468439
18.1875	81727	0	81851	2518529	0.000524669	0.0182581	0.00473004
18.2031	81727	0	81851	2585232	0.000537717	0.0182125	0.00477557
18.2188	81727	0	81851	2653758	0.000551122	0.0181669	0.00482098
18.2344	81727	0	81851	2724366	0.000564934	0.0181215	0.00486629
18.25	81727	0	81851	2796574	0.000579059	0.0180762	0.00491148
18.2656	81727	0	81851	2870913	0.000593602	0.018031	0.00495656
18.2812	81727	0	81851	2947171	0.000608519	0.017986	0.00500152
18.2969	81727	0	81851	3025380	0.000623818	0.017941	0.00504637
18.3125	81727	0	81851	3105879	0.000639565	0.0178961	0.00509111
18.3281	81727	0	81851	3187968	0.000655623	0.0178514	0.00513574
18.3438	81727	0	81851	3272702	0.000672199	0.0178068	0.00518026
18.3594	81727	0	81851	3359669	0.000689211	0.0177622	0.00522466
18.375	81727	0	81851	3448449	0.000706578	0.0177178	0.00526896
18.3906	81727	0	81851	3539608	0.00072441	0.0176735	0.00531314
18.4062	81727	0	81851	3633616	0.0007428	0.0176294	0.00535722
18.4219	81727	0	81851	3729783	0.000761612	0.0175853	0.00540118
18.4375	81727	0	81851	3829238	0.000781067	0.0175413	0.00544503
18.4531	81727	0	81851	3930903	0.000800955	0.0174975	0.00548878
18.4688	81727	0	81851	4035569	0.000821429	0.0174537	0.00553241
18.4844	81727	0	81851	4142787	0.000842403	0.0174101	0.00557594
18.5	81727	0	81851	4252900	0.000863943	0.0173666	0.00561935
18.5156	81727	0	81851	4365773	0.000886023	0.0173232	0.00566266
18.5312	81727	0	81851	4481777	0.000908716	0.0172798	0.00570586
18.5469	81727	0	81851	4600303	0.000931902	0.0172366	0.00574895
18.5625	81727	0	81851	4722182	0.000955743	0.0171936	0.00579193
18.5781	81727	0	81851	4847466	0.000980251	0.0171506	0.00583481
18.5938	81727	0	81851	4975798	0.00100536	0.0171077	0.00587758
18.6094	61606	0	61269	3829831	0.000773221	0.0185343	0.00445452
18.625	61606	0	61269	3930839	0.00079298	0.018488	0.00450074
18.6406	61606	0	61269	4035747	0.000813502	0.0184418	0.00454684
18.6562	61606	0	61269	4142978	0.000834478	0.0183957	0.00459283
18.6719	61606	0	61269	4253150	0.00085603	0.0183497	0.00463871
18.6875	61606	0	61269	4365928	0.000878091	0.0183038	0.00468447
18.7031	61606	0	61269	4482032	0.000900803	0.018258	0.00473011
18.7188	61606	0	61269	4601179	0.000924111	0.0182124	0.00477564
18.7344	61606	0	61269	4722466	0.000947837	0.0181669	0.00482106
18.75	61606	0	61269	4847353	0.000972267	0.0181214	0.00486636
18.7656	61606	0	61269	4975752	0.000997384	0.0180761	0.00491156
18.7812	61606	0	61269	5107369	0.00102313	0.0180309	0.00495663
18.7969	61606	0	61269	5242789	0.00104962	0.0179859	0.0050016
18.8125	61606	0	61269	5382215	0.0010769	0.0179409	0.00504645
18.8281	61606	0	61269	5525586	0.00110494	0.0178961	0.00509119
18.8438	61606	0	61269	5671950	0.00113357	0.0178513	0.00513582
18.8594	61606	0	61269	5822741	0.00116307	0.0178067	0.00518034
18.875	61606	0	61269	5977338	0.00119331	0.0177622	0.00522474
18.8906	61606	0	61269	6136131	0.00122438	0.0177178	0.00526903
18.9062	61606	0	61269	6298905	0.00125622	0.0176735	0.00531322
18.9219	61606	0	61269	6466044	0.00128891	0.0176293	0.00535729
18.9375	61606	0	61269	6637568	0.00132247	0.0175852	0.00540125
18.9531	61606	0	61269	6813481	0.00135688	0.0175412	0.00544511
18.9688	61606	0	61269	6993969	0.00139218	0.0174974	0.00548885
18.9844	61606	0	61269	7178684	0.00142832	0.0174537	0.00553249
19	61606	0	61269	7368784	0.0014655	0.01741	0.00557601
19.0156	61606	0	61269	7564873	0.00150386	0.0173665	0.00561943
19.0312	61606	0	61269	7765971	0.0015432	0.0173231	0.00566273
19.0469	61606	0	61269	7972406	0.00158358	0.0172798	0.00570593
19.0625	61606	0	61269	8184127	0.001625	0.0172366	0.00574903
19.0781	61606	0	61269	8401614	0.00166754	0.0171935	0.00579201
19.0938	61606	0	61269	8624439	0.00171113	0.0171505	0.00583489
19.1094	61606	0	61269	8852511	0.00175575	0.0171076	0.00587765
19.125	46134	0	45796	6816567	0.00135143	0.0185343	0.00445458
19.1406	46134	0	45796	6996965	0.00138672	0.0184879	0.0045008
19.1562	46134	0	45796	7182919	0.00142309	0.0184417	0.0045469
19.1719	46134	0	45796	7373616	0.0014604	0.0183956	0.00459289
19.1875	46134	0	45796	7570198	0.00149885	0.0183496	0.00463876
19.2031	46134	0	45796	7771802	0.00153829	0.0183037	0.00468452
19.2188	46134	0	45796	7978001	0.00157863	0.018258	0.00473017
19.2344	46134	0	45796	8189838	0.00162006	0.0182123	0.0047757
19.25	46134	0	45796	8406508	0.00166245	0.0181668	0.00482112
19.2656	46134	0	45796	8629738	0.00170612	0.0181214	0.00486642
19.2812	46134	0	45796	8859518	0.00175107	0.0180761	0.00491161
19.2969	46134	0	45796	9093812	0.0017969	0.0180309	0.00495669
19.3125	46134	0	45796	9335506	0.00184418	0.0179858	0.00500165
19.3281	46134	0	45796	9582771	0.00189255	0.0179409	0.0050465
19.3438	46134	0	45796	9836185	0.00194212	0.017896	0.00509124
19.3594	46134	0	45796	10097254	0.00199319	0.0178513	0.00513587
19.375	46134	0	45796	10365540	0.00204567	0.0178066	0.00518039
19.3906	46134	0	45796	10639724	0.00209931	0.0177621	0.00522479
19.4062	46134	0	45796	10922594	0.00215464	0.0177177	0.00526909
19.4219	46134	0	45796	11212706	0.00221139	0.0176734	0.00531327
19.4375	46134	0	45796	11509650	0.00226948	0.0176292	0.00535734
19.4531	46134	0	45796	11815532	0.00232932	0.0175852	0.00540131
19.4688	46134	0	45796	12128474	0.00239053	0.0175412	0.00544516
19.4844	46134	0	45796	12450118	0.00245345	0.0174973	0.0054889
19.5	46134	0	45796	12781643	0.0025183	0.0174536	0.00553254
19.5156	46134	0	45796	13119625	0.00258442	0.01741	0.00557606
19.5312	46134	0	45796	13466206	0.00265222	0.0173664	0.00561948
19.5469	46134	0	45796	13823869	0.00272218	0.017323	0.00566279
19.5625	46134	0	45796	14191711	0.00279414	0.0172797	0.00570598
19.5781	46134	0	45796	14568826	0.00286791	0.0172365	0.00574908
19.5938	46134	0	45796	14955642	0.00294358	0.0171934	0.00579206
19.6094	46134	0	45796	15351885	0.00302109	0.0171504	0.00583494
19.625	46134	0	45796	15757751	0.00310049	0.0171076	0.0058777
19.6406	34508	0	34198	12129880	0.00238626	0.0185342	0.00445461
19.6562	34508	0	34198	12451139	0.00244911	0.0184879	0.00450083
19.6719	34508	0	34198	12780582	0.00251355	0.0184417	0.00454694
19.6875	34508	0	34198	13119993	0.00257995	0.0183956	0.00459293
19.7031	34508	0	34198	13468886	0.0026482	0.0183496	0.0046388
19.7188	34508	0	34198	13826498	0.00271815	0.0183037	0.00468456
19.7344	34508	0	34198	14192731	0.0027898	0.0182579	0.00473021
19.75	34508	0	34198	14569357	0.00286347	0.0182123	0.00477574
19.7656	34508	0	34198	14955990	0.0029391	0.0181668	0.00482115
19.7812	34508	0	34198	15353805	0.00301692	0.0181213	0.00486646
19.7969	34508	0	34198	15761271	0.00309663	0.018076	0.00491165
19.8125	34508	0	34198	16179182	0.00317838	0.0180309	0.00495672
19.8281	34508	0	34198	16608228	0.00326231	0.0179858	0.00500169
19.8438	34508	0	34198	17050051	0.00334874	0.0179408	0.00504654
19.8594	34508	0	34198	17502451	0.00343724	0.017896	0.00509128
19.875	34508	0	34198	17966999	0.00352811	0.0178512	0.00513591
19.8906	34508	0	34198	18444646	0.00362155	0.0178066	0.00518042
19.9062	34508	0	34198	18935002	0.00371747	0.0177621	0.00522483
19.9219	34508	0	34198	19436287	0.00381553	0.0177177	0.00526912
19.9375	34508	0	34198	19950708	0.00391616	0.0176734	0.00531331
19.9531	34508	0	34198	20480415	0.00401978	0.0176292	0.00535738
19.9688	34508	0	34198	21023476	0.00412601	0.0175851	0.00540134
19.9844	34508	0	34198	21582113	0.00423529	0.0175412	0.00544519
20	34508	0	34198	22154382	0.00434724	0.0174973	0.00548894
20.0156	34508	0	34198	22743116	0.00446241	0.0174536	0.00553257
20.0312	34508	0	34198	23346939	0.00458053	0.0174099	0.0055761
20.0469	34508	0	34198	23966676	0.00470176	0.0173664	0.00561951
20.0625	34508	0	34198	24604386	0.0048265	0.017323	0.00566282
20.0781	34508	0	34198	25258340	0.00495443	0.0172797	0.00570602
20.0938	34508	0	34198	25928302	0.00508549	0.0172365	0.00574911
20.1094	34508	0	34198	26616920	0.00522019	0.0171934	0.00579209
20.125	34508	0	34198	27323056	0.00535833	0.0171504	0.00583497
20.1406	34508	0	34198	28049127	0.00550036	0.0171075	0.00587774
20.1562	25779	0	25670	21601382	0.00423569	0.0185342	0.00445464
20.1719	25779	0	25670	22174328	0.00434777	0.0184879	0.00450086
20.1875	25779	0	25670	22763190	0.00446296	0.0184416	0.00454696
20.2031	25779	0	25670	23365872	0.00458085	0.0183955	0.00459295
20.2188	25779	0	25670	23985217	0.00470201	0.0183495	0.00463883
20.2344	25779	0	25670	24620184	0.00482622	0.0183037	0.00468459
20.25	25779	0	25670	25272855	0.00495389	0.0182579	0.00473023
20.2656	25779	0	25670	25944080	0.0050852	0.0182123	0.00477576
20.2812	25779	0	25670	26631908	0.00521975	0.0181667	0.00482118
20.2969	25779	0	25670	27339577	0.00535818	0.0181213	0.00486648
20.3125	25779	0	25670	28065161	0.00550012	0.018076	0.00491167
20.3281	25779	0	25670	28810544	0.00564593	0.0180308	0.00495675
20.3438	25779	0	25670	29573480	0.00579517	0.0179857	0.00500171
20.3594	25779	0	25670	30356848	0.00594842	0.0179408	0.00504656
20.375	25779	0	25670	31163092	0.00610613	0.0178959	0.0050913
20.3906	25779	0	25670	31989428	0.00626778	0.0178512	0.00513593
20.4062	25779	0	25670	32838190	0.00643381	0.0178066	0.00518045
20.4219	25779	0	25670	33709682	0.00660429	0.017762	0.00522485
20.4375	25779	0	25670	34605236	0.00677948	0.0177176	0.00526915
20.4531	25779	0	25670	35522088	0.00695883	0.0176733	0.00531333
20.4688	25779	0	25670	36464471	0.00714318	0.0176292	0.0053574
20.4844	25779	0	25670	37432304	0.0073325	0.0175851	0.00540137
20.5	25779	0	25670	38426267	0.00752694	0.0175411	0.00544522
20.5156	25779	0	25670	39445495	0.00772632	0.0174973	0.00548896
20.5312	25779	0	25670	40492130	0.00793106	0.0174535	0.0055326
20.5469	25779	0	25670	41565757	0.00814108	0.0174099	0.00557612
20.5625	25779	0	25670	42669054	0.00835691	0.0173664	0.00561954
20.5781	25779	0	25670	43802567	0.00857864	0.017323	0.00566284
20.5938	25779	0	25670	44964172	0.00880587	0.0172797	0.00570604
20.6094	25779	0	25670	46156312	0.00903908	0.0172365	0.00574913
20.625	25779	0	25670	47381518	0.00927875	0.0171934	0.00579212
20.6406	25779	0	25670	48640176	0.00952497	0.0171504	0.00583499
20.6562	25779	0	25670	49929330	0.00977715	0.0171075	0.00587776
20.6719	19275	0	19219	38437862	0.00752667	0.0185342	0.00445466
20.6875	19275	0	19219	39458313	0.00772629	0.0184878	0.00450088
20.7031	19275	0	19219	40505556	0.00793115	0.0184416	0.00454698
20.7188	19275	0	19219	41579638	0.00814126	0.0183955	0.00459297
20.7344	19275	0	19219	42682666	0.00835703	0.0183495	0.00463884
20.75	19275	0	19219	43815091	0.00857856	0.0183037	0.0046846
20.7656	19275	0	19219	44977319	0.00880591	0.0182579	0.00473025
20.7812	19275	0	19219	46173973	0.00904	0.0182123	0.00477578
20.7969	19275	0	19219	47397806	0.0092794	0.0181667	0.00482119
20.8125	19275	0	19219	48654727	0.00952528	0.0181213	0.0048665
20.8281	19275	0	19219	49946304	0.00977793	0.018076	0.00491169
20.8438	19275	0	19219	51269546	0.0100368	0.0180308	0.00495676
20.8594	19275	0	19219	52629921	0.0103029	0.0179857	0.00500173
20.875	19275	0	19219	54027384	0.0105763	0.0179408	0.00504658
20.8906	19275	0	19219	55458891	0.0108563	0.0178959	0.00509132
20.9062	19275	0	19219	56929715	0.011144	0.0178512	0.00513595
20.9219	19275	0	19219	58439027	0.0114393	0.0178066	0.00518047
20.9375	19275	0	19219	59991403	0.0117429	0.017762	0.00522487
20.9531	19275	0	19219	61582255	0.0120541	0.0177176	0.00526916
20.9688	19275	0	19219	63218080	0.0123741	0.0176733	0.00531335
20.9844	19275	0	19219	64894947	0.0127022	0.0176292	0.00535742
21	19275	0	19219	66618588	0.0130393	0.0175851	0.00540138
21.0156	19275	0	19219	68385439	0.013385	0.0175411	0.00544524
21.0312	19275	0	19219	70201649	0.0137402	0.0174973	0.00548898
21.0469	19275	0	19219	72063907	0.0141045	0.0174535	0.00553261
21.0625	19275	0	19219	73976346	0.0144786	0.0174099	0.00557614
21.0781	19275	0	19219	75940231	0.0148628	0.0173664	0.00561955
21.0938	19275	0	19219	77957014	0.0152573	0.0173229	0.00566286
21.1094	19275	0	19219	80024584	0.0156618	0.0172796	0.00570606
21.125	19275	0	19219	82149588	0.0160775	0.0172364	0.00574915
21.1406	19275	0	19219	84330284	0.0165041	0.0171934	0.00579213
21.1562	19275	0	19219	86568361	0.0169419	0.0171504	0.00583501
21.1719	19275	0	19219	88865795	0.0173913	0.0171075	0.00587778
21.1875	14531	0	14413	68410908	0.0133881	0.0185342	0.00445467
21.2031	14531	0	14413	70227854	0.0137435	0.0184878	0.00450089
21.2188	14531	0	14413	72093544	0.0141085	0.0184416	0.00454699
21.2344	14531	0	14413	74006428	0.0144827	0.0183955	0.00459298
21.25	14531	0	14413	75970136	0.0148668	0.0183495	0.00463886
21.2656	14531	0	14413	77988337	0.0152616	0.0183036	0.00468462
21.2812	14531	0	14413	80058371	0.0156665	0.0182579	0.00473026
21.2969	14531	0	14413	82184549	0.0160825	0.0182122	0.00477579
21.3125	14531	0	14413	84366022	0.0165092	0.0181667	0.00482121
21.3281	14531	0	14413	86604056	0.016947	0.0181213	0.00486651
21.3438	14531	0	14413	88904912	0.0173971	0.018076	0.0049117
21.3594	14531	0	14413	91266520	0.0178591	0.0180308	0.00495678
21.375	14531	0	14413	93688071	0.0183327	0.0179857	0.00500174
21.3906	14531	0	14413	96173801	0.018819	0.0179408	0.00504659
21.4062	14531	0	14413	98725091	0.0193181	0.0178959	0.00509133
21.4219	14531	0	14413	101344339	0.0198305	0.0178512	0.00513596
21.4375	14531	0	14413	104033866	0.0203566	0.0178065	0.00518048
21.4531	14531	0	14413	106794948	0.0208967	0.017762	0.00522488
21.4688	14531	0	14413	109629149	0.0214511	0.0177176	0.00526918
21.4844	14531	0	14413	112540385	0.0220206	0.0176733	0.00531336
21.5	14531	0	14413	115527854	0.022605	0.0176291	0.00535743
21.5156	14531	0	14413	118594949	0.023205	0.0175851	0.0054014
21.5312	14531	0	14413	121741866	0.0238206	0.0175411	0.00544525
21.5469	14531	0	14413	124971790	0.0244524	0.0174973	0.00548899
21.5625	14531	0	14413	128288070	0.0251011	0.0174535	0.00553263
21.5781	14531	0	14413	131692005	0.025767	0.0174099	0.00557615
21.5938	14531	0	14413	135190925	0.0264515	0.0173664	0.00561957
21.6094	14531	0	14413	138777255	0.027153	0.0173229	0.00566287
21.625	14531	0	14413	142461350	0.0278737	0.0172796	0.00570607
21.6406	14531	0	14413	146241493	0.0286132	0.0172364	0.00574916
21.6562	14531	0	14413	150122743	0.0293724	0.0171933	0.00579215
21.6719	14531	0	14413	154109178	0.0301522	0.0171504	0.00583502
21.6875	14531	0	14413	158200206	0.0309525	0.0171075	0.00587779
21.7031	10902	0	10859	121799237	0.0238304	0.0185342	0.00445468
21.7188	10902	0	10859	125034125	0.0244632	0.0184878	0.0045009
21.7344	10902	0	10859	128349424	0.0251117	0.0184416	0.004547
21.75	10902	0	10859	131753191	0.0257776	0.0183955	0.00459299
21.7656	10902	0	10859	135250369	0.0264617	0.0183495	0.00463887
21.7812	10902	0	10859	138840783	0.027164	0.0183036	0.00468462
21.7969	10902	0	10859	142527866	0.0278853	0.0182579	0.00473027
21.8125	10902	0	10859	146311130	0.0286254	0.0182122	0.0047758
21.8281	10902	0	10859	150192764	0.0293847	0.0181667	0.00482122
21.8438	10902	0	10859	154180238	0.0301647	0.0181213	0.00486652
21.8594	10902	0	10859	158269358	0.0309646	0.018076	0.00491171
21.875	10902	0	10859	162470805	0.0317865	0.0180308	0.00495679
21.8906	10902	0	10859	166783729	0.0326302	0.0179857	0.00500175
21.9062	10902	0	10859	171210847	0.0334962	0.0179408	0.0050466
21.9219	10902	0	10859	175758826	0.0343859	0.0178959	0.00509134
21.9375	10902	0	10859	180423978	0.0352985	0.0178512	0.00513597
21.9531	10902	0	10859	185211028	0.0362349	0.0178065	0.00518049
21.9688	10902	0	10859	190124052	0.037196	0.017762	0.00522489
21.9844	10902	0	10859	195168273	0.0381827	0.0177176	0.00526919
22	10902	0	10859	200346117	0.0391956	0.0176733	0.00531337
22.0156	10902	0	10859	205663181	0.0402357	0.0176291	0.00535744
22.0312	10902	0	10859	211121482	0.0413035	0.0175851	0.00540141
22.0469	10902	0	10859	216726742	0.0423999	0.0175411	0.00544526
22.0625	10902	0	10859	222477837	0.043525	0.0174972	0.005489
22.0781	10902	0	10859	228378467	0.0446792	0.0174535	0.00553264
22.0938	10902	0	10859	234436630	0.0458643	0.0174099	0.00557616
22.1094	10902	0	10859	240658722	0.0470815	0.0173663	0.00561958
22.125	10902	0	10859	247044390	0.0483306	0.0173229	0.00566288
22.1406	10902	0	10859	253606064	0.0496142	0.0172796	0.00570608
22.1562	10902	0	10859	260337575	0.050931	0.0172364	0.00574917
22.1719	10902	0	10859	267247654	0.0522828	0.0171933	0.00579216
22.1875	10902	0	10859	274342362	0.0536706	0.0171504	0.00583503
22.2031	10902	0	10859	281621302	0.0550945	0.0171075	0.0058778
22.2188	8136	0	8100	216820808	0.0424173	0.0185342	0.00445469
22.2344	8136	0	8100	222571507	0.0435422	0.0184878	0.00450091
22.25	8136	0	8100	228479922	0.044698	0.0184416	0.00454701
22.2656	8136	0	8100	234547069	0.0458848	0.0183955	0.004593
22.2812	8136	0	8100	240773000	0.0471027	0.0183495	0.00463887
22.2969	8136	0	8100	247161639	0.0483525	0.0183036	0.00468463
22.3125	8136	0	8100	253719556	0.0496353	0.0182579	0.00473028
22.3281	8136	0	8100	260454829	0.0509529	0.0182122	0.00477581
22.3438	8136	0	8100	267368777	0.0523054	0.0181667	0.00482122
22.3594	8136	0	8100	274462646	0.0536931	0.0181213	0.00486653
22.375	8136	0	8100	281743367	0.0551173	0.018076	0.00491172
22.3906	8136	0	8100	289219749	0.0565798	0.0180308	0.00495679
22.4062	8136	0	8100	296902677	0.0580827	0.0179857	0.00500176
22.4219	8136	0	8100	304786996	0.059625	0.0179407	0.00504661
22.4375	8136	0	8100	312871901	0.0612066	0.0178959	0.00509135
22.4531	8136	0	8100	321170646	0.06283	0.0178512	0.00513598
22.4688	8136	0	8100	329695015	0.0644975	0.0178065	0.00518049
22.4844	8136	0	8100	338448423	0.0662098	0.017762	0.0052249
22.5	6091	0	6076	260572402	0.0509751	0.0190238	0.00396623
22.5156	6091	0	6076	267485544	0.0523274	0.0189763	0.00401367
22.5312	6091	0	6076	274581142	0.0537154	0.0189288	0.004061
22.5469	6091	0	6076	281870382	0.0551413	0.0188815	0.0041082
22.5625	6091	0	6076	289349693	0.0566044	0.0188343	0.00415529
22.5781	6091	0	6076	297026504	0.0581062	0.0187872	0.00420225
22.5938	6091	0	6076	304910467	0.0596484	0.0187403	0.0042491
22.6094	6091	0	6076	313000298	0.0612309	0.0186934	0.00429584
22.625	6091	0	6076	321305230	0.0628555	0.0186467	0.00434245
22.6406	6091	0	6076	329832231	0.0645236	0.0186001	0.00438895
22.6562	6091	0	6076	338585079	0.0662358	0.0185535	0.00443534
22.6719	6091	0	6076	347570922	0.0679936	0.0185072	0.00448161
22.6875	4513	0	4558	267594038	0.052348	0.0195813	0.00341016
22.7031	4513	0	4558	274696660	0.0537374	0.0195323	0.00345899
22.7188	4513	0	4558	281990876	0.0551643	0.0194835	0.0035077
22.7344	4513	0	4558	289472927	0.0566279	0.0194348	0.00355629
22.75	4513	0	4558	297157274	0.0581311	0.0193862	0.00360475
22.7656	4513	0	4558	305041440	0.0596734	0.0193378	0.0036531
22.7812	4513	0	4558	313137823	0.0612572	0.0192894	0.00370132
22.7969	4513	0	4558	321448339	0.0628829	0.0192412	0.00374942
22.8125	4513	0	4558	329978790	0.0645516	0.0191931	0.0037974
22.8281	4513	0	4558	338734034	0.0662643	0.0191451	0.00384527
22.8438	4513	0	4558	347723839	0.0680229	0.0190972	0.00389301
22.8594	4513	0	4558	356952579	0.0698282	0.0190495	0.00394063
22.875	3395	0	3429	274833916	0.0537638	0.019987	0.00300544
22.8906	3395	0	3429	282125873	0.0551903	0.0199371	0.00305529
22.9062	3395	0	3429	289612066	0.0566547	0.0198872	0.003105
22.9219	3395	0	3429	297299805	0.0581586	0.0198375	0.0031546
22.9375	3395	0	3429	305192121	0.0597025	0.0197879	0.00320407
22.9531	3395	0	3429	313288292	0.0612862	0.0197384	0.00325341
22.9688	3395	0	3429	321599986	0.0629121	0.0196891	0.00330264
22.9844	3395	0	3429	330141858	0.0645831	0.0196399	0.00335174
23	3395	0	3429	338902904	0.0662969	0.0195908	0.00340071
23.0156	3395	0	3429	347891293	0.0680552	0.0195418	0.00344957
23.0312	3395	0	3429	357127919	0.069862	0.0194929	0.0034983
23.0469	2557	0	2598	274943821	0.053785	0.0203188	0.00267452
23.0625	2557	0	2598	282239934	0.0552123	0.020268	0.00272519
23.0781	2557	0	2598	289729021	0.0566773	0.0202173	0.00277573
23.0938	2557	0	2598	297423789	0.0581825	0.0201668	0.00282615
23.1094	2557	0	2598	305314994	0.0597262	0.0201164	0.00287644
23.125	2557	0	2598	313420182	0.0613117	0.0200661	0.00292661
23.1406	2557	0	2598	321740131	0.0629392	0.0200159	0.00297665
23.1562	2557	0	2598	330282424	0.0646103	0.0199659	0.00302656
23.1719	2557	0	2598	339048691	0.0663251	0.0199159	0.00307635
23.1875	2557	0	2598	348050382	0.068086	0.0198662	0.00312602
23.2031	2557	0	2598	357291075	0.0698936	0.0198165	0.00317556
23.2188	1924	0	1948	275097143	0.0538148	0.0205608	0.00243307
23.2344	1924	0	1948	282399985	0.0552433	0.0205094	0.00248434
23.25	1924	0	1948	289896475	0.0567098	0.0204582	0.00253549
23.2656	1924	0	1948	297592738	0.0582153	0.020407	0.00258651
23.2812	1924	0	1948	305492541	0.0597606	0.020356	0.0026374
23.2969	1924	0	1948	313600824	0.0613468	0.0203051	0.00268816
23.3125	1924	0	1948	321921316	0.0629744	0.0202543	0.0027388
23.3281	1924	0	1948	330465757	0.0646459	0.0202037	0.00278931
23.3438	1924	0	1948	339237807	0.0663618	0.0201532	0.00283969
23.3594	1924	0	1948	348240476	0.0681229	0.0201028	0.00288995
23.375	1924	0	1948	357478224	0.06993	0.0200526	0.00294008
23.3906	1924	0	1948	366964193	0.0717856	0.0200024	0.00299008
23.4062	1474	0	1454	282527452	0.0552681	0.0206999	0.00229431
23.4219	1474	0	1454	290023592	0.0567345	0.0206482	0.00234593
23.4375	1474	0	1454	297725976	0.0582412	0.0205966	0.00239742
23.4531	1474	0	1454	305631201	0.0597876	0.0205451	0.00244879
23.4688	1474	0	1454	313740619	0.0613739	0.0204937	0.00250002
23.4844	1474	0	1454	322066702	0.0630027	0.0204425	0.00255113
23.5	1474	0	1454	330616323	0.0646751	0.0203914	0.00260211
23.5156	1474	0	1454	339393056	0.066392	0.0203404	0.00265296
23.5312	1474	0	1454	348400235	0.068154	0.0202895	0.00270368
23.5469	1474	0	1454	357648042	0.069963	0.0202388	0.00275428
23.5625	1474	0	1454	367140219	0.0718199	0.0201882	0.00280475
23.5781	1086	0	1091	282667862	0.0552954	0.0208389	0.00215566
23.5938	1086	0	1091	290169122	0.0567628	0.0207868	0.00220763
23.6094	1086	0	1091	297872088	0.0582696	0.0207349	0.00225946
23.625	1086	0	1091	305777927	0.0598161	0.020683	0.00231117
23.6406	1086	0	1091	313891990	0.0614034	0.0206313	0.00236275
23.6562	1086	0	1091	322221761	0.0630329	0.0205798	0.0024142
23.6719	1086	0	1091	330772965	0.0647056	0.0205283	0.00246552
23.6875	1086	0	1091	339551091	0.0664228	0.020477	0.00251671
23.7031	1086	0	1091	348557303	0.0681846	0.0204258	0.00256778
23.7188	1086	0	1091	357801511	0.0699929	0.0203747	0.00261871
23.7344	1086	0	1091	367300464	0.0718511	0.0203238	0.00266952
23.75	867	0	829	282788771	0.055319	0.0209404	0.00205449
23.7656	867	0	829	290298006	0.0567879	0.020888	0.00210671
23.7812	867	0	829	298008308	0.0582962	0.0208358	0.0021588
23.7969	867	0	829	305913227	0.0598425	0.0207837	0.00221076
23.8125	867	0	829	314034356	0.0614312	0.0207317	0.00226259
23.8281	867	0	829	322372690	0.0630623	0.0206799	0.00231429
23.8438	867	0	829	330924850	0.0647352	0.0206282	0.00236586
23.8594	867	0	829	339707586	0.0664533	0.0205766	0.0024173
23.875	867	0	829	348721292	0.0682165	0.0205252	0.00246862
23.8906	867	0	829	357969678	0.0700257	0.0204739	0.0025198
23.9062	867	0	829	367468031	0.0718838	0.0204227	0.00257086
23.9219	634	0	611	282915725	0.0553437	0.0210144	0.00198068
23.9375	634	0	611	290421297	0.0568119	0.0209618	0.00203308
23.9531	634	0	611	298131988	0.0583203	0.0209094	0.00208536
23.9688	634	0	611	306041095	0.0598674	0.0208571	0.0021375
23.9844	634	0	611	314167441	0.0614571	0.020805	0.00218951
24	634	0	611	322503994	0.0630879	0.020753	0.00224139
24.0156	634	0	611	331062981	0.0647622	0.0207011	0.00229315
24.0312	634	0	611	339849277	0.0664809	0.0206494	0.00234477
24.0469	634	0	611	348869540	0.0682455	0.0205977	0.00239626
24.0625	634	0	611	358130454	0.0700571	0.0205462	0.00244763
24.0781	634	0	611	367632674	0.0719159	0.0204949	0.00249887
24.0938	460	0	481	283041007	0.0553681	0.0210683	0.00192682
24.1094	460	0	481	290551935	0.0568374	0.0210157	0.00197936
24.125	460	0	481	298260672	0.0583454	0.0209631	0.00203177
24.1406	460	0	481	306174963	0.0598936	0.0209107	0.00208405
24.1562	460	0	481	314300617	0.0614831	0.0208585	0.00213619
24.1719	460	0	481	322647180	0.0631158	0.0208063	0.00218821
24.1875	460	0	481	331210494	0.064791	0.0207543	0.00224009
24.2031	460	0	481	340001024	0.0665106	0.0207024	0.00229185
24.2188	460	0	481	349022869	0.0682754	0.0206507	0.00234348
24.2344	460	0	481	358289650	0.0700881	0.020599	0.00239497
24.25	460	0	481	367802190	0.071949	0.0205475	0.00244634
