8.3e-09 19.1406 2.01562 8.14062 7 787330 109037703 8 1439672 240592871
8.3e-09 19.0938 2 8.14062 0 15591 317452550 1 3592 164824
8.3e-09 17.8438 2.82812 8.14062 0 1317434 259014863 0 158906 86325308
8.3e-09 18.8125 2 8.14062 2 2530500 349892715 0 0 643
8.3e-09 17.5156 2.8125 8.14062 0 791266 281619958 0 37906 4630121
8.3e-09 14.3906 1.84375 8.14062 0 36085 332939420 0 44 349336
8.3e-09 16.1719 1.82812 8.09375 0 641521 296664475 0 0 0
8.3e-09 17.2031 2.48438 8.14062 0 260373 293963032 0 10903 20389222
8.3e-09 20.2344 1.79688 8.14062 15 174349 14723323 20 3404587 319673330
8.3e-09 21.6406 2.53125 8.14062 121 0 6119 124 8024990 294624644
8.3e-09 19.8281 2.53125 8.14062 11 964136 143707132 9 2417086 214680785
8.3e-09 19.1719 2.26562 8.14062 1 1154187 87757292 2 1624118 228420112
8.3e-09 18.9688 1.84375 8.14062 2 10847 3287314 1 1778701 295915150
8.3e-09 23.5625 2.34375 8.14062 1655 6628555 344009628 1640 33 40
8.3e-09 18.7031 2.26562 8.14062 0 638704 282050967 1 0 0
8.3e-09 infty 2.23438 8.14062 2815 0 0 2788 0 0
8.3e-09 18.0625 1.9375 8.14062 0 795704 301558402 0 6497 271949
8.3e-09 18 2.8125 8.14062 0 865973 287707403 0 0 4
8.3e-09 16.9062 1.8125 7.90625 0 870455 358323042 0 7 373
8.3e-09 17.9844 1.90625 8.14062 0 913712 336759550 0 102936 13207304
8.3e-09 18.8906 1.82812 8 2 965387 277464262 2 0 0
8.3e-09 15.4688 1.9375 8.14062 0 183 10825 0 145767 313287931
8.3e-09 22.4062 2.48438 8.14062 410 7642467 339921142 457 0 0
8.3e-09 15.9375 2.51562 8.14062 0 22274 9644343 0 439127 347582086
8.3e-09 21.2969 1.98438 8.09375 72 70307 689868 84 1812252 280925848
8.3e-09 18.1094 2.26562 8.14062 0 75262 10279086 0 1486077 307782114
8.3e-09 20.375 1.8125 8.26562 18 3856 264758 11 2807326 273883872
8.3e-09 17.8594 1.96875 8.34375 0 645562 290663359 1 505271 44855079
8.3e-09 21.0625 2.73438 8.14062 53 4001220 291602186 33 0 0
8.3e-09 17.4531 2.54688 8.14062 0 203672 358248740 0 7 1984
8.3e-09 infty 1.82812 8.10938 3230 347697 36442434 3358 963 938
8.3e-09 19.9375 2.76562 7.96875 11 1822961 363183877 12 606 4289
8.3e-09 21.4844 2.5 8.14062 105 6721241 309261023 90 0 0
8.3e-09 21.5469 1.9375 8.14062 80 0 0 83 1817404 310524369
8.3e-09 18.0312 1.8125 7.90625 0 8 38 0 1523229 323601565
8.3e-09 22.6406 1.79688 8.14062 326 10946 291982 325 4307911 274520943
8.3e-09 18.625 2.21875 8.14062 0 645 14181 1 3709457 368966547
8.3e-09 19.1562 1.90625 8.14062 1 3328481 285526723 3 0 0
8.3e-09 18.2344 2.21875 8.14062 0 2313526 352181237 0 0 0
8.3e-09 19.1719 2.34375 8.14062 1 2955748 280197983 0 0 0
8.3e-09 18.9062 2.4375 8.14062 1 135366 22854065 3 1534285 301072242
8.3e-09 16.4062 2.46875 8.10938 0 359649 303318572 0 4609 361446
8.3e-09 17.4688 1.84375 8.14062 1 919372 338651229 0 28573 2087884
8.3e-09 16.1875 2.85938 8.14062 0 4071 658367 0 51484 306694352
8.3e-09 19.7969 2.03125 8.14062 4 593130 18047090 5 4596458 271499758
8.3e-09 16.5469 1.90625 8.14062 0 1824 321459804 0 0 0
8.3e-09 14.5781 2.32812 8.14062 0 49907 307543171 0 148 26753
8.3e-09 19.0156 2 8.14062 3 496902 177533507 1 902375 144772557
8.3e-09 20.5469 2.35938 8.14062 34 14418 88321 18 1822654 295560437
8.3e-09 19.9844 1.875 8.14062 9 623096 303808343 21 1 0
8.3e-09 18.3594 1.92188 8.14062 1 686010 198081819 1 269896 100254681
8.3e-09 17.7344 2.54688 8.14062 0 909 45639 0 1058322 356412452
8.3e-09 19.5469 1.875 8.14062 5 900 135434 10 1939660 303340582
8.3e-09 17.4375 2.40625 8.14062 1 8705 263863011 1 747284 96410108
8.3e-09 17.5156 1.95312 8.14062 0 143804 105107644 0 710066 182591209
8.3e-09 20.1562 1.8125 8.3125 18 63 118 21 5195177 335990732
8.3e-09 21.0156 1.98438 7.90625 55 230350 25180895 59 2765959 299678083
8.3e-09 23.6875 2.5 8.14062 1775 2054217 83135393 1711 6485306 180204896
8.3e-09 17.7031 2.28125 8.25 0 77702 298838807 1 86343 6108307
8.3e-09 20.0312 1.9375 8.14062 12 169198 3415582 14 2527780 289037412
8.3e-09 18.1875 1.85938 8.14062 0 0 0 1 470462 324161686
8.3e-09 18.8906 2.29688 8.0625 1 276947 295214226 0 33591 3240499
8.3e-09 18.5312 2.23438 8.14062 0 4216 133405 2 458597 305599974
8.3e-09 18.7031 1.89062 8.14062 3 1100433 194571255 1 524243 131213777
8.3e-09 17.8281 1.8125 7.90625 0 67 1732 1 510506 312260905
8.3e-09 18.8125 2.45312 7.9375 2 1176094 343173351 4 13176 21915420
8.3e-09 infty 2.76562 8.29688 2500 610164 6776504 2416 875422 9776150
8.3e-09 20.2969 2.5625 8.14062 11 534 5253 9 3293039 332306813
8.3e-09 18.7188 2.73438 8.14062 2 821362 316025704 1 350224 28221299
8.3e-09 17.8438 2.76562 7.92188 0 780588 290055860 0 168341 36162786
8.3e-09 19 1.89062 8.14062 1 2692199 288435023 1 0 0
8.3e-09 24.0469 2.28125 8.14062 1928 6410283 194651897 1939 3488068 72294722
8.3e-09 20.2031 2.28125 8.21875 10 68886 3415222 20 1642307 280699961
8.3e-09 18.8438 2.76562 8.29688 3 359 7075 3 1269313 303669610
8.3e-09 17.0156 1.95312 8.14062 0 913015 278964295 0 1807 189985
8.3e-09 17.1719 2.26562 8.14062 0 0 0 1 1031899 363994233
8.3e-09 18.7031 2.40625 8.14062 1 875414 255362195 0 357409 30478315
8.3e-09 21.1719 2.45312 8.32812 46 3383824 289300728 36 381727 11750305
8.3e-09 24.2344 1.90625 8.14062 2814 0 0 2811 11414015 250085558
8.3e-09 17.4844 2.39062 8.14062 0 0 0 0 980548 340829035
8.3e-09 17.5312 1.875 8.14062 1 216 9727 1 1098367 300168695
8.3e-09 19 2.40625 8.14062 1 2112525 274753018 4 185141 26188847
8.3e-09 18.4688 2.48438 8.14062 1 543586 72386657 2 38012 268231058
8.3e-09 22.0312 2.85938 8.14062 274 2906606 73406794 270 1820724 249055304
8.3e-09 17.3438 1.8125 8.40625 0 959236 306096540 0 58355 13943209
8.3e-09 19.7656 1.95312 8.15625 12 1398017 113478675 13 1128728 232750382
8.3e-09 20.8125 2.29688 8.40625 29 0 0 38 3579558 304328146
8.3e-09 16.875 1.90625 8.14062 0 533994 283145625 0 36523 3870558
8.3e-09 17.25 1.8125 8.20312 0 704579 298468402 0 3177 442904
8.3e-09 22.8438 1.8125 8.23438 549 1634204 61991182 610 5493320 212479057
8.3e-09 20.4062 2.82812 8.14062 26 1057 149564 21 1613972 310504239
8.3e-09 18.4531 2.03125 8.14062 0 0 0 0 1592712 314278280
8.3e-09 infty 1.82812 8.14062 3211 353546 811150 3130 919 851
8.3e-09 20.3438 2.21875 8.14062 9 1912107 329780868 11 52 6339
8.3e-09 16.625 2.35938 8.14062 0 281447 362169446 0 8628 8062517
8.3e-09 infty 2.73438 8.14062 2623 0 0 2653 0 0
8.3e-09 19.4688 1.8125 8.32812 8 1461733 325607589 12 28099 535263
8.3e-09 21.1875 2.21875 8.14062 113 1087392 360706311 117 27 0
8.3e-09 18.8125 1.8125 8.26562 2 8724 300800 0 1144335 306404260
8.3e-09 15.4375 1.98438 7.9375 0 0 8 0 298468 351770142
8.3e-09 17.4219 1.92188 8.14062 1 772961 228226678 0 502744 106425381
8.3e-09 20.1875 1.79688 8.17188 17 2456 783390 11 3355013 359447780
8.3e-09 19.1562 2.23438 8.14062 1 730371 256739704 4 418879 26548561
8.3e-09 17.1719 2.29688 7.90625 0 74 2369 0 142722 290479826
8.3e-09 21.0781 2.21875 8.14062 55 4765447 360770299 48 1290 39309
8.3e-09 18.7188 2.82812 8.14062 3 11282 270287 2 1413697 278760754
8.3e-09 21.7188 2.34375 8.14062 226 523673 10791832 219 5038827 303311242
8.3e-09 infty 2.84375 8.14062 2960 0 0 2816 843620 56259442
8.3e-09 18.2188 1.84375 8.14062 0 1550456 350218530 2 199 8225
8.3e-09 infty 2.29688 8.39062 3329 0 0 3304 0 0
8.3e-09 21.125 2.23438 8.14062 50 3848328 154394389 48 3014705 206208466
8.3e-09 23.1094 1.90625 8.14062 890 0 0 877 4014074 293188514
8.3e-09 22.9375 1.9375 8.14062 564 4803927 322209789 602 18357 38063
8.3e-09 19.3594 2.76562 7.95312 3 2870734 344095108 1 0 8514
8.3e-09 19.9219 2.48438 8.14062 27 133 5981 17 1072901 317803683
8.3e-09 18.9688 1.98438 8.0625 5 950342 265012435 1 300048 18909093
8.3e-09 19.5938 1.95312 8.14062 9 2516532 214173961 13 154020 72525986
8.3e-09 19.5938 1.95312 8.14062 6 1323606 261461593 8 409469 18883067
8.3e-09 19.2188 2.76562 7.98438 2 1912420 330469499 0 122714 24284089
8.3e-09 infty 1.85938 8.14062 3097 0 0 3136 0 0
8.3e-09 22.6094 2.76562 8.25 344 10961184 272725437 332 0 0
8.3e-09 19.9844 1.95312 8.14062 8 1804367 105941216 9 4826571 249759979
8.3e-09 23.875 2.26562 8.14062 1884 790 1305 1902 16626409 282904204
8.3e-09 19.0625 1.85938 8.14062 5 815 20481 3 1524488 327351170
8.3e-09 16.2188 2.04688 8.14062 0 28 4400 0 112006 339212739
8.3e-09 17 2.48438 8.14062 0 655 275147 0 702890 288009249
8.3e-09 infty 1.79688 8.17188 2622 0 0 2521 4 0
8.3e-09 19.4219 2.51562 8.14062 8 1683824 290958572 4 0 0
8.3e-09 20.0156 1.8125 8.32812 5 1874067 73734208 9 1210631 230561808
8.3e-09 19.5781 1.90625 8.14062 9 2823810 232126939 5 451797 105360972
8.3e-09 17.5156 1.875 8.14062 1 1068 23980 0 379539 322655921
8.3e-09 17.5938 2.29688 8.07812 0 544293 219519940 0 89598 79504059
8.3e-09 18.2812 2.23438 8.14062 0 0 1 0 1432173 349729652
8.3e-09 20.0625 2.01562 8.14062 17 11201 425954 9 1790269 351669534
8.3e-09 18.9688 2.75 8.14062 1 378271 62049452 3 2398703 300158198
8.3e-09 20.1562 2.04688 8.14062 19 1294892 277859547 17 97 393
8.3e-09 infty 2.03125 8.14062 3050 9 26 3047 605484 20171009
8.3e-09 17.75 2 8.14062 1 77894 5312485 2 1401759 297017623
8.3e-09 20 2.375 8.14062 11 4023822 287415464 8 0 0
8.3e-09 17 1.84375 8.14062 0 795898 286885533 0 19 615
8.3e-09 22.3906 1.82812 7.95312 330 6463931 321912683 318 25 8
8.3e-09 17.1719 2.48438 8.14062 0 905043 302325590 0 223629 63832334
8.3e-09 infty 1.84375 8.14062 3194 1414 15307 3137 1427535 52972074
8.3e-09 15.5312 2.46875 8.14062 0 1948 471556 0 692314 363219272
8.3e-09 18.3594 1.875 8.14062 0 1062728 297179467 1 319 3891
8.3e-09 19.0469 1.92188 8.14062 4 10313 536403 4 1147622 341692158
8.3e-09 20.7344 2.21875 8.14062 26 1093293 162232297 43 1664760 133329836
8.3e-09 infty 2.3125 8.14062 3240 42713 623164 3085 100 328
8.3e-09 17.1094 1.9375 8.14062 0 16 68 0 513453 315521215
8.3e-09 17.625 2.32812 8.14062 1 1216936 331956839 0 0 0
8.3e-09 23.625 1.92188 8.14062 1509 0 0 1534 10448154 301670445
8.3e-09 infty 1.82812 8.03125 3301 0 0 3299 102462 1755975
8.3e-09 17.9219 1.82812 7.95312 1 168895 177654844 1 199273 101162442
8.3e-09 infty 2.40625 8.14062 2679 2688326 32673504 2582 0 0
8.3e-09 17.4375 2.4375 8.1875 0 826923 253276357 0 230210 49698561
8.3e-09 20.3281 1.92188 8.14062 24 3175704 124499558 19 2182990 222371583
8.3e-09 17.7344 2.78125 8.14062 0 2280 189641 0 1149496 342760196
8.3e-09 17.0625 2.03125 8.14062 0 0 0 0 294149 360261664
8.3e-09 18.9531 1.8125 8.21875 2 378382 96349640 2 225839 212030565
8.3e-09 18 2.42188 8.14062 0 968 23649 1 1393476 350538251
8.3e-09 18.4688 2.45312 7.90625 1 877452 306824522 1 459184 49952208
8.3e-09 21.1406 2.75 8.15625 53 0 0 59 1547800 330701539
8.3e-09 17.5469 2.21875 8.14062 0 917471 290902608 0 0 0
8.3e-09 17.5781 2.8125 8.14062 0 733560 302363301 0 33 17
8.3e-09 18.6719 2.32812 8.14062 0 711519 370383182 0 0 0
8.3e-09 16.0156 1.85938 8.14062 0 0 0 0 195414 329538365
8.3e-09 19.5781 1.82812 8.04688 10 1478824 312600610 7 0 0
8.3e-09 17.2031 1.9375 8.14062 0 617162 346900458 1 16954 761672
8.3e-09 18.1719 2.51562 8.14062 0 226432 63113070 0 307540 275575716
8.3e-09 16.6719 1.8125 8.375 1 4596 300551 0 10 330138111
8.3e-09 19.2812 1.84375 8.14062 2 170529 11192849 2 1507880 343317375
8.3e-09 18.1562 2 8.14062 0 236422 279518022 0 6110 131534
8.3e-09 22.2344 2 8.14062 328 107556 4532781 329 10077971 315935097
8.3e-09 infty 2.39062 8.14062 2783 6649056 51268061 2764 77 3
8.3e-09 20.6406 1.96875 8.35938 28 4736 93118 25 2122255 364130114
8.3e-09 infty 1.96875 8.20312 2516 410 151502 2586 1407 6112
8.3e-09 17.1094 1.8125 8.35938 0 1174950 367767663 0 2385 85919
8.3e-09 18.5312 2.29688 8.03125 0 109864 48550248 0 1432474 279787493
8.3e-09 23.2969 2.34375 8.14062 1219 0 0 1286 1454177 293608023
8.3e-09 23.375 2.46875 8.14062 1287 8780328 182729306 1382 3260118 72003084
8.3e-09 19.7188 2.35938 8.14062 8 3146984 284602002 2 730 6727
8.3e-09 22.1094 1.95312 8.14062 121 8414606 275681243 175 1052 28178
8.3e-09 18.5312 2.29688 8.0625 1 354606 30861117 2 1722446 269000331
8.3e-09 18.8281 2.84375 8.14062 4 5296 1953653 3 513924 292399444
8.3e-09 18.5156 2.01562 8.14062 0 1164778 297991776 2 43 129
8.3e-09 17.7656 2.3125 8.14062 0 1274637 280727904 1 132585 48721420
8.3e-09 17.625 2.3125 8.14062 0 0 5 0 1922588 311117769
8.3e-09 18.9844 1.98438 8.14062 2 0 0 3 1267491 296730828
8.3e-09 20.5938 1.79688 8.14062 22 2368001 258007236 23 1307421 60639922
8.3e-09 18.4531 2.375 8.14062 1 855983 306820685 0 37807 3477917
8.3e-09 18.4531 1.84375 8.14062 2 1842390 209586221 1 35001 70189691
8.3e-09 18.0625 2.34375 8.14062 0 813982 107133995 0 893079 197651144
8.3e-09 19.4844 1.98438 7.96875 4 1277515 115822001 3 1763209 174560559
8.3e-09 17.4688 2.32812 8.14062 0 298944 351518260 0 0 0
8.3e-09 20.5312 2.03125 8.14062 26 1084674 76526311 23 3605902 217744138
8.3e-09 infty 2.29688 8.01562 3362 26216 433939 3212 2216178 73430844
8.3e-09 17.0625 2 8.14062 0 629567 346133382 0 8 165
8.3e-09 19.75 1.89062 8.14062 9 40255 11304609 5 997201 322807636
8.3e-09 20.7188 1.96875 8.32812 68 3841302 329311291 64 0 0
8.3e-09 24.2031 2.78125 8.14062 3241 8031084 241642270 3259 167472 26551392
8.3e-09 infty 2.3125 8.14062 3167 0 0 3251 504551 19629367
8.3e-09 19.4844 2.03125 8.14062 6 478003 84095869 4 492300 209120716
8.3e-09 18.1094 2.26562 8.14062 0 1417275 297689800 1 1398 839480
8.3e-09 15.5312 1.92188 8.14062 0 30986 296961831 0 922 112288
8.3e-09 15.3125 2.8125 8.14062 0 106733 357240750 0 0 0
8.3e-09 14.875 1.875 8.14062 0 224 291696251 0 1 47
8.3e-09 23.25 1.9375 8.14062 1089 0 0 1074 588929 316843813
8.3e-09 18.6094 2.03125 8.14062 2 574 8125 0 1720018 298569863
8.3e-09 21.0625 1.9375 8.14062 32 6 534 31 4638131 275097471
8.3e-09 18.5156 2.01562 8.14062 0 1176786 338205633 1 8335 168522
8.3e-09 19.7969 2.54688 8.14062 11 1296475 267563298 9 399627 16682449
8.3e-09 19.0312 2.40625 8.14062 2 1397917 227186350 2 407596 66834455
8.3e-09 15.9531 1.92188 8.14062 0 26442 287224061 0 891 476177
8.3e-09 20.5312 2.84375 8.14062 31 3099593 320903430 34 26605 788127
8.3e-09 19.5312 2.39062 8.14062 7 467225 165415355 6 1631625 194682303
8.3e-09 20.9375 2.29688 7.96875 45 4383213 349609173 50 0 0
8.3e-09 19.5 2.25 8.14062 3 253321 30871459 4 327224 298835129
8.3e-09 16.5312 1.95312 8.14062 0 838395 327477065 0 0 0
8.3e-09 18.4062 2.25 8.14062 1 423123 312074491 0 0 0
8.3e-09 19.0938 2.23438 8.14062 0 0 0 1 1764042 349732170
8.3e-09 20.2344 1.79688 8.14062 22 3301000 303029566 15 4 7633
8.3e-09 19.7188 2.01562 8.14062 15 810298 259221136 11 520021 43006873
8.3e-09 19.25 1.98438 7.92188 5 2331969 293921396 2 87545 2786616
8.3e-09 22.0625 1.84375 8.14062 232 90 170 263 8959918 334648943
8.3e-09 20.3594 2.04688 8.14062 18 4725 39267 25 4799401 340543216
8.3e-09 19.6875 1.85938 8.14062 6 0 0 6 1502970 322130342
8.3e-09 infty 1.98438 7.90625 3387 0 0 3342 0 0
8.3e-09 18.75 1.95312 8.14062 0 595258 289345348 1 278783 40930889
8.3e-09 21.3125 2.35938 8.14062 133 2277602 170206341 120 238631 159338905
8.3e-09 19.625 1.875 8.14062 8 14210 345838 1 1354886 338756663
8.3e-09 16.4531 2.34375 8.14062 0 0 31 0 103251 308892379
8.3e-09 infty 2.8125 8.14062 3109 173 4558 3014 0 0
8.3e-09 22.0938 1.92188 8.14062 192 0 0 183 3983002 336275398
8.3e-09 19.75 1.875 8.14062 5 1399068 79464584 5 2370526 285580523
8.3e-09 23.8594 2.76562 8.26562 1879 9184383 290811955 1829 0 0
8.3e-09 16.1094 1.84375 8.14062 0 51295 369920033 0 0 0
8.3e-09 22.7031 2 8.14062 567 1438111 199280829 575 4230574 75048505
8.3e-09 21.6719 1.9375 8.14062 122 2312246 308295468 121 0 9
8.3e-09 20.5312 2.51562 8.14062 29 0 0 26 2174209 313624794
8.3e-09 18.1406 2.78125 8.14062 1 50 910 0 1421147 344792391
8.3e-09 18.6875 2.375 8.14062 0 800644 295578968 3 69812 1556261
8.3e-09 20.7031 1.90625 8.14062 27 1144798 142433019 23 3490877 168824424
8.3e-09 22.1875 1.84375 8.14062 449 1610489 76431371 399 6272343 273093585
8.3e-09 18.9219 2.84375 8.14062 2 2663277 340893092 1 0 0
8.3e-09 17.0938 2.54688 8.14062 0 1058 42346 0 508068 332446657
8.3e-09 infty 1.92188 8.14062 2793 751 646 2722 4489436 96712736
8.3e-09 16.7344 1.875 8.14062 0 141890 300958445 0 7 15
8.3e-09 17.5781 1.79688 8.14062 1 0 1699 0 742811 279535161
8.3e-09 18.9844 2.01562 8.14062 4 0 0 3 2760109 277115126
8.3e-09 15.5938 1.8125 8.25 0 9 197 0 60003 354302969
8.3e-09 22.3906 1.875 8.14062 392 0 0 381 5800127 321114754
8.3e-09 17.625 2.28125 8.15625 0 649897 344680934 0 47762 3409291
8.3e-09 infty 1.89062 8.14062 2895 0 0 2814 1320288 22532193
8.3e-09 19.1406 2.01562 8.14062 3 662 16609 8 1806463 311676089
8.3e-09 18.0312 2.35938 8.14062 0 1180551 240414551 1 549317 82236567
8.3e-09 infty 2.76562 7.96875 3375 0 0 3234 0 0
8.3e-09 16.5625 2.46875 8.14062 0 113995 329427828 0 7759 1289521
8.3e-09 infty 2.75 8.21875 2591 0 0 2584 0 0
8.3e-09 infty 2.21875 8.14062 2930 0 0 2896 2241302 50165141
8.3e-09 20.6875 1.79688 8.15625 36 0 0 40 3191491 332164100
8.3e-09 15.9844 2.53125 8.14062 0 10726 347709626 0 8546 2033359
8.3e-09 16.0781 2.29688 8.04688 0 439860 296179776 0 40805 16436822
8.3e-09 17.8438 2.375 8.14062 1 73949 340907185 1 53 294
8.3e-09 17.6562 2.23438 8.14062 1 651819 127538697 0 255471 210907265
8.3e-09 20 2.03125 8.14062 11 400 4271 12 2071013 318597735
8.3e-09 infty 2.25 8.14062 2714 0 0 2657 17 5
8.3e-09 23.6719 1.84375 8.14062 1777 186285 3750470 1779 18348341 284124949
8.3e-09 16.4062 1.90625 8.14062 0 0 0 0 48112 349105292
8.3e-09 18.5469 1.95312 8.15625 0 29124 11470036 1 2447118 303108408
8.3e-09 19.625 2.5 8.14062 2 2479527 336478987 2 46569 3318739
8.3e-09 22.125 2.26562 8.14062 204 207126 7638871 206 7468146 304364581
8.3e-09 19.0156 2.53125 8.14062 4 130163 52185218 5 70543 241953957
8.3e-09 17.9688 2.42188 8.14062 0 679 2400297 0 1013388 296792488
8.3e-09 17.0469 1.84375 8.14062 0 5202 400350 0 31 372648859
8.3e-09 18.0312 2.42188 8.14062 1 946232 172869696 1 0 128212700
8.3e-09 20.0156 2.32812 8.14062 10 71544 21853105 9 917209 268368496
8.3e-09 18.0469 2.85938 8.14062 1 518 83934 0 1731925 309155417
8.3e-09 22.8125 2.35938 8.14062 689 4775426 295995345 679 21911 233910
8.3e-09 19.1562 2.25 8.14062 1 0 0 1 2534397 276497348
8.3e-09 17.6406 1.85938 8.14062 0 459035 156326648 1 923635 206689388
8.3e-09 20.0469 2.5 8.14062 15 3966077 352701396 13 7274 981207
8.3e-09 infty 2.28125 8.34375 3361 2478 60924 3346 0 0
8.3e-09 16.9219 1.85938 8.14062 0 833906 339992900 0 34841 6880511
8.3e-09 17.9844 1.90625 8.14062 2 50042 1546777 1 141396 343425327
8.3e-09 19.0156 2.375 8.14062 2 1886635 316640835 2 285817 26538450
8.3e-09 18.4688 2.5 8.14062 0 2174109 298277423 0 1302 332808
8.3e-09 21.5625 2.32812 8.14062 122 0 0 112 10230588 328716580
8.3e-09 18.0156 1.90625 8.14062 2 1251732 367177317 0 90 1431
8.3e-09 16.4375 1.84375 8.14062 0 329 29915 0 579982 315072024
8.3e-09 18.4375 2.29688 8 1 1091343 304577546 0 27916 28700929
8.3e-09 23.2969 2.84375 8.14062 931 11346557 256232607 905 150075 2005300
8.3e-09 19.0625 2.76562 7.89062 0 0 0 0 3064469 349100583
8.3e-09 18.0938 2.53125 8.14062 0 917046 280360030 0 374877 49149446
8.3e-09 22.8594 1.875 8.14062 742 52588 274973172 701 0 0
8.3e-09 22.4688 2.26562 8.14062 338 1410782 305663685 345 431 450
8.3e-09 22.5312 1.875 8.14062 367 5127610 226465893 400 2069792 46180977
8.3e-09 19.5 2.34375 8.14062 6 65495 15825194 8 586567 350350766
8.3e-09 19.4062 2.23438 8.14062 1 91916 259031875 3 936265 68650664
8.3e-09 15.9688 1.875 8.14062 0 499 67695 0 467936 356187655
8.3e-09 16.5938 2.25 8.14062 0 0 0 0 107528 304682780
8.3e-09 23.6562 2.3125 8.10938 1834 6970182 318396715 1821 0 0
8.3e-09 22.1875 1.95312 8.14062 258 5278601 269142377 270 0 0
8.3e-09 19.125 1.95312 8.14062 2 0 0 1 2389463 300297066
8.3e-09 17.9844 2.32812 8.14062 1 63209 7636466 0 629978 289822479
8.3e-09 18.9688 1.85938 8.14062 1 0 0 1 2499580 326160116
8.3e-09 20.1094 2.21875 8.14062 10 756162 327226691 12 0 0
8.3e-09 15.6094 2.03125 8.14062 0 442437 317541024 0 797 132166
8.3e-09 infty 1.9375 8.14062 2782 0 0 2717 146788 4665209
8.3e-09 infty 1.875 8.14062 2967 6349 154018 2993 38 9
8.3e-09 19.9844 2.48438 8.14062 9 0 0 13 3670656 300321529
8.3e-09 18.5938 2.28125 8.14062 0 153361 19189533 1 1124564 289985398
8.3e-09 18.1719 2.35938 8.14062 0 27 3645 0 997947 328366045
8.3e-09 17.5312 1.9375 8.14062 0 170 187756 0 0 279424773
8.3e-09 17.6875 2.8125 8.14062 1 77715 363846649 0 54 1364
8.3e-09 19.4844 1.82812 8.14062 3 254740 8075963 0 1175125 335877327
8.3e-09 19.1094 1.95312 8.14062 1 2773650 325680390 1 310 3510
8.3e-09 21.2188 2.53125 8.14062 82 7167934 357702253 113 0 0
8.3e-09 19.0469 2.23438 8.14062 8 461409 284506044 4 4857 761552
8.3e-09 infty 2.29688 8.40625 3223 19 0 3309 128861 1833826
8.3e-09 16.5 1.96875 7.90625 0 4 42 0 85466 287687101
8.3e-09 19.1094 2.4375 8.14062 1 0 0 3 2100881 310598926
8.3e-09 16.0625 2.32812 8.14062 0 7780 347328288 0 214 75943
8.3e-09 20.7344 2.03125 8.14062 42 4502519 311420493 33 2923 11753
8.3e-09 20.25 2.39062 8.14062 32 146475 200126025 31 1274339 74553183
8.3e-09 20.625 2.23438 8.14062 31 0 0 34 431620 357684381
8.3e-09 21.0938 1.89062 8.14062 59 2703577 336303140 52 0 0
8.3e-09 19.75 2.79688 8.14062 11 1334648 309942685 7 91641 5825180
8.3e-09 18.5469 1.8125 8.21875 1 0 0 2 1857859 303721882
8.3e-09 20.8438 2.53125 8.14062 43 1217511 333749564 70 18779 1538246
8.3e-09 18.5 2.5 8.14062 0 878 496334 1 1556589 285383629
8.3e-09 infty 1.96875 8.32812 3325 29 511 3407 0 0
8.3e-09 21.125 1.79688 8.14062 37 0 0 40 6642092 324939173
8.3e-09 20.7344 2.35938 8.14062 49 8213 111933 46 6316472 320573640
8.3e-09 18.9688 2.54688 8.14062 2 333112 40693606 2 1618521 264710438
8.3e-09 22.2344 2.04688 8.14062 307 13429875 333222001 280 17 37
8.3e-09 18.7969 2.28125 8.14062 0 1562366 162457771 0 603720 168533911
8.3e-09 infty 2.3125 8.125 3208 637455 21439576 3250 0 0
8.3e-09 17.9688 1.85938 8.14062 0 2187332 360946941 0 647 22897
8.3e-09 20.2031 2.25 8.14062 20 2076509 329528154 16 182605 9111835
8.3e-09 18 1.85938 8.14062 0 1749438 335287976 0 44871 6510222
8.3e-09 20 2 8.14062 17 2941 26186 12 1111507 285185227
8.3e-09 15.4531 2.54688 8.14062 0 59705 169047052 0 88782 179688671
8.3e-09 14.8594 1.9375 8.14062 0 59814 296645377 0 34 5559
8.3e-09 19.6719 2 8.14062 15 449581 190009966 14 0 165094543
8.3e-09 15.9375 2.78125 8.125 0 0 0 0 349028 284471822
8.3e-09 18.0781 2 8.14062 0 1 22 1 1180358 337049228
8.3e-09 18.6094 2.3125 8.14062 0 759146 368711638 3 33020 1700655
8.3e-09 18.4844 1.95312 8.14062 1 154032 316943220 1 32202 4208018
8.3e-09 18.2344 2.51562 8.14062 1 787330 289142282 0 2311 64784
8.3e-09 21.75 2.28125 8.14062 188 4294817 324309809 198 21 9
8.3e-09 18.7969 1.79688 8.17188 1 1982267 347569943 1 1 6
8.3e-09 15.9375 1.8125 8.20312 0 511 482026 0 240404 286352612
8.3e-09 infty 2.01562 8.14062 3138 0 0 3084 280688 2902438
8.3e-09 21.7656 2.45312 7.90625 150 2119146 124610209 133 1271522 151573642
8.3e-09 19.9531 1.8125 7.89062 10 0 8 9 948619 331376800
8.3e-09 18.7031 2.53125 8.14062 0 111021 281894834 1 2 47
8.3e-09 22.5469 1.9375 8.14062 450 18 110 449 8578273 345072378
8.3e-09 19.5781 2.42188 8.14062 6 719377 286546331 5 45913 6604343
8.3e-09 19.5938 1.90625 8.14062 4 0 0 7 1437234 286688353
8.3e-09 18.5312 1.82812 7.98438 1 4036 302162 0 1879844 321177968
8.3e-09 infty 2.4375 8.29688 2533 735346 9671407 2475 0 0
8.3e-09 17.2031 2.28125 8.20312 0 2 194 0 870795 335251391
8.3e-09 19.0156 2 8.14062 4 0 0 5 176262 365075788
8.3e-09 18.0469 1.82812 8.0625 0 1614913 307832454 1 254532 52896573
8.3e-09 18.5 1.90625 8.14062 0 554247 294199181 2 0 0
8.3e-09 14.8281 2.42188 8.14062 0 0 166 0 90970 318468230
8.3e-09 18.5 2.48438 8.14062 0 11947 332612 0 560301 292382291
8.3e-09 17.4531 2.48438 8.14062 0 1099642 251374523 1 49451 34866421
8.3e-09 19.4531 1.96875 7.90625 5 2948318 339182188 7 105731 3390936
8.3e-09 17.7344 2.32812 8.14062 0 979850 350411718 0 2750 96376
8.3e-09 15.3906 1.92188 8.14062 0 294047 289733787 0 154 7869
8.3e-09 infty 2.23438 8.14062 2682 14 12 2669 358719 5031774
8.3e-09 17.3906 1.82812 8.09375 0 104787 40023779 0 336507 247934563
8.3e-09 18.375 2.29688 7.90625 3 2453603 309821835 1 40 188
8.3e-09 17.0156 2.4375 8.14062 1 6448 503328 0 437033 286443569
8.3e-09 22.2812 1.89062 8.14062 305 2925663 299641859 274 0 3
8.3e-09 20.2031 1.92188 8.14062 12 39 102 11 862647 362103180
8.3e-09 22.0625 2.34375 8.14062 192 507236 315067412 158 150457 29184822
8.3e-09 16.9219 2.375 8.14062 0 427096 342533188 0 0 10
8.3e-09 17.7969 2.29688 7.95312 0 26359 6124775 0 532237 282642154
8.3e-09 19.3906 2.29688 8.01562 18 1875191 165355122 10 116740 192779675
8.3e-09 23.5781 2.42188 8.14062 1053 0 0 1119 13386928 286296679
8.3e-09 17.7344 1.875 8.14062 0 900697 364083468 0 26 82
8.3e-09 17.5469 1.9375 8.14062 0 493870 190984729 0 44257 105231147
8.3e-09 16.6719 2.21875 8.14062 0 559284 312018051 0 12880 755139
8.3e-09 22.0625 2.5625 8.14062 248 2928568 205201788 272 418974 133762856
8.3e-09 17.7656 1.92188 8.14062 0 0 0 0 625152 339747133
8.3e-09 23.0938 2.4375 8.14062 612 3139600 289167459 590 0 0
8.3e-09 17.5938 1.95312 8.14062 0 747425 364293283 0 5 322
8.3e-09 19.7656 1.96875 8.21875 6 1286102 281013663 11 0 0
8.3e-09 18.8125 2.29688 8.35938 1 225 1484 2 406337 349245493
8.3e-09 19.9531 1.92188 8.14062 10 80244 323042604 11 1 0
8.3e-09 21.7188 1.84375 8.14062 226 1882674 342823842 221 0 0
8.3e-09 18.5625 2.01562 8.14062 0 1843458 328715876 2 1145 19700
8.3e-09 16.9844 1.89062 8.14062 0 0 8 0 99950 315359842
8.3e-09 21.2969 1.98438 7.98438 97 245520 133858195 110 235292 170822096
8.3e-09 19.6719 1.82812 8.07812 12 755416 134778046 14 1982543 157034290
8.3e-09 20.0625 1.85938 8.14062 21 50297 320931359 11 57861 629871
8.3e-09 20 1.98438 8 14 24139 530952 21 1066266 290428483
8.3e-09 19.5938 2.03125 8.14062 6 20370 278013 7 731269 286357437
8.3e-09 20.4844 2.28125 8.1875 37 875968 250009619 38 2594619 83933696
8.3e-09 17.6875 2.26562 8.14062 0 71 5770 0 1230415 301483146
8.3e-09 19.8438 2.84375 8.14062 7 644519 249855399 12 265708 28767766
8.3e-09 21.2812 1.85938 8.14062 72 7118696 319174501 73 8085 119716
8.3e-09 17.1406 2.03125 8.14062 0 44037 2378108 1 269549 283642406
8.3e-09 19.6094 1.82812 8.0625 3 1448838 196513146 7 539494 151917036
8.3e-09 16.6094 1.84375 8.14062 0 181065 302482600 0 0 0
8.3e-09 19 2 8.14062 4 7151 152989 4 3507456 329090445
8.3e-09 23.6094 2.51562 8.14062 1623 1211349 12244885 1619 10749543 297959240
8.3e-09 infty 2.03125 8.14062 3046 300406 24726352 2873 0 0
8.3e-09 infty 2.40625 8.14062 2649 2109386 27759403 2672 0 0
8.3e-09 19.9688 2.39062 8.14062 9 1250057 159874310 9 1714589 198366684
8.3e-09 infty 2.39062 8.14062 2792 0 0 2720 3310700 34916840
8.3e-09 22.3125 2.39062 8.14062 356 3396676 290409073 387 0 0
8.3e-09 17.3906 2.4375 8.3125 0 0 0 1 411338 315189087
8.3e-09 19.5 2.32812 8.14062 2 0 0 6 4304598 328151936
8.3e-09 19.7656 2.5625 8.14062 6 5471044 327936548 11 0 0
8.3e-09 19.75 2.79688 8.14062 22 0 0 23 2959358 309707122
8.3e-09 19.1719 2.28125 8.14062 4 1005837 213760009 4 1282368 67097924
8.3e-09 16.4062 1.84375 8.14062 0 114667 58824562 0 196218 283114856
8.3e-09 16.1406 2.01562 8.14062 0 198691 339180227 0 0 0
8.3e-09 20.0156 1.89062 8.14062 21 3996476 363893306 10 0 0
8.3e-09 19.6562 1.95312 8.14062 7 1885939 314137467 8 7 2
8.3e-09 18.7656 2.73438 8.14062 0 380223 302299850 1 0 0
8.3e-09 19 1.90625 8.14062 2 1290615 279866242 2 118095 5505042
8.3e-09 15.7031 1.90625 8.14062 0 183 278076595 0 3710 2765340
8.3e-09 21.5625 1.85938 8.14062 85 0 0 84 4288169 296130848
8.3e-09 17.1719 2 8.14062 0 669716 352008126 0 11665 905024
8.3e-09 23.5 1.8125 8.3125 1418 2847965 36367499 1417 9185891 268293890
8.3e-09 17.9688 2.21875 8.14062 0 0 0 0 790752 285296215
8.3e-09 19.1562 2.32812 8.14062 8 1147344 159078110 1 1415210 131836673
8.3e-09 16.4531 1.89062 8.14062 0 0 0 0 37993 316190040
8.3e-09 17.6562 1.8125 8.32812 0 963 76491 1 969785 315467472
8.3e-09 21.7188 2.42188 8.14062 69 7963727 291114432 54 3 104
8.3e-09 18.375 1.98438 7.95312 1 0 0 0 113986 337094678
8.3e-09 19.0625 2.53125 8.14062 5 7639 530985 6 1925947 307606850
8.3e-09 18.9219 2.79688 8.14062 4 5829 269442 2 285421 332404421
8.3e-09 19.5156 2.26562 8.14062 8 1016537 295130777 7 22290 400328
8.3e-09 17.2656 2.29688 8.39062 0 0 139 0 222245 311607451
8.3e-09 21.5469 2.29688 7.92188 144 3802047 359270868 117 1724 26978
8.3e-09 infty 1.82812 8.125 3271 1164 129607 3288 55654 399448
8.3e-09 14.8906 2.4375 8.14062 0 19450 5831144 0 0 361693235
8.3e-09 infty 2.53125 8.14062 2990 5264595 76720532 2919 1007045 8073969
8.3e-09 18.0156 2.39062 8.14062 1 359534 84586675 1 970309 218394345
8.3e-09 23.2188 1.90625 8.14062 1163 197 456 1196 3359781 328863886
8.3e-09 infty 1.8125 8.34375 3283 40065 170785 3360 0 0
8.3e-09 infty 1.98438 8.07812 3237 1725023 140351342 3186 0 0
8.3e-09 17.5469 2.51562 8.14062 0 577272 305944500 0 1150 427339
8.3e-09 21.4375 1.9375 8.14062 117 41 6 92 956713 318711012
8.3e-09 21.125 2.03125 8.14062 94 2699130 214581242 94 931029 82598415
8.3e-09 18.3594 2.28125 8.20312 0 122411 8008367 0 268832 324584387
8.3e-09 17.1875 1.90625 8.14062 0 30258 108615995 1 140463 237549246
8.3e-09 15.5938 2.82812 8.14062 0 0 28 0 336201 305531503
8.3e-09 15.3438 1.84375 8.14062 0 0 322471310 0 48807 16550196
8.3e-09 17.875 1.92188 8.14062 0 0 11106308 0 91686 268100731
8.3e-09 17.4219 2.01562 8.14062 0 732539 250612697 1 377155 113318778
8.3e-09 18.5625 1.85938 8.14062 0 881 96178 1 733121 313356246
8.3e-09 19.1406 2.25 8.14062 6 0 0 6 579731 312234536
8.3e-09 17.4375 1.82812 7.96875 0 974989 280385034 2 16 947
8.3e-09 17.9531 1.875 8.14062 0 302905 128340706 0 247712 214404444
8.3e-09 infty 2.01562 8.14062 3062 0 0 2960 0 0
8.3e-09 19.625 1.8125 8.26562 4 23705 1048525 3 2345350 355939490
8.3e-09 22.2656 1.95312 8.14062 225 0 0 250 10260341 291299298
8.3e-09 18.9375 1.875 8.14062 6 155976 318877843 1 0 453615
8.3e-09 17.8594 1.85938 8.14062 0 1287830 361129337 0 369 113972
8.3e-09 19.5781 2.23438 8.14062 10 0 0 2 2397717 322144301
8.3e-09 infty 2.5 8.14062 3017 0 0 2977 7596 2217821
8.3e-09 18.7188 2.34375 8.14062 0 2428487 328969335 4 273723 27642448
8.3e-09 infty 1.875 8.14062 2917 0 0 2995 0 0
8.3e-09 16.9062 1.89062 8.14062 0 1070271 351631305 0 0 0
8.3e-09 18.9531 2.04688 8.14062 2 769527 200974405 2 1090831 118456756
8.3e-09 19.0781 2.82812 8.14062 5 363926 36555797 6 680005 306957137
8.3e-09 infty 2.4375 8.17188 2535 0 0 2540 0 0
8.3e-09 infty 2 8.14062 3158 1864147 27585179 3113 169550 520839
8.3e-09 infty 2.8125 8.14062 3101 8 1 3097 0 0
8.3e-09 20.7969 2.53125 8.14062 26 6633100 236678968 20 974099 99119061
8.3e-09 infty 1.79688 8.14062 2632 901595 21348141 2587 0 0
8.3e-09 21.25 2.4375 8.29688 56 4362822 260504103 57 241648 15433644
8.3e-09 23.0156 2.21875 8.14062 900 0 0 885 12237067 336817554
8.3e-09 18.0781 2 8.14062 0 251208 25748094 0 1601825 296976992
8.3e-09 18.7344 1.84375 8.14062 2 1136808 271983153 1 80661 6322604
8.3e-09 20.5156 2.53125 8.14062 22 113961 127582003 28 3489634 170729538
8.3e-09 infty 2.28125 8.14062 2532 3259561 67343522 2554 0 0
8.3e-09 18 2.46875 8.14062 1 897562 341753466 2 480 19846
8.3e-09 19.0469 2.25 8.14062 1 2949053 345794704 1 0 6010370
8.3e-09 16.9844 1.90625 8.14062 0 125994 309741359 0 5680 250597
8.3e-09 21.625 2 8.14062 124 6184120 306188113 166 11164 144621
8.3e-09 18.1875 2.34375 8.14062 1 769465 141898005 0 1618115 183841998
8.3e-09 17.1406 2.73438 8.14062 0 372144 286973189 0 3699 543920
8.3e-09 17.4531 2.35938 8.14062 1 2122 67814 0 649123 307924686
8.3e-09 21.4531 1.98438 7.96875 101 0 0 87 3847605 325611039
8.3e-09 17.7031 2.26562 8.14062 0 2370 277822 0 340081 322288768
8.3e-09 20.0312 2.51562 8.14062 16 886210 86604733 10 2384847 195572141
8.3e-09 14.7812 1.8125 7.90625 0 70206 345307882 0 79 15989
8.3e-09 18.0781 2.48438 8.14062 0 1589330 290538816 0 1879 155189
8.3e-09 infty 1.79688 8.14062 2541 0 0 2508 350656 7549940
8.3e-09 17.6562 1.92188 8.14062 1 63 769 1 398991 365654439
8.3e-09 17.7656 2.3125 8.14062 0 185038 236007225 0 218493 105406528
8.3e-09 23.625 2.21875 8.14062 1516 9907001 285548453 1537 67795 3212066
8.3e-09 16.7031 2.28125 8.1875 0 264 278857 0 596093 303491942
8.3e-09 19.3281 1.96875 8.23438 7 234979 62154346 7 1965477 288936750
8.3e-09 16.625 2.46875 8.14062 0 326251 79437418 0 481518 288323693
8.3e-09 19.0312 2.54688 8.14062 2 32 67 1 2998471 353134759
8.3e-09 23.8906 2.40625 8.14062 2035 7 0 2037 11406274 249993532
8.3e-09 21.5938 2.53125 8.14062 126 134 4448 133 3565477 351839806
8.3e-09 19.6406 1.85938 8.14062 4 3063726 238866110 7 200967 53378818
8.3e-09 18.9531 2.75 8.14062 2 15904 885776 0 2874163 301338666
8.3e-09 17.4531 2.23438 8.14062 0 131594 300436550 0 0 0
8.3e-09 17.6094 1.85938 8.14062 0 3856 181374 0 281856 353505433
8.3e-09 17.4688 2.3125 8.10938 0 110538 265854229 0 140746 98553130
8.3e-09 21.6719 2.21875 8.14062 114 4694614 278784247 107 54591 585598
8.3e-09 18.0469 2.4375 8.14062 0 184 10849 0 1171017 354870311
8.3e-09 20.25 2.26562 8.14062 14 3428431 320254376 11 0 1
8.3e-09 22.6094 2.54688 8.14062 705 0 0 676 6097790 331052352
8.3e-09 23.1562 2.85938 8.14062 929 0 0 926 7601807 347218292
8.3e-09 19.0625 2.26562 8.14062 1 1538821 344717476 2 0 0
8.3e-09 20.0625 1.79688 8.14062 14 3769776 348597961 11 3886 65000
8.3e-09 22.3906 1.90625 8.14062 477 7536048 286308648 501 514630 11190039
8.3e-09 17.1562 1.85938 8.14062 0 386846 86635768 0 838846 283062721
8.3e-09 17.7188 1.85938 8.14062 0 198476 137242768 1 1069001 148584398
8.3e-09 20.5938 2.78125 8.07812 35 3306760 290158035 45 558 1704
8.3e-09 20.5469 2.5625 8.14062 18 1740 173300 13 3710987 303705555
8.3e-09 20.5312 2.54688 8.14062 17 33 51 18 4752532 329468840
8.3e-09 21.3906 1.96875 8.35938 81 3199502 363228797 82 3109 162393
8.3e-09 19.2969 1.95312 8.14062 0 603040 362729250 2 222 474482
8.3e-09 16.625 2.40625 8.14062 0 898 416456 0 449899 279780332
8.3e-09 23 2.46875 8.14062 549 8103566 281132556 569 898 20751
8.3e-09 21.0938 1.85938 8.14062 78 3 5 60 5520080 344382920
8.3e-09 infty 2.03125 8.14062 2937 0 0 3053 0 0
8.3e-09 16.4844 1.82812 8 0 1617 90858 0 44818 292057960
8.3e-09 18.4062 1.98438 8.03125 1 422419 264183015 0 280856 17659018
8.3e-09 infty 2.21875 8.14062 2861 623 340 2759 342493 1191757
8.3e-09 18.6094 2.53125 8.14062 0 1152022 364618328 2 330 15982
8.3e-09 21.2656 2.28125 8.26562 124 88446 35279751 102 5276571 248381853
8.3e-09 14.5781 2.39062 8.14062 0 19946 303057178 0 0 0
8.3e-09 18.0469 1.79688 8.14062 0 1458190 285821560 0 0 0
8.3e-09 16.75 2.3125 8.14062 0 40069 15657403 0 89301 342964570
8.3e-09 infty 2.04688 8.14062 2949 357076 25214712 2999 1290 4119
8.3e-09 17.5938 2.79688 8.14062 0 0 0 0 562213 280715501
8.3e-09 16.5938 1.84375 8.14062 0 256935 203874056 0 45258 78440941
8.3e-09 16.5469 2.375 8.14062 0 671651 295566333 0 56481 9199217
8.3e-09 20.2031 1.8125 8.21875 11 4953690 342595886 20 0 1
8.3e-09 16.3438 2.3125 8.14062 0 11 489 0 58 306690814
8.3e-09 17.9375 2.42188 8.14062 1 0 0 0 1305100 295985103
8.3e-09 17.1719 1.90625 8.14062 1 0 0 0 194810 283590713
8.3e-09 21.0625 2.42188 8.14062 78 2414808 171206697 97 5305 179523080
8.3e-09 18.7031 2.35938 8.14062 0 0 0 0 1883875 330263853
8.3e-09 19.1719 2.04688 8.14062 4 587 4073 5 383088 285728427
8.3e-09 21.3438 1.9375 8.14062 47 5038384 273511752 62 6195 684445
8.3e-09 infty 2.45312 7.98438 3302 0 0 3295 2517551 24212411
8.3e-09 19.2344 2.84375 8.14062 8 1339571 337851996 4 0 0
8.3e-09 18.4219 1.85938 8.14062 1 425687 361262347 1 0 0
8.3e-09 19.0781 2.23438 8.14062 3 50 1398 2 1735273 357398570
8.3e-09 20.7031 1.875 8.14062 67 820097 349430778 74 0 0
8.3e-09 16.5 2.53125 8.14062 0 0 0 0 300520 361649123
8.3e-09 17.1719 2.53125 8.14062 0 1444626 350360487 0 0 0
8.3e-09 21.4375 1.96875 8.23438 95 3219048 140638144 105 1758378 221198073
8.3e-09 19.0156 2.375 8.14062 3 8193 435324 6 2882133 365129456
8.3e-09 17.5625 2.54688 8.14062 0 49581 8733731 1 115861 343884074
8.3e-09 20.9219 1.96875 8.29688 86 21335 255746 75 3710777 312365134
8.3e-09 17.4688 2.04688 8.14062 0 2144 81686 0 213405 365973600
8.3e-09 20.75 2.28125 8.29688 11 0 0 15 1409392 336807818
8.3e-09 16.7344 1.98438 8.07812 0 238005 285062958 0 117958 19525573
8.3e-09 18.5 1.9375 8.14062 2 865152 162828314 0 492741 118501687
8.3e-09 18.4688 1.90625 8.14062 0 1077 40888 1 1693246 322746763
8.3e-09 17.4219 1.85938 8.14062 0 1846644 310974355 0 53493 40656929
8.3e-09 18.1406 2.375 8.14062 0 270410 15869625 0 1676662 323310660
8.3e-09 15.5 1.875 8.14062 0 798 122238 0 272919 314457981
8.3e-09 17.9531 2.85938 8.14062 0 576851 283713610 1 38442 56224971
8.3e-09 21.25 2.01562 8.14062 65 34647 245831 58 5928114 345157928
8.3e-09 19.4375 1.89062 8.14062 6 359235 125138921 13 2813509 231531294
8.3e-09 17.9062 1.98438 8.10938 0 9136 276701 1 250809 317535248
8.3e-09 20.1406 2.28125 8.28125 16 626980 279619231 13 0 0
8.3e-09 19.2344 1.84375 8.14062 3 3596129 324546940 3 531 104373
8.3e-09 20.7344 1.92188 8.14062 34 4344624 298213302 38 2256 194899
8.3e-09 22.9375 1.8125 8.35938 780 7840478 285207017 783 0 0
8.3e-09 23.3438 2.03125 8.14062 1192 2856773 121544105 1260 1224384 143900828
8.3e-09 23.25 1.95312 8.14062 800 8183428 282222236 811 6 0
8.3e-09 21.4219 2.76562 8.26562 83 110 176 92 5098155 281291193
8.3e-09 16.875 1.95312 8.14062 0 242781 165697160 0 517948 118163159
8.3e-09 19.6562 2.03125 8.14062 4 1424454 342326129 8 0 0
8.3e-09 19.3281 2.28125 8.14062 4 3307221 335226061 5 0 0
8.3e-09 20.7344 2.82812 8.14062 24 1078 9193 25 4585440 340745110
8.3e-09 21.25 1.90625 8.14062 95 3012486 105561666 89 2460015 249713420
8.3e-09 19.0312 2.39062 8.14062 3 214058 242745148 2 474028 39059840
8.3e-09 18.5 2.23438 8.14062 0 839762 364437303 0 0 0
8.3e-09 20.625 2.34375 8.14062 43 3297298 253157281 34 247290 54828273
8.3e-09 19.9688 1.875 8.14062 3 97 11547 12 3660875 314136312
8.3e-09 17.4219 1.84375 8.14062 0 224824 297934068 1 104493 16505004
8.3e-09 16.625 2.40625 8.14062 0 27845 2763522 0 284065 278782676
8.3e-09 22.625 2.51562 8.14062 372 0 0 371 10533855 288623410
8.3e-09 21.25 1.79688 8.14062 59 844566 102874937 54 1071881 177879730
8.3e-09 infty 2.53125 8.14062 2834 0 6 2812 0 0
8.3e-09 19.7188 1.85938 8.14062 8 1864068 290641931 7 29954 637471
8.3e-09 infty 1.96875 8.28125 2464 79159 301301 2571 1857178 49663625
8.3e-09 16.5 2.40625 8.14062 0 0 0 0 59123 282672599
8.3e-09 18.5469 1.98438 8.14062 2 0 0 2 217248 280661865
8.3e-09 19.3125 2 8.14062 3 0 280762363 8 0 0
8.3e-09 24.1094 1.79688 8.14062 2527 3209285 327099001 2516 65464 439714
8.3e-09 19.0781 1.9375 8.14062 0 1924845 338214273 1 160 2239
8.3e-09 22 2.28125 8.14062 193 2321634 283411281 182 0 0
8.3e-09 infty 2.03125 8.14062 2926 0 0 2997 225766 1374077
8.3e-09 21.6719 2.375 8.14062 116 4816603 282281761 126 185097 7763613
8.3e-09 17.6719 2.39062 8.14062 1 0 0 0 495016 280209455
8.3e-09 19.3906 1.98438 7.96875 3 880 30231 8 1128412 320307468
8.3e-09 infty 2.29688 8.03125 3146 12 0 3279 0 0
8.3e-09 15.0312 2.32812 8.14062 0 401 73533 0 218613 358806830
8.3e-09 18.8906 2.78125 8.04688 5 246510 230852710 5 170619 60218118
8.3e-09 17.4219 2.01562 8.14062 0 74163 6564854 0 600588 322331531
8.3e-09 22.0312 2 8.14062 216 7267990 270013313 255 1182 45928637
8.3e-09 infty 2.84375 8.14062 2877 178896 172189671 2968 426662 10325324
8.3e-09 infty 1.92188 8.14062 2833 1095022 64211972 2868 0 0
8.3e-09 16.2031 2.25 8.14062 0 1528 90763 0 470524 290597955
8.3e-09 17.5312 1.79688 8.14062 1 154367 131535826 0 862830 220004128
8.3e-09 21 1.875 8.14062 96 979880 164860255 84 1213485 167961278
8.3e-09 19.4688 2.23438 8.14062 3 0 0 5 1549243 295124131
8.3e-09 19.25 2.5 8.14062 4 4173094 259741357 5 1082132 104094758
8.3e-09 infty 1.90625 8.14062 2811 3543910 126107199 2804 0 0
8.3e-09 21.3281 2.32812 8.14062 125 1102830 192687358 108 3049480 110712491
8.3e-09 17.4688 1.90625 8.14062 0 308395 273140967 0 41179 5386450
8.3e-09 19.5625 2.5625 8.14062 17 221130 9643901 9 3050964 318553055
8.3e-09 infty 2.45312 7.9375 3374 123850 4586500 3367 0 314
8.3e-09 20.1094 2.25 8.14062 13 755 15362 14 4176072 315142983
8.3e-09 16.0625 2.21875 8.14062 0 238485 211046480 0 211027 108267969
8.3e-09 19.0312 1.8125 8.23438 1 1192000 253120130 5 665273 25767882
8.3e-09 21.1406 1.96875 8.34375 34 289407 47443174 49 4582745 233568606
8.3e-09 18.125 2.54688 8.14062 0 9408 6217500 0 1024822 280247747
8.3e-09 20.3438 2.3125 8.14062 19 0 0 18 1670222 276423830
8.3e-09 19.1094 2.35938 8.14062 9 721708 308164174 5 20 80
8.3e-09 infty 2.28125 8.1875 2510 1552097 22791183 2613 1179554 43745062
8.3e-09 infty 2.42188 8.14062 2555 0 0 2612 134 1605
8.3e-09 21.2812 2.39062 8.14062 82 5213396 341640102 72 0 0
8.3e-09 16.9219 2.48438 8.14062 0 61136 359327409 0 8805 620488
8.3e-09 20.2969 1.95312 8.14062 27 2441878 174222617 27 1404704 118440431
8.3e-09 19.75 1.90625 8.14062 13 1738944 188832785 10 3237826 162115490
8.3e-09 17.1094 2.4375 8.14062 0 186954 277451075 0 1588 40575578
8.3e-09 19.7031 1.82812 8.04688 2 172490 4251396 2 2906963 273107409
8.3e-09 18.9688 2.23438 8.14062 1 76 42619029 1 3710020 322615093
8.3e-09 17.4219 2.01562 8.14062 0 6585 1873592 0 255189 278278472
8.3e-09 16.8438 1.98438 7.98438 0 472419 304632324 0 67007 5520436
8.3e-09 23.5312 2.28125 8.14062 1038 7849604 238057872 1109 45580 19591744
8.3e-09 18.5 2.35938 8.14062 1 319422 30395418 1 1197142 273159847
8.3e-09 17.4688 2.35938 8.14062 0 23130 6795712 0 1883485 347615981
8.3e-09 22.3125 2.4375 8.1875 244 6759683 273597191 276 0 0
8.3e-09 18.5156 2.4375 8.14062 2 638180 294773378 2 133664 9308287
8.3e-09 16.5 1.85938 8.14062 0 10783 1755069 0 179011 367273725
8.3e-09 infty 2.79688 8.14062 2990 0 0 3061 1391206 6804314
8.3e-09 20.6875 2.375 8.14062 31 0 394 23 4033216 328151554
8.3e-09 20.6094 2.54688 8.14062 24 175936 3085678 23 3505070 313706820
8.3e-09 21.0938 2.01562 8.14062 96 2059892 318374982 88 0 12
8.3e-09 21.5156 1.84375 8.14062 83 7154903 239153735 91 2031447 70330746
8.3e-09 17.4531 2.01562 8.14062 0 206709 308962986 0 1 11
8.3e-09 19.4375 1.95312 8.14062 1 24345 506008 4 595102 293562561
8.3e-09 21.0625 1.79688 8.14062 42 22264 521047 26 4429204 281824991
8.3e-09 infty 2.4375 8.21875 2581 1 0 2572 118130 208047
8.3e-09 18.4844 2.35938 8.14062 2 243527 20876686 3 114394 299307158
8.3e-09 18.8906 1.95312 8.14062 4 2930746 331432120 3 155 1183
8.3e-09 18.75 1.90625 8.14062 0 82 1018 1 2042641 295433823
8.3e-09 22.6094 2.78125 8.0625 419 2274983 162510703 419 2845482 133633288
8.3e-09 15.8594 1.84375 8.14062 0 1381 319207 0 259445 346499251
8.3e-09 20.7344 1.9375 8.14062 38 1593 9291 32 2159832 294926463
8.3e-09 19.5156 2.34375 8.14062 5 1811135 326183740 4 69254 1549801
8.3e-09 16.75 2.75 8.21875 0 176268 284983584 0 1037 44001
8.3e-09 18.1406 2.26562 8.14062 0 1691792 342077150 0 2164 129114
8.3e-09 17.7188 1.85938 8.14062 0 48174 111815689 0 486821 174681494
8.3e-09 18.0625 1.95312 8.14062 1 0 0 1 290435 305298936
8.3e-09 21.4219 1.875 8.14062 100 0 0 93 3799723 364000859
8.3e-09 19.25 1.9375 8.14062 2 22336 687996 9 185299 277300982
8.3e-09 21.25 2 8.14062 110 4053461 356843535 107 0 0
8.3e-09 16.0312 2.34375 8.14062 0 324646 315339622 0 93 5019
8.3e-09 21.3281 1.95312 8.14062 82 16541 910995 68 6630011 301087449
8.3e-09 17.2344 2.5 8.14062 0 23 249 1 1135563 368914542
8.3e-09 24.1719 1.875 8.14062 2973 861273 7455140 2884 6123627 276656414
8.3e-09 17.0625 2.25 8.14062 0 127618 29515739 0 582856 318703713
8.3e-09 19.8281 1.96875 8.375 5 1060570 71214313 5 385622 280423421
8.3e-09 18.2188 2.29688 8.09375 3 416870 292304147 0 149344 7433559
8.3e-09 infty 1.98438 8.04688 3239 0 0 3194 0 0
8.3e-09 17.9219 2.76562 7.89062 0 1992014 318108368 2 47412 14782774
8.3e-09 19.25 1.8125 8.375 6 1489560 123857961 6 1876288 206874198
8.3e-09 21.1719 2.25 8.14062 73 4229421 346725831 82 62007 1203156
8.3e-09 17.625 2.23438 8.14062 0 346466 293320510 2 3074 1862903
8.3e-09 17.1719 1.875 8.14062 0 585556 362269415 0 5301 1782296
8.3e-09 infty 1.84375 8.14062 3198 7479029 155612918 3157 0 0
8.3e-09 23.1094 2.29688 8.09375 1020 0 0 1044 2471798 320821292
8.3e-09 17.5 2.34375 8.14062 0 141133 366861246 1 0 0
8.3e-09 21.6094 1.79688 8.14062 100 172 467 105 3931750 325187458
8.3e-09 23.0938 2.51562 8.14062 944 9583194 338311259 952 11 12
8.3e-09 19.5 1.8125 8.39062 4 15682 1413472 7 4030945 304174319
8.3e-09 23.6094 2.01562 8.14062 1694 5120448 152213912 1685 6568034 151898307
8.3e-09 18.6875 1.8125 8.25 2 1519893 299214184 0 58283 3502663
8.3e-09 21.7344 2.39062 8.14062 232 3496 47051 220 750136 337057208
8.3e-09 15.1406 2.39062 8.14062 0 787 4863199 0 89718 364552573
8.3e-09 21.3281 2.42188 8.14062 91 725413 283706133 91 319 11523
8.3e-09 17.7188 2.25 8.14062 0 1404628 340204113 0 37131 3352405
8.3e-09 18.2031 2.01562 8.14062 0 5856 356006535 0 764 35396
8.3e-09 22.1094 2.51562 8.14062 206 16287 98398 223 4722864 313008119
8.3e-09 19.0312 2.39062 8.14062 0 0 0 3 2802690 285043309
8.3e-09 18.5312 1.98438 7.98438 1 1251502 317219474 6 75 279
8.3e-09 19.25 1.8125 8.35938 3 594040 139560691 3 2532037 223299496
8.3e-09 20.1094 2.48438 8.14062 7 31839 2368305 8 1117651 293869588
8.3e-09 14.9219 1.84375 8.14062 0 35 5346 0 66308 349721482
8.3e-09 infty 1.90625 8.14062 2863 143857 744116 2837 0 73978
8.3e-09 16.2188 1.84375 8.14062 0 13172 17764249 0 257372 333619427
8.3e-09 24.0156 1.8125 8.23438 2568 9167750 275143284 2562 0 0
8.3e-09 22.8125 2.40625 8.14062 693 0 0 671 6472463 316399228
8.3e-09 24.0938 1.90625 8.14062 2770 14486207 319227057 2800 0 0
8.3e-09 18.1406 1.8125 8.375 0 57822 7548325 0 1063364 338515924
8.3e-09 infty 2.5 8.14062 3049 133040 27785944 3067 3069 15388
8.3e-09 17.2344 1.79688 8.14062 0 0 0 0 383397 294781107
8.3e-09 22.5156 2.28125 8.14062 477 6737368 176855845 451 1228316 167058446
8.3e-09 18.75 2.45312 8.35938 3 32987 1102108 2 857418 340096982
8.3e-09 20.6562 2.40625 8.14062 33 2294675 130560639 43 2432428 202751691
8.3e-09 16.8906 2.34375 8.14062 1 92972 367663977 0 702 38192
8.3e-09 infty 2.01562 8.14062 3050 140265 809594 2978 0 0
8.3e-09 21.8438 1.96875 8.29688 203 2403000 114080898 170 669103 216991397
8.3e-09 18.7812 1.89062 8.14062 1 6157 163160 1 2952876 354961396
8.3e-09 24.125 1.92188 8.14062 2696 6390116 140378868 2722 17006422 159689378
8.3e-09 19.1562 2.4375 8.15625 3 2250104 277598365 5 18290 441366
8.3e-09 16.9062 1.98438 8.125 0 1014682 344174766 1 1057 175792
8.3e-09 15.0781 1.84375 8.14062 0 30945 330365499 0 6717 3639453
8.3e-09 infty 2.40625 8.14062 2783 98794 686561 2734 253002 1251953
8.3e-09 20.5156 1.875 8.14062 49 47254 26059535 55 2089026 328284441
8.3e-09 19.9844 2.03125 8.14062 15 3144984 350654686 20 307477 9084418
8.3e-09 22.2344 2.32812 8.14062 215 0 0 228 6109714 289977730
8.3e-09 19.6875 2.53125 8.14062 15 6 0 9 3308439 364549626
8.3e-09 infty 2.54688 8.14062 2782 0 105644023 2790 1294185 23439119
8.3e-09 15.4531 2.21875 8.14062 0 482717 332960544 0 0 1
8.3e-09 21.2656 2.75 8.14062 72 18198 92019 68 7758742 347609120
8.3e-09 20.125 2.25 8.14062 6 0 0 8 5519815 358905934
8.3e-09 18.75 2.23438 8.14062 1 71359 2657713 1 2680159 353029230
8.3e-09 19.5156 2.48438 8.14062 5 3555160 311063953 1 0 0
8.3e-09 18.7188 1.89062 8.14062 3 1630074 159899232 4 705026 166398192
8.3e-09 18.9688 1.85938 8.14062 5 154890 13484623 2 2974075 309460314
8.3e-09 17.375 2.76562 7.89062 0 982411 314168409 0 0 0
8.3e-09 19.5156 2.78125 8.14062 6 2027185 217902727 12 1177951 147926136
8.3e-09 19.3906 2.73438 8.14062 7 1790385 299591437 3 43572 8811278
8.3e-09 15.8906 1.89062 8.14062 0 0 0 0 156995 331457718
8.3e-09 19.0469 2.54688 8.14062 2 0 0 0 132874 351247493
8.3e-09 18.7969 1.89062 8.14062 3 266843 38236492 2 615146 244484218
8.3e-09 16.5312 2.82812 8.14062 0 475182 345473129 0 311 12359
8.3e-09 17.4375 1.82812 8.04688 0 872245 306284037 0 48 1535
8.3e-09 17.3906 2.39062 8.14062 0 25 1270 0 349351 322524965
8.3e-09 20.3906 2.03125 8.14062 19 1478356 336262292 31 1086 377797
8.3e-09 18.3281 2.76562 8.32812 1 554924 350737322 0 19981 1401577
8.3e-09 19.9375 2.03125 8.14062 5 2566270 322242280 3 468560 14316194
8.3e-09 19.1875 1.90625 8.14062 1 226 1831 7 79138 355636679
8.3e-09 18.4844 1.98438 7.96875 0 698899 289473431 1 0 0
8.3e-09 17.6875 1.90625 8.14062 0 565316 356322698 0 56899 12184876
8.3e-09 infty 1.82812 8.01562 3328 0 0 3141 235603 5979238
8.3e-09 22 2.25 8.14062 167 6747553 285096493 153 0 0
8.3e-09 16.9688 1.85938 8.14062 0 834203 364618829 0 23 191
8.3e-09 19.6562 1.85938 8.14062 9 0 0 8 3033726 315044786
8.3e-09 20.5781 2.03125 8.14062 29 336774 10951494 22 2704258 277291350
8.3e-09 21.6719 2.85938 8.14062 93 4078484 175242884 120 6960773 169260597
8.3e-09 infty 1.98438 8 3272 0 0 3281 0 0
8.3e-09 16.9844 2.04688 8.14062 0 24827 4535601 0 477429 283133836
8.3e-09 17.1406 2.35938 8.14062 0 7499 1155180 0 475688 290492152
8.3e-09 22.5156 1.82812 7.98438 563 5254529 317182773 574 188383 10135659
8.3e-09 17.875 2.28125 8.25 0 442 10038 1 385975 350941017
8.3e-09 18.3281 1.8125 8.29688 0 0 0 1 574358 316927836
8.3e-09 infty 2.45312 8.35938 3160 0 0 3268 0 0
8.3e-09 20.5156 2.32812 8.14062 24 0 0 34 3844596 272870311
8.3e-09 19.7344 1.96875 8.26562 5 158333 50246758 9 281567 275082891
8.3e-09 18.2656 1.90625 8.14062 2 265781 31455954 2 1096966 305271408
8.3e-09 20.5625 1.82812 8.0625 23 551212 63136546 27 3028144 211643306
8.3e-09 19.1562 2.51562 8.14062 2 0 24179652 2 2410840 275703718
8.3e-09 infty 2 8.14062 3202 616976 6362612 3234 162541 1872579
8.3e-09 19.0156 2.34375 8.14062 0 1315275 355704671 1 41338 8158533
8.3e-09 24.2344 1.875 8.14062 3102 81552 1191524 3033 11213026 248296949
8.3e-09 19.1562 2.28125 8.3125 1 18008 459770 4 2709471 338475167
8.3e-09 19.0938 2.3125 8.14062 3 348464 119996881 5 1395674 214580169
8.3e-09 16.8281 1.98438 8 0 609496 299116955 0 112807 21937407
8.3e-09 18.5625 1.85938 8.14062 0 797501 280223769 0 140580 8648818
8.3e-09 20.8125 1.89062 8.14062 76 1090476 101761512 88 519984 229250363
8.3e-09 18.9688 2.32812 8.14062 1 1084124 294136278 3 0 0
8.3e-09 19.3906 1.8125 7.9375 6 2634618 306210342 4 7514 288467
8.3e-09 15.9844 1.90625 8.14062 0 0 364105910 0 0 0
8.3e-09 15.9688 2.85938 8.14062 0 17343 2199734 0 58135 309141056
8.3e-09 19.4531 2 8.14062 2 1934568 281889773 1 69419 4233360
8.3e-09 17.5469 2.26562 8.14062 0 68319 3901527 3 536806 345566250
8.3e-09 infty 2.39062 8.14062 2746 0 0 2807 0 0
8.3e-09 19.2344 2.53125 8.14062 2 10499 197687 3 2641231 361303077
8.3e-09 17.75 2.01562 8.14062 0 871024 329316619 0 13826 774384
8.3e-09 24.2656 2.23438 8.14062 2752 116342 3486186 2804 34451 244859648
8.3e-09 16.4375 2.3125 8.14062 0 0 0 0 327216 319001230
8.3e-09 21.3594 2.34375 8.14062 100 0 1 84 5552332 361742394
8.3e-09 17.6094 2.48438 8.14062 0 1026619 368888842 0 0 0
8.3e-09 18.2969 2.48438 8.14062 1 1772940 353329268 0 40338 2797344
8.3e-09 23.6094 2.23438 8.14062 1110 6 4 1135 11815415 257567101
8.3e-09 17.5781 1.79688 8.14062 1 1345692 362850614 0 71 1118
8.3e-09 21.5312 1.8125 7.92188 97 3802929 307753908 88 0 0
8.3e-09 16.0469 1.79688 8.17188 0 132536 302099285 0 33932 15372950
8.3e-09 20.6875 1.85938 8.14062 50 683422 240977902 50 828628 51806616
8.3e-09 17.6875 2.28125 8.34375 0 0 20692901 1 993209 315361536
8.3e-09 19.2031 2.04688 8.14062 5 871325 79064629 2 1086637 280581865
8.3e-09 17.9844 2.04688 8.14062 1 1104 93214 0 1242064 346664876
8.3e-09 18.4844 2.40625 8.14062 2 68222 30966181 2 103334 279593470
8.3e-09 16.9844 1.84375 8.14062 0 844400 306616973 0 1 25
8.3e-09 17.375 2.35938 8.14062 2 0 7928 0 477130 331934783
8.3e-09 18.6875 2.45312 8.34375 2 0 0 4 583908 300654186
8.3e-09 infty 2.84375 8.14062 2890 372488 78115235 2902 4400 71948
8.3e-09 15.5938 1.82812 8.14062 0 0 0 0 29413 351972668
8.3e-09 15.8906 1.90625 8.14062 1 138657 370333344 0 0 0
8.3e-09 17.2188 2.01562 8.14062 0 472805 279089362 1 0 0
8.3e-09 16.2188 1.95312 8.14062 0 469 26006 0 109547 294086458
8.3e-09 18.2812 2.28125 8.26562 0 0 32443254 0 1206580 283892372
8.3e-09 17.4062 1.79688 8.14062 0 209 195853 0 210868 308607074
8.3e-09 18.75 1.875 8.14062 2 409351 82782900 5 2133832 198498946
8.3e-09 18.6094 1.85938 8.14062 0 9 287 0 1530415 305039876
8.3e-09 18.5312 2.3125 8.14062 2 762008 151145713 3 327839 147153778
8.3e-09 18.1875 1.79688 8.14062 0 443702 352255126 0 1395 4195983
8.3e-09 18.9062 2.79688 8.14062 3 0 0 5 1431478 362350444
8.3e-09 19.5938 2.23438 8.14062 4 3589939 304724048 3 14793 711108
8.3e-09 17.6875 2.34375 8.14062 0 680501 334224000 0 226152 20257491
8.3e-09 23.3281 1.84375 8.14062 1398 4070452 255406826 1364 4717224 63017991
8.3e-09 22.3125 1.82812 8.14062 546 1223623 30011919 532 1208579 297280791
8.3e-09 18.6875 2.54688 8.14062 0 134095 89156808 1 745104 222851589
8.3e-09 18.625 2.26562 8.14062 0 2918397 339239479 2 18 219
8.3e-09 21.2812 2.51562 8.14062 90 41449 413755 111 6736894 321259034
8.3e-09 18.9688 1.96875 7.89062 3 17472 890822 4 1908844 302707498
8.3e-09 21.9844 1.875 8.14062 229 1619230 33827667 203 2158057 255191608
8.3e-09 20.9375 2.29688 7.9375 46 1022061 135816003 39 3031784 166474948
8.3e-09 18.5781 1.85938 8.14062 3 1180345 146190708 1 327756 170648554
8.3e-09 19.0156 1.9375 8.14062 0 363 13585 2 1414931 329376231
8.3e-09 infty 2.375 8.14062 2829 82451 1030095 2863 0 0
8.3e-09 18.7656 1.85938 8.14062 1 0 3 0 1947041 283333771
8.3e-09 19.0625 2.76562 8.26562 1 1108228 322574402 4 0 0
8.3e-09 20.8438 2.8125 8.14062 68 67087 7118684 58 1286405 306069251
8.3e-09 16.4531 2.4375 8.14062 0 196493 282362798 0 516 65398
8.3e-09 15.5312 1.84375 8.14062 0 0 0 0 66112 300709017
8.3e-09 17.6094 1.95312 8.14062 0 3688 6345320 0 727990 296268277
8.3e-09 18.3594 2.28125 8.15625 0 395795 302104793 2 0 0
8.3e-09 19.1406 1.79688 8.17188 5 0 0 1 1606758 280663376
8.3e-09 17.7656 1.96875 8.39062 0 1351 56956 0 882793 330328405
8.3e-09 17.0312 1.82812 8 0 7239 220942531 0 139059 65740134
8.3e-09 20.5938 2.23438 8.14062 31 5661020 285561062 27 1046928 72172969
8.3e-09 16.5469 2.42188 8.14062 0 402927 335181910 0 0 0
8.3e-09 infty 2.25 8.14062 2651 1460090 113561554 2717 590477 14290593
8.3e-09 21.875 1.8125 7.92188 232 3215086 353705104 235 2 0
8.3e-09 20.9844 2.3125 8.14062 75 42865 1411731 82 0 289911664
8.3e-09 infty 2.46875 8.125 3166 0 0 3239 0 0
8.3e-09 17.5469 2.26562 8.14062 0 384948 152172874 0 578795 160071728
8.3e-09 20.1406 1.98438 8.09375 12 959021 293335254 22 0 0
8.3e-09 21.75 2.85938 8.14062 146 6274200 323745411 165 7179 1049962
8.3e-09 infty 2.29688 8.03125 3196 608 1321 3147 1560187 43313536
8.3e-09 22.5 1.82812 8.14062 475 0 0 417 4369627 356543909
8.3e-09 21.2969 1.8125 8.23438 74 684153 331921702 88 34001 605145
8.3e-09 20.5469 1.875 8.14062 18 2172154 361916155 25 0 0
8.3e-09 16.5938 1.85938 8.14062 0 1666 66337 0 687811 283576837
8.3e-09 18.2188 1.82812 8.03125 0 134648 310428559 0 1738 65398
8.3e-09 18.4688 1.95312 8.14062 1 2656458 351288516 0 7254 122094
8.3e-09 17.5625 1.79688 8.14062 0 371760 234766229 1 319398 48591694
8.3e-09 16 1.90625 8.14062 0 135750 341208596 0 712 51514
8.3e-09 23.3438 2.29688 8.07812 1024 48159 276166119 1031 15507 43323
8.3e-09 20.9688 1.96875 8.40625 41 4876692 320039813 29 0 0
8.3e-09 22.3125 2.53125 8.14062 516 3802175 204250720 507 1628635 152464899
8.3e-09 20.7344 1.82812 8.125 74 20814 5250037 79 3975999 335219316
8.3e-09 18.1719 2.375 8.14062 2 630456 286789065 1 612152 46328972
8.3e-09 18.7344 1.8125 7.90625 3 754383 329660679 0 0 0
8.3e-09 17.9062 2.28125 8.20312 1 0 0 1 692951 362903971
8.3e-09 19.1562 2.21875 8.14062 3 833 40024 7 576184 281010817
8.3e-09 18.75 1.89062 8.14062 4 125605 160601179 1 594134 132660720
8.3e-09 16.0312 2.48438 8.14062 0 361210 310460603 0 0 0
8.3e-09 22.8125 1.89062 8.14062 349 7487 56780 387 12809596 292670931
8.3e-09 16.4531 1.95312 8.14062 0 9062 1948022 0 60924 311147725
8.3e-09 19.0625 2.375 8.14062 4 0 0 3 857270 327732199
8.3e-09 17.3438 2.04688 8.14062 0 91913 354128930 0 5938 853776
8.3e-09 20.0625 2.79688 8.14062 16 0 0 22 1092526 338899344
8.3e-09 infty 1.8125 8.32812 3341 0 0 3290 0 0
8.3e-09 16.9531 2.42188 8.14062 0 165108 318671264 1 11985 1736789
8.3e-09 infty 2.39062 8.14062 2860 0 0 2764 48124 1714128
8.3e-09 21.0312 2.26562 8.14062 68 1648654 207910498 65 1974589 128423583
8.3e-09 21.5469 1.90625 8.14062 81 0 0 81 3866053 305400912
8.3e-09 21.6406 1.85938 8.14062 132 7339707 291618238 127 0 0
8.3e-09 19.7188 1.82812 8.0625 9 4286400 345830172 7 0 0
8.3e-09 17.5938 1.79688 8.14062 0 404679 354630130 0 8071 1312878
8.3e-09 14.5156 2.39062 8.14062 0 45109 343987431 0 0 0
8.3e-09 22.1875 1.9375 8.14062 274 3895015 273356476 249 2847 29201
8.3e-09 17.7344 1.96875 8.35938 0 2330 96160742 0 792571 259070843
8.3e-09 22.0156 1.8125 8.21875 200 1016420 280346955 169 0 0
8.3e-09 17.9375 2.32812 8.14062 0 20 19110 2 1773130 347506253
8.3e-09 infty 2.78125 8.09375 3276 348679 7664035 3226 3197 23878
8.3e-09 18.5938 2.48438 8.14062 1 1222541 293325807 0 19124 2153121
8.3e-09 21.0625 2.375 8.14062 58 2483274 86219891 46 4815994 239887952
8.3e-09 17.6875 2.82812 8.14062 2 227689 310831081 0 34522 8502843
8.3e-09 infty 2.25 8.14062 2632 0 0 2719 317 116
8.3e-09 22.2344 2.28125 8.14062 222 7466749 330393116 256 0 0
8.3e-09 19.9844 2.01562 8.14062 14 2714318 286592086 11 7112 271741
8.3e-09 18.6562 1.82812 8.03125 0 869032 284113281 0 6664 131113
8.3e-09 17.5625 1.9375 8.14062 0 897924 318914415 1 3499 114504
8.3e-09 21.2656 2.25 8.14062 76 8095 903589 68 10047323 346576248
8.3e-09 19.9062 2.73438 8.14062 4 572262 52387118 9 2350623 306467843
8.3e-09 infty 1.79688 8.14062 2609 113878 527311 2596 223 1732
8.3e-09 19.0312 1.875 8.14062 2 2957435 355997992 3 89566 3142883
8.3e-09 16.375 2.34375 8.14062 0 0 0 0 560810 364224995
8.3e-09 16.5 2.42188 8.14062 0 1142 121428 0 109764 288883578
8.3e-09 17.7188 2 8.14062 0 29584 12648278 1 1230758 284127420
8.3e-09 22.9219 1.9375 8.14062 878 107 636 829 5970983 325592992
8.3e-09 17.5312 1.79688 8.17188 0 61954 323337815 0 185 3706
8.3e-09 16.2812 1.8125 8.21875 0 11413 346537108 0 14269 1032674
8.3e-09 18.1406 2.48438 8.14062 0 533 360234241 0 2450 266228
8.3e-09 19.4062 2.8125 8.14062 8 3080533 300239367 9 596 4774
8.3e-09 18.5156 2.39062 8.14062 0 17843 4727784 0 1662892 295820654
8.3e-09 18.625 1.82812 8.0625 0 0 0 2 1853642 349844772
8.3e-09 17.8438 2.4375 8.14062 0 696299 306746229 1 0 0
8.3e-09 20.0781 1.95312 8.14062 11 741 2672 12 3379426 333692948
8.3e-09 22.2031 1.875 8.14062 408 1 0 422 9227338 341844904
8.3e-09 19.6406 2.32812 8.14062 6 1447275 222941849 6 1821976 137522102
8.3e-09 20.7344 1.98438 7.90625 36 2624638 102092983 32 3276747 203764509
8.3e-09 infty 1.95312 8.14062 2504 709 290 2583 3599231 231854752
8.3e-09 16.3594 1.82812 7.95312 0 19404 348149419 0 539 37661
8.3e-09 17.5781 2.51562 8.14062 0 37 362 0 1405861 355421169
8.3e-09 21.2812 2.76562 8.39062 79 6435382 339530233 83 0 0
8.3e-09 16.9531 2.4375 8.15625 0 960005 304901551 0 18609 4262826
8.3e-09 15.4375 2.03125 8.14062 0 70555 360458554 0 0 0
8.3e-09 infty 2.34375 8.14062 2947 18169 327903 3054 0 0
8.3e-09 17.3906 2.25 8.14062 0 615849 313000427 0 1 163
8.3e-09 17.0156 1.84375 8.14062 0 310271 172249803 0 552175 196960937
8.3e-09 23.2188 1.98438 8.0625 1035 34091 801149 1002 21472036 332491328
8.3e-09 18.5625 2.26562 8.14062 6 0 343261844 0 229 188240
8.3e-09 20.6875 2.01562 8.14062 26 5652366 292614922 18 0 0
8.3e-09 17.7344 1.96875 7.90625 1 813571 235479305 0 104325 115580807
8.3e-09 15.9375 2.04688 8.14062 0 134 3968 0 412623 342031228
8.3e-09 18.5625 2.04688 8.14062 0 1986005 316554472 0 0 11
8.3e-09 18.6719 2.3125 8.14062 5 515 20377 3 591228 286988134
8.3e-09 23.7188 2.28125 8.29688 1441 10564152 250169321 1369 730373 7289560
8.3e-09 18.25 1.79688 8.14062 2 1130815 364494347 0 28395 1393002
8.3e-09 21.75 1.9375 8.14062 156 5622920 332203867 134 35538 2056420
8.3e-09 17.7188 2.51562 8.14062 0 0 0 0 986169 355403638
8.3e-09 16.6562 1.8125 8.29688 0 164009 351707728 0 2076 243915
8.3e-09 19.1094 2.5625 8.14062 4 980182 257680139 2 262220 62997420
8.3e-09 19.7344 2.32812 8.14062 3 2596923 268994434 9 113798 6744044
8.3e-09 20.25 1.96875 8.1875 21 2305563 269905235 20 1041342 36670219
8.3e-09 17.5469 2.51562 8.14062 2 27491 307260273 0 3838 348493
8.3e-09 20.4688 2.32812 8.14062 34 376661 19475904 33 211098 275912796
8.3e-09 18.25 1.95312 8.14062 1 565 9896 0 2009669 356254781
8.3e-09 16.5 2.45312 8 0 108489 35291096 0 102611 246776388
8.3e-09 23.1875 2.39062 8.14062 865 8668340 271816575 904 0 0
8.3e-09 19.1562 2.39062 8.14062 3 1579776 178395332 6 763025 138842806
8.3e-09 18.5938 1.96875 8.375 2 400577 283247569 0 81843 19169990
8.3e-09 18.6719 2.23438 8.14062 0 0 0 1 1290822 317982511
8.3e-09 19.2031 1.875 8.14062 7 1486463 232422323 5 47850 134961723
8.3e-09 17.1406 1.85938 8.14062 1 356888 207166587 0 127129 90232329
8.3e-09 20.4375 2.23438 8.14062 29 13 14 23 1153131 342461235
8.3e-09 23.875 2.34375 8.14062 2206 0 0 2265 6502782 265755537
8.3e-09 infty 2.28125 8.23438 2576 0 0 2489 0 0
8.3e-09 16.9062 1.96875 8.3125 0 281492 49216636 0 896175 298230509
8.3e-09 17.5781 1.90625 8.14062 0 0 0 1 1448920 363778349
8.3e-09 18.0156 2.45312 8.03125 1 1518839 279180257 1 323735 31146045
8.3e-09 21.2031 2.42188 8.14062 56 4504439 299936885 66 0 0
8.3e-09 17.7969 1.8125 8.34375 1 1293147 207970285 0 8164 129482243
8.3e-09 infty 1.90625 8.14062 2862 0 0 2715 44 39
8.3e-09 17 2.28125 8.1875 0 180 29183 0 221010 311684383
8.3e-09 16.3906 1.98438 8.14062 0 0 48 0 641874 343712482
8.3e-09 21.0312 2.25 8.14062 54 2493835 343831886 42 0 0
8.3e-09 18.3594 1.95312 8.14062 2 233086 297280928 2 84261 7479141
8.3e-09 18.0156 1.92188 8.14062 0 1453776 340712623 0 1160 34200
8.3e-09 18.3281 2 8.14062 1 1813919 359870337 1 0 0
8.3e-09 20.0469 2.04688 8.14062 18 455445 27215818 11 1330614 295334762
8.3e-09 19.6562 2.01562 8.14062 3 3022218 243978449 4 282085 61722461
8.3e-09 17.5312 2.29688 8.09375 0 553515 143627343 0 113157 181243209
8.3e-09 19.1406 2.53125 8.14062 3 1846917 366690764 4 12162 323042
8.3e-09 18.625 1.96875 8.23438 1 655 6050 1 1797489 338715913
8.3e-09 17.9688 1.90625 8.14062 1 1371102 274433437 0 5067 15587382
8.3e-09 18.5312 1.9375 8.14062 2 13757 2248860 1 1924419 352862137
8.3e-09 infty 1.8125 7.9375 3291 4 1 3322 1523 40421746
8.3e-09 18.6094 2.4375 8.25 0 2325166 280532083 1 213064 11484723
8.3e-09 17.5938 1.92188 8.14062 0 1242883 340791958 0 8 389
8.3e-09 20.4844 1.85938 8.14062 11 3317784 360175206 21 0 0
8.3e-09 17.5938 2.48438 8.14062 1 1096528 357145613 0 47183 4476482
8.3e-09 18.9844 2.5 8.14062 1 0 0 1 786764 310235254
8.3e-09 16.9062 1.82812 8.07812 0 0 0 0 221043 357398604
8.3e-09 18.7031 2.82812 8.14062 4 1525971 316408352 3 0 0
8.3e-09 22.2031 2.03125 8.14062 291 10130594 312565388 283 196 47
8.3e-09 15.8594 2.29688 8.35938 0 95292 351918701 0 634 52900
8.3e-09 16.5781 2.40625 8.14062 0 577492 300613538 0 7781 790433
8.3e-09 19.5469 1.89062 8.14062 2 1521693 237741486 7 949317 47851103
8.3e-09 22 2.45312 8 231 335 1384 225 1827197 287158675
8.3e-09 19 2.39062 8.14062 5 647766 287834792 2 0 0
8.3e-09 infty 1.82812 8 3259 0 0 3257 259 1258
8.3e-09 18.3125 2.01562 8.14062 1 880905 358194533 0 8471 249668
8.3e-09 22.0156 1.8125 8.23438 195 1463320 280586931 153 46635 458828
8.3e-09 23.1406 1.875 8.14062 973 689 1965 975 6760313 346116128
8.3e-09 15.5469 2.04688 8.14062 0 21081 27245250 0 48146 299907256
8.3e-09 17.75 1.89062 8.14062 0 27478 3518749 0 1882034 302828819
8.3e-09 infty 1.9375 8.14062 2711 0 0 2713 0 0
8.3e-09 16.0625 2.25 8.14062 0 66517 312011869 0 6 59
8.3e-09 infty 1.8125 7.90625 3350 0 0 3302 25878 201685
8.3e-09 19.7031 1.79688 8.14062 3 0 0 5 636175 314350068
8.3e-09 20.1719 2.4375 8.15625 10 2388262 306428273 12 0 0
8.3e-09 24.1094 2.42188 8.14062 1948 3631501 249230148 1970 0 0
8.3e-09 infty 2.25 8.14062 2708 21468 1282167 2675 0 0
8.3e-09 17.6094 1.89062 8.14062 0 645317 188041047 0 402417 142817302
8.3e-09 16.9219 2.39062 8.14062 0 153751 20493529 0 152706 343633427
8.3e-09 20.0625 1.9375 8.14062 13 2089117 332605017 15 2654 7620
8.3e-09 17 2.40625 8.14062 0 479 180388 0 559447 279013516
8.3e-09 20.8125 2.4375 8.14062 33 84842 25191266 40 0 341013438
8.3e-09 19.7031 2.25 8.14062 4 0 0 6 3628588 297267250
8.3e-09 19.5156 2.82812 8.14062 9 2022050 326114611 8 3411 101217
8.3e-09 16.875 1.9375 8.14062 0 142385 296773094 0 0 160074
