8.3e-09 1.32812 1.79688 6.95232e-36 260278828 31 1 260114669 20 2
8.3e-09 1.375 1.84375 6.95232e-36 235162209 15 0 235302563 3 0
8.3e-09 1.1875 1.53125 6.95232e-36 257767117 13 1 258071931 5 1
8.3e-09 1.35938 1.82812 6.95232e-36 243841566 4 0 243946711 12 0
8.3e-09 1.57812 1.92188 6.95232e-36 263499367 8 2 263565508 7 0
8.3e-09 1.17188 1.5 6.95232e-36 271987764 8 0 271894453 10 0
8.3e-09 1.39062 1.875 6.95232e-36 223271876 9 0 223413961 4 4
8.3e-09 1.875 2.34375 6.95232e-36 256294563 0 0 256339526 20 14
8.3e-09 1.76562 2.23438 6.95232e-36 242760229 7 0 242802215 3 0
8.3e-09 1.67188 2.01562 6.95232e-36 218889669 4 0 218873808 14 0
8.3e-09 1.78125 2.26562 6.95232e-36 227805118 1 0 227618093 19 0
8.3e-09 1.60938 1.95312 6.95232e-36 251864997 1 0 251682756 6 0
8.3e-09 1.25 1.71875 6.95232e-36 231462476 11 1 231443330 4 0
8.3e-09 1.35938 1.82812 6.95232e-36 244538801 17 0 244459527 10 0
8.3e-09 1.79688 2.26562 6.95232e-36 226745068 11 2 226748553 6 0
8.3e-09 1.57812 1.92188 6.95232e-36 266991854 9 0 266860300 6 0
8.3e-09 1.71875 2.1875 6.95232e-36 266209619 2 0 266138083 12 0
8.3e-09 1.5625 1.89062 6.95232e-36 209858425 17 6 209790948 10 0
8.3e-09 1.65625 2 6.95232e-36 226771249 3 0 226813603 6 3
8.3e-09 1.15625 1.5 6.95232e-36 207155067 18 13 207056768 13 0
8.3e-09 1.28125 1.75 6.95232e-36 214427365 2 0 214456547 10 0
8.3e-09 1.17188 1.5 6.95232e-36 273847836 14 0 273575963 15 0
8.3e-09 1.28125 1.76562 6.95232e-36 211545975 4 0 211831962 5 0
8.3e-09 1.35938 1.84375 6.95232e-36 237972590 8 0 237973499 19 0
8.3e-09 1.32812 1.79688 6.95232e-36 257013161 6 0 257205397 22 0
8.3e-09 1.28125 1.75 6.95232e-36 215564681 19 0 215537132 6 0
8.3e-09 1.54688 1.89062 6.95232e-36 211879026 8 0 211921520 5 0
8.3e-09 1.65625 2 6.95232e-36 227889091 6 0 227826499 8 0
8.3e-09 1.20312 1.6875 6.95232e-36 248830620 12 0 248727875 14 1
8.3e-09 1.17188 1.51562 6.95232e-36 271389121 6 0 271462798 15 2
8.3e-09 1.57812 1.90625 6.95232e-36 272075067 13 0 271993702 6 0
8.3e-09 1.67188 2.01562 6.95232e-36 217640698 5 0 217718432 7 0
8.3e-09 1.84375 2.3125 6.95232e-36 272027389 5 0 272022139 3 0
8.3e-09 1.32812 1.8125 6.95232e-36 254821721 10 0 254693360 5 6
8.3e-09 1.875 2.34375 6.95232e-36 252055567 6 0 251921086 25 2
8.3e-09 1.54688 1.89062 6.95232e-36 216228669 7 0 216177739 23 0
8.3e-09 1.82812 2.3125 6.95232e-36 207259630 3 9 207308068 2 1
8.3e-09 1.28125 1.76562 6.95232e-36 212208823 9 0 212176562 3 0
8.3e-09 1.5625 1.89062 6.95232e-36 210287787 2 1 210059073 3 0
8.3e-09 1.6875 2.03125 6.95232e-36 213601762 2 0 213755929 14 0
8.3e-09 1.29688 1.76562 6.95232e-36 209895488 7 0 209863336 18 0
8.3e-09 1.20312 1.6875 6.95232e-36 250076340 6 0 250096106 1 0
8.3e-09 1.125 1.46875 6.95232e-36 221646219 18 0 221847526 9 0
8.3e-09 1.15625 1.5 6.95232e-36 206999036 5 0 206954626 11 0
8.3e-09 1.20312 1.6875 6.95232e-36 250642731 1 0 250819563 11 0
8.3e-09 1.59375 1.9375 6.95232e-36 255287026 4 0 255321333 53 0
8.3e-09 1.35938 1.84375 6.95232e-36 237672126 27 0 237515026 11 0
8.3e-09 1.73438 2.21875 6.95232e-36 252431279 1 0 252580567 30 2
8.3e-09 1.79688 2.28125 6.95232e-36 220151694 5 0 220120195 3 0
8.3e-09 1.73438 2.20312 6.95232e-36 254809930 8 0 254758932 6 0
8.3e-09 1.59375 1.92188 6.95232e-36 262787072 5 0 262648756 2 0
8.3e-09 1.82812 2.29688 6.95232e-36 209649998 0 0 209447359 7 0
8.3e-09 1.21875 1.6875 6.95232e-36 246140124 10 0 246315166 5 0
8.3e-09 1.73438 2.20312 6.95232e-36 258112163 17 0 258257697 18 0
8.3e-09 1.25 1.71875 6.95232e-36 227683777 0 0 227655132 9 0
8.3e-09 1.28125 1.75 6.95232e-36 216683805 14 0 216648175 9 0
8.3e-09 1.21875 1.6875 6.95232e-36 244927035 9 0 244778943 18 0
8.3e-09 1.25 1.71875 6.95232e-36 230919974 16 0 230684846 8 0
8.3e-09 1.25 1.71875 6.95232e-36 228001308 6 0 228133084 6 0
8.3e-09 1.375 1.84375 6.95232e-36 233570909 15 1 233624337 2 0
8.3e-09 1.40625 1.875 6.95232e-36 220967677 1 0 220998760 7 0
8.3e-09 1.78125 2.25 6.95232e-36 234417169 12 0 234467826 5 0
8.3e-09 1.32812 1.8125 6.95232e-36 253265258 10 0 253176880 10 1
8.3e-09 1.3125 1.78125 6.95232e-36 265566587 13 0 265680100 16 0
8.3e-09 1.21875 1.6875 6.95232e-36 245219110 7 1 245262410 8 0
8.3e-09 1.25 1.71875 6.95232e-36 228773387 3 1 228881338 2 0
8.3e-09 1.17188 1.5 6.95232e-36 273598053 7 0 273653161 9 0
8.3e-09 1.60938 1.95312 6.95232e-36 250069468 13 0 249883452 3 0
8.3e-09 1.34375 1.8125 6.95232e-36 250528588 4 0 250594531 6 0
8.3e-09 1.14062 1.48438 6.95232e-36 217601019 17 0 217456686 3 0
8.3e-09 1.21875 1.6875 6.95232e-36 246822187 22 1 246800631 6 0
8.3e-09 1.20312 1.53125 6.95232e-36 254519228 7 0 254560680 14 2
8.3e-09 1.29688 1.76562 6.95232e-36 205530790 6 1 205704992 6 0
8.3e-09 1.39062 1.875 6.95232e-36 223982004 3 0 223785564 11 2
8.3e-09 1.875 2.34375 6.95232e-36 251829496 10 0 252045608 2 3
8.3e-09 1.375 1.84375 6.95232e-36 231846630 4 0 231994421 6 0
8.3e-09 1.35938 1.82812 6.95232e-36 243764244 7 0 243667431 1 0
8.3e-09 1.85938 2.32812 6.95232e-36 259431112 27 0 259674650 2 0
8.3e-09 1.67188 2.01562 6.95232e-36 216983422 6 0 216907413 0 0
8.3e-09 1.25 1.71875 6.95232e-36 229913108 3 5 229941771 5 0
8.3e-09 1.32812 1.79688 6.95232e-36 257885271 10 0 257895097 17 1
8.3e-09 1.82812 2.29688 6.95232e-36 211474944 7 0 211334706 17 0
8.3e-09 1.78125 2.25 6.95232e-36 234498436 12 0 234237061 13 0
8.3e-09 1.375 1.85938 6.95232e-36 229255042 5 0 229197328 3 0
8.3e-09 1.82812 2.3125 6.95232e-36 207737125 2 0 207799161 7 0
8.3e-09 1.73438 2.20312 6.95232e-36 259663806 25 0 259463843 6 0
8.3e-09 1.73438 2.20312 6.95232e-36 258491237 6 0 258265010 7 0
8.3e-09 1.79688 2.26562 6.95232e-36 226798759 4 0 226657037 8 0
8.3e-09 1.78125 2.25 6.95232e-36 230826321 10 1 230714977 19 0
8.3e-09 1.54688 1.875 6.95232e-36 217891758 6 0 217999754 1 0
8.3e-09 1.32812 1.79688 6.95232e-36 260989070 19 0 260843125 3 0
8.3e-09 1.3125 1.78125 6.95232e-36 265363531 28 0 265596365 17 0
8.3e-09 1.20312 1.67188 6.95232e-36 252360326 7 0 252468661 2 0
8.3e-09 1.21875 1.70312 6.95232e-36 241375814 20 0 241370718 8 0
8.3e-09 1.17188 1.51562 6.95232e-36 270381751 12 0 270217495 6 0
8.3e-09 1.90625 2.375 6.95232e-36 235167409 0 0 235062668 12 3
8.3e-09 1.40625 1.875 6.95232e-36 220293529 7 0 220148495 8 1
8.3e-09 1.59375 1.9375 6.95232e-36 254987786 19 9 254979460 6 0
8.3e-09 1.89062 2.35938 6.95232e-36 247786756 8 2 247462786 3 0
8.3e-09 1.34375 1.8125 6.95232e-36 252645346 5 0 252654840 9 0
8.3e-09 1.23438 1.70312 6.95232e-36 238501810 19 0 238408475 21 0
8.3e-09 1.26562 1.73438 6.95232e-36 220241740 9 1 220134029 9 3
8.3e-09 1.23438 1.70312 6.95232e-36 238185374 11 0 238268121 5 0
8.3e-09 1.23438 1.70312 6.95232e-36 236549456 12 0 236634979 9 0
8.3e-09 1.85938 2.34375 6.95232e-36 257705259 8 0 258014405 8 1
8.3e-09 1.64062 1.98438 6.95232e-36 234550700 6 3 234913057 2 0
8.3e-09 1.85938 2.34375 6.95232e-36 256845814 7 0 256600133 19 0
8.3e-09 1.34375 1.8125 6.95232e-36 248771121 12 0 248738286 7 0
8.3e-09 1.21875 1.70312 6.95232e-36 240299677 10 0 240114415 45 4
8.3e-09 1.25 1.71875 6.95232e-36 230855183 25 3 230682933 2 0
8.3e-09 1.59375 1.9375 6.95232e-36 257192858 9 1 257405263 11 0
8.3e-09 1.14062 1.48438 6.95232e-36 215748187 0 0 215709840 15 2
8.3e-09 1.70312 2.03125 6.95232e-36 206897523 7 0 206695264 11 0
8.3e-09 1.34375 1.8125 6.95232e-36 249748839 11 0 249693849 5 0
8.3e-09 1.21875 1.6875 6.95232e-36 246842035 6 6 246792527 7 0
8.3e-09 1.29688 1.76562 6.95232e-36 209703783 2 0 209693190 9 0
8.3e-09 1.26562 1.73438 6.95232e-36 221253727 5 0 221208514 10 0
8.3e-09 1.35938 1.82812 6.95232e-36 242719173 4 0 242709666 0 0
8.3e-09 1.39062 1.85938 6.95232e-36 224621666 4 0 224562719 2 0
8.3e-09 1.54688 1.89062 6.95232e-36 214452295 4 0 214427893 6 0
8.3e-09 1.14062 1.46875 6.95232e-36 219052619 2 0 218997056 1 0
8.3e-09 1.17188 1.51562 6.95232e-36 271123983 11 0 271055588 5 1
8.3e-09 1.20312 1.53125 6.95232e-36 254913018 9 0 254981074 4 0
8.3e-09 1.26562 1.75 6.95232e-36 219234295 7 0 219142397 22 1
8.3e-09 1.60938 1.95312 6.95232e-36 247108844 3 0 247091566 1 0
8.3e-09 1.3125 1.79688 6.95232e-36 263979185 17 0 263921280 11 0
8.3e-09 1.67188 2 6.95232e-36 222284526 12 0 222149070 7 0
8.3e-09 1.60938 1.95312 6.95232e-36 249457327 1 0 249406490 8 0
8.3e-09 1.23438 1.70312 6.95232e-36 236881494 9 4 236912014 7 0
8.3e-09 1.15625 1.48438 6.95232e-36 211070161 9 0 211156491 3 0
8.3e-09 1.54688 1.875 6.95232e-36 217511934 2 0 217648381 9 0
8.3e-09 1.39062 1.85938 6.95232e-36 228169315 7 0 228057403 6 0
8.3e-09 1.34375 1.8125 6.95232e-36 252833766 12 0 252675826 1 0
8.3e-09 1.54688 1.89062 6.95232e-36 215088810 2 0 215054459 3 0
8.3e-09 1.15625 1.5 6.95232e-36 207152186 6 0 206976953 4 0
8.3e-09 1.6875 2.03125 6.95232e-36 212709526 9 0 212602267 8 0
8.3e-09 1.39062 1.85938 6.95232e-36 226475994 5 0 226580401 14 1
8.3e-09 1.29688 1.76562 6.95232e-36 206335730 4 0 206091623 3 0
8.3e-09 1.17188 1.51562 6.95232e-36 270254976 5 0 270100834 1 0
8.3e-09 1.1875 1.51562 6.95232e-36 263756699 7 0 263645395 10 2
8.3e-09 1.14062 1.48438 6.95232e-36 216793720 5 0 216894073 11 0
8.3e-09 1.375 1.84375 6.95232e-36 232439714 14 2 232192434 1 0
8.3e-09 1.3125 1.78125 6.95232e-36 264952535 37 0 264704616 1 0
8.3e-09 1.84375 2.32812 6.95232e-36 266446138 37 1 266312507 12 0
8.3e-09 1.57812 1.92188 6.95232e-36 268073824 10 9 268192853 3 0
8.3e-09 1.15625 1.5 6.95232e-36 206246613 8 0 206360456 6 0
8.3e-09 1.17188 1.51562 6.95232e-36 270641648 7 0 270603369 9 0
8.3e-09 1.59375 1.9375 6.95232e-36 256777525 8 1 257020505 25 1
8.3e-09 1.34375 1.8125 6.95232e-36 250239657 5 0 250203961 7 0
8.3e-09 1.5625 1.89062 6.95232e-36 210420554 14 0 210419370 8 0
8.3e-09 1.28125 1.76562 6.95232e-36 210798075 2 0 210868920 5 0
8.3e-09 1.65625 2 6.95232e-36 226084745 8 0 226052398 11 0
8.3e-09 1.60938 1.95312 6.95232e-36 248624219 5 0 248513593 8 0
8.3e-09 1.23438 1.70312 6.95232e-36 235652391 4 0 235510496 7 0
8.3e-09 1.29688 1.76562 6.95232e-36 208029136 31 0 207913655 8 0
8.3e-09 1.14062 1.46875 6.95232e-36 218536321 6 0 218376885 4 0
8.3e-09 1.14062 1.46875 6.95232e-36 218980187 12 0 219056370 8 0
8.3e-09 1.34375 1.82812 6.95232e-36 245238020 3 0 245327189 23 0
8.3e-09 1.21875 1.70312 6.95232e-36 242033633 26 1 241950542 7 0
8.3e-09 1.59375 1.9375 6.95232e-36 255362449 3 0 255257015 5 0
8.3e-09 1.57812 1.92188 6.95232e-36 268758558 4 0 268748067 12 0
8.3e-09 1.84375 2.3125 6.95232e-36 272490657 7 0 272906342 34 0
8.3e-09 1.59375 1.92188 6.95232e-36 263514598 6 2 263326150 1 0
8.3e-09 1.3125 1.78125 6.95232e-36 270674773 4 0 270515049 10 0
8.3e-09 1.57812 1.92188 6.95232e-36 267034892 7 0 267129664 6 0
8.3e-09 1.71875 2.04688 6.95232e-36 268457887 15 0 268409252 8 0
8.3e-09 1.375 1.84375 6.95232e-36 231685265 10 0 231633475 26 0
8.3e-09 1.20312 1.53125 6.95232e-36 255395406 7 0 255481327 2 0
8.3e-09 1.35938 1.84375 6.95232e-36 239284758 9 0 239240378 14 1
8.3e-09 1.6875 2.03125 6.95232e-36 210398963 21 1 210481100 9 0
8.3e-09 1.15625 1.48438 6.95232e-36 211891579 3 0 211946660 7 0
8.3e-09 1.35938 1.82812 6.95232e-36 240146063 15 2 240131870 1 0
8.3e-09 1.875 2.34375 6.95232e-36 255670942 14 0 255956550 12 0
8.3e-09 1.15625 1.48438 6.95232e-36 211724494 6 2 211748759 1 0
8.3e-09 1.79688 2.26562 6.95232e-36 222915954 8 0 222928345 5 0
8.3e-09 1.75 2.23438 6.95232e-36 244446452 5 0 244598292 6 0
8.3e-09 1.84375 2.3125 6.95232e-36 270581359 10 0 270400968 5 0
8.3e-09 1.32812 1.79688 6.95232e-36 257839450 8 0 258051784 14 4
8.3e-09 1.90625 2.375 6.95232e-36 237309860 3 0 237356159 6 4
8.3e-09 1.20312 1.67188 6.95232e-36 252769085 1 0 252810792 22 3
8.3e-09 1.17188 1.5 6.95232e-36 273280896 3 0 273269736 10 0
8.3e-09 1.89062 2.375 6.95232e-36 242156499 5 0 242175970 16 1
8.3e-09 1.14062 1.48438 6.95232e-36 217286229 2 0 217210304 6 0
8.3e-09 1.34375 1.8125 6.95232e-36 252110314 19 0 252252087 2 0
8.3e-09 1.375 1.84375 6.95232e-36 236340735 0 0 236183905 13 0
8.3e-09 1.64062 1.98438 6.95232e-36 230744173 7 0 230718381 9 0
8.3e-09 1.125 1.46875 6.95232e-36 220276190 12 1 220268472 1 0
8.3e-09 1.35938 1.82812 6.95232e-36 242757353 15 0 242943169 6 0
8.3e-09 1.14062 1.48438 6.95232e-36 213364054 0 0 213408658 1 2
8.3e-09 1.85938 2.32812 6.95232e-36 264006352 12 0 263969479 1 0
8.3e-09 1.71875 2.1875 6.95232e-36 263919382 14 0 264220970 19 0
8.3e-09 1.28125 1.75 6.95232e-36 213500196 4 0 213366962 4 0
8.3e-09 1.28125 1.75 6.95232e-36 215475342 2 0 215559802 14 0
8.3e-09 1.84375 2.3125 6.95232e-36 270176437 10 0 270210331 2 0
8.3e-09 1.15625 1.5 6.95232e-36 210236780 13 0 210108872 2 0
8.3e-09 1.28125 1.76562 6.95232e-36 211342741 5 1 211536950 5 0
8.3e-09 1.67188 2 6.95232e-36 222424619 7 1 222748661 1 0
8.3e-09 1.21875 1.6875 6.95232e-36 242722349 4 0 242666633 10 0
8.3e-09 1.28125 1.75 6.95232e-36 215768235 2 0 215963392 16 0
8.3e-09 1.32812 1.8125 6.95232e-36 254663826 18 0 254711565 13 0
8.3e-09 1.29688 1.76562 6.95232e-36 205968138 4 0 206090288 11 0
8.3e-09 1.70312 2.04688 6.95232e-36 272420975 4 0 272257080 9 2
8.3e-09 1.5625 1.90625 6.95232e-36 207188299 8 0 207112372 7 0
8.3e-09 1.625 1.96875 6.95232e-36 243836035 13 2 243953761 2 0
8.3e-09 1.89062 2.375 6.95232e-36 240790751 11 0 240768518 17 0
8.3e-09 1.54688 1.89062 6.95232e-36 212652003 10 0 212783108 21 0
8.3e-09 1.85938 2.34375 6.95232e-36 257901931 0 0 257878169 6 0
8.3e-09 1.39062 1.85938 6.95232e-36 227896821 17 0 227947491 4 0
8.3e-09 1.57812 1.90625 6.95232e-36 271930258 7 0 271990443 2 0
8.3e-09 1.25 1.73438 6.95232e-36 225127898 2 0 224988079 3 0
8.3e-09 1.35938 1.84375 6.95232e-36 238634684 24 0 238786037 4 0
8.3e-09 1.23438 1.70312 6.95232e-36 238205803 2 0 238120184 3 0
8.3e-09 1.1875 1.53125 6.95232e-36 259395112 1 0 259376418 15 0
8.3e-09 1.73438 2.20312 6.95232e-36 258614513 6 0 258718654 6 0
8.3e-09 1.35938 1.82812 6.95232e-36 243106202 10 0 243019374 15 0
8.3e-09 1.35938 1.82812 6.95232e-36 242876951 10 0 242892871 6 0
8.3e-09 1.14062 1.46875 6.95232e-36 218808981 2 0 219109622 7 3
8.3e-09 1.54688 1.89062 6.95232e-36 212934787 7 0 212728410 17 0
8.3e-09 1.1875 1.53125 6.95232e-36 261851006 14 0 262084298 14 4
8.3e-09 1.23438 1.70312 6.95232e-36 236581264 13 6 236574997 24 0
8.3e-09 1.26562 1.73438 6.95232e-36 222355599 9 4 222459824 5 0
8.3e-09 1.26562 1.75 6.95232e-36 217601503 5 0 217558792 7 0
8.3e-09 1.5625 1.90625 6.95232e-36 209319392 2 0 209215290 6 0
8.3e-09 1.20312 1.53125 6.95232e-36 254862534 17 0 255034821 8 1
8.3e-09 1.57812 1.92188 6.95232e-36 267028811 32 0 266911556 2 0
8.3e-09 1.64062 1.98438 6.95232e-36 235956690 2 0 235840424 20 0
8.3e-09 1.28125 1.75 6.95232e-36 215197706 12 0 215425813 4 0
8.3e-09 1.64062 1.98438 6.95232e-36 232997473 3 0 232974786 1 0
8.3e-09 1.29688 1.78125 6.95232e-36 270945936 8 0 270947717 14 1
8.3e-09 1.25 1.71875 6.95232e-36 228483281 2 0 228269898 6 0
8.3e-09 1.20312 1.67188 6.95232e-36 252032129 5 0 251876174 6 0
8.3e-09 1.6875 2.03125 6.95232e-36 212860340 1 0 213011627 3 0
8.3e-09 1.375 1.84375 6.95232e-36 235944892 17 0 236000541 0 0
8.3e-09 1.1875 1.53125 6.95232e-36 261586618 1 0 261429661 4 0
8.3e-09 1.5625 1.90625 6.95232e-36 273044409 1 0 272935098 11 0
8.3e-09 1.15625 1.48438 6.95232e-36 211348371 1 0 211278247 13 0
8.3e-09 1.26562 1.73438 6.95232e-36 223437695 4 0 223414168 12 3
8.3e-09 1.23438 1.71875 6.95232e-36 232627383 2 0 232505437 4 0
8.3e-09 1.65625 2 6.95232e-36 225201710 0 0 225487346 5 0
8.3e-09 1.35938 1.82812 6.95232e-36 243718163 6 2 243768745 2 0
8.3e-09 1.59375 1.92188 6.95232e-36 262545011 3 2 262397856 11 0
8.3e-09 1.54688 1.89062 6.95232e-36 212543328 4 0 212348610 2 0
8.3e-09 1.20312 1.6875 6.95232e-36 248448161 13 0 248136040 8 1
8.3e-09 1.23438 1.71875 6.95232e-36 232659299 9 0 232524545 13 0
8.3e-09 1.14062 1.48438 6.95232e-36 215142052 12 13 215158492 5 0
8.3e-09 1.14062 1.48438 6.95232e-36 214642631 5 0 214608740 4 0
8.3e-09 1.3125 1.78125 6.95232e-36 269846292 17 0 269936048 7 0
8.3e-09 1.21875 1.6875 6.95232e-36 247549569 7 0 247821047 16 0
8.3e-09 1.3125 1.78125 6.95232e-36 268988849 8 0 269196296 3 0
8.3e-09 1.64062 1.98438 6.95232e-36 234216900 6 0 234371521 7 0
8.3e-09 1.70312 2.04688 6.95232e-36 273446853 6 0 273651879 0 0
8.3e-09 1.625 1.96875 6.95232e-36 239304850 9 4 239580343 6 0
8.3e-09 1.26562 1.73438 6.95232e-36 221290847 10 0 221205014 3 0
8.3e-09 1.82812 2.29688 6.95232e-36 208985172 3 0 208764072 0 0
8.3e-09 1.14062 1.46875 6.95232e-36 218259769 14 0 218294195 2 0
8.3e-09 1.21875 1.70312 6.95232e-36 240702627 21 1 240781601 10 0
8.3e-09 1.79688 2.26562 6.95232e-36 224658302 8 0 224538716 3 0
8.3e-09 1.625 1.96875 6.95232e-36 238623915 0 0 238610842 4 0
8.3e-09 1.54688 1.875 6.95232e-36 217664673 13 0 217750361 2 0
8.3e-09 1.23438 1.71875 6.95232e-36 232448901 13 2 232453151 32 0
8.3e-09 1.23438 1.70312 6.95232e-36 236800443 3 0 236899340 6 2
8.3e-09 1.35938 1.84375 6.95232e-36 237207310 3 0 237051534 27 2
8.3e-09 1.54688 1.875 6.95232e-36 217348976 2 0 217465761 18 0
8.3e-09 1.39062 1.85938 6.95232e-36 224493144 2 0 224532603 9 1
8.3e-09 1.25 1.71875 6.95232e-36 227225076 3 0 227153752 1 0
8.3e-09 1.21875 1.70312 6.95232e-36 240182756 8 0 240177993 10 0
8.3e-09 1.64062 1.98438 6.95232e-36 232245350 2 0 232369286 12 0
8.3e-09 1.5625 1.90625 6.95232e-36 207715553 12 0 207676402 5 0
8.3e-09 1.17188 1.51562 6.95232e-36 270128118 2 0 270176274 7 0
8.3e-09 1.26562 1.73438 6.95232e-36 220832732 5 0 220923822 0 0
8.3e-09 1.73438 2.20312 6.95232e-36 256366711 0 0 256219767 20 0
8.3e-09 1.65625 1.98438 6.95232e-36 230287646 6 0 230373350 15 3
8.3e-09 1.32812 1.79688 6.95232e-36 259059236 3 0 259190071 12 6
8.3e-09 1.73438 2.21875 6.95232e-36 253012492 7 0 253071570 2 0
8.3e-09 1.35938 1.84375 6.95232e-36 239209109 9 0 239169005 3 1
8.3e-09 1.32812 1.79688 6.95232e-36 260858211 2 0 260870297 25 7
8.3e-09 1.17188 1.51562 6.95232e-36 266853211 7 0 266775701 4 0
8.3e-09 1.125 1.46875 6.95232e-36 221011734 23 0 220864845 10 0
8.3e-09 1.25 1.71875 6.95232e-36 229099159 6 0 229123647 4 0
8.3e-09 1.28125 1.75 6.95232e-36 213321470 9 0 213628868 2 0
8.3e-09 1.78125 2.25 6.95232e-36 230948733 4 0 230728676 6 0
8.3e-09 1.23438 1.71875 6.95232e-36 233501968 1 0 233380133 5 0
8.3e-09 1.15625 1.5 6.95232e-36 208878498 1 0 208994118 1 0
8.3e-09 1.54688 1.89062 6.95232e-36 215454375 2 0 215563023 8 0
8.3e-09 1.3125 1.78125 6.95232e-36 269614790 3 0 269686881 1 0
8.3e-09 1.84375 2.3125 6.95232e-36 271874039 0 0 272017842 11 1
8.3e-09 1.85938 2.34375 6.95232e-36 258403181 17 0 258352093 7 0
8.3e-09 1.15625 1.5 6.95232e-36 209489581 1 0 209512624 5 0
8.3e-09 1.78125 2.25 6.95232e-36 234155888 0 0 234168311 4 0
8.3e-09 1.125 1.46875 6.95232e-36 222217170 2 0 222193052 4 0
8.3e-09 1.29688 1.76562 6.95232e-36 209049451 15 11 208963838 7 0
8.3e-09 1.71875 2.04688 6.95232e-36 267107743 13 0 267489056 7 1
8.3e-09 1.15625 1.48438 6.95232e-36 212764732 18 0 212650436 4 0
8.3e-09 1.29688 1.78125 6.95232e-36 273637018 9 0 273518236 4 0
8.3e-09 1.125 1.46875 6.95232e-36 221860263 10 1 221844862 17 0
8.3e-09 1.14062 1.48438 6.95232e-36 213612521 4 0 213506687 5 0
8.3e-09 1.64062 1.96875 6.95232e-36 238326811 3 0 238479851 6 0
8.3e-09 1.1875 1.51562 6.95232e-36 264274778 6 0 264234224 1 0
8.3e-09 1.3125 1.79688 6.95232e-36 262957837 9 0 262779671 3 0
8.3e-09 1.3125 1.78125 6.95232e-36 267617475 9 0 267479376 5 0
8.3e-09 1.15625 1.5 6.95232e-36 207033416 6 0 207230741 18 0
8.3e-09 1.23438 1.70312 6.95232e-36 236220367 12 1 236285055 53 0
8.3e-09 1.15625 1.5 6.95232e-36 206694936 10 0 206717109 1 0
8.3e-09 1.23438 1.70312 6.95232e-36 236769122 10 0 236995918 13 0
8.3e-09 1.17188 1.51562 6.95232e-36 269678206 10 0 269643894 24 0
8.3e-09 1.625 1.96875 6.95232e-36 238888359 9 0 239152640 11 0
8.3e-09 1.125 1.46875 6.95232e-36 220658733 7 0 220676083 8 1
8.3e-09 1.14062 1.48438 6.95232e-36 215503383 13 0 215493306 9 0
8.3e-09 1.71875 2.20312 6.95232e-36 262607457 2 0 262689085 5 0
8.3e-09 1.3125 1.78125 6.95232e-36 266438630 7 0 266424320 8 0
8.3e-09 1.57812 1.92188 6.95232e-36 267837227 17 0 268001846 20 0
8.3e-09 1.78125 2.26562 6.95232e-36 229964581 1 0 229739064 2 0
8.3e-09 1.28125 1.75 6.95232e-36 214191444 2 0 213869367 6 0
8.3e-09 1.17188 1.51562 6.95232e-36 269388377 11 0 269389068 2 0
8.3e-09 1.73438 2.21875 6.95232e-36 254224858 8 0 254053494 3 0
8.3e-09 1.54688 1.89062 6.95232e-36 215442593 9 0 215400147 0 0
8.3e-09 1.21875 1.6875 6.95232e-36 246333139 10 1 246183252 12 0
8.3e-09 1.54688 1.89062 6.95232e-36 216212806 1 0 216242936 10 0
8.3e-09 1.1875 1.53125 6.95232e-36 257657721 11 0 257574882 0 0
8.3e-09 1.15625 1.5 6.95232e-36 209643924 2 0 209793962 1 0
8.3e-09 1.26562 1.73438 6.95232e-36 223215392 3 0 223189127 7 0
8.3e-09 1.28125 1.75 6.95232e-36 212553985 1 0 212526827 2 0
8.3e-09 1.60938 1.95312 6.95232e-36 250245293 8 0 250305351 9 0
8.3e-09 1.23438 1.71875 6.95232e-36 233288992 3 0 233234921 5 0
8.3e-09 1.59375 1.92188 6.95232e-36 263647161 6 0 263465303 8 0
8.3e-09 1.3125 1.78125 6.95232e-36 268549810 7 0 268434118 8 0
8.3e-09 1.39062 1.85938 6.95232e-36 226600440 7 0 226598176 4 0
8.3e-09 1.17188 1.5 6.95232e-36 272201633 12 0 272187775 1 1
8.3e-09 1.67188 2.01562 6.95232e-36 219925533 5 0 219963646 17 1
8.3e-09 1.70312 2.04688 6.95232e-36 272916613 1 0 272764045 10 0
8.3e-09 1.28125 1.76562 6.95232e-36 210175802 20 0 210172053 3 0
8.3e-09 1.28125 1.75 6.95232e-36 215551987 2 0 215651164 7 0
8.3e-09 1.59375 1.9375 6.95232e-36 255648185 15 0 255703226 7 0
8.3e-09 1.5625 1.90625 6.95232e-36 206531217 5 0 206320582 17 2
8.3e-09 1.21875 1.6875 6.95232e-36 245654985 4 0 245709187 13 3
8.3e-09 1.76562 2.23438 6.95232e-36 238593140 19 0 238523234 16 0
8.3e-09 1.54688 1.89062 6.95232e-36 212341037 1 0 212240016 4 0
8.3e-09 1.71875 2.20312 6.95232e-36 262122487 9 0 261844413 21 0
8.3e-09 1.6875 2.03125 6.95232e-36 208853344 3 0 208990318 23 2
8.3e-09 1.14062 1.46875 6.95232e-36 219592426 3 0 219710952 6 0
8.3e-09 1.57812 1.92188 6.95232e-36 266502127 9 1 266226550 3 0
8.3e-09 1.65625 2 6.95232e-36 224172553 6 0 224128325 2 0
8.3e-09 1.25 1.71875 6.95232e-36 227868167 6 0 228187135 7 0
8.3e-09 1.3125 1.78125 6.95232e-36 267720591 4 0 267440077 5 1
8.3e-09 1.21875 1.6875 6.95232e-36 246651139 21 0 246488404 10 0
8.3e-09 1.79688 2.28125 6.95232e-36 221864037 4 2 221903074 2 3
8.3e-09 1.79688 2.26562 6.95232e-36 227268987 5 1 227348822 5 0
8.3e-09 1.125 1.46875 6.95232e-36 221023130 3 0 221021241 4 0
8.3e-09 1.79688 2.26562 6.95232e-36 224090987 1 0 224156222 7 0
8.3e-09 1.29688 1.76562 6.95232e-36 208289252 4 1 208387852 11 0
8.3e-09 1.21875 1.6875 6.95232e-36 246000943 12 2 245958275 1 0
8.3e-09 1.21875 1.6875 6.95232e-36 242588224 14 2 242666014 5 0
8.3e-09 1.60938 1.95312 6.95232e-36 250731130 25 2 250874863 3 0
8.3e-09 1.70312 2.03125 6.95232e-36 208442477 19 0 208538220 3 0
8.3e-09 1.35938 1.82812 6.95232e-36 244389181 14 2 244296453 14 0
8.3e-09 1.79688 2.28125 6.95232e-36 221002276 3 2 221048889 6 0
8.3e-09 1.90625 2.375 6.95232e-36 236716467 11 0 236592823 21 1
8.3e-09 1.625 1.95312 6.95232e-36 245825089 4 0 245739878 25 0
8.3e-09 1.28125 1.75 6.95232e-36 214437796 10 4 214562294 7 0
8.3e-09 1.3125 1.78125 6.95232e-36 268780521 1 0 268713707 5 0
8.3e-09 1.90625 2.375 6.95232e-36 239354910 5 0 239176397 2 0
8.3e-09 1.23438 1.71875 6.95232e-36 233517416 8 0 233400440 11 1
8.3e-09 1.79688 2.26562 6.95232e-36 224907441 4 0 224885914 5 0
8.3e-09 1.89062 2.35938 6.95232e-36 246712683 13 0 246234065 5 2
8.3e-09 1.34375 1.8125 6.95232e-36 247556600 13 0 247649984 7 1
8.3e-09 1.34375 1.8125 6.95232e-36 249935282 2 0 249916354 18 0
8.3e-09 1.28125 1.76562 6.95232e-36 211194866 10 3 211120888 8 0
8.3e-09 1.59375 1.9375 6.95232e-36 260592256 3 0 260591069 5 0
8.3e-09 1.3125 1.79688 6.95232e-36 263765288 4 1 263646461 9 0
8.3e-09 1.34375 1.8125 6.95232e-36 249999113 6 0 249666733 4 0
8.3e-09 1.26562 1.73438 6.95232e-36 222803002 17 0 222717151 13 0
8.3e-09 1.875 2.35938 6.95232e-36 249190147 6 0 249579137 9 0
8.3e-09 1.73438 2.20312 6.95232e-36 256097619 8 0 256158439 10 0
8.3e-09 1.60938 1.95312 6.95232e-36 249153953 11 1 249043736 19 0
8.3e-09 1.34375 1.8125 6.95232e-36 252426703 3 0 252143833 2 0
8.3e-09 1.35938 1.84375 6.95232e-36 238136773 17 1 238372893 12 0
8.3e-09 1.85938 2.32812 6.95232e-36 260034006 14 0 259978767 7 0
8.3e-09 1.8125 2.29688 6.95232e-36 212773970 12 0 212880115 0 0
8.3e-09 1.76562 2.23438 6.95232e-36 242089410 27 2 242106227 4 0
8.3e-09 1.64062 1.96875 6.95232e-36 237761317 14 0 237767607 11 0
8.3e-09 1.85938 2.32812 6.95232e-36 261487621 1 0 261838860 18 0
8.3e-09 1.125 1.46875 6.95232e-36 220639181 6 0 220503889 8 0
8.3e-09 1.78125 2.25 6.95232e-36 231234147 1 0 231385254 9 0
8.3e-09 1.34375 1.8125 6.95232e-36 248930408 15 1 248852488 8 1
8.3e-09 1.60938 1.95312 6.95232e-36 247520933 11 2 247614512 2 0
8.3e-09 1.85938 2.34375 6.95232e-36 256774791 1 11 256815347 0 0
8.3e-09 1.3125 1.79688 6.95232e-36 264207734 6 4 264021843 2 0
8.3e-09 1.39062 1.85938 6.95232e-36 228434447 2 0 228239120 13 0
8.3e-09 1.14062 1.48438 6.95232e-36 215222654 4 0 215199485 7 0
8.3e-09 1.20312 1.6875 6.95232e-36 249010494 23 0 248985472 2 0
8.3e-09 1.14062 1.48438 6.95232e-36 214077065 6 0 214156227 13 1
8.3e-09 1.14062 1.46875 6.95232e-36 219382343 14 0 219405746 16 7
8.3e-09 1.1875 1.53125 6.95232e-36 258916465 7 0 259083260 22 4
8.3e-09 1.28125 1.76562 6.95232e-36 210929258 14 0 210813500 1 0
8.3e-09 1.5625 1.90625 6.95232e-36 273181352 20 0 273099851 3 0
8.3e-09 1.82812 2.29688 6.95232e-36 210203310 9 0 210064161 16 0
8.3e-09 1.39062 1.85938 6.95232e-36 228449117 8 1 228359247 11 0
8.3e-09 1.21875 1.6875 6.95232e-36 242614487 7 0 242626745 7 0
8.3e-09 1.84375 2.32812 6.95232e-36 266554058 27 0 266389809 5 1
8.3e-09 1.67188 2.01562 6.95232e-36 217493694 9 0 217515539 5 0
8.3e-09 1.82812 2.29688 6.95232e-36 208975774 15 0 208929763 15 1
8.3e-09 1.73438 2.21875 6.95232e-36 254073090 13 1 253992818 4 0
8.3e-09 1.39062 1.85938 6.95232e-36 227582933 10 0 227463555 4 0
8.3e-09 1.6875 2.03125 6.95232e-36 212553698 4 0 212555442 6 0
8.3e-09 1.21875 1.6875 6.95232e-36 245857303 8 0 245835576 15 0
8.3e-09 1.28125 1.75 6.95232e-36 214267909 7 0 214390261 21 2
8.3e-09 1.54688 1.89062 6.95232e-36 212808211 4 0 212824753 4 1
8.3e-09 1.1875 1.53125 6.95232e-36 259390101 11 1 259336072 7 0
8.3e-09 1.375 1.84375 6.95232e-36 235149775 4 0 235005912 3 0
8.3e-09 1.65625 2 6.95232e-36 223826216 1 0 223823098 7 0
8.3e-09 1.23438 1.71875 6.95232e-36 234157345 1 0 234164103 1 0
8.3e-09 1.17188 1.51562 6.95232e-36 265317022 3 0 265363012 7 0
8.3e-09 1.28125 1.75 6.95232e-36 213959721 8 0 214058257 22 12
8.3e-09 1.84375 2.3125 6.95232e-36 271992052 17 1 272047058 3 0
8.3e-09 1.29688 1.76562 6.95232e-36 206565191 0 0 206635495 25 0
8.3e-09 1.57812 1.92188 6.95232e-36 267071600 3 0 267172097 15 0
8.3e-09 1.25 1.73438 6.95232e-36 226628577 4 0 226536955 15 0
8.3e-09 1.1875 1.51562 6.95232e-36 265068911 4 0 264902908 5 0
8.3e-09 1.67188 2.01562 6.95232e-36 218997496 2 0 219147193 4 0
8.3e-09 1.29688 1.76562 6.95232e-36 209575017 13 0 209548466 6 0
8.3e-09 1.8125 2.28125 6.95232e-36 218302750 16 0 218420299 12 0
8.3e-09 1.3125 1.78125 6.95232e-36 270480923 7 0 270585209 9 0
8.3e-09 1.57812 1.90625 6.95232e-36 272261476 16 0 272260753 10 0
8.3e-09 1.23438 1.70312 6.95232e-36 235488478 5 0 235557069 0 0
8.3e-09 1.82812 2.29688 6.95232e-36 208846742 7 0 208853631 1 0
8.3e-09 1.59375 1.9375 6.95232e-36 256942132 7 0 256848668 12 0
8.3e-09 1.26562 1.73438 6.95232e-36 224091723 17 0 224120166 16 0
8.3e-09 1.60938 1.95312 6.95232e-36 252261992 7 0 252146533 8 0
8.3e-09 1.20312 1.53125 6.95232e-36 254327417 1 0 254468713 10 0
8.3e-09 1.20312 1.6875 6.95232e-36 249539889 6 0 249334646 10 0
8.3e-09 1.39062 1.85938 6.95232e-36 225084585 4 0 225070230 18 0
8.3e-09 1.8125 2.28125 6.95232e-36 216818239 11 0 216971957 1 0
8.3e-09 1.14062 1.46875 6.95232e-36 218057809 6 0 217974360 4 0
8.3e-09 1.28125 1.75 6.95232e-36 213658386 10 0 213527909 5 0
8.3e-09 1.40625 1.875 6.95232e-36 220311545 11 2 220095970 22 0
8.3e-09 1.57812 1.90625 6.95232e-36 270230453 7 0 270095222 6 0
8.3e-09 1.32812 1.79688 6.95232e-36 261689912 10 0 261816905 20 0
8.3e-09 1.65625 2 6.95232e-36 227147991 13 0 227111077 6 0
8.3e-09 1.67188 2 6.95232e-36 222522791 16 0 222485252 4 0
8.3e-09 1.60938 1.9375 6.95232e-36 252531782 3 0 252637312 3 0
8.3e-09 1.64062 1.96875 6.95232e-36 238392009 4 0 238233011 2 0
8.3e-09 1.1875 1.53125 6.95232e-36 258255722 2 0 258216678 31 0
8.3e-09 1.25 1.71875 6.95232e-36 231158565 7 0 231216369 6 0
8.3e-09 1.67188 2.01562 6.95232e-36 220651555 11 0 220796197 2 0
8.3e-09 1.82812 2.29688 6.95232e-36 207948695 3 0 208295033 7 0
8.3e-09 1.57812 1.90625 6.95232e-36 270356414 3 0 270490590 2 0
8.3e-09 1.375 1.84375 6.95232e-36 233413642 13 0 233423963 7 3
8.3e-09 1.23438 1.71875 6.95232e-36 233796466 3 0 233857609 1 0
8.3e-09 1.71875 2.1875 6.95232e-36 263970162 13 0 263905133 16 0
8.3e-09 1.60938 1.9375 6.95232e-36 253882475 12 1 253733640 18 15
8.3e-09 1.34375 1.8125 6.95232e-36 249275232 9 0 249246689 5 0
8.3e-09 1.17188 1.5 6.95232e-36 273050219 23 0 273122329 14 0
8.3e-09 1.90625 2.375 6.95232e-36 239000778 6 0 239108381 5 0
8.3e-09 1.375 1.84375 6.95232e-36 234089256 6 0 234235348 1 0
8.3e-09 1.89062 2.35938 6.95232e-36 245413560 10 0 245587295 8 0
8.3e-09 1.21875 1.70312 6.95232e-36 241725319 6 0 241644239 4 0
8.3e-09 1.78125 2.25 6.95232e-36 232251922 2 0 232117470 3 0
8.3e-09 1.1875 1.53125 6.95232e-36 257905684 12 0 257910817 4 0
8.3e-09 1.78125 2.25 6.95232e-36 231051258 6 0 231194599 7 0
8.3e-09 1.35938 1.84375 6.95232e-36 237733139 6 0 237649926 17 0
8.3e-09 1.21875 1.6875 6.95232e-36 245559881 17 0 245523409 3 0
8.3e-09 1.15625 1.5 6.95232e-36 206665461 5 0 206644947 8 0
8.3e-09 1.625 1.96875 6.95232e-36 239234955 7 1 239379402 0 0
8.3e-09 1.75 2.21875 6.95232e-36 250223687 10 0 250208624 14 1
8.3e-09 1.29688 1.76562 6.95232e-36 207709248 9 0 207571867 17 0
8.3e-09 1.34375 1.8125 6.95232e-36 250454074 4 0 250242844 4 0
8.3e-09 1.40625 1.875 6.95232e-36 221177595 10 0 221189124 2 0
8.3e-09 1.17188 1.51562 6.95232e-36 269173017 18 0 268937382 6 0
8.3e-09 1.70312 2.04688 6.95232e-36 206077131 9 0 206122448 6 0
8.3e-09 1.1875 1.53125 6.95232e-36 257617530 5 0 257680635 6 0
8.3e-09 1.25 1.71875 6.95232e-36 229943124 1 0 229993694 0 0
8.3e-09 1.64062 1.98438 6.95232e-36 235542115 23 5 235263800 6 0
8.3e-09 1.26562 1.75 6.95232e-36 218595458 2 0 218501641 14 0
8.3e-09 1.26562 1.75 6.95232e-36 217112850 16 0 217083969 0 0
8.3e-09 1.54688 1.875 6.95232e-36 216785269 8 0 216752347 4 0
8.3e-09 1.34375 1.82812 6.95232e-36 245754981 27 1 245883030 2 0
8.3e-09 1.3125 1.78125 6.95232e-36 265974868 30 0 266003111 18 1
8.3e-09 1.23438 1.70312 6.95232e-36 234711472 3 0 234651266 9 0
8.3e-09 1.59375 1.92188 6.95232e-36 263506064 2 0 263471587 13 0
8.3e-09 1.21875 1.6875 6.95232e-36 244767787 14 3 244945533 13 0
8.3e-09 1.14062 1.46875 6.95232e-36 219342468 2 0 219276193 1 0
8.3e-09 1.28125 1.75 6.95232e-36 213055292 9 0 213131676 10 0
8.3e-09 1.23438 1.70312 6.95232e-36 239595952 5 0 239478920 4 2
8.3e-09 1.17188 1.5 6.95232e-36 273238220 12 4 273181678 11 0
8.3e-09 1.54688 1.89062 6.95232e-36 213982165 12 0 214018834 2 1
8.3e-09 1.3125 1.78125 6.95232e-36 267364371 9 0 267497799 6 0
8.3e-09 1.73438 2.21875 6.95232e-36 252647362 7 0 252727671 17 1
8.3e-09 1.1875 1.53125 6.95232e-36 257448626 18 0 257356759 8 0
8.3e-09 1.1875 1.51562 6.95232e-36 263971733 2 0 264125495 9 0
8.3e-09 1.34375 1.8125 6.95232e-36 248747807 6 0 248680433 7 0
8.3e-09 1.28125 1.75 6.95232e-36 216157578 1 0 216220654 12 0
8.3e-09 1.15625 1.48438 6.95232e-36 212796192 2 0 212727021 27 1
8.3e-09 1.82812 2.29688 6.95232e-36 211645225 3 0 211555335 3 0
8.3e-09 1.875 2.34375 6.95232e-36 255243094 6 0 255034210 10 3
8.3e-09 1.20312 1.67188 6.95232e-36 253442415 1 4 253436400 5 0
8.3e-09 1.82812 2.29688 6.95232e-36 212786115 7 0 212622056 6 0
8.3e-09 1.65625 1.98438 6.95232e-36 229622510 1 0 229896943 2 0
8.3e-09 1.32812 1.8125 6.95232e-36 255751587 5 0 255745466 5 0
8.3e-09 1.1875 1.53125 6.95232e-36 258754299 16 0 258950620 5 0
8.3e-09 1.57812 1.92188 6.95232e-36 265022282 12 5 265185965 13 0
8.3e-09 1.21875 1.6875 6.95232e-36 244294743 8 1 244275712 8 0
8.3e-09 1.21875 1.6875 6.95232e-36 245822676 9 11 245885594 3 0
8.3e-09 1.59375 1.92188 6.95232e-36 261590540 12 2 261519500 6 0
8.3e-09 1.64062 1.98438 6.95232e-36 232601359 1 0 232568202 10 0
8.3e-09 1.64062 1.98438 6.95232e-36 231877876 7 0 231927446 6 0
8.3e-09 1.32812 1.79688 6.95232e-36 257610311 5 0 257504087 18 1
8.3e-09 1.39062 1.85938 6.95232e-36 228168297 4 0 228352106 5 0
8.3e-09 1.21875 1.70312 6.95232e-36 240617934 16 1 240686142 6 0
8.3e-09 1.625 1.96875 6.95232e-36 241787488 12 0 241478831 15 0
8.3e-09 1.28125 1.75 6.95232e-36 212918085 12 0 213178971 5 0
8.3e-09 1.21875 1.70312 6.95232e-36 240511538 17 0 240731860 5 0
8.3e-09 1.34375 1.8125 6.95232e-36 252974303 13 2 252974961 3 0
8.3e-09 1.57812 1.90625 6.95232e-36 272283062 8 0 272185259 8 0
8.3e-09 1.26562 1.75 6.95232e-36 219000142 15 0 218787842 15 0
8.3e-09 1.39062 1.875 6.95232e-36 222287847 15 0 222385766 9 0
8.3e-09 1.25 1.73438 6.95232e-36 226385773 9 0 226330144 2 0
8.3e-09 1.17188 1.51562 6.95232e-36 266708977 0 0 266637616 1 0
8.3e-09 1.79688 2.26562 6.95232e-36 226234890 0 0 226255659 10 0
8.3e-09 1.17188 1.51562 6.95232e-36 270937469 2 0 271035250 1 0
8.3e-09 1.25 1.71875 6.95232e-36 231117340 5 0 231207348 18 0
8.3e-09 1.17188 1.51562 6.95232e-36 268841157 9 0 268810853 10 7
8.3e-09 1.34375 1.8125 6.95232e-36 250065402 3 0 250091170 11 0
8.3e-09 1.23438 1.71875 6.95232e-36 234333899 12 0 234455185 9 0
8.3e-09 1.5625 1.89062 6.95232e-36 210945003 4 0 210664504 15 0
8.3e-09 1.57812 1.92188 6.95232e-36 265623119 11 0 265467367 5 0
8.3e-09 1.26562 1.75 6.95232e-36 217638337 1 0 217750033 4 0
8.3e-09 1.84375 2.3125 6.95232e-36 270718808 15 4 270714238 6 0
8.3e-09 1.70312 2.03125 6.95232e-36 206975047 18 1 206854976 5 0
8.3e-09 1.29688 1.76562 6.95232e-36 207491868 1 0 207681878 11 0
8.3e-09 1.625 1.96875 6.95232e-36 242856405 4 0 242779666 17 1
8.3e-09 1.14062 1.48438 6.95232e-36 214106135 2 0 214101796 1 0
8.3e-09 1.25 1.71875 6.95232e-36 227709660 3 0 227818848 1 0
8.3e-09 1.6875 2.03125 6.95232e-36 210355607 3 0 210431523 11 4
8.3e-09 1.54688 1.89062 6.95232e-36 215655193 3 0 215643940 3 0
8.3e-09 1.57812 1.92188 6.95232e-36 268694541 12 0 268823842 5 1
8.3e-09 1.3125 1.78125 6.95232e-36 266277875 6 0 266367163 4 0
8.3e-09 1.35938 1.82812 6.95232e-36 243984068 5 0 244117721 4 0
8.3e-09 1.59375 1.9375 6.95232e-36 259983679 16 2 259851932 4 0
8.3e-09 1.15625 1.5 6.95232e-36 208962218 0 0 209089153 3 0
8.3e-09 1.20312 1.53125 6.95232e-36 255680506 10 0 255802814 10 0
8.3e-09 1.26562 1.75 6.95232e-36 218897591 19 3 218860727 11 0
8.3e-09 1.5625 1.90625 6.95232e-36 206789959 13 0 206959850 3 0
8.3e-09 1.17188 1.5 6.95232e-36 271802008 8 0 272057632 2 0
8.3e-09 1.26562 1.73438 6.95232e-36 220554986 7 2 220593223 6 0
8.3e-09 1.15625 1.48438 6.95232e-36 212614535 4 0 212959088 18 0
8.3e-09 1.23438 1.70312 6.95232e-36 237908957 9 5 237944878 11 0
8.3e-09 1.60938 1.95312 6.95232e-36 251997377 6 0 252174784 7 0
8.3e-09 1.54688 1.875 6.95232e-36 218163728 16 0 218170709 2 0
8.3e-09 1.67188 2 6.95232e-36 222470394 10 0 222273568 4 0
8.3e-09 1.85938 2.34375 6.95232e-36 258019112 6 0 257737626 17 0
8.3e-09 1.14062 1.48438 6.95232e-36 216311432 0 0 216216141 17 1
8.3e-09 1.25 1.73438 6.95232e-36 224856033 5 0 224865396 3 0
8.3e-09 1.34375 1.8125 6.95232e-36 249323149 7 10 249395051 6 0
8.3e-09 1.67188 2.01562 6.95232e-36 218843727 4 0 218872180 12 0
8.3e-09 1.73438 2.21875 6.95232e-36 252808202 2 0 252817303 0 0
8.3e-09 1.28125 1.75 6.95232e-36 212548813 6 2 212542739 14 0
8.3e-09 1.5625 1.90625 6.95232e-36 273207617 7 0 273057646 9 3
8.3e-09 1.25 1.71875 6.95232e-36 228962289 12 0 229001684 35 0
8.3e-09 1.54688 1.875 6.95232e-36 216720890 12 0 216700706 4 0
8.3e-09 1.34375 1.8125 6.95232e-36 252595635 2 0 252811153 7 0
8.3e-09 1.17188 1.5 6.95232e-36 273429331 1 0 273432552 17 0
8.3e-09 1.17188 1.51562 6.95232e-36 267843415 20 0 267748681 6 2
8.3e-09 1.3125 1.78125 6.95232e-36 264764440 3 0 264601759 10 0
8.3e-09 1.3125 1.78125 6.95232e-36 266094092 3 0 265929435 6 0
8.3e-09 1.17188 1.51562 6.95232e-36 271575691 3 0 271615121 4 0
8.3e-09 1.6875 2.01562 6.95232e-36 214246621 5 0 214489223 3 1
8.3e-09 1.28125 1.75 6.95232e-36 215579151 4 0 215496831 14 0
8.3e-09 1.14062 1.48438 6.95232e-36 215213779 4 0 215141213 6 0
8.3e-09 1.75 2.23438 6.95232e-36 244685810 15 2 244601458 13 2
8.3e-09 1.125 1.46875 6.95232e-36 220944147 5 0 220823627 10 0
8.3e-09 1.67188 2.01562 6.95232e-36 218179861 16 1 217933636 12 0
8.3e-09 1.17188 1.5 6.95232e-36 205690807 2 0 205671465 7 0
8.3e-09 1.23438 1.70312 6.95232e-36 236861834 11 0 236849441 2 0
8.3e-09 1.84375 2.3125 6.95232e-36 273265723 7 0 273225482 15 1
8.3e-09 1.3125 1.78125 6.95232e-36 269676147 9 0 269943552 11 0
8.3e-09 1.5625 1.89062 6.95232e-36 209480254 4 0 209493624 8 2
8.3e-09 1.21875 1.70312 6.95232e-36 241201995 9 0 241413720 5 0
8.3e-09 1.6875 2.03125 6.95232e-36 212619338 0 0 212731497 2 0
8.3e-09 1.21875 1.6875 6.95232e-36 246326107 10 0 246392938 6 0
8.3e-09 1.57812 1.92188 6.95232e-36 265675045 3 0 265508566 12 0
8.3e-09 1.79688 2.26562 6.95232e-36 223332012 4 0 223499588 8 0
8.3e-09 1.14062 1.46875 6.95232e-36 219594711 3 0 219638986 4 4
8.3e-09 1.28125 1.76562 6.95232e-36 212200134 11 0 212098955 13 0
8.3e-09 1.84375 2.3125 6.95232e-36 271115682 1 0 271163423 14 0
8.3e-09 1.28125 1.76562 6.95232e-36 211439158 5 0 211504843 10 2
8.3e-09 1.17188 1.51562 6.95232e-36 269584726 27 0 269643080 16 0
8.3e-09 1.375 1.85938 6.95232e-36 229195465 2 0 228970623 0 0
8.3e-09 1.35938 1.82812 6.95232e-36 240126140 4 0 240011754 4 0
8.3e-09 1.15625 1.5 6.95232e-36 206876966 8 0 206800869 13 1
8.3e-09 1.26562 1.73438 6.95232e-36 221640566 9 0 221603361 8 0
8.3e-09 1.17188 1.5 6.95232e-36 272509851 7 4 272583367 12 1
8.3e-09 1.17188 1.51562 6.95232e-36 266271861 4 0 266257409 6 0
8.3e-09 1.67188 2.01562 6.95232e-36 218893648 9 0 218919518 1 0
8.3e-09 1.39062 1.85938 6.95232e-36 227398225 2 0 227475965 6 0
8.3e-09 1.39062 1.875 6.95232e-36 222175772 0 0 222159076 4 0
8.3e-09 1.60938 1.95312 6.95232e-36 251098470 22 0 251215019 27 1
8.3e-09 1.82812 2.3125 6.95232e-36 207242298 19 0 207296523 7 0
8.3e-09 1.125 1.46875 6.95232e-36 222297925 14 2 222364388 2 0
8.3e-09 1.78125 2.25 6.95232e-36 234812480 7 0 234981981 0 0
8.3e-09 1.71875 2.04688 6.95232e-36 268453492 27 6 268592471 3 1
8.3e-09 1.21875 1.70312 6.95232e-36 241784911 5 0 241712581 6 2
8.3e-09 1.60938 1.95312 6.95232e-36 250822547 14 0 250786695 5 0
8.3e-09 1.73438 2.21875 6.95232e-36 253442297 8 0 253337617 23 0
8.3e-09 1.29688 1.76562 6.95232e-36 206619547 6 1 206576035 4 0
8.3e-09 1.65625 2 6.95232e-36 223614885 38 1 223833441 3 0
8.3e-09 1.23438 1.70312 6.95232e-36 238555911 5 0 238708866 4 0
8.3e-09 1.375 1.84375 6.95232e-36 234535246 11 0 234723292 8 0
8.3e-09 1.59375 1.9375 6.95232e-36 256649070 5 0 256552743 5 0
8.3e-09 1.28125 1.76562 6.95232e-36 210794826 3 0 210708208 4 0
8.3e-09 1.71875 2.04688 6.95232e-36 268448264 0 0 268571412 18 1
8.3e-09 1.65625 2 6.95232e-36 225708177 5 0 225522172 4 0
8.3e-09 1.54688 1.89062 6.95232e-36 211900615 5 0 211853719 1 0
8.3e-09 1.85938 2.34375 6.95232e-36 256833393 8 0 256963410 0 0
8.3e-09 1.67188 2 6.95232e-36 221603353 12 2 221513358 3 0
8.3e-09 1.17188 1.5 6.95232e-36 273450759 4 0 273238488 5 0
8.3e-09 1.17188 1.51562 6.95232e-36 268497060 12 0 268637806 6 0
8.3e-09 1.32812 1.79688 6.95232e-36 256885123 5 0 256852009 7 5
8.3e-09 1.35938 1.82812 6.95232e-36 244355488 4 0 244199911 6 1
8.3e-09 1.25 1.71875 6.95232e-36 228727459 11 1 228721854 6 0
8.3e-09 1.89062 2.35938 6.95232e-36 247605266 5 0 247948855 29 1
8.3e-09 1.1875 1.51562 6.95232e-36 264456036 10 1 264590122 7 0
8.3e-09 1.15625 1.5 6.95232e-36 208641811 1 0 208735930 10 0
8.3e-09 1.15625 1.5 6.95232e-36 208184124 3 0 208238171 12 0
8.3e-09 1.28125 1.76562 6.95232e-36 211964761 7 1 211987036 11 0
8.3e-09 1.34375 1.8125 6.95232e-36 252589399 4 0 252435075 9 0
8.3e-09 1.28125 1.76562 6.95232e-36 211443441 3 0 211576372 4 0
8.3e-09 1.26562 1.73438 6.95232e-36 220224843 14 2 220067492 0 0
8.3e-09 1.26562 1.73438 6.95232e-36 221672831 20 0 221701078 14 3
8.3e-09 1.39062 1.85938 6.95232e-36 224986031 14 0 224834209 5 0
8.3e-09 1.35938 1.82812 6.95232e-36 242578155 16 8 242400616 0 0
8.3e-09 1.29688 1.78125 6.95232e-36 272478688 4 0 272482455 4 0
8.3e-09 1.26562 1.73438 6.95232e-36 220156959 3 0 220194509 21 1
8.3e-09 1.17188 1.51562 6.95232e-36 269426716 8 0 269269189 20 6
8.3e-09 1.84375 2.3125 6.95232e-36 272443380 4 0 272498946 9 0
8.3e-09 1.57812 1.92188 6.95232e-36 265717843 4 0 265554140 10 0
8.3e-09 1.3125 1.78125 6.95232e-36 265836030 6 0 265635419 37 0
8.3e-09 1.84375 2.32812 6.95232e-36 265293210 3 0 265538495 9 0
8.3e-09 1.21875 1.70312 6.95232e-36 240730401 14 0 240769707 10 1
8.3e-09 1.60938 1.9375 6.95232e-36 252593684 10 0 252637706 11 0
8.3e-09 1.23438 1.71875 6.95232e-36 234491997 15 0 234527010 4 0
8.3e-09 1.34375 1.82812 6.95232e-36 246988401 2 0 246937425 37 0
8.3e-09 1.23438 1.71875 6.95232e-36 233241686 2 0 233273100 20 0
8.3e-09 1.29688 1.78125 6.95232e-36 271873239 10 8 271942200 10 2
8.3e-09 1.1875 1.53125 6.95232e-36 261573511 9 0 261349067 9 2
8.3e-09 1.8125 2.29688 6.95232e-36 213731953 14 0 213777206 6 0
8.3e-09 1.375 1.84375 6.95232e-36 236237951 11 0 236130557 7 0
8.3e-09 1.59375 1.9375 6.95232e-36 255171897 10 0 254911808 3 3
8.3e-09 1.26562 1.73438 6.95232e-36 222510406 2 0 222597181 0 0
8.3e-09 1.875 2.34375 6.95232e-36 251254612 7 0 251083504 13 1
8.3e-09 1.57812 1.92188 6.95232e-36 265162419 5 0 265175901 3 0
8.3e-09 1.15625 1.48438 6.95232e-36 212188056 7 0 212205193 5 3
8.3e-09 1.75 2.21875 6.95232e-36 250804036 9 0 250759589 3 0
8.3e-09 1.625 1.95312 6.95232e-36 244658232 14 0 244635054 13 1
8.3e-09 1.5625 1.89062 6.95232e-36 210187733 20 0 210347427 2 0
8.3e-09 1.64062 1.96875 6.95232e-36 238153698 13 0 238317257 8 0
8.3e-09 1.15625 1.5 6.95232e-36 210510123 6 0 210581613 5 0
8.3e-09 1.125 1.46875 6.95232e-36 220542216 19 1 220540775 9 0
8.3e-09 1.39062 1.875 6.95232e-36 221703358 4 0 221847027 4 0
8.3e-09 1.79688 2.26562 6.95232e-36 225253699 8 0 225115006 10 0
8.3e-09 1.875 2.34375 6.95232e-36 256184883 3 0 256303412 4 0
8.3e-09 1.28125 1.75 6.95232e-36 215464849 6 0 215209407 10 0
8.3e-09 1.15625 1.48438 6.95232e-36 212180302 5 1 212215900 13 1
8.3e-09 1.23438 1.70312 6.95232e-36 236168624 7 0 236374998 4 0
8.3e-09 1.34375 1.82812 6.95232e-36 246389067 4 0 246478602 6 0
8.3e-09 1.54688 1.89062 6.95232e-36 216152755 8 0 215955213 2 0
8.3e-09 1.3125 1.78125 6.95232e-36 266922194 3 0 266817894 13 0
8.3e-09 1.57812 1.92188 6.95232e-36 264253131 13 0 264380889 17 0
8.3e-09 1.14062 1.48438 6.95232e-36 216281187 2 0 216431084 7 0
8.3e-09 1.34375 1.82812 6.95232e-36 246194766 18 7 245868530 13 0
8.3e-09 1.39062 1.875 6.95232e-36 223844515 23 0 223981855 2 0
8.3e-09 1.125 1.46875 6.95232e-36 220184149 5 0 220142420 3 0
8.3e-09 1.1875 1.53125 6.95232e-36 261094594 5 0 261122491 4 0
8.3e-09 1.35938 1.82812 6.95232e-36 241036466 3 0 241052093 5 0
8.3e-09 1.34375 1.82812 6.95232e-36 246779255 2 0 246690517 8 0
8.3e-09 1.65625 1.98438 6.95232e-36 230125438 12 2 230169906 18 1
8.3e-09 1.5625 1.89062 6.95232e-36 209554289 12 9 209548214 1 0
8.3e-09 1.3125 1.79688 6.95232e-36 261845504 5 0 262012739 10 0
8.3e-09 1.8125 2.29688 6.95232e-36 214884642 5 2 214952723 3 1
8.3e-09 1.17188 1.51562 6.95232e-36 267073721 3 0 266879488 8 0
8.3e-09 1.82812 2.29688 6.95232e-36 211156204 2 0 211314486 4 0
8.3e-09 1.21875 1.6875 6.95232e-36 247105708 8 0 247036898 15 0
8.3e-09 1.20312 1.67188 6.95232e-36 253323000 12 0 253463709 4 0
8.3e-09 1.6875 2.01562 6.95232e-36 215465023 9 0 215644728 4 0
8.3e-09 1.35938 1.84375 6.95232e-36 237005662 7 0 236806754 0 0
8.3e-09 1.8125 2.28125 6.95232e-36 217086498 16 3 216977465 8 0
8.3e-09 1.375 1.85938 6.95232e-36 229762246 4 0 229815747 8 6
8.3e-09 1.23438 1.71875 6.95232e-36 232296412 15 1 232479595 1 0
8.3e-09 1.71875 2.20312 6.95232e-36 260098499 7 0 260244119 20 1
8.3e-09 1.875 2.34375 6.95232e-36 252314905 13 0 252246862 12 0
8.3e-09 1.1875 1.53125 6.95232e-36 259513684 14 0 259544485 1 0
8.3e-09 1.34375 1.82812 6.95232e-36 246808250 14 0 246912169 7 0
8.3e-09 1.15625 1.5 6.95232e-36 208757285 6 0 208902214 16 0
8.3e-09 1.75 2.23438 6.95232e-36 243582676 5 0 243728012 13 0
8.3e-09 1.75 2.21875 6.95232e-36 247655883 3 0 247660528 0 0
8.3e-09 1.25 1.71875 6.95232e-36 231930894 5 0 231980714 7 0
8.3e-09 1.34375 1.82812 6.95232e-36 246815304 3 0 246755729 0 0
8.3e-09 1.20312 1.67188 6.95232e-36 251887956 7 0 252119796 3 4
8.3e-09 1.625 1.96875 6.95232e-36 239424843 6 0 239540948 2 0
8.3e-09 1.1875 1.51562 6.95232e-36 263271226 5 0 263071206 6 1
8.3e-09 1.375 1.85938 6.95232e-36 230016212 5 0 230221531 1 0
8.3e-09 1.32812 1.79688 6.95232e-36 256090950 6 0 256048347 19 0
8.3e-09 1.25 1.73438 6.95232e-36 225139836 5 0 225259808 3 0
8.3e-09 1.14062 1.48438 6.95232e-36 217227613 5 0 217183433 15 3
8.3e-09 1.67188 2.01562 6.95232e-36 217896832 22 1 217982516 6 0
8.3e-09 1.73438 2.21875 6.95232e-36 252309818 2 0 252622157 2 0
8.3e-09 1.67188 2.01562 6.95232e-36 218599815 11 0 218477064 1 0
8.3e-09 1.78125 2.25 6.95232e-36 231614450 7 0 231621284 12 0
8.3e-09 1.70312 2.04688 6.95232e-36 205919811 5 0 206019881 6 0
8.3e-09 1.79688 2.28125 6.95232e-36 221263192 9 0 221177628 11 2
8.3e-09 1.125 1.46875 6.95232e-36 220399411 3 0 220375958 0 0
8.3e-09 1.21875 1.6875 6.95232e-36 246053616 1 0 245999322 44 0
8.3e-09 1.39062 1.85938 6.95232e-36 225070901 6 0 224959754 2 0
8.3e-09 1.73438 2.20312 6.95232e-36 259630693 18 0 259598791 9 1
8.3e-09 1.32812 1.79688 6.95232e-36 257746917 3 0 257766802 7 0
8.3e-09 1.5625 1.90625 6.95232e-36 206925569 10 0 206783203 3 0
8.3e-09 1.3125 1.79688 6.95232e-36 263189274 8 0 263289406 4 6
8.3e-09 1.375 1.84375 6.95232e-36 236121357 1 0 236162847 7 0
8.3e-09 1.82812 2.29688 6.95232e-36 209039760 10 0 209022946 1 0
8.3e-09 1.5625 1.89062 6.95232e-36 209970059 3 0 210065748 6 0
8.3e-09 1.25 1.71875 6.95232e-36 228904994 14 0 228874573 6 1
8.3e-09 1.65625 1.98438 6.95232e-36 228881987 5 0 228766166 6 0
8.3e-09 1.3125 1.78125 6.95232e-36 265981075 8 1 265787899 15 0
8.3e-09 1.20312 1.67188 6.95232e-36 251710080 3 0 251632340 10 0
8.3e-09 1.29688 1.76562 6.95232e-36 205608295 3 0 205699123 17 0
8.3e-09 1.64062 1.98438 6.95232e-36 235244909 14 0 235516751 2 0
8.3e-09 1.15625 1.48438 6.95232e-36 210873255 8 0 210680234 8 2
8.3e-09 1.85938 2.34375 6.95232e-36 257201680 7 0 256891668 2 0
8.3e-09 1.21875 1.6875 6.95232e-36 247481331 11 0 247535143 4 0
8.3e-09 1.64062 1.96875 6.95232e-36 236318750 2 0 236353106 1 0
8.3e-09 1.34375 1.82812 6.95232e-36 247407248 10 0 247514094 11 2
8.3e-09 1.21875 1.70312 6.95232e-36 240826931 24 1 240652167 4 0
8.3e-09 1.34375 1.8125 6.95232e-36 251681183 10 0 251760857 8 0
8.3e-09 1.40625 1.875 6.95232e-36 220624953 4 0 220578029 5 1
8.3e-09 1.15625 1.5 6.95232e-36 208853025 11 0 208929954 1 0
8.3e-09 1.35938 1.84375 6.95232e-36 237883045 1 0 237925246 2 0
8.3e-09 1.29688 1.76562 6.95232e-36 206895169 4 0 207130138 7 0
8.3e-09 1.70312 2.03125 6.95232e-36 207271258 7 0 207402604 16 2
8.3e-09 1.25 1.71875 6.95232e-36 231449204 6 0 231256306 6 0
8.3e-09 1.17188 1.51562 6.95232e-36 268111268 7 1 267976270 11 1
8.3e-09 1.32812 1.79688 6.95232e-36 258828266 4 0 258610118 14 1
8.3e-09 1.39062 1.85938 6.95232e-36 225203234 8 0 225077523 9 1
8.3e-09 1.79688 2.26562 6.95232e-36 224410947 11 0 223901497 8 0
8.3e-09 1.75 2.23438 6.95232e-36 245943521 6 0 245814227 1 0
8.3e-09 1.59375 1.9375 6.95232e-36 259725638 12 0 259868331 5 1
8.3e-09 1.60938 1.9375 6.95232e-36 252568295 1 0 252541993 10 1
8.3e-09 1.65625 2 6.95232e-36 224712711 8 0 224479150 9 0
8.3e-09 1.23438 1.71875 6.95232e-36 232126287 15 0 232102484 29 0
8.3e-09 1.90625 2.375 6.95232e-36 236246480 4 0 236269576 1 0
8.3e-09 1.59375 1.9375 6.95232e-36 259644378 2 0 259572138 6 0
8.3e-09 1.54688 1.875 6.95232e-36 216867816 5 1 216945282 13 0
8.3e-09 1.21875 1.6875 6.95232e-36 246316463 1 0 246447243 18 0
8.3e-09 1.57812 1.92188 6.95232e-36 264500667 75 7 264244222 4 0
8.3e-09 1.1875 1.53125 6.95232e-36 261095609 22 7 261044425 20 2
8.3e-09 1.90625 2.375 6.95232e-36 237872396 8 0 237980831 3 0
8.3e-09 1.78125 2.25 6.95232e-36 231569003 3 0 231593019 5 0
8.3e-09 1.29688 1.76562 6.95232e-36 205345078 2 0 205422115 2 0
8.3e-09 1.39062 1.85938 6.95232e-36 224442913 3 0 224415756 3 0
8.3e-09 1.625 1.96875 6.95232e-36 239397602 13 0 239586815 12 0
8.3e-09 1.1875 1.53125 6.95232e-36 258826072 7 0 258834930 11 7
8.3e-09 1.85938 2.34375 6.95232e-36 258007676 40 2 257898268 1 0
8.3e-09 1.1875 1.53125 6.95232e-36 260450117 8 0 260501884 25 4
8.3e-09 1.3125 1.78125 6.95232e-36 267016790 13 0 267294068 1 2
8.3e-09 1.32812 1.79688 6.95232e-36 258378845 15 3 258353029 9 0
8.3e-09 1.20312 1.53125 6.95232e-36 256648496 18 0 256528557 9 0
8.3e-09 1.8125 2.28125 6.95232e-36 218401944 7 0 218081604 1 0
8.3e-09 1.17188 1.51562 6.95232e-36 265976664 20 2 265959954 26 0
8.3e-09 1.73438 2.20312 6.95232e-36 257986945 11 0 257807402 5 0
8.3e-09 1.20312 1.67188 6.95232e-36 252815355 13 0 252859644 23 2
8.3e-09 1.3125 1.78125 6.95232e-36 267386387 20 1 267332291 10 0
8.3e-09 1.20312 1.6875 6.95232e-36 248955184 9 0 248863279 7 0
8.3e-09 1.8125 2.28125 6.95232e-36 217132515 1 0 217089863 1 0
8.3e-09 1.14062 1.48438 6.95232e-36 214427468 8 0 214522800 10 0
8.3e-09 1.125 1.46875 6.95232e-36 220790072 6 0 220621458 22 0
8.3e-09 1.35938 1.82812 6.95232e-36 239297850 19 0 239417650 6 0
8.3e-09 1.21875 1.70312 6.95232e-36 240814453 5 0 240658814 8 0
8.3e-09 1.14062 1.48438 6.95232e-36 216600279 3 0 216596412 2 0
8.3e-09 1.89062 2.35938 6.95232e-36 246792489 16 5 247134415 11 0
8.3e-09 1.25 1.71875 6.95232e-36 227035499 4 0 227157847 11 0
8.3e-09 1.5625 1.90625 6.95232e-36 272849078 7 0 272786211 6 0
8.3e-09 1.82812 2.29688 6.95232e-36 212396409 6 0 212247615 15 0
8.3e-09 1.23438 1.71875 6.95232e-36 233498713 19 16 233474694 23 0
8.3e-09 1.17188 1.51562 6.95232e-36 266768072 5 0 266731890 3 0
8.3e-09 1.125 1.46875 6.95232e-36 221274428 7 0 221354880 40 2
8.3e-09 1.8125 2.29688 6.95232e-36 214860807 2 6 214963918 21 0
8.3e-09 1.70312 2.04688 6.95232e-36 271800273 14 0 272045192 6 0
8.3e-09 1.32812 1.8125 6.95232e-36 253855480 1 0 253915535 3 0
8.3e-09 1.25 1.71875 6.95232e-36 231998176 8 0 231845139 7 0
8.3e-09 1.15625 1.48438 6.95232e-36 211726705 5 0 211788330 9 0
8.3e-09 1.67188 2.01562 6.95232e-36 220286312 2 0 220468576 6 0
8.3e-09 1.57812 1.92188 6.95232e-36 263966158 16 0 263632649 10 0
8.3e-09 1.5625 1.90625 6.95232e-36 208944655 11 2 209049638 17 1
8.3e-09 1.39062 1.85938 6.95232e-36 226083107 12 0 226023095 7 0
8.3e-09 1.76562 2.23438 6.95232e-36 242556302 4 0 242568150 8 0
8.3e-09 1.32812 1.79688 6.95232e-36 260405157 8 0 260241696 5 0
8.3e-09 1.32812 1.79688 6.95232e-36 259332541 21 0 259556749 8 0
8.3e-09 1.32812 1.8125 6.95232e-36 254124426 9 3 254169500 9 1
8.3e-09 1.29688 1.76562 6.95232e-36 208208825 1 0 208187493 14 0
8.3e-09 1.17188 1.5 6.95232e-36 205684935 3 0 205544251 5 0
8.3e-09 1.23438 1.70312 6.95232e-36 237326736 13 2 237290759 15 0
8.3e-09 1.21875 1.6875 6.95232e-36 247344549 3 0 247378387 4 1
8.3e-09 1.79688 2.26562 6.95232e-36 224935329 30 2 225246571 5 0
8.3e-09 1.25 1.73438 6.95232e-36 226114017 1 5 226029197 7 1
8.3e-09 1.14062 1.48438 6.95232e-36 213741133 12 0 213691600 8 0
8.3e-09 1.71875 2.04688 6.95232e-36 268091813 10 0 268369167 13 1
8.3e-09 1.375 1.84375 6.95232e-36 234509151 9 0 234571797 3 0
8.3e-09 1.59375 1.9375 6.95232e-36 256500830 9 0 256273606 16 0
8.3e-09 1.625 1.96875 6.95232e-36 242676302 12 4 242506304 13 0
8.3e-09 1.5625 1.90625 6.95232e-36 273387941 12 0 273582866 5 0
8.3e-09 1.20312 1.53125 6.95232e-36 255773515 18 0 255854611 10 0
8.3e-09 1.15625 1.48438 6.95232e-36 211729929 3 0 211593949 8 2
8.3e-09 1.34375 1.8125 6.95232e-36 250953252 6 2 250802523 10 0
8.3e-09 1.84375 2.3125 6.95232e-36 272071119 11 0 272087181 10 0
8.3e-09 1.1875 1.53125 6.95232e-36 259076075 7 0 258976715 19 4
8.3e-09 1.73438 2.20312 6.95232e-36 255878098 0 0 255774657 11 0
8.3e-09 1.73438 2.20312 6.95232e-36 259921525 2 0 259806888 12 0
8.3e-09 1.60938 1.95312 6.95232e-36 248981267 12 0 248785056 0 0
8.3e-09 1.26562 1.73438 6.95232e-36 222092548 3 0 222311337 4 2
8.3e-09 1.875 2.35938 6.95232e-36 248464477 1 0 248542203 20 0
8.3e-09 1.17188 1.51562 6.95232e-36 271630798 4 0 271556211 11 1
8.3e-09 1.39062 1.875 6.95232e-36 223191711 12 0 223415026 1 0
8.3e-09 1.14062 1.48438 6.95232e-36 217428947 7 0 217394487 5 0
8.3e-09 1.54688 1.89062 6.95232e-36 213289098 1 0 213519940 4 0
8.3e-09 1.20312 1.67188 6.95232e-36 251850791 14 3 251997394 12 0
8.3e-09 1.32812 1.79688 6.95232e-36 257076788 29 0 257060298 1 0
8.3e-09 1.78125 2.25 6.95232e-36 232420588 8 0 232293314 4 0
8.3e-09 1.67188 2.01562 6.95232e-36 218881375 12 0 218958761 9 2
8.3e-09 1.17188 1.5 6.95232e-36 272412198 8 0 272478177 5 3
8.3e-09 1.34375 1.8125 6.95232e-36 251193002 19 0 251231996 5 0
8.3e-09 1.34375 1.82812 6.95232e-36 247155334 8 3 247107381 2 4
8.3e-09 1.26562 1.73438 6.95232e-36 222599087 7 0 222656390 3 0
8.3e-09 1.3125 1.78125 6.95232e-36 270591807 3 0 270661081 18 1
8.3e-09 1.64062 1.96875 6.95232e-36 236388580 5 0 236492943 2 0
8.3e-09 1.15625 1.5 6.95232e-36 206899814 5 0 206832055 3 0
8.3e-09 1.29688 1.78125 6.95232e-36 271987834 13 1 272020013 4 0
8.3e-09 1.14062 1.46875 6.95232e-36 218646546 8 0 218658412 4 0
8.3e-09 1.85938 2.32812 6.95232e-36 262983204 9 0 263073295 6 0
8.3e-09 1.40625 1.875 6.95232e-36 219859055 12 0 219887963 2 0
8.3e-09 1.625 1.95312 6.95232e-36 244925260 2 0 244837828 8 0
8.3e-09 1.25 1.71875 6.95232e-36 231391801 7 1 231466221 1 0
8.3e-09 1.1875 1.53125 6.95232e-36 261226538 22 0 261366920 13 0
8.3e-09 1.17188 1.51562 6.95232e-36 266749798 2 0 266941965 3 0
8.3e-09 1.875 2.35938 6.95232e-36 249688165 20 0 249613800 1 0
8.3e-09 1.67188 2 6.95232e-36 222163711 19 8 221920976 4 0
8.3e-09 1.28125 1.75 6.95232e-36 216775813 5 0 216853828 2 0
8.3e-09 1.3125 1.78125 6.95232e-36 270036412 6 0 270080374 4 0
8.3e-09 1.15625 1.48438 6.95232e-36 211455707 3 0 211282517 3 0
8.3e-09 1.25 1.73438 6.95232e-36 226685551 11 0 226800211 1 0
8.3e-09 1.26562 1.73438 6.95232e-36 222643493 7 2 222674102 19 0
8.3e-09 1.23438 1.70312 6.95232e-36 236241820 9 1 236397881 17 0
8.3e-09 1.76562 2.23438 6.95232e-36 242321170 5 0 242124131 4 0
8.3e-09 1.23438 1.71875 6.95232e-36 232701968 5 0 232821860 11 0
8.3e-09 1.26562 1.73438 6.95232e-36 222017400 17 1 221968386 10 0
8.3e-09 1.1875 1.53125 6.95232e-36 260193233 9 0 260201383 6 0
8.3e-09 1.375 1.84375 6.95232e-36 234300896 7 0 234201313 17 0
8.3e-09 1.28125 1.75 6.95232e-36 216984127 2 0 216947641 6 0
8.3e-09 1.29688 1.78125 6.95232e-36 272640537 18 0 272623823 5 0
8.3e-09 1.3125 1.79688 6.95232e-36 262818158 4 0 262593253 2 0
8.3e-09 1.17188 1.5 6.95232e-36 272271605 26 0 272203071 5 0
8.3e-09 1.71875 2.1875 6.95232e-36 266211542 13 0 266366011 19 1
8.3e-09 1.375 1.84375 6.95232e-36 233832778 5 0 233861294 5 0
8.3e-09 1.71875 2.1875 6.95232e-36 265573270 2 0 265486420 16 0
8.3e-09 1.5625 1.90625 6.95232e-36 273361045 5 0 273124795 17 0
8.3e-09 1.71875 2.04688 6.95232e-36 268232165 19 0 268570629 14 1
8.3e-09 1.1875 1.53125 6.95232e-36 259483907 3 2 259627345 6 0
8.3e-09 1.20312 1.6875 6.95232e-36 248484048 37 0 248417125 4 0
8.3e-09 1.78125 2.26562 6.95232e-36 228608446 19 2 228755041 7 1
8.3e-09 1.625 1.95312 6.95232e-36 245172480 14 0 245099214 6 0
8.3e-09 1.625 1.96875 6.95232e-36 240784556 27 0 240692184 9 0
8.3e-09 1.32812 1.8125 6.95232e-36 255257402 27 5 255073717 4 0
8.3e-09 1.59375 1.9375 6.95232e-36 255922752 7 0 255991956 13 0
8.3e-09 1.82812 2.29688 6.95232e-36 210568495 1 0 210559406 20 0
8.3e-09 1.85938 2.32812 6.95232e-36 262714307 2 0 262474113 6 0
8.3e-09 1.3125 1.78125 6.95232e-36 267443146 8 0 267704225 7 0
8.3e-09 1.54688 1.89062 6.95232e-36 213743932 7 0 213545394 11 0
8.3e-09 1.25 1.73438 6.95232e-36 225543963 4 0 225535611 8 0
8.3e-09 1.3125 1.78125 6.95232e-36 268065327 5 0 267974854 16 4
8.3e-09 1.76562 2.23438 6.95232e-36 239301336 13 0 239333532 20 3
8.3e-09 1.15625 1.5 6.95232e-36 207710981 8 0 207655746 4 2
8.3e-09 1.25 1.73438 6.95232e-36 226369868 4 0 226193169 14 1
8.3e-09 1.1875 1.53125 6.95232e-36 261606501 9 0 261347361 4 0
8.3e-09 1.64062 1.98438 6.95232e-36 233659199 9 0 233470057 3 0
8.3e-09 1.15625 1.5 6.95232e-36 207450718 3 0 207423405 7 0
8.3e-09 1.39062 1.875 6.95232e-36 221419018 1 0 221645678 4 0
8.3e-09 1.59375 1.9375 6.95232e-36 259678512 10 0 259783660 2 0
8.3e-09 1.375 1.85938 6.95232e-36 230260725 5 0 230173094 17 0
8.3e-09 1.21875 1.70312 6.95232e-36 242084083 16 3 241927859 0 10
8.3e-09 1.26562 1.73438 6.95232e-36 219855067 6 0 219845192 15 0
8.3e-09 1.39062 1.85938 6.95232e-36 228354517 8 0 228258231 7 0
8.3e-09 1.3125 1.78125 6.95232e-36 267799088 23 5 267509116 16 1
8.3e-09 1.25 1.71875 6.95232e-36 230241494 10 0 230357485 0 0
8.3e-09 1.8125 2.28125 6.95232e-36 217664808 3 0 217628182 2 7
8.3e-09 1.125 1.46875 6.95232e-36 220501405 1 0 220463978 12 0
8.3e-09 1.17188 1.51562 6.95232e-36 270224569 3 0 270276977 17 1
8.3e-09 1.67188 2.01562 6.95232e-36 215704277 2 0 215623319 6 3
8.3e-09 1.75 2.21875 6.95232e-36 246452939 9 1 246590082 4 0
8.3e-09 1.1875 1.53125 6.95232e-36 260175594 12 0 260266106 9 0
8.3e-09 1.14062 1.46875 6.95232e-36 218415222 1 0 218316144 2 0
8.3e-09 1.32812 1.79688 6.95232e-36 260557749 6 0 260545915 29 0
8.3e-09 1.25 1.71875 6.95232e-36 230613474 4 0 230615898 4 0
8.3e-09 1.14062 1.48438 6.95232e-36 212866339 11 2 212857363 6 0
8.3e-09 1.35938 1.84375 6.95232e-36 239186860 5 0 239265341 15 0
8.3e-09 1.29688 1.76562 6.95232e-36 207266286 2 0 207288075 4 0
8.3e-09 1.28125 1.75 6.95232e-36 216608561 25 3 216706950 10 0
8.3e-09 1.82812 2.3125 6.95232e-36 207893978 5 0 207931735 8 0
8.3e-09 1.90625 2.375 6.95232e-36 236921242 10 0 236696626 2 0
8.3e-09 1.73438 2.20312 6.95232e-36 256003076 2 0 256188699 3 0
8.3e-09 1.70312 2.04688 6.95232e-36 269967122 23 5 269908612 2 0
8.3e-09 1.29688 1.76562 6.95232e-36 207718139 2 0 207722934 15 0
8.3e-09 1.57812 1.92188 6.95232e-36 266886374 9 0 266907094 14 0
8.3e-09 1.23438 1.70312 6.95232e-36 235349723 12 0 235247440 6 0
8.3e-09 1.90625 2.375 6.95232e-36 239912069 6 0 239957578 5 3
8.3e-09 1.20312 1.6875 6.95232e-36 249710843 4 0 249784110 27 1
8.3e-09 1.25 1.73438 6.95232e-36 225974822 10 0 225899652 23 0
8.3e-09 1.32812 1.79688 6.95232e-36 259115080 14 0 259243211 4 0
8.3e-09 1.70312 2.04688 6.95232e-36 206150019 6 0 206059925 1 0
8.3e-09 1.39062 1.85938 6.95232e-36 224799730 6 0 224632798 14 0
8.3e-09 1.35938 1.84375 6.95232e-36 237291455 6 0 237228087 9 0
8.3e-09 1.32812 1.8125 6.95232e-36 254624779 3 0 254724712 3 1
8.3e-09 1.89062 2.35938 6.95232e-36 247266960 6 0 247219344 17 0
8.3e-09 1.23438 1.71875 6.95232e-36 232727974 18 1 233022107 3 1
8.3e-09 1.6875 2.03125 6.95232e-36 209832988 7 0 209911735 6 0
8.3e-09 1.34375 1.8125 6.95232e-36 250984579 2 0 250902486 8 0
8.3e-09 1.20312 1.67188 6.95232e-36 252682142 13 2 252508928 3 0
8.3e-09 1.15625 1.5 6.95232e-36 208204825 1 0 208158418 3 0
8.3e-09 1.20312 1.6875 6.95232e-36 249065191 27 0 248948070 4 0
8.3e-09 1.40625 1.875 6.95232e-36 221299834 2 0 221211521 6 0
8.3e-09 1.29688 1.78125 6.95232e-36 272851257 13 1 272815194 10 0
8.3e-09 1.15625 1.48438 6.95232e-36 212161514 6 0 212092539 8 0
8.3e-09 1.71875 2.04688 6.95232e-36 267819699 2 0 267579092 9 0
8.3e-09 1.60938 1.95312 6.95232e-36 251061748 7 1 251011013 8 1
8.3e-09 1.35938 1.82812 6.95232e-36 240834737 13 4 241171408 17 0
8.3e-09 1.25 1.71875 6.95232e-36 228130783 2 0 228184864 2 0
8.3e-09 1.82812 2.29688 6.95232e-36 209548582 2 0 209782701 2 0
8.3e-09 1.84375 2.3125 6.95232e-36 270099958 3 0 269866828 27 2
8.3e-09 1.625 1.96875 6.95232e-36 243346407 2 0 243301497 2 0
8.3e-09 1.59375 1.9375 6.95232e-36 261000910 6 0 261158232 9 0
8.3e-09 1.5625 1.89062 6.95232e-36 209956080 15 0 209790533 4 0
8.3e-09 1.65625 1.98438 6.95232e-36 229995887 17 1 229966333 8 3
8.3e-09 1.34375 1.8125 6.95232e-36 249882401 3 0 249984481 9 0
8.3e-09 1.54688 1.89062 6.95232e-36 211616077 8 0 211558150 22 1
8.3e-09 1.28125 1.75 6.95232e-36 214819203 8 0 214734733 3 0
8.3e-09 1.64062 1.98438 6.95232e-36 234259322 10 0 234341656 15 0
8.3e-09 1.67188 2 6.95232e-36 222755996 13 0 222756258 1 0
8.3e-09 1.6875 2.01562 6.95232e-36 213643897 11 1 213816254 30 0
8.3e-09 1.59375 1.9375 6.95232e-36 258345896 17 0 258377457 3 0
8.3e-09 1.34375 1.8125 6.95232e-36 248519497 4 0 248420588 1 0
8.3e-09 1.20312 1.67188 6.95232e-36 253949101 4 0 253987754 12 1
8.3e-09 1.34375 1.8125 6.95232e-36 252103228 0 0 251957123 15 0
8.3e-09 1.70312 2.04688 6.95232e-36 270945136 5 0 270755959 1 0
8.3e-09 1.1875 1.53125 6.95232e-36 258587239 6 0 258804359 12 0
8.3e-09 1.78125 2.25 6.95232e-36 232699426 3 0 232707905 1 0
8.3e-09 1.82812 2.29688 6.95232e-36 210983566 13 0 211119533 12 0
8.3e-09 1.29688 1.76562 6.95232e-36 207596709 15 0 207567382 9 0
8.3e-09 1.17188 1.5 6.95232e-36 205799111 2 0 205736311 0 0
8.3e-09 1.23438 1.71875 6.95232e-36 234592459 1 0 234664229 6 0
8.3e-09 1.85938 2.32812 6.95232e-36 260043386 9 0 260072567 13 3
8.3e-09 1.15625 1.5 6.95232e-36 210079560 9 0 209993437 8 0
8.3e-09 1.25 1.71875 6.95232e-36 228008315 0 0 227852543 4 0
8.3e-09 1.1875 1.51562 6.95232e-36 263714467 13 0 263692637 24 0
8.3e-09 1.20312 1.67188 6.95232e-36 252570256 1 0 252482014 1 0
8.3e-09 1.57812 1.92188 6.95232e-36 267421741 22 0 267211245 27 0
8.3e-09 1.23438 1.70312 6.95232e-36 234965228 2 0 235012991 3 4
8.3e-09 1.35938 1.82812 6.95232e-36 243162602 53 3 243003595 15 1
8.3e-09 1.57812 1.92188 6.95232e-36 265608623 4 2 265607998 15 0
8.3e-09 1.75 2.21875 6.95232e-36 246461747 27 1 246676572 28 0
8.3e-09 1.29688 1.76562 6.95232e-36 207137656 14 1 207131868 11 1
8.3e-09 1.76562 2.23438 6.95232e-36 242051198 7 0 242231553 8 0
8.3e-09 1.54688 1.89062 6.95232e-36 214087344 2 0 214265319 11 0
8.3e-09 1.21875 1.70312 6.95232e-36 242551952 11 0 242572283 13 0
8.3e-09 1.375 1.84375 6.95232e-36 236638586 5 0 236541953 7 0
8.3e-09 1.59375 1.9375 6.95232e-36 258657317 6 4 258770810 12 0
8.3e-09 1.23438 1.70312 6.95232e-36 238224080 8 0 238204451 4 0
8.3e-09 1.625 1.95312 6.95232e-36 244339718 12 0 244244039 11 0
8.3e-09 1.59375 1.92188 6.95232e-36 261836548 16 0 261776602 6 0
8.3e-09 1.23438 1.71875 6.95232e-36 232897166 9 0 232858969 0 0
8.3e-09 1.21875 1.70312 6.95232e-36 241264463 4 1 241285970 27 0
8.3e-09 1.125 1.46875 6.95232e-36 221869967 10 6 222040692 12 0
8.3e-09 1.73438 2.21875 6.95232e-36 252376779 7 0 252336908 9 0
8.3e-09 1.35938 1.84375 6.95232e-36 237903253 10 0 237857414 0 0
8.3e-09 1.34375 1.8125 6.95232e-36 248296856 7 2 248328924 2 0
8.3e-09 1.29688 1.76562 6.95232e-36 206634051 13 0 206633218 3 0
8.3e-09 1.67188 2.01562 6.95232e-36 219961976 5 0 219928661 2 0
8.3e-09 1.75 2.23438 6.95232e-36 245812201 8 0 245661089 3 0
8.3e-09 1.26562 1.75 6.95232e-36 219087030 10 0 219076734 0 0
8.3e-09 1.54688 1.875 6.95232e-36 217676699 10 0 217604939 3 0
8.3e-09 1.20312 1.67188 6.95232e-36 251056894 4 0 250944976 4 0
8.3e-09 1.6875 2.03125 6.95232e-36 210099228 4 0 210274718 7 0
8.3e-09 1.20312 1.6875 6.95232e-36 249607018 4 0 249646343 5 0
8.3e-09 1.70312 2.03125 6.95232e-36 208443192 1 0 208474664 5 0
8.3e-09 1.625 1.96875 6.95232e-36 241424568 3 0 241162334 5 2
8.3e-09 1.39062 1.85938 6.95232e-36 224195683 15 0 224300348 4 0
8.3e-09 1.25 1.71875 6.95232e-36 227231402 4 0 227183433 7 0
8.3e-09 1.28125 1.75 6.95232e-36 213196160 2 0 213374515 2 0
8.3e-09 1.64062 1.96875 6.95232e-36 237736859 9 0 237690735 3 0
8.3e-09 1.39062 1.875 6.95232e-36 223287342 1 5 223270782 12 0
8.3e-09 1.875 2.35938 6.95232e-36 248867141 15 1 249317510 1 0
8.3e-09 1.875 2.34375 6.95232e-36 255755965 0 0 255800862 3 0
8.3e-09 1.29688 1.76562 6.95232e-36 208823704 6 1 208713079 2 0
8.3e-09 1.70312 2.03125 6.95232e-36 207001188 0 0 206987444 5 0
8.3e-09 1.32812 1.8125 6.95232e-36 254705286 10 0 254836638 7 0
