8.3e-09 18.6562 2.03125 8.09375 3 510524 295604487 4 0 11
8.3e-09 19.0625 2.32812 8.21875 3 7 38 5 1793553 372943486
8.3e-09 17.1094 1.95312 8.10938 0 23 3425 0 410248 342573562
8.3e-09 18.2969 2.21875 8.10938 0 1657951 357909277 0 0 0
8.3e-09 18.5 2.5 8.03125 0 1690669 297422859 1 0 0
8.3e-09 22.2188 1.95312 8.10938 293 4893015 216099611 320 622013 90753245
8.3e-09 19.375 1.85938 8.28125 2 184959 170392838 0 845675 126779123
8.3e-09 20.6719 1.89062 8.10938 45 5655433 254925288 39 1117891 49732487
8.3e-09 infty 2 8.10938 2787 0 0 2776 115 19
8.3e-09 16.8281 1.875 8.34375 0 408513 130277197 0 847763 181652484
8.3e-09 21.9219 1.875 7.85938 196 420982 63224596 194 5482556 249878140
8.3e-09 19.3594 2.25 8.10938 3 1644 127791 6 1220486 334515634
8.3e-09 18.5625 2 8.10938 1 148175 294622121 4 661706 64554987
8.3e-09 infty 2.21875 8.10938 3095 50728 194079 3163 169402 11747825
8.3e-09 16.9219 2.32812 8.34375 0 0 0 0 157051 392639875
8.3e-09 19.125 2.29688 8.10938 4 751302 273005797 1 178740 29837340
8.3e-09 21 1.90625 8.10938 64 3278429 290296786 55 253879 4810398
8.3e-09 15.9531 1.84375 8.10938 0 6886 312705224 0 112 2391
8.3e-09 19.8125 2.3125 8.10938 9 4481699 330647370 7 712 10869
8.3e-09 20.4844 1.82812 8.10938 37 140956 6994202 49 157449 296609144
8.3e-09 17.6875 2.82812 8.10938 0 1117827 299124266 1 174 40623
8.3e-09 20.9219 1.82812 8.10938 44 2761317 118322064 33 1290749 172569529
8.3e-09 20.0625 2.3125 8.1875 17 146441 3924878 14 2632754 337307363
8.3e-09 20.9219 1.95312 8.10938 42 18276 164039 51 4227359 302934922
8.3e-09 19.0625 1.96875 8.10938 4 175 891 2 730586 377598751
8.3e-09 19.5781 2.5 8.03125 4 0 16 2 2418027 309579807
8.3e-09 infty 2 8.10938 2674 4784 84712 2721 282 1447
8.3e-09 16.9531 1.8125 8.10938 0 168574 78037418 0 459 227975294
8.3e-09 16.3281 2.04688 8.10938 0 103415 235217640 0 190873 91012816
8.3e-09 17.0312 2.35938 8.10938 0 414879 291175590 1 62647 86618276
8.3e-09 19.2031 1.82812 8.10938 2 943127 345723767 4 94420 8202504
8.3e-09 19.2656 1.85938 8.25 2 1117 74520 0 2857597 382584891
8.3e-09 17.7656 1.875 8.32812 0 930967 345944457 0 21 1267
8.3e-09 infty 2.75 8.10938 2855 0 0 2858 79280 1784444
8.3e-09 19.6562 1.85938 8.10938 6 246 12252 7 351823 326559830
8.3e-09 17.6094 2.76562 8.10938 0 840546 292978754 0 89153 36676050
8.3e-09 22.5938 1.85938 8.1875 464 3740860 345415072 459 16192 540009
8.3e-09 17.9844 1.875 7.95312 1 777374 296213917 0 29 65
8.3e-09 20.5469 2.40625 8.10938 30 168055 22138933 19 1567960 326119846
8.3e-09 15.8125 1.92188 8.10938 0 116049 301816170 0 25114 8700317
8.3e-09 17.5469 2.04688 8.10938 0 1248829 358381152 0 1442 50593
8.3e-09 19.3594 2.25 8.10938 9 0 0 6 1267727 355301424
8.3e-09 infty 2.4375 8.10938 2977 1528491 35514435 2930 3094456 169830700
8.3e-09 16.9531 2.39062 8.10938 0 57 360908535 0 41726 19712939
8.3e-09 19.0156 2.26562 8.10938 3 2269255 370651667 2 60326 11760404
8.3e-09 19.0938 1.96875 8.10938 1 1959131 296179144 4 91887 6335586
8.3e-09 15.5156 2.25 8.10938 0 0 0 0 147501 323362598
8.3e-09 17.8281 2.32812 7.875 0 357547 366953698 1 112344 11927446
8.3e-09 18.9062 1.92188 8.10938 0 732353 300365305 1 18172 790723
8.3e-09 17.0938 2.75 8.10938 0 0 0 1 1165097 330907134
8.3e-09 20.2188 1.85938 8.20312 19 5887 1166931 25 4054326 347772308
8.3e-09 19.9688 1.8125 8.10938 10 3713229 331944815 8 0 0
8.3e-09 19.5625 2.42188 8.10938 9 2832930 383743468 10 0 0
8.3e-09 16.8906 2.21875 8.10938 2 0 0 0 96215 388227368
8.3e-09 16.0312 1.84375 8.10938 0 12243 1569125 0 353378 333919526
8.3e-09 18.0469 2 8.10938 0 61 505 1 637282 350028410
8.3e-09 17.75 2.79688 7.90625 0 258837 326333893 1 935 7100
8.3e-09 17.125 2.21875 8.10938 0 72473 331268306 0 489655 49218612
8.3e-09 16.8594 1.9375 8.10938 0 0 0 0 212247 336401311
8.3e-09 21.4531 2.375 8.10938 103 1821050 360877784 111 96116 1070109
8.3e-09 20.1562 2 8.10938 9 9245 350931 7 3679853 298357267
8.3e-09 20.0469 1.82812 8.10938 5 3116242 388748325 10 0 0
8.3e-09 19.2969 1.9375 8.10938 2 2378920 357127625 3 8 807
8.3e-09 20.6406 1.85938 8.125 28 1744905 97148459 37 3347740 254799574
8.3e-09 18.9688 1.8125 8.10938 3 67631 6235676 0 1790661 315603167
8.3e-09 18.4688 1.92188 8.10938 1 1183521 354429071 2 26631 1147679
8.3e-09 21.3906 2.42188 8.10938 133 0 0 110 816939 367439200
8.3e-09 20.6719 2.23438 8.10938 34 6643853 351490426 46 0 0
8.3e-09 18.3906 1.9375 8.10938 0 144408 312753222 3 66 10929
8.3e-09 19.6875 1.82812 8.10938 10 1887567 318269722 6 0 0
8.3e-09 17.625 1.98438 8.10938 0 57996 4281269 0 860966 343846292
8.3e-09 20.6875 1.84375 8.10938 48 4671849 322720930 41 0 0
8.3e-09 23.1875 1.90625 8.10938 1096 79549 6568978 1085 6242541 284971777
8.3e-09 19.8906 2.01562 8.32812 16 345276 105475739 13 3517098 266297840
8.3e-09 infty 2.23438 8.10938 3139 0 0 3196 0 0
8.3e-09 21.5625 2.23438 8.10938 123 73 74 129 9727006 356942856
8.3e-09 20.1406 2.51562 8.10938 5 6471195 375774338 6 9038 203855
8.3e-09 18.5312 1.875 8 0 0 0 1 67890 356777405
8.3e-09 infty 2.28125 8.10938 2791 0 0 2895 0 0
8.3e-09 21.5781 2.40625 8.10938 135 2134228 197293027 130 2551917 128478161
8.3e-09 14.6094 2.26562 8.10938 0 154 8248 0 275408 391008903
8.3e-09 20.1406 2 8.10938 10 0 167535 25 1578043 349699360
8.3e-09 15.4062 2.04688 8.10938 0 1500 148887 0 143427 305565481
8.3e-09 19.6406 1.84375 8.10938 5 2033 23036 7 5041828 342579063
8.3e-09 15.375 1.8125 8.10938 0 0 0 0 94393 335821065
8.3e-09 21.6562 1.98438 8.10938 94 5588856 180277834 82 4091860 160234291
8.3e-09 18.9531 2.78125 8.3125 2 1592613 349212504 1 0 0
8.3e-09 15.2656 1.875 8.04688 0 47466 316014537 0 2 8
8.3e-09 17.0781 2.54688 8.10938 0 8786 189333899 0 470101 189131744
8.3e-09 20.5781 2.25 8.10938 25 0 0 25 5493528 311915684
8.3e-09 19.5625 1.875 8.04688 5 0 0 3 2536178 317409806
8.3e-09 20.7188 2.42188 8.10938 30 2351810 236414231 30 659879 64221365
8.3e-09 20.7344 2.3125 8.14062 29 2825396 259591100 35 175019 42675244
8.3e-09 18.8281 1.85938 8.21875 0 0 3 1 3271793 311191496
8.3e-09 infty 2.29688 8.10938 2754 3723250 217951448 2851 0 0
8.3e-09 20.625 1.95312 8.10938 26 3288919 205391002 22 2916652 171047448
8.3e-09 21.7656 2.26562 8.10938 217 2889251 281785444 220 2998206 64115729
8.3e-09 19.3281 2.46875 8.15625 3 0 0 5 2103704 371733329
8.3e-09 17.5156 1.89062 8.10938 0 1190469 317098167 0 13 1238
8.3e-09 17.9844 1.875 7.85938 2 29165 1255544 1 336257 357664232
8.3e-09 17.6719 1.96875 8.10938 0 135302 331724907 0 0 0
8.3e-09 19.0312 1.90625 8.10938 1 1141719 305794591 2 135323 44460611
8.3e-09 18.0312 2.46875 8.10938 0 626954 354001026 0 0 0
8.3e-09 18.9531 1.92188 8.10938 4 17031 333893364 2 180299 14497426
8.3e-09 18.7188 1.8125 8.10938 0 1573434 295061134 1 29841 62616158
8.3e-09 23.8125 2.32812 7.90625 1956 1 24 1890 166238 283780065
8.3e-09 16.625 1.82812 8.10938 0 956061 381647665 1 739 84124
8.3e-09 18.6406 1.89062 8.10938 4 175411 17586588 0 1275665 298624477
8.3e-09 22.6406 2.28125 8.10938 549 2336404 287123253 501 0 0
8.3e-09 23.1406 1.92188 8.10938 996 5585455 318180595 1029 0 0
8.3e-09 23.3594 2.28125 8.10938 1273 305404 6097531 1246 2451400 283149191
8.3e-09 21.7344 2.23438 8.10938 181 161103 1374784 196 8932666 328523616
8.3e-09 21.6562 1.98438 8.10938 110 1149090 315065001 106 0 0
8.3e-09 21.2812 2.03125 7.98438 60 2395488 286728773 57 195294 6798578
8.3e-09 20.6719 1.96875 8.10938 51 922392 194934567 52 1680423 156363266
8.3e-09 21.4688 1.92188 8.10938 110 2040682 345518267 85 75426 5866799
8.3e-09 22.5 1.96875 8.10938 371 987153 118703510 384 6081308 217898068
8.3e-09 19.0781 2.21875 8.10938 4 594999 75569186 7 975265 314853730
8.3e-09 20.0625 1.84375 8.10938 12 555437 40829729 18 428516 264027799
8.3e-09 19.2656 1.89062 8.10938 5 66671 3139904 3 795886 334735931
8.3e-09 17.4844 2.42188 8.10938 0 5368 460789 1 270406 333958975
8.3e-09 18.9531 1.8125 8.10938 2 158350 8596251 0 3612176 327683618
8.3e-09 19.8906 1.90625 8.10938 17 0 0 7 2778236 340103754
8.3e-09 17.8281 2.01562 8.28125 0 1714497 345055829 0 41049 7911272
8.3e-09 16.5781 1.90625 8.10938 0 59884 330874083 0 4135 143363
8.3e-09 infty 2 8.10938 2724 0 0 2725 325201 3020726
8.3e-09 17.6875 2.79688 7.85938 0 1432 52211 0 1483944 299690342
8.3e-09 21.7812 2.28125 8.10938 107 826456 9769592 117 8117180 342376195
8.3e-09 20.6562 2.04688 8.10938 64 15 1951 57 181895 309247623
8.3e-09 22.2812 1.9375 8.10938 296 179354 1615847 296 6287779 317068058
8.3e-09 21.1562 2.4375 8.10938 63 175 328 95 1036138 304579176
8.3e-09 20.5469 2.73438 8.10938 21 2641938 371842419 31 43087 1951546
8.3e-09 21.6562 2 8.10938 104 5810435 357119302 106 5522 23309
8.3e-09 19.5938 1.85938 8.20312 10 499131 248335553 7 281133 90648983
8.3e-09 17.2969 2.39062 8.10938 1 47593 297694561 0 167521 21599685
8.3e-09 18.9531 2.26562 8.10938 1 947472 349833302 1 3424 128667
8.3e-09 17.6719 2.26562 8.10938 0 21816 14901390 0 193526 372765615
8.3e-09 21.6719 2.32812 7.90625 121 5565079 326242874 115 1 0
8.3e-09 20.7812 1.92188 8.10938 21 4251189 352800727 34 109211 5037915
8.3e-09 20.5 2.40625 8.10938 23 2823 82532 33 3196641 345878799
8.3e-09 16.9062 2.32812 8.3125 0 94648 17596613 0 406749 338703242
8.3e-09 20.4219 2.32812 8.29688 19 516 1938 14 1207391 340880958
8.3e-09 infty 2.5625 8.10938 2996 0 0 2982 0 0
8.3e-09 infty 1.9375 8.10938 3074 0 0 3214 35996 45069
8.3e-09 19.5469 2.25 8.10938 7 1622357 303954625 7 0 3
8.3e-09 23.0625 1.82812 8.10938 929 8 3 899 2595158 329609381
8.3e-09 18.5312 1.85938 8.10938 0 1192763 274231589 1 375954 53007470
8.3e-09 20.1094 2.01562 8.1875 6 2752567 331893073 6 346850 33957883
8.3e-09 infty 1.85938 8.23438 2642 187162 1459859 2606 107563 16359347
8.3e-09 infty 2.79688 8 3427 0 0 3542 0 0
8.3e-09 20.0781 1.84375 8.10938 15 1199012 356384984 16 959 238889
8.3e-09 18.1562 2.84375 8.10938 1 3034 688763 1 1128571 356990400
8.3e-09 18.5 1.89062 8.10938 1 0 0 3 1559960 354268529
8.3e-09 21.6719 2.20312 8.10938 117 951626 314723251 132 0 0
8.3e-09 20.125 2.73438 8.10938 13 0 0 6 3654810 324821549
8.3e-09 18.8594 1.875 7.98438 1 38194 8400147 2 1401070 380854623
8.3e-09 23.3281 2.21875 8.10938 1407 10939926 342663694 1480 0 0
8.3e-09 20.1094 2.48438 8 26 121823 76893749 19 1452202 282468287
8.3e-09 20.5156 1.98438 8.10938 22 0 0 30 1481199 347944480
8.3e-09 18.8906 2.01562 8.35938 0 161 1101 0 2260824 312718298
8.3e-09 19.1719 2 8.10938 4 2333959 160896148 5 2063962 189355818
8.3e-09 21.2188 1.84375 8.10938 112 1589849 362060505 103 0 0
8.3e-09 infty 1.875 7.92188 3547 105034 58842893 3472 3622 41184
8.3e-09 19.7344 2.78125 8.3125 12 921609 297407704 13 145482 77277961
8.3e-09 16.6562 2.71875 8.10938 1 2452 117792 0 104524 357809958
8.3e-09 19.0781 2 8.10938 2 2973912 330734900 2 51313 10582545
8.3e-09 17.2188 1.95312 8.10938 0 10 30 0 532430 326559485
8.3e-09 18 1.84375 8.10938 2 10509 810995 0 1541645 338316700
8.3e-09 19.1094 2 8.10938 4 1300376 129346571 2 3118126 237451530
8.3e-09 16.5156 2.34375 8.10938 1 2263 172893 0 453810 380391637
8.3e-09 16.9844 2.23438 8.10938 0 591513 311287325 0 25065 3232521
8.3e-09 18 2.82812 8.10938 0 1444377 334982557 1 10 36
8.3e-09 22.7031 2.54688 8.10938 673 7086692 350994371 730 255287 3718818
8.3e-09 16.4219 2.40625 8.10938 0 174375 154857239 0 52599 173567705
8.3e-09 19.125 2 8.10938 2 2446314 354792466 4 157943 4869357
8.3e-09 21 2.4375 8.10938 21 4137452 338511851 28 0 0
8.3e-09 18.0156 1.90625 8.10938 1 2333788 378760632 0 33609 1831009
8.3e-09 19.1719 1.95312 8.10938 1 1389818 308751370 1 51610 1875272
8.3e-09 16.4062 2.21875 8.10938 0 302 19484 0 108608 375653336
8.3e-09 22.0469 2.76562 8.10938 215 0 0 210 910342 367171247
8.3e-09 16.8438 2.03125 7.89062 0 115063 25578439 0 669478 302056139
8.3e-09 20.1562 2.26562 8.10938 10 20733 59818458 15 2429763 245254407
8.3e-09 23 2.28125 8.10938 705 1345175 309249018 674 6 748
8.3e-09 17.9531 2 8.10938 0 10538 332530 0 59816 308923612
8.3e-09 21.7812 2.21875 8.10938 116 396171 54795359 132 3037568 267228235
8.3e-09 21.5781 2.29688 8.10938 100 3667984 187360699 84 2420296 140468612
8.3e-09 20.5156 2.40625 8.10938 26 324172 104716727 17 1435953 196174033
8.3e-09 15.7969 2.51562 8.10938 0 2308 345567 0 0 364011617
8.3e-09 17.6875 2.28125 8.10938 0 53669 6153518 1 687299 295430305
8.3e-09 15.375 1.82812 8.10938 0 3 26 0 18326 336379293
8.3e-09 20.0469 1.95312 8.10938 12 2893685 381841091 14 11346 105190
8.3e-09 infty 2.4375 8.10938 2849 327087 6601889 3005 417035 99516761
8.3e-09 18.8594 2.23438 8.10938 1 835930 290422943 0 25000 3274057
8.3e-09 18.9688 1.95312 8.10938 4 599247 50822887 1 954726 283148421
8.3e-09 16.4531 2.46875 8.23438 0 3 92 0 123458 337725786
8.3e-09 19.5781 1.9375 8.10938 6 0 0 7 1885293 302610807
8.3e-09 19.9688 1.84375 8.10938 14 0 0 12 3479366 338258945
8.3e-09 18.0469 1.82812 8.10938 0 137873 294976042 0 309649 48675216
8.3e-09 18.7188 1.89062 8.10938 5 346730 309209371 4 128247 44944644
8.3e-09 23.4219 2.01562 8.29688 1504 0 0 1401 3914049 348494451
8.3e-09 14.5 2.3125 8.10938 0 15277 380606513 0 8 744
8.3e-09 19.6562 2 8.10938 11 2681214 264774657 11 1010301 50004644
8.3e-09 infty 2.39062 8.10938 3251 1239156 15462245 3203 109193 2907050
8.3e-09 19.2188 1.82812 8.10938 0 1452339 239744805 1 509463 77082739
8.3e-09 18.4844 1.9375 8.10938 0 916340 204783028 2 674387 102538837
8.3e-09 16.8594 2.82812 8.10938 0 179535 307186929 0 2551 491231
8.3e-09 21.7344 2.25 8.10938 173 1622912 97162684 186 1651263 254267005
8.3e-09 infty 2 8.10938 2730 12 4 2781 0 0
8.3e-09 17.6562 1.92188 8.10938 0 0 2 1 463781 321333364
8.3e-09 infty 1.85938 8.15625 2727 0 0 2760 400229 6529483
8.3e-09 infty 1.95312 8.10938 3010 1458 1323 2986 0 0
8.3e-09 16.4062 2.35938 8.10938 0 241632 365515233 0 2532 652722
8.3e-09 infty 2.34375 8.10938 3449 0 0 3455 0 0
8.3e-09 16.6094 2.23438 8.10938 0 40 866 0 341662 391642391
8.3e-09 20.2031 2.35938 8.10938 15 47103 1663245 12 3274713 368061547
8.3e-09 17.4219 1.89062 8.10938 0 599363 137375011 0 931122 233999487
8.3e-09 infty 1.82812 8.10938 2818 1121464 21837724 2845 2840657 23349816
8.3e-09 18.5156 2.23438 8.10938 0 503244 161442966 0 860269 183297057
8.3e-09 23.7031 2.04688 8.10938 1882 11963512 294932558 1867 262693 4227202
8.3e-09 19.1406 2.73438 8.10938 5 6461 378570291 10 34750 2507283
8.3e-09 23.0938 1.98438 8.10938 892 141786 2004479 906 262290 285631064
8.3e-09 18.5 2.34375 8.0625 1 471211 349447432 1 0 0
8.3e-09 18.7031 2.26562 8.10938 0 1736314 310428650 0 678 20722
8.3e-09 20.2031 2.23438 8.10938 19 380191 33032120 30 2752663 278402242
8.3e-09 18.4844 1.82812 8.10938 1 45 405 0 2485998 301929088
8.3e-09 18.3594 2.46875 8.125 0 275204 336076203 0 5579 163350
8.3e-09 19.2344 1.95312 8.10938 2 2377985 388832316 5 33397 1313267
8.3e-09 infty 2.35938 8.10938 3424 0 0 3414 0 0
8.3e-09 16.1562 1.90625 8.10938 0 0 350836777 0 2888 956036
8.3e-09 20.1406 2.51562 8.10938 18 447794 23075010 11 1732823 288689288
8.3e-09 19.3438 1.82812 8.10938 0 1459546 357719745 5 0 0
8.3e-09 infty 2 8.10938 2693 0 0 2735 0 0
8.3e-09 20.5781 2.45312 8.10938 29 2826231 298264838 30 0 0
8.3e-09 19.7031 2.42188 8.10938 1 2630261 273070572 12 526169 72118695
8.3e-09 22.8438 2.45312 8.10938 622 7956133 344969292 666 55942 1715132
8.3e-09 18.75 2.23438 8.10938 1 1104709 132629874 2 2405801 189489738
8.3e-09 20.5469 2.23438 8.10938 27 152126 3522456 36 2197753 338618739
8.3e-09 19.0625 1.8125 8.10938 1 1848735 358821610 2 1565 19189
8.3e-09 20.3125 1.96875 8.10938 18 3737731 367236407 4 24 80
8.3e-09 infty 2.84375 8.10938 3155 0 0 3137 79217 856214
8.3e-09 18.0781 2.42188 8.10938 0 0 0 1 1371092 343900213
8.3e-09 17.0469 1.82812 8.10938 0 408219 369206925 0 97893 12525115
8.3e-09 infty 1.9375 8.10938 3068 0 0 3096 804017 240732364
8.3e-09 21.2188 2.375 8.10938 75 1910516 297500624 56 2471 7248
8.3e-09 18.4844 1.92188 8.10938 1 203502 30236531 0 1466888 292762244
8.3e-09 20.4844 2.54688 8.10938 24 2040989 327338798 21 0 0
8.3e-09 18.4688 2.04688 8.10938 0 1013835 91265086 3 151530 233912397
8.3e-09 17.0312 2.51562 8.10938 0 50212 6164361 0 381699 371516356
8.3e-09 19.1719 2.25 8.10938 4 694518 307515181 2 480 249313
8.3e-09 19.2031 2.78125 8.26562 1 1413541 367639223 1 17275 10034253
8.3e-09 17.7031 2.01562 8.17188 1 2527 363025239 0 113652 6316389
8.3e-09 19.8281 2.48438 7.92188 9 42620 1767690 8 1134797 331220743
8.3e-09 18.6875 2.46875 8.25 1 0 0 2 663257 305445364
8.3e-09 19.1719 1.92188 8.10938 5 32739 5797450 2 356311 368894426
8.3e-09 18.0469 2.01562 8.25 1 632629 151855223 0 1678437 209975875
8.3e-09 20.7656 1.82812 8.10938 38 232255 16587935 47 3005250 352747802
8.3e-09 18.9062 2.5625 8.10938 2 342428 321655493 1 0 0
8.3e-09 18.6094 1.85938 8.26562 2 1666274 297089202 2 0 30
8.3e-09 17.6562 1.98438 8.10938 0 182597 224010588 0 136247 82645021
8.3e-09 17 1.875 7.92188 0 478885 317729775 0 1530 94195
8.3e-09 18.0938 1.95312 8.10938 2 36089 1153520 1 209432 298985440
8.3e-09 18.7656 2.29688 8.10938 0 269297 24894371 2 1152039 275965031
8.3e-09 21.1719 2.73438 8.10938 62 5808231 339017258 80 20 1
8.3e-09 17.5156 2.04688 8.10938 0 86221 317778062 0 23997 12064183
8.3e-09 infty 1.84375 8.10938 2800 0 0 2752 1249 934
8.3e-09 19.4688 2.26562 8.10938 0 0 0 4 1492770 295472496
8.3e-09 17.0781 2.34375 8.10938 0 9472 881301 0 40962 367888944
8.3e-09 16.9219 2.45312 8.10938 0 806731 321083747 0 2 133
8.3e-09 16.8281 2.39062 8.10938 0 0 0 0 119736 362170539
8.3e-09 20.3125 2.20312 8.10938 27 1694264 104725704 21 3640138 187500897
8.3e-09 22.5938 2.32812 8.21875 336 12374726 291894012 381 420111 5319568
8.3e-09 18.7188 2.04688 8.10938 2 1769476 317174628 0 1853 716803
8.3e-09 22.7031 2.34375 8.10938 626 0 0 606 3080726 357178657
8.3e-09 20.5625 2.42188 8.10938 37 94916 5057171 31 611540 358449361
8.3e-09 17.6719 2.01562 8.15625 0 452452 330069319 0 4399 350458
8.3e-09 24.1562 2.01562 8.20312 2641 10675903 308904863 2708 0 0
8.3e-09 20.4531 2.53125 8.10938 35 0 0 29 5555929 314939753
8.3e-09 17.9219 2.48438 8 0 609879 319958886 2 2831 195012
8.3e-09 18.6719 1.84375 8.10938 1 535604 384188134 3 3062 326529
8.3e-09 18.1406 2.28125 8.10938 0 1665704 361511650 0 7993 748584
8.3e-09 19.6094 1.89062 8.10938 12 110630 7863309 6 2437162 333664298
8.3e-09 20.875 1.875 7.90625 55 2481535 69560686 41 4070108 237662376
8.3e-09 16.375 2.03125 7.98438 0 107925 296936954 0 135 56581
8.3e-09 infty 2.04688 8.10938 3435 228 250 3335 0 0
8.3e-09 18.5625 2.85938 8.10938 5 227901 354111706 4 138587 26857445
8.3e-09 21.2812 2.32812 8.21875 41 5591378 312740918 52 0 0
8.3e-09 16.4219 1.82812 8.10938 0 135389 345111706 0 1649 84989
8.3e-09 infty 2.40625 8.10938 3072 78 471 3082 20 473
8.3e-09 19.5469 2.23438 8.10938 8 0 0 7 1063040 299440071
8.3e-09 21.2344 2.375 8.10938 76 778 2746 70 11371433 358340932
8.3e-09 17.375 2 8.10938 0 13284 8103888 0 882763 337908590
8.3e-09 18.2812 2.01562 8.14062 0 893261 334728501 2 9505 8877415
8.3e-09 17.125 1.92188 8.10938 0 421845 293124277 0 73152 18231934
8.3e-09 16.6875 1.90625 8.10938 0 0 0 0 283311 332534319
8.3e-09 20.1719 1.85938 8.10938 11 2785009 304052177 10 0 0
8.3e-09 20.6094 1.82812 8.10938 43 1741560 328935378 31 35429 1356814
8.3e-09 18.1719 2.35938 8.10938 0 198128 40230759 0 737027 268664103
8.3e-09 20.1719 1.96875 8.10938 21 45995 1568767 16 1456008 341500619
8.3e-09 18.5 1.9375 8.10938 0 1303042 305447194 1 1571 29763
8.3e-09 20.5938 2.78125 8.23438 29 155 234662 18 6748174 335614570
8.3e-09 20.1719 2.34375 8.10938 19 167300 13099533 23 5627221 347342197
8.3e-09 19.4844 2.03125 8.0625 6 2106125 379716047 5 0 0
8.3e-09 15.9531 2.28125 8.10938 0 202884 297873593 0 596 262281
8.3e-09 20.9688 1.8125 8.10938 45 5416098 358665748 44 232 347
8.3e-09 23.7656 1.90625 8.10938 2396 0 0 2354 11765614 321948227
8.3e-09 21.8281 1.96875 8.10938 162 270424 26569173 167 4799895 273840116
8.3e-09 23.1719 2.01562 8.10938 1112 0 0 1115 2249691 335975658
8.3e-09 18.8281 2.28125 8.10938 3 1972280 304078127 3 487 23495
8.3e-09 18.2344 2.42188 8.10938 4 1499364 271194144 0 85925 90599261
8.3e-09 18.2031 2.28125 8.10938 1 12868 820417 1 1109106 305467523
8.3e-09 22.2031 2.29688 8.10938 220 314725 6499987 193 3398363 285966695
8.3e-09 18.9375 1.98438 8.10938 1 1957581 335684230 1 2 10
8.3e-09 infty 2.42188 8.10938 2930 131216 5673822 2893 0 0
8.3e-09 18.6719 2.03125 8.0625 2 948944 321324228 1 4 2
8.3e-09 17.7031 2.375 8.10938 0 284640 393950306 2 0 0
8.3e-09 infty 2 8.10938 2717 2481 31432 2688 40368 234569
8.3e-09 17.4531 2.79688 7.92188 1 239193 126507369 0 242399 234795460
8.3e-09 22.6094 2.42188 8.10938 386 0 0 397 6819870 299931700
8.3e-09 19.5 2.76562 8.10938 6 122684 18122436 2 1433674 272982357
8.3e-09 19.2031 2.51562 8.10938 6 891888 237901072 2 1945001 105756177
8.3e-09 infty 2.40625 8.10938 3070 902888 14111070 3125 2307 31242
8.3e-09 19.0156 1.89062 8.10938 5 114455 12269686 1 1875092 378710965
8.3e-09 20.25 2.85938 8.10938 20 2679332 174665724 11 761324 167277037
8.3e-09 16.6562 2.21875 8.10938 0 320005 384990213 0 151 5193
8.3e-09 17.9219 2.39062 8.10938 2 776 529140 0 864567 334153289
8.3e-09 16.7344 1.95312 8.10938 0 120427 274327438 0 147513 28376875
8.3e-09 infty 2.53125 8.10938 3153 41005 1246876 3135 332 1028
8.3e-09 19.0938 2.35938 8.10938 7 2074 118149 3 1023081 352156472
8.3e-09 18.4531 2.23438 8.10938 0 95713 305025763 1 544904 46799937
8.3e-09 18.6875 2.75 8.10938 3 203724 271123041 2 266359 46009710
8.3e-09 17.4375 1.875 7.875 0 345 334925794 0 499635 43176096
8.3e-09 19.3125 2.26562 8.10938 3 9 537 1 1706914 385489562
8.3e-09 17.5156 2.3125 8.15625 0 819703 331628169 0 22673 1880218
8.3e-09 infty 1.95312 8.10938 2928 0 0 2988 5486323 153030221
8.3e-09 18.6094 1.95312 8.10938 0 202690 375713913 2 0 3
8.3e-09 17.9531 1.92188 8.10938 1 40764 77175034 1 985178 252496204
8.3e-09 18.7031 2.21875 8.10938 4 22390 1897984 1 56453 301760877
8.3e-09 21.5938 2.20312 8.10938 134 2343341 357293888 151 0 0
8.3e-09 18.5 2.51562 8.10938 1 0 0 0 1635232 298584744
8.3e-09 15.5469 2.3125 8.1875 0 0 0 0 299 311534423
8.3e-09 15.375 2.28125 8.10938 0 101477 316828255 0 45478 12840398
8.3e-09 18.4531 2.32812 7.9375 2 1298151 263073522 1 93117 96312982
8.3e-09 20.6406 2.35938 8.10938 32 0 0 33 5754133 365767020
8.3e-09 18.6719 2.40625 8.10938 8 181 3412 2 829045 322290168
8.3e-09 19.9219 1.84375 8.10938 7 0 0 12 1833650 373947104
8.3e-09 infty 2.5625 8.10938 3085 3093 7654 3100 0 0
8.3e-09 infty 1.85938 8.28125 2745 0 0 2692 4059372 64672455
8.3e-09 16.4688 1.9375 8.10938 0 1846 1529348 0 463554 296099200
8.3e-09 17.4531 2.84375 8.10938 0 728862 383698511 0 174 3995
8.3e-09 19.8438 2.48438 7.875 10 1150639 369102715 9 69242 1477767
8.3e-09 16.5938 2.3125 8.15625 0 330978 322295629 0 119 14214
8.3e-09 infty 1.82812 8.10938 2888 0 0 2948 4288550 75276652
8.3e-09 19.9844 2.39062 8.10938 21 2320661 233012740 17 1128849 145573609
8.3e-09 21.125 2.23438 8.10938 65 61883 10856223 60 2927577 326110962
8.3e-09 17.0469 2.29688 8.10938 0 777829 387539532 0 0 0
8.3e-09 20.7656 1.85938 8.14062 33 3429903 343638525 43 563185 27184255
8.3e-09 20.0312 2.21875 8.10938 11 263719 13524111 12 739936 291104335
8.3e-09 17.5 2.46875 8.10938 1 465123 349136240 0 771 147409
8.3e-09 22.5 1.875 8.07812 341 0 0 347 8661436 283921868
8.3e-09 17.2344 2.53125 8.10938 0 907663 328729833 0 1743 130558
8.3e-09 20.5 2.42188 8.10938 11 143445 6765598 17 5047671 347239905
8.3e-09 21.2812 2.34375 8.07812 93 344083 19005542 93 1511738 309798650
8.3e-09 18.0312 1.85938 8.17188 0 0 0 1 933871 359638316
8.3e-09 infty 1.98438 8.10938 2891 0 0 2893 11284424 149738086
8.3e-09 17.375 2.25 8.10938 2 0 0 0 133230 295152722
8.3e-09 17.7344 2.03125 7.96875 0 118024 347289203 0 24761 12577373
8.3e-09 24.2031 2.20312 8.10938 3323 788238 15021589 3282 6916401 272689464
8.3e-09 17.6875 2.29688 8.10938 0 794232 332241585 1 0 0
8.3e-09 19.5312 2.32812 7.92188 4 5801189 332352936 3 389 5109
8.3e-09 18.5 2.45312 8.10938 3 651100 59050028 0 1836361 284491387
8.3e-09 17.6094 1.92188 8.10938 1 1290283 381527970 2 18825 691994
8.3e-09 16.0156 1.85938 8.10938 0 421668 229410711 0 7828 82616209
8.3e-09 18.9219 1.82812 8.10938 0 3307675 292742071 1 78233 7166360
8.3e-09 20.75 1.89062 8.10938 58 0 0 64 5299258 337270599
8.3e-09 18.7031 2.32812 7.85938 2 1685780 309184948 1 135 561
8.3e-09 18.9219 2.4375 8.10938 5 103846 6502626 2 216606 365520838
8.3e-09 19.0469 1.95312 8.10938 1 525108 270850882 4 301202 25428249
8.3e-09 infty 2 8.10938 2683 120707 856269 2836 138 742
8.3e-09 infty 2.46875 8.10938 2721 47001 2700400 2754 0 0
8.3e-09 19.375 1.85938 8.125 3 20728 5347964 1 168546 345798350
8.3e-09 15.5781 2.375 8.10938 0 358 44769 0 291943 371418893
8.3e-09 24 1.875 7.90625 2660 0 0 2652 14412123 297321655
8.3e-09 15.1562 2.39062 8.10938 0 3 671 0 238780 383735430
8.3e-09 infty 2.71875 8.10938 2958 0 0 2972 8388 43914
8.3e-09 17.0312 1.82812 8.10938 0 974398 352269432 0 1019 62676
8.3e-09 17.6875 1.98438 8.10938 0 1006651 297722225 0 2587 695936
8.3e-09 20.2812 2.48438 7.9375 15 19620 313625 16 2375035 323237983
8.3e-09 18.1562 2.35938 8.10938 1 0 0 0 537996 376298313
8.3e-09 16.9688 1.84375 8.10938 0 4848 89171608 0 397776 238349792
8.3e-09 18.6875 1.90625 8.10938 0 1581804 366574170 1 0 0
8.3e-09 17.1562 2.51562 8.10938 0 19429 7807052 0 856 303008880
8.3e-09 22.5469 2.5625 8.10938 385 10707178 355934057 424 28128 370643
8.3e-09 19.3438 2.48438 7.89062 0 0 0 0 4340815 356560436
8.3e-09 19.5 1.89062 8.10938 10 333199 98045297 3 1884732 237742260
8.3e-09 19.0938 1.98438 8.10938 2 0 0 0 1183135 342596422
8.3e-09 18.75 1.85938 8.25 3 170142 62456023 2 1576341 277744346
8.3e-09 17.9844 2.32812 8.20312 0 5 283576166 1 46208 19825216
8.3e-09 infty 1.90625 8.10938 3316 0 0 3314 4484754 57188085
8.3e-09 17.5312 2.04688 8.10938 0 580 22360 0 215823 337056581
8.3e-09 14.9844 2.46875 8.17188 0 171497 314476009 0 0 3
8.3e-09 17.7656 2.32812 7.95312 0 2140 27535 0 1604106 380966088
8.3e-09 20.4219 2.35938 8.10938 32 0 0 30 5395343 334252354
8.3e-09 19 1.85938 8.10938 4 2786472 263578144 2 799276 105697482
8.3e-09 21.1719 2.5625 8.10938 42 105849 1671885 38 3080185 290078558
8.3e-09 17.4844 2.46875 8.10938 1 0 0 0 0 331392501
8.3e-09 16.0312 1.89062 8.09375 0 533505 325930501 0 0 0
8.3e-09 17.4219 2.23438 8.10938 0 346 5761 0 0 362544438
8.3e-09 infty 1.85938 8.28125 2691 0 0 2679 2006 5384
8.3e-09 19.6719 1.84375 8.10938 0 4729 146880 3 2667352 324652745
8.3e-09 18.7188 2.54688 8.10938 4 0 1 1 1602107 324906387
8.3e-09 14.4375 1.9375 8.10938 0 41 3068 0 188284 318712584
8.3e-09 16.625 2.28125 8.10938 0 329312 299477122 0 11772 2016822
8.3e-09 19.6094 1.92188 8.10938 11 945913 111587236 9 2386039 248549772
8.3e-09 20.375 1.89062 8.10938 17 280 10401 16 2405642 300191291
8.3e-09 18.0625 2.26562 8.10938 1 310 5361 0 991919 362606427
8.3e-09 17.1094 2.78125 8.14062 0 346403 307518861 0 20649 10643793
8.3e-09 17.9688 2.46875 8.10938 0 47003 6781052 0 159121 380622343
8.3e-09 16.125 2.01562 8.1875 0 403534 366436404 0 22 1743
8.3e-09 infty 1.89062 8.10938 3303 0 0 3330 24746 179035
8.3e-09 16.5781 2.42188 8.10938 0 219221 377001618 0 19248 9776521
8.3e-09 15.6406 1.84375 8.10938 0 100730 327783649 0 2566 221609
8.3e-09 19.2969 2.03125 8.04688 2 41 4356 5 1890559 294063739
8.3e-09 19.9375 1.85938 8.29688 21 1696930 319580391 21 0 0
8.3e-09 15.25 1.96875 8.10938 0 7088 10289786 0 48449 319520678
8.3e-09 19.125 2.01562 8.25 2 1807056 308007865 3 0 0
8.3e-09 16.625 2.01562 8.15625 0 0 313521719 0 8133 1080522
8.3e-09 18.3438 2.28125 8.10938 0 631492 317636320 0 46059 7400743
8.3e-09 17.4531 2.51562 8.10938 1 319793 252978087 1 275506 41549670
8.3e-09 infty 1.89062 8.10938 3213 0 0 3340 0 0
8.3e-09 20.0469 2.78125 8.10938 8 6679 70513 9 3756892 380530361
8.3e-09 17.2812 1.85938 8.28125 0 11471 2582049 0 836792 391125739
8.3e-09 20.2656 1.84375 8.10938 14 2872601 323113237 16 0 0
8.3e-09 20.1562 1.82812 8.10938 8 4102362 301906985 11 134 22072
8.3e-09 18.1406 1.84375 8.10938 2 206847 305470690 0 1711 81878
8.3e-09 20.2812 2.48438 8.25 31 3089044 258350836 18 552920 35886526
8.3e-09 infty 1.90625 8.10938 3212 900975 79302256 3349 643856 32991822
8.3e-09 19.0938 1.92188 8.10938 3 1189469 122107847 0 1499610 171851137
8.3e-09 16.7188 2.39062 8.10938 0 657422 301524755 0 0 0
8.3e-09 18.2812 2.84375 8.10938 2 93 865 0 132920 390293172
8.3e-09 17.2031 1.9375 8.10938 1 377492 351187638 1 236017 24401885
8.3e-09 18.1406 2.34375 8.01562 1 0 48664 3 597979 318849285
8.3e-09 17.0312 2.01562 8.125 0 568418 359254999 0 60453 24921276
8.3e-09 infty 2.01562 8.21875 2722 127513 4926932 2623 12022 25746
8.3e-09 22.0781 2.51562 8.10938 354 836279 19299969 332 4906811 320828480
8.3e-09 19.1406 2 8.10938 2 1055915 167926213 5 808406 159198247
8.3e-09 19.3125 2.79688 7.9375 11 681235 184022390 11 431044 166436613
8.3e-09 21.0156 1.9375 8.10938 68 2336065 370335104 61 5262 48072
8.3e-09 infty 2.84375 8.10938 3200 117 595 3251 608 827
8.3e-09 infty 1.95312 8.10938 2931 38 5 2924 0 0
8.3e-09 19.5781 2.29688 8.10938 8 1559306 373566643 13 0 0
8.3e-09 infty 1.875 7.95312 3411 0 0 3389 4206 51604
8.3e-09 19.1094 2.53125 8.10938 2 133 3105 2 2532838 330314915
8.3e-09 19.3281 2.8125 8.10938 4 560218 382511041 5 96 290
8.3e-09 18.6406 1.89062 8.10938 6 729872 330799737 2 0 1
8.3e-09 16.1719 2.51562 8.10938 0 202424 343627784 0 59 6316
8.3e-09 20.2344 2.01562 8.21875 14 37247 1666255 17 3255 297753857
8.3e-09 21.4062 2.04688 8.10938 100 5407391 373378066 114 1 7
8.3e-09 21.1875 2.29688 8.10938 50 3227853 318115957 61 44 98
8.3e-09 infty 2.28125 8.10938 2887 716156 69943718 2851 0 0
8.3e-09 19.0469 2.53125 8.10938 1 3158 737583 1 656505 302362119
8.3e-09 16.5469 1.82812 8.10938 0 5724 4109276 0 179639 346326628
8.3e-09 21.4688 1.82812 8.10938 75 5328866 376445515 74 24805 281778
8.3e-09 infty 2.26562 8.10938 3037 44709 474997 2931 44424 282442
8.3e-09 18.5625 2.375 8.10938 0 9045 230667 3 590963 389313695
8.3e-09 17.7656 2.01562 8.32812 1 1355628 345153389 0 36 1842
8.3e-09 19.2656 1.85938 8.25 0 2717409 329338648 2 30008 1354260
8.3e-09 16 2.84375 8.10938 0 440247 351730871 0 7676 2613975
8.3e-09 19.4844 2.23438 8.10938 5 1424627 346260385 6 0 0
8.3e-09 18.3125 2.78125 8.28125 0 1671624 388636714 0 0 0
8.3e-09 17.5938 2.40625 8.10938 0 102702 14065059 0 1262626 312028934
8.3e-09 16.75 2.01562 8.35938 0 9249 1812028 0 342364 295061690
8.3e-09 infty 2.48438 7.875 3457 0 0 3547 0 0
8.3e-09 23 2.23438 8.10938 754 19917 122534 767 13455649 354978884
8.3e-09 16.5 2.51562 8.10938 0 612 108004 0 548559 394901255
8.3e-09 16.4844 2.21875 8.10938 0 63620 13451738 0 575 380283228
8.3e-09 20.3281 2.23438 8.10938 18 0 0 9 1797989 296088788
8.3e-09 20.4375 2.40625 8.10938 26 133505 17238137 32 1517312 292870664
8.3e-09 15.8281 2.34375 7.98438 0 0 0 0 121221 298523652
8.3e-09 24.1406 2.75 8.10938 2934 0 0 2913 11626191 319070505
8.3e-09 infty 2.82812 8.10938 3328 0 0 3289 0 0
8.3e-09 20.6719 2.21875 8.10938 34 3961318 325369322 38 215625 30491162
8.3e-09 18.4844 2.04688 8.10938 0 520 4063 4 769723 384576716
8.3e-09 infty 2.04688 8.10938 3151 13621 65475 3205 268309 8495214
8.3e-09 22.6719 2.39062 8.10938 624 5641230 274222058 619 193 12201832
8.3e-09 19.75 1.82812 8.10938 9 333 9777 9 2356295 317873109
8.3e-09 17.4062 2.01562 7.85938 1 127466 315821987 0 11791 5582296
8.3e-09 21.1094 1.9375 8.10938 52 8006931 357152082 47 224 1971
8.3e-09 20.875 2.21875 8.10938 49 2893196 248500637 64 52048 121317651
8.3e-09 20.1094 2.23438 8.10938 24 350257 327678769 38 38 589
8.3e-09 19.0938 1.82812 8.10938 4 0 0 9 1688344 344467004
8.3e-09 22.6094 2.42188 8.10938 693 2336014 74067060 710 431790 274919321
8.3e-09 21.1719 1.875 8.34375 46 231632 15264343 44 4796968 280557171
8.3e-09 infty 1.85938 8.23438 2697 0 0 2696 181314 54129677
8.3e-09 18.4375 1.875 7.89062 0 1666946 332885024 1 0 0
8.3e-09 20.9688 1.875 7.9375 86 2186303 313475845 99 23970 176735
8.3e-09 18.1406 1.96875 8.10938 0 591039 311804852 0 30845 2924638
8.3e-09 24.1406 1.96875 8.10938 3043 278493 4773855 2935 10381109 314251830
8.3e-09 22.3125 2.35938 8.10938 323 0 0 347 8114549 286178334
8.3e-09 18.75 2.76562 8.10938 2 2245509 352834000 0 60529 2698693
8.3e-09 17.4844 2.5 8.04688 3 204168 309147805 0 151558 16633356
8.3e-09 17.9844 1.90625 8.10938 1 207934 369546734 2 0 0
8.3e-09 23.4688 2.29688 8.10938 1209 14465712 312775919 1117 38641 277459
8.3e-09 21.75 2 8.10938 147 3639501 316507378 148 691506 34401246
8.3e-09 22.3125 1.92188 8.10938 323 0 0 328 11804470 281119632
8.3e-09 18.6719 2.54688 8.10938 3 1624716 390243221 1 37 221
8.3e-09 20.6406 2.21875 8.10938 32 3751700 363822401 14 0 0
8.3e-09 18.9219 2.3125 8.10938 2 1593343 339759371 2 0 0
8.3e-09 19.2812 2.3125 8.10938 4 301 2251 7 548059 313972493
8.3e-09 18.1719 2.76562 8.10938 2 56242 352600580 2 0 0
8.3e-09 21.0469 1.96875 8.10938 60 5070376 319804754 53 9725 133955
8.3e-09 18 1.90625 8.10938 0 0 0 0 534829 382030100
8.3e-09 infty 2.85938 8.10938 3181 0 0 3005 0 0
8.3e-09 20.1094 1.89062 8.10938 6 0 0 6 3762901 310499106
8.3e-09 18.0156 1.84375 8.10938 0 1333915 348484505 0 5075 488746
8.3e-09 23.5312 1.92188 8.10938 1325 4745344 268842111 1467 1356869 19703502
8.3e-09 15.9688 2.39062 8.10938 0 0 0 0 240267 392933320
8.3e-09 16.4531 2.46875 8.14062 0 96536 337283588 0 0 0
8.3e-09 17.2344 2.5625 8.10938 0 116989 27246143 0 1047911 300171857
8.3e-09 16.3906 2.25 8.10938 0 0 0 0 86521 379056241
8.3e-09 15.9375 1.89062 8.10938 0 512566 365213462 0 94047 16619332
8.3e-09 17.5781 2.48438 8.3125 0 574192 144884247 0 564549 181162435
8.3e-09 20.1875 1.95312 8.10938 16 0 0 14 3155579 324172014
8.3e-09 21.2812 2 8.10938 90 3431383 362309859 81 375 1719
8.3e-09 16.4688 1.90625 8.10938 0 0 380182119 0 2330 12206752
8.3e-09 16.375 1.82812 8.10938 0 169349 393829341 0 1 42
8.3e-09 23.4844 2.34375 8 1508 292 334 1480 6770243 313315314
8.3e-09 15.2031 2.34375 7.96875 0 8164 368557713 0 0 0
8.3e-09 24.1406 1.92188 8.10938 3173 15580112 312866051 3193 0 0
8.3e-09 17.6094 2.04688 8.10938 1 283308 345360731 1 41797 8334170
8.3e-09 20.625 2.04688 8.10938 31 3792465 294827659 35 0 0
8.3e-09 17.2188 1.9375 8.10938 0 203657 169151998 0 328781 210905268
8.3e-09 17.9375 2.23438 8.10938 0 167462 368578147 1 51022 14657044
8.3e-09 21.1094 2.75 8.10938 61 0 0 65 7758906 350694091
8.3e-09 18.5625 2.3125 8.15625 2 274 195252192 2 1255094 135559374
8.3e-09 17.6875 2.46875 8.10938 0 6 88 0 1482189 324460367
8.3e-09 17.6719 1.9375 8.10938 0 1153564 299942981 0 175548 38404900
8.3e-09 16 2.79688 8.10938 0 82 22196 0 299433 308280121
8.3e-09 infty 2.01562 8.34375 3501 11676490 158917642 3592 12604 272731
8.3e-09 infty 2.35938 8.10938 3351 676836 23263309 3365 376965 3009053
8.3e-09 17.7188 1.84375 8.10938 0 1 0 2 31496 338452626
8.3e-09 20.7188 2.46875 8.10938 27 0 0 27 4828401 320388394
8.3e-09 18.0625 2.46875 8.1875 0 701908 369703959 0 0 16
8.3e-09 20.7188 1.82812 8.10938 36 449079 18715382 36 2826112 301901376
8.3e-09 19.1406 2.03125 8.07812 5 13458 421796 2 3500926 375173934
8.3e-09 20.1406 2.3125 8.10938 9 2919434 316867286 12 0 1349
8.3e-09 infty 2.39062 8.10938 3197 0 0 3105 51158 8407804
8.3e-09 17.9531 1.84375 8.10938 2 198104 17067391 0 603343 331915721
8.3e-09 19.2031 2.3125 8.15625 4 7382 1352150 7 1123785 335408703
8.3e-09 infty 2.21875 8.10938 3205 18 98 3257 0 0
8.3e-09 19.5781 2.01562 8.23438 7 1718577 373358562 9 30129 10527649
8.3e-09 19.5312 2.79688 7.9375 5 0 0 7 2782424 325954920
8.3e-09 18.0312 1.9375 8.10938 0 1620933 343846074 2 0 0
8.3e-09 22.8438 1.98438 8.10938 658 1030970 10545987 708 7833249 332828351
8.3e-09 21.0625 2 8.10938 37 5622019 296293517 42 0 0
8.3e-09 16.5469 1.82812 8.10938 0 528965 348829558 0 0 0
8.3e-09 18.7344 2.21875 8.10938 2 47206 3526684 4 1298204 374899709
8.3e-09 18.0312 1.82812 8.10938 0 2314126 350085050 0 15777 2988020
8.3e-09 infty 2 8.10938 2836 0 0 2769 0 0
8.3e-09 21.0625 1.95312 8.10938 38 4689712 298608305 46 60 159
8.3e-09 19.0312 1.90625 8.10938 3 459768 195463035 6 1986842 191631086
8.3e-09 20.2812 2.46875 8.15625 6 4984892 329645667 15 4556 136925
8.3e-09 18.9219 2.85938 8.10938 2 1540332 295201803 0 9526 871020
8.3e-09 16.8125 1.96875 8.10938 0 848428 371239764 1 0 105747
8.3e-09 18.0938 2.35938 8.10938 0 2132 87801 0 1109131 305678538
8.3e-09 18.0469 2.78125 8.17188 0 1144843 375298407 0 170 10344
8.3e-09 15.5938 2.79688 7.9375 0 0 5 0 33778 305185403
8.3e-09 18.2188 1.89062 8.10938 1 136728 322366865 1 52362 3478772
8.3e-09 17.0312 2.23438 8.10938 0 100583 303698846 0 3819 621828
8.3e-09 19.2656 2.04688 8.10938 2 1425986 307810737 2 0 0
8.3e-09 15.75 1.84375 8.10938 0 152095 355907802 0 1884 311219
8.3e-09 18.1094 2.76562 8.10938 1 533 635389 1 308336 295830554
8.3e-09 19.3906 2.48438 8.375 6 2690563 386422305 12 0 0
8.3e-09 16.8281 1.875 7.89062 0 234252 348601862 0 576 24295
8.3e-09 18.6875 2.42188 8.10938 0 0 0 2 807601 302707002
8.3e-09 19.9844 2.40625 8.10938 11 785554 289022952 5 191891 32449796
8.3e-09 infty 2.25 8.10938 2972 1839119 11273907 3101 0 0
8.3e-09 18.4688 2 8.10938 0 59 681 1 626831 298036147
8.3e-09 19.7031 1.89062 8.10938 8 3238340 294924456 22 70613 15667553
8.3e-09 18.4531 1.95312 8.10938 0 76 1029 2 1658779 327175189
8.3e-09 infty 2.40625 8.10938 3075 62 161 3147 0 0
8.3e-09 21.0781 1.82812 8.10938 68 1898733 200733943 77 1797461 98720390
8.3e-09 18.9531 2.42188 8.10938 0 6060 401222 6 1211711 332662995
8.3e-09 infty 2.28125 8.10938 2810 0 0 2853 3946962 23433675
8.3e-09 19 1.85938 8.10938 2 0 34 0 1292233 338632607
8.3e-09 17.8125 1.9375 8.10938 0 76154 10388970 0 1136808 341905491
8.3e-09 23.9062 2.01562 8.35938 1964 6265861 264767860 2007 0 0
8.3e-09 21.5625 1.90625 8.10938 129 5592268 312436414 125 61537 630954
8.3e-09 19.2656 2.01562 8.25 4 0 0 4 2994847 305970334
8.3e-09 18.0469 1.84375 8.10938 1 261435 101063387 0 181635 226089687
8.3e-09 21.2344 1.82812 8.10938 64 3627 1634930 71 3289407 294310911
8.3e-09 22.25 2 8.10938 279 7523641 198070011 270 4690366 130836258
8.3e-09 21.7656 2.21875 8.10938 157 8525801 345754646 132 0 0
8.3e-09 21.6562 2.28125 8.10938 127 4075518 306646277 110 271945 19162209
8.3e-09 22.2656 2.03125 8.03125 482 7461294 361350782 446 45623 934758
8.3e-09 21.2031 1.875 8.04688 116 3514788 289914953 117 2594 54129707
8.3e-09 18.1719 2.04688 8.10938 0 141722 251958085 0 393086 46913562
8.3e-09 20.8281 2.21875 8.10938 53 38433 767325 68 2573788 327746146
8.3e-09 17.4062 2.75 8.10938 0 6987 330036537 0 0 0
8.3e-09 22.7812 2.21875 8.10938 773 3096543 329344532 751 0 0
8.3e-09 18.125 2.5625 8.10938 0 0 1 0 1000145 384863221
8.3e-09 18.4375 2.375 8.10938 2 1954710 299234223 1 336 9616
8.3e-09 19.2344 1.92188 8.10938 7 2574832 342914726 0 8178 533071
8.3e-09 18.0312 1.96875 8.10938 0 126211 8229460 1 0 337462743
8.3e-09 23.7344 2.73438 8.10938 1632 0 126996 1639 3727912 274592564
8.3e-09 17.8438 1.85938 8.10938 1 749607 383947345 0 4529 3725800
8.3e-09 20.1875 2.46875 8.20312 42 565767 343644221 37 0 0
8.3e-09 21.5781 2.34375 8 233 4164920 330029373 201 135587 6503878
8.3e-09 18.0938 1.95312 8.10938 0 258346 42884462 1 203267 266413467
8.3e-09 24.1875 2.39062 8.10938 3196 0 281723858 3232 1084155 11464826
8.3e-09 infty 2 8.10938 2791 0 0 2721 0 0
8.3e-09 infty 2.5625 8.10938 2986 0 0 3048 2616 137365
8.3e-09 21.6562 2.28125 8.10938 123 0 0 97 1343273 362260075
8.3e-09 18.4688 2.34375 8.09375 1 31166 12458924 0 2136190 368523114
8.3e-09 18.0469 1.95312 8.10938 0 151489 360059708 0 40 1025
8.3e-09 infty 1.95312 8.10938 2983 1 0 3053 1166 22534
8.3e-09 17.4688 2.03125 7.89062 0 0 0 0 639515 390121424
8.3e-09 16.2969 1.89062 8.10938 0 50 1573 0 383574 335807057
8.3e-09 14.8125 2.26562 8.10938 0 1 420167 0 54066 340777384
8.3e-09 16.1562 1.95312 8.10938 0 63370 351312864 0 166 5829
8.3e-09 19.9688 2.04688 8.10938 14 2337207 201710879 14 1011508 160407309
8.3e-09 infty 2.5625 8.10938 3159 662760 58125004 3004 45 6
8.3e-09 infty 2.5 8.03125 3456 65 22 3505 90 161
8.3e-09 18.0938 1.82812 8.10938 0 1269489 376463711 0 21321 1002726
8.3e-09 20.1406 2.375 8.10938 19 977303 143219995 18 1932794 178421116
8.3e-09 20.5469 1.92188 8.10938 23 1269032 122116382 26 2158382 211383054
8.3e-09 infty 1.85938 8.14062 2756 0 0 2638 0 0
8.3e-09 19.4531 2.54688 8.10938 4 43723 31514304 8 1058848 297805139
8.3e-09 17.5156 1.90625 8.10938 0 38744 4665526 0 35136 340496934
8.3e-09 18.25 1.98438 8.10938 2 1556977 389123038 0 2312 60517
8.3e-09 20.6719 2.4375 8.10938 42 447943 295254357 42 0 0
8.3e-09 infty 1.82812 8.10938 2801 0 34849701 2882 370028 68277262
8.3e-09 infty 2.76562 8.10938 2758 40322 117858 2626 0 0
8.3e-09 infty 2.42188 8.10938 2985 1776629 64808730 2999 0 0
8.3e-09 16.0938 1.9375 8.10938 0 6 307951145 0 68 7412
8.3e-09 20.0312 2.34375 8.10938 27 1186609 204915360 13 58254 143643093
8.3e-09 20.0156 2.84375 8.10938 11 178480 17855653 9 5841320 288451971
8.3e-09 17.0312 2.39062 8.10938 3 855888 358771363 0 5443 29057511
8.3e-09 infty 2.76562 8.10938 2850 0 0 2792 646470 8849621
8.3e-09 19.5 2.3125 8.10938 9 0 0 9 1344593 303120603
8.3e-09 17.1719 2.54688 8.10938 0 165876 32674604 0 1228406 345170305
8.3e-09 infty 2.45312 8.10938 2803 0 0 2822 0 0
8.3e-09 18.3438 2.01562 8.35938 0 2783377 345162732 1 6681 3884169
8.3e-09 infty 2.34375 7.96875 3431 0 0 3448 2487363 106775133
8.3e-09 22.375 2 8.10938 356 11125798 369708222 351 0 0
8.3e-09 17.6875 1.875 8.0625 0 68 258459 0 794691 381179802
8.3e-09 15.7344 2.79688 8.375 0 213249 363922117 0 422 53732
8.3e-09 18.7344 1.85938 8.125 3 3957197 381955864 1 263 41455
8.3e-09 16.0156 1.82812 8.10938 0 4778 355942865 0 2569 396289
8.3e-09 18.5469 1.92188 8.10938 2 0 0 1 124265 345292780
8.3e-09 18.5625 2.26562 8.10938 1 573019 325423810 1 2708 145762
8.3e-09 18.8438 2.46875 8.21875 5 273072 15839668 2 44052 283351740
8.3e-09 20.0625 2.28125 8.10938 6 413120 308840276 10 0 0
8.3e-09 19.2656 1.96875 8.10938 5 1443627 136176766 1 1425308 166245404
8.3e-09 19.0625 1.98438 8.10938 5 2670165 336907578 3 0 610228
8.3e-09 infty 1.95312 8.10938 3023 11972624 228190381 3002 0 0
8.3e-09 17.5156 2.3125 8.20312 0 0 0 0 85733 303855504
8.3e-09 18 2.34375 8.10938 0 3583 361610134 2 4 63
8.3e-09 20.0625 2.75 8.10938 16 4542505 331400175 15 980 242114
8.3e-09 21.3125 2.32812 7.89062 80 287147 357725430 82 0 0
8.3e-09 infty 2.20312 8.10938 3257 0 0 3296 0 0
8.3e-09 17.7188 2.42188 8.10938 1 394614 380972182 1 24823 4175926
8.3e-09 20.25 1.95312 8.10938 17 87636 1772719 22 3681896 308316702
8.3e-09 19.3594 2.03125 7.95312 1 1994554 366760923 1 501 9491
8.3e-09 20.1875 2.25 8.10938 19 0 0 23 713729 327949287
8.3e-09 16.0625 2.5 8.03125 0 2320 672667 0 59784 326362257
8.3e-09 18.9375 2.29688 8.10938 1 10 10 1 1122559 335643078
8.3e-09 16.5938 1.89062 8.10938 0 231145 52071483 0 179313 341512928
8.3e-09 23.875 2.29688 8.10938 2044 16170721 288968924 2038 1093 2611
8.3e-09 18.5312 2.32812 8.21875 1 290401 140229006 1 709244 169218719
8.3e-09 infty 1.98438 8.10938 2847 0 0 2931 7415 239722
8.3e-09 19.0469 2.42188 8.10938 2 71 1562 1 1648677 306429836
8.3e-09 17.25 2.42188 8.10938 0 280625 109387566 0 218218 216430572
8.3e-09 19.2969 1.875 8.07812 4 1526096 296713516 1 691 9913
8.3e-09 20.0469 1.85938 8.10938 13 53827 1607365 15 1445743 312599534
8.3e-09 17.4062 2.3125 8.10938 0 108873 336271400 0 1566 100954
8.3e-09 17.6406 2.82812 8.10938 0 26574 1956087 1 559721 345350347
8.3e-09 19.5469 2.79688 7.85938 7 1420119 274931953 12 1324700 72126425
8.3e-09 18.9531 2.29688 8.10938 0 432911 115418066 1 1888589 188162487
8.3e-09 18.0312 2.32812 8.21875 0 0 0 0 529932 349570590
8.3e-09 18.625 1.89062 8.10938 0 879998 349331810 0 0 0
8.3e-09 infty 2.375 8.10938 3146 0 0 3150 29 3
8.3e-09 18.0312 1.95312 8.10938 0 1457260 315481314 0 40 659
8.3e-09 19.75 2.28125 8.10938 5 992375 161275447 16 2445826 220863981
8.3e-09 15.7969 2.21875 8.10938 0 62040 316561665 0 34119 6833585
8.3e-09 15.75 2.48438 7.89062 0 18209 12332751 0 216785 302165215
8.3e-09 17.7344 2.71875 8.10938 0 390951 50876683 0 1212091 292930455
8.3e-09 19.4375 1.96875 8.10938 6 2637509 374001089 8 71566 15092890
8.3e-09 19.1875 2.46875 8.25 3 418973 361251151 4 73353 19370423
8.3e-09 20.0625 1.82812 8.10938 6 4526881 324232023 16 740898 49258902
8.3e-09 24.125 2.29688 8.10938 2937 3843888 44897350 2810 3036352 281078156
8.3e-09 17.0938 1.92188 8.10938 0 6001 7245030 0 1351753 375272617
8.3e-09 17.9844 2.46875 8.10938 0 2092777 354582253 0 673 139504
8.3e-09 17.5156 2.82812 8.10938 0 6527 359924 0 827628 337023442
8.3e-09 20.9375 1.90625 8.10938 44 136399 292178400 44 500522 76620103
8.3e-09 20.4531 2.34375 8.07812 34 2347617 211172795 27 450166 102673769
8.3e-09 infty 2.42188 8.10938 2856 216208 2723022 2855 0 0
8.3e-09 21.4844 1.875 7.90625 158 255940 238404678 139 1309947 72791756
8.3e-09 23.3594 1.84375 8.10938 1591 5010559 366057054 1531 107 603
8.3e-09 19.0938 2.29688 8.10938 1 112407 41639833 0 1091590 293031463
8.3e-09 18.875 2.73438 8.10938 1 18595 1424585 1 2660807 314835558
8.3e-09 21.7188 2.45312 8.10938 110 4327251 311401624 118 42439 563445
8.3e-09 17.4688 1.96875 8.10938 0 2017 62847 0 477436 358080696
8.3e-09 infty 2.28125 8.10938 2955 418847 1925626 2798 2285535 63703841
8.3e-09 20.1562 1.84375 8.10938 31 102508 81746965 22 1400300 234201436
8.3e-09 19.8906 2.34375 8 6 2315645 326222871 4 0 0
8.3e-09 19.4844 1.9375 8.10938 5 818928 87050769 2 890632 236854539
8.3e-09 19.5938 2.54688 8.10938 10 170287 95994620 15 1978630 213256974
8.3e-09 17.5938 1.9375 8.10938 1 1295217 383011999 0 22955 846146
8.3e-09 21.5469 2.34375 8.01562 130 3910348 328766934 143 289145 37831228
8.3e-09 19.1719 1.90625 8.10938 11 1822783 292740979 11 0 61710495
8.3e-09 18.6875 2.03125 8 1 1065462 373679082 0 5734 276899
8.3e-09 19.4531 2.40625 8.10938 7 1460327 362710508 9 0 0
8.3e-09 20.0938 2.3125 8.125 15 1059 6021 16 643960 341938704
8.3e-09 21.9531 2.375 8.10938 190 657012 29741977 181 2929006 314243002
8.3e-09 18.4375 1.90625 8.10938 0 1552521 372510425 1 43988 11937061
8.3e-09 19.4688 2.32812 8.34375 14 1577 18931 14 1646277 353144883
8.3e-09 18.0625 1.84375 8.10938 1 78 2726 0 928905 327951000
8.3e-09 18.0156 1.90625 8.10938 0 1239749 353042942 0 0 707513
8.3e-09 16.9688 1.92188 8.10938 0 171794 350400533 0 0 0
8.3e-09 15.8281 1.95312 8.10938 0 33211 289814605 0 326333 102386330
8.3e-09 17.6562 1.90625 8.10938 1 384501 358424268 1 2051 250885
8.3e-09 18.5469 1.82812 8.10938 0 309 13380 1 2615493 332732308
8.3e-09 19.2344 2.82812 8.10938 6 459706 152113379 2 587102 176143063
8.3e-09 16.9688 2.75 8.10938 0 18179 1207706 0 45539 346287603
8.3e-09 22 1.84375 8.10938 230 7906103 307840206 173 2479804 47684837
8.3e-09 19.4219 2.35938 8.10938 2 1780722 312014093 2 0 0
8.3e-09 17.9062 2.28125 8.10938 0 1207886 344153351 0 1 317
8.3e-09 20.1406 2.51562 8.10938 27 77 187 34 786409 311541177
8.3e-09 20.2188 1.82812 8.10938 16 2897029 377862658 17 3 0
8.3e-09 19.9375 2.34375 8.10938 2 0 0 4 3431458 342691062
8.3e-09 16.6719 2.32812 8.35938 0 81139 315848859 0 6874 4508342
8.3e-09 16.7031 2.28125 8.10938 0 145015 351372546 0 120 2832
8.3e-09 21.2969 1.9375 8.10938 132 773986 306359888 119 271848 5818761
8.3e-09 19.7031 2.39062 8.10938 12 3728005 377141168 6 61368 9271017
8.3e-09 16.7031 1.89062 8.10938 0 43 3076 1 29 357890064
8.3e-09 17.6562 2.23438 8.10938 0 1160134 217117759 0 699368 91367011
8.3e-09 infty 2.25 8.10938 3132 525 933 3116 23711 83779
8.3e-09 19.8906 2.79688 7.85938 7 1001673 165518589 6 1204502 143897839
8.3e-09 17.3906 1.90625 8.10938 1 1369958 308719818 0 1902 507624
8.3e-09 17.125 2.375 8.10938 0 952731 264824888 0 259795 80854597
8.3e-09 17.3594 1.98438 8.10938 0 431657 357819392 0 8638 1307630
8.3e-09 17.0312 2.34375 8 0 0 0 0 194647 303436944
8.3e-09 21.4219 2.34375 8.07812 49 3406205 332033250 54 341 693
8.3e-09 17.6562 2.26562 8.10938 0 294893 348645863 1 8321 305989
8.3e-09 18.0156 1.9375 8.10938 0 4458 331430 0 919800 367917798
8.3e-09 infty 2.4375 8.10938 2823 0 0 2914 0 158
8.3e-09 15.7031 2.26562 8.10938 0 1732 116359 0 1648 391128780
8.3e-09 infty 2.28125 8.10938 2826 27 8 2800 757326 6490233
8.3e-09 16.0781 2.53125 8.10938 0 72275 14586629 0 393339 353253134
8.3e-09 14.5625 2.4375 8.10938 0 8 397467 0 77963 325163367
8.3e-09 21.6562 2.45312 8.10938 90 1 0 67 9836200 316922207
8.3e-09 20 1.90625 8.10938 6 979802 258190808 11 1239090 79970255
8.3e-09 21.1875 2.76562 8.10938 94 1531573 176827897 93 3297109 174201350
8.3e-09 18.625 1.90625 8.10938 4 1480584 341734547 0 1617 82491
8.3e-09 22.1406 2.46875 8.10938 258 83 349 270 5549813 308590419
8.3e-09 16.625 2.21875 8.10938 1 10256 181800880 0 767083 159344161
8.3e-09 19.7656 1.96875 8.10938 2 3985668 356786909 3 0 2
8.3e-09 19.1406 2.5625 8.10938 3 2612067 296810752 1 0 0
8.3e-09 19.6875 1.9375 8.10938 5 1200031 341512039 5 129745 2828974
8.3e-09 19.0156 2.26562 8.10938 1 1215585 323386717 2 209028 54129189
8.3e-09 19.2188 1.90625 8.10938 4 205981 237805848 6 251636 82699423
8.3e-09 20.4219 2.35938 8.10938 24 0 14091200 24 4103843 332928127
8.3e-09 infty 1.85938 8.26562 2708 0 0 2677 2576522 250652996
8.3e-09 18.5 1.875 8.0625 1 24528 2238285 0 1607180 349128054
8.3e-09 17.75 1.92188 8.10938 0 258 4513 0 1123973 369074565
8.3e-09 17.5312 2.21875 8.10938 1 850756 324272731 1 0 0
8.3e-09 21.5781 2.34375 8.10938 106 4960627 330183648 114 0 0
8.3e-09 17.0781 2.04688 8.10938 0 114909 296476590 0 206490 66198994
8.3e-09 19.1094 2.45312 8.10938 1 2048059 350988045 2 260 47707
8.3e-09 23.6094 2.8125 8.10938 1853 6681171 321924214 1901 0 3511555
8.3e-09 18.5 2.35938 8.10938 1 643316 300604080 2 59325 4379782
8.3e-09 19.4688 2.29688 8.10938 4 0 0 0 2501146 373313129
8.3e-09 16.8906 2.5625 8.10938 0 357965 388186079 0 1239 97636
8.3e-09 17.3906 2.42188 8.10938 0 36307 83796483 1 393109 263399909
8.3e-09 20.5 1.84375 8.10938 18 17 30 16 2127265 317503153
8.3e-09 20.7656 2.04688 8.10938 37 1925130 167235111 51 3376241 129398421
8.3e-09 19.75 2.4375 8.10938 12 690941 157240510 3 2425203 166229987
8.3e-09 16.1719 1.85938 8.10938 0 0 0 0 135319 344104390
8.3e-09 infty 2.5 8.04688 3519 0 0 3425 675233 61229742
8.3e-09 15.3438 1.89062 8.10938 0 74153 349161839 0 325 23536
8.3e-09 14.9375 2.78125 8.21875 0 71515 352190741 0 476 243311
8.3e-09 18.1562 2.23438 8.10938 2 22183 61967333 3 599881 289294473
8.3e-09 18.5625 1.95312 8.10938 0 1328649 317150765 2 0 0
8.3e-09 20.1875 2.23438 8.10938 43 363149 230739341 31 750236 101935734
8.3e-09 19.0938 1.8125 8.10938 3 327700 295115846 1 39917 11199447
8.3e-09 17.4375 2.8125 8.10938 0 530438 291464743 0 6653 4290757
8.3e-09 18.3438 2.03125 8.09375 0 272206 321693140 0 66783 5388075
8.3e-09 15.625 1.92188 8.10938 0 425951 319170563 0 6683 1681474
8.3e-09 19.7344 1.82812 8.10938 8 452445 19997705 9 3087927 284332419
8.3e-09 16.5781 1.95312 8.10938 0 16 1667 0 700047 318533090
8.3e-09 15.9844 1.92188 8.10938 0 9790 381014755 0 0 0
8.3e-09 18.2656 2.26562 8.10938 1 0 0 0 927072 393977245
8.3e-09 17.6719 2.5 8.10938 0 851 94650 0 746298 310822642
8.3e-09 17.9688 2.01562 8.10938 0 1958 1126856 0 1141375 384531089
8.3e-09 17.4688 1.98438 8.10938 0 104 921 0 190556 381553101
8.3e-09 16.1562 2.51562 8.10938 0 525950 336618115 0 0 0
8.3e-09 19.5938 2.03125 8.10938 7 356607 14106972 6 579943 332866966
8.3e-09 17.6094 1.90625 8.10938 0 0 0 2 1068988 359485961
8.3e-09 23.2344 2.46875 8.10938 1169 13834450 350595542 1144 0 0
8.3e-09 19.2969 1.85938 8.10938 4 0 0 6 3302144 377414528
8.3e-09 17.4531 2.40625 8.10938 0 171105 297957485 0 0 0
8.3e-09 20.4688 2.42188 8.10938 29 573459 16632558 35 1281795 363669256
8.3e-09 17.7812 2.32812 8.35938 0 328074 345138452 0 0 0
8.3e-09 18.8125 2.3125 8.10938 2 315733 331271748 2 0 0
8.3e-09 infty 1.89062 8.10938 3400 1020420 98957376 3376 0 0
8.3e-09 18.4688 2.375 8.10938 1 29 417 2 2275026 373932593
8.3e-09 18.6562 2.34375 8.10938 2 2124633 382658381 1 0 0
8.3e-09 22.25 2.23438 8.10938 332 85 98 335 11006505 353957446
8.3e-09 20.1094 2.42188 8.10938 11 994523 304422540 17 2768 25842
8.3e-09 infty 2.54688 8.10938 3119 472375 4656986 3005 0 0
8.3e-09 19.9844 2.75 8.10938 15 272930 224751325 11 1694948 121248942
8.3e-09 17.9375 2.4375 8.10938 1 80 1205 1 1143772 321969095
8.3e-09 19.2188 1.85938 8.10938 6 1769 78701 4 1735947 350079257
8.3e-09 infty 2.21875 8.10938 3177 1710 4809 3203 4566 4355
8.3e-09 17.1406 2.23438 8.10938 0 256905 325017560 0 5929 433959
8.3e-09 19.9219 1.90625 8.10938 13 2925298 191696018 13 352931 138542773
8.3e-09 15.5312 2.29688 8.10938 0 32 3233 0 0 319400146
8.3e-09 17.9375 2.4375 8.10938 2 350815 28141412 0 108684 294915320
8.3e-09 18.9531 2.03125 8.01562 2 1731149 333769931 0 23444 2679004
8.3e-09 19.1094 2.53125 8.10938 3 2254549 326835596 1 0 0
8.3e-09 20.7188 1.95312 8.10938 46 1148 25704 49 7425568 318231677
8.3e-09 22.8281 2.28125 8.10938 691 8301150 359359447 668 0 0
8.3e-09 infty 2.4375 8.10938 2834 0 0 2867 406 5391
8.3e-09 22 2.35938 8.10938 261 1728390 43651245 266 2300603 251457392
8.3e-09 20.1406 2.51562 8.10938 18 0 0 27 3098131 382521657
8.3e-09 19.25 1.89062 8.10938 8 1057823 258727359 6 809252 45922817
8.3e-09 infty 1.9375 8.10938 3070 508215 7016240 3053 0 0
8.3e-09 18.0781 1.82812 8.10938 0 41016 35996539 0 1170814 268671649
8.3e-09 20.1719 2.23438 8.10938 14 27410 2869634 14 4576983 334273072
8.3e-09 20.0156 2.29688 8.10938 20 361157 17754929 21 3068805 336228138
8.3e-09 21.0938 2.46875 8.10938 55 5192681 348628091 52 278750 14300158
8.3e-09 18.6875 2.01562 8.10938 0 680023 338682107 2 15 14
8.3e-09 19.9375 1.89062 8.10938 12 683565 211749046 8 2013597 156156149
8.3e-09 infty 2.3125 8.10938 2740 0 0 2720 4621197 89676950
8.3e-09 19.5 2.375 8.10938 6 63 88613 3 3424085 358967056
8.3e-09 19.2812 2.32812 8.35938 1 14908 811903 2 1843573 323542180
8.3e-09 15.9062 2.85938 8.10938 0 457201 296558034 0 443 72922897
8.3e-09 18.3281 1.82812 8.10938 2 13555 678333 2 349829 345457986
8.3e-09 21.4062 2.32812 7.90625 107 4232495 300921063 97 23894 6057574
8.3e-09 19.875 1.8125 8.10938 5 2363771 302720537 5 2942 34817
8.3e-09 17.4844 2.04688 8.10938 0 1128171 351902440 0 8805 550912
8.3e-09 19.1094 2.3125 8.10938 5 1794005 328932793 2 842 11868
8.3e-09 infty 2.5 8.10938 3350 0 0 3323 0 0
8.3e-09 17.0469 2.39062 8.10938 0 0 0 0 405762 384101340
8.3e-09 18.0781 1.84375 8.10938 2 0 3 1 50404 325016961
8.3e-09 19.6875 2.23438 8.10938 10 1275809 204741783 13 961608 102878882
8.3e-09 21.6406 2.78125 8.1875 106 6116273 352461331 99 3179 5761
8.3e-09 18.5312 1.90625 8.10938 2 942007 304019969 2 0 0
8.3e-09 infty 2.54688 8.10938 3128 0 0 3079 3109298 58389959
8.3e-09 17.4219 2.42188 8.10938 0 529215 299507515 0 0 0
8.3e-09 20.1719 1.85938 8.10938 22 115591 22582917 16 3389988 347128724
8.3e-09 infty 1.85938 8.15625 2723 10794 108570970 2679 4306958 114756241
8.3e-09 19 2.23438 8.10938 1 2035665 170018146 2 1139570 125222776
8.3e-09 23.1406 2.26562 8.10938 896 0 0 960 3407598 324326396
8.3e-09 20.5 2.04688 8.10938 20 4828692 365399083 14 714 6679
8.3e-09 20.4844 2.25 8.10938 24 2150456 220734992 25 959713 123751023
8.3e-09 18.2969 2.5625 8.10938 1 116592 135561316 0 640239 248871540
8.3e-09 23.1719 2.53125 8.10938 777 0 0 778 14202435 294653412
8.3e-09 18.5625 2.34375 8.10938 1 110136 9282867 0 50640 302574910
8.3e-09 16.6719 1.98438 8.10938 0 65573 343293429 0 0 0
8.3e-09 infty 2.26562 8.10938 2993 1731912 31464662 2931 3326686 50453802
8.3e-09 17.8125 2.32812 8.3125 0 1194715 128262616 0 672027 197873706
8.3e-09 15.8438 1.89062 8.10938 0 10 311 0 38185 392356160
8.3e-09 21.3594 1.85938 8.3125 89 11507074 376972313 83 4203 87783
8.3e-09 17.4062 2.03125 7.90625 0 122488 306030083 0 0 44
8.3e-09 22.3281 2 8.10938 261 6354125 308133394 294 11 12
8.3e-09 21.7656 2.29688 8.10938 210 2495879 49837212 202 2746743 250525295
8.3e-09 infty 1.9375 8.10938 2993 3019 22936 3241 7246 121177
8.3e-09 17.625 2.375 8.10938 0 697765 302828975 0 28020 9279609
8.3e-09 16.8906 1.89062 8.10938 0 0 0 0 24718 301948984
8.3e-09 17.4375 1.84375 8.10938 0 96737 24306150 1 304843 276345637
8.3e-09 16.5156 2.82812 8.10938 0 81631 391607754 0 0 0
8.3e-09 18.1094 1.95312 8.10938 0 69 3246 0 3066345 378792987
8.3e-09 18.1719 2.5625 8.10938 0 238319 147510598 2 381665 201288629
8.3e-09 17.0469 2.32812 7.9375 0 21 168 0 153278 295231634
8.3e-09 19.2188 2.40625 8.10938 5 3048251 346960030 8 21279 1147078
8.3e-09 20.5312 2 8.10938 20 2075817 356340147 21 98450 2280444
8.3e-09 23.5469 2.03125 8.04688 1498 0 0 1502 3046364 315297848
8.3e-09 infty 2.40625 8.10938 2990 0 0 2989 0 340
8.3e-09 21.7188 1.98438 8.10938 117 18294 169998 124 5818439 310662083
8.3e-09 infty 2.45312 8.10938 2800 26893 385749 2782 0 0
8.3e-09 23.2969 2.29688 8.10938 1140 128524 1519679 1121 7311675 332376902
8.3e-09 19.125 1.90625 8.10938 2 492005 113490571 3 1120492 219113727
8.3e-09 20.0156 2.32812 8.21875 2 3077932 377923209 3 876 16728
8.3e-09 16.9219 2.28125 8.10938 0 0 11 0 1255982 366231581
8.3e-09 20.7344 1.85938 8.10938 52 3951495 334333796 49 788377 17656785
8.3e-09 18.375 2.32812 8.34375 0 1218820 379533416 0 38373 3841028
8.3e-09 18.4844 1.95312 8.10938 0 833984 66335247 3 660486 239540809
8.3e-09 19.1719 1.92188 8.10938 5 595070 47068396 3 2892489 317168746
8.3e-09 16.5469 2.71875 8.10938 1 316433 352295429 0 1966 970679
8.3e-09 19.1094 1.98438 8.10938 4 0 0 2 2177422 321337310
8.3e-09 23.7812 1.89062 8.10938 2548 0 0 2507 8569626 330487267
8.3e-09 18.3906 2.26562 8.10938 0 1069793 340854967 1 196 63878
8.3e-09 17.1562 1.82812 8.10938 0 10474 5168481 0 577100 367541035
8.3e-09 20.2188 2.35938 8.10938 31 7230481 370354896 32 0 0
8.3e-09 18.0625 1.9375 8.10938 2 69420 323224451 0 34024 2027572
8.3e-09 22.1094 2.01562 8.1875 231 33939 1593777 198 9265926 308358749
8.3e-09 infty 1.89062 8.10938 3459 34 2037 3291 1079831 8898424
8.3e-09 23.2344 1.96875 8.10938 1217 0 0 1218 4967632 336884827
8.3e-09 18.5 2.51562 8.10938 2 333367 332091886 1 0 0
8.3e-09 infty 2 8.10938 2900 0 0 2694 479992 3795734
8.3e-09 19.0312 1.90625 8.10938 1 215861 9489725 3 2288663 368622242
8.3e-09 19.6094 2.54688 8.10938 6 0 0 3 2269370 382705446
8.3e-09 18.0625 2.84375 8.10938 0 8 5 0 745339 372175083
8.3e-09 20.5 1.90625 8.10938 25 1530005 316122319 29 33508 578069
8.3e-09 16.8594 1.875 7.85938 0 30830 3380077 0 27636 310917205
8.3e-09 18.5781 1.85938 8.1875 2 975971 361136371 3 79748 3844072
8.3e-09 19.625 1.95312 8.10938 7 1826272 148323810 3 1433148 147979725
8.3e-09 19.4531 2.3125 8.10938 5 9095 107806 3 4201011 348618133
8.3e-09 17.4688 1.96875 8.10938 0 348386 332398439 0 3027 351878
8.3e-09 17.0156 2.25 8.10938 0 372223 389097675 0 6199 4015791
8.3e-09 16.7031 1.875 7.9375 0 0 12859 0 373295 341481694
8.3e-09 20.8906 1.82812 8.10938 48 173080 3566129 44 4860646 294706945
8.3e-09 22.125 2.5 8.10938 255 4214528 310535908 266 2 0
8.3e-09 22.8594 1.89062 8.10938 801 0 0 792 17273304 343676716
8.3e-09 20.4062 2.34375 8.10938 25 31517 4461262 31 1541628 310280207
8.3e-09 15.0312 2.40625 8.10938 0 0 0 0 238278 374504010
8.3e-09 16.9062 2 8.10938 0 40037 15336235 0 79842 289872939
8.3e-09 16.875 2.21875 8.10938 0 58142 330674323 0 27 1442
8.3e-09 15.6562 2.4375 8.10938 0 338219 308596159 0 0 21
8.3e-09 15.6406 2.01562 8.29688 0 9614 2064736 0 21823 330195596
8.3e-09 infty 1.82812 8.10938 2881 674 94973 2849 555568 4379820
8.3e-09 18.9688 1.96875 8.10938 1 2898394 357529758 4 325671 18297087
8.3e-09 17.4844 2.34375 8.03125 0 287596 258759728 0 308154 92631895
8.3e-09 infty 1.92188 8.10938 3044 891129 13976019 3224 0 357
8.3e-09 22.625 2.78125 8.32812 461 6763252 315830420 454 207508 7138137
8.3e-09 19.7188 2.03125 8.09375 11 9 3 13 349615 311130556
8.3e-09 19.9531 1.8125 8.10938 8 2374255 323137043 5 191080 7292543
8.3e-09 17.9688 2.04688 8.10938 1 742792 308377480 0 6 9
8.3e-09 18.0156 1.85938 8.25 0 82512 16852163 1 7955 355016663
8.3e-09 18.4844 1.875 7.98438 0 79 1247 0 734435 380668586
8.3e-09 21.5469 1.90625 8.10938 188 3729135 345374524 189 255 3102
8.3e-09 20.25 1.85938 8.20312 15 1896632 317778515 27 0 0
8.3e-09 18.1406 2.29688 8.10938 1 0 1 3 170266 307413055
8.3e-09 16.5 1.98438 8.10938 0 748113 348614578 0 2555 481632
8.3e-09 16.1719 1.85938 8.10938 0 6 540 0 177041 336977273
8.3e-09 19.8281 1.85938 8.10938 9 4348566 315519366 5 0 0
8.3e-09 19.5938 2.35938 8.10938 7 420 36311 13 2069889 354029838
8.3e-09 18.5625 2.25 8.10938 3 367410 276086592 3 333183 97642213
8.3e-09 16.9688 2.5625 8.10938 0 24 1055 0 402754 332213829
8.3e-09 infty 2.76562 8.10938 2669 1193374 25113000 2751 29240 51026
8.3e-09 16.4688 2.25 8.10938 0 229934 314659894 0 8994 1381469
8.3e-09 19.2188 2.32812 8.3125 9 0 360222477 11 20714 1108779
8.3e-09 18.6406 2.3125 8.10938 1 5179 175146 3 2067858 346749516
8.3e-09 19.7031 2.82812 8.10938 10 3550512 294860183 11 651962 84658528
8.3e-09 16.9688 1.9375 8.10938 0 10434 965925 0 828544 304262011
8.3e-09 21.0312 2.375 8.10938 55 2862361 316164841 47 0 0
8.3e-09 20.2031 2.34375 8.10938 15 812450 382569414 24 9612 910773
8.3e-09 19.5781 1.9375 8.10938 0 5358772 389441215 4 0 0
8.3e-09 infty 1.8125 8.10938 2982 0 0 2749 0 0
8.3e-09 17.4062 1.82812 8.10938 0 741253 385301446 0 0 0
8.3e-09 17.4375 1.82812 8.10938 0 73060 19141975 0 916530 338802469
8.3e-09 18.625 2.21875 8.10938 1 992149 345873368 5 12 82
8.3e-09 infty 2.28125 8.10938 2932 683349 4531922 2827 0 0
8.3e-09 17.4375 1.9375 8.10938 0 302 75477 0 104873 305460640
8.3e-09 18.5625 2.75 8.10938 0 56296 9726017 2 57211 369871128
8.3e-09 infty 2.42188 8.10938 2876 33897 4168645 2920 1347 9245
8.3e-09 21.2812 2.20312 8.10938 94 7465093 204803957 100 1875747 88200974
8.3e-09 20.9688 2.29688 8.10938 28 13778 647393 19 611482 350217064
8.3e-09 24.2344 2.82812 8.10938 3225 16961565 268326262 3231 6 4
8.3e-09 16.6562 2.03125 8.10938 0 3453 227231 0 829770 359409160
8.3e-09 19.6562 1.82812 8.10938 15 2479531 379347954 14 216 1516
8.3e-09 infty 1.96875 8.10938 2938 0 0 2852 235 60
8.3e-09 16.8594 2.32812 7.85938 0 488 2354564 0 325826 313364090
8.3e-09 infty 2.28125 8.10938 2987 0 0 2823 22571 52490
8.3e-09 18.0781 1.96875 8.10938 1 1328929 331942482 0 1570 75774
8.3e-09 19.2188 2.34375 8.10938 8 134167 118310563 4 549835 187891062
8.3e-09 21.5625 2.29688 8.10938 167 2044922 347276119 152 532572 7454323
8.3e-09 20.1094 2.75 8.10938 13 67184 3817753 9 306264 341122904
8.3e-09 20.2188 1.89062 8.10938 34 347554 318716159 27 215122 11042153
8.3e-09 21.7656 1.85938 8.3125 153 66519 5330685 141 4376667 330871027
8.3e-09 16.4219 1.89062 8.10938 0 13459 352433494 0 0 0
8.3e-09 16.5469 1.92188 8.10938 1 254 13385 0 34303 390148223
8.3e-09 21 2.3125 8.1875 34 2890964 283557951 28 124568 7659072
8.3e-09 19.8281 1.875 7.875 5 1587012 99094915 9 390009 206044997
8.3e-09 18.625 2.46875 8.10938 1 901518 291442289 1 63498 10964240
8.3e-09 18.4219 1.9375 8.10938 0 664337 358257315 1 112577 12096666
8.3e-09 21.5156 2.28125 8.10938 155 0 338912972 145 730434 30380004
8.3e-09 19.0156 2 8.10938 4 1277896 379902396 3 14 18
8.3e-09 18.3438 2.5625 8.10938 3 57710 281858151 0 402832 91011217
8.3e-09 14.5 1.875 8.375 0 57493 386657705 0 0 0
8.3e-09 20.5312 1.875 8.35938 63 127926 377647776 55 241561 5855765
8.3e-09 20.1406 1.9375 8.10938 16 2297056 210278564 12 162527 108117567
8.3e-09 16.3125 2.04688 8.10938 0 6811 37280623 0 337707 348422487
8.3e-09 18.0938 2.34375 8.07812 1 0 0 0 90937 354695024
8.3e-09 18.3906 1.92188 8.10938 0 20213 220000 1 878476 331079761
8.3e-09 17.9375 2.34375 8.10938 0 301887 56722751 0 1308601 297973451
8.3e-09 19.125 2.3125 8.17188 3 2159519 250146515 3 47443 65112510
8.3e-09 20.375 1.875 8.03125 43 453852 342550763 40 146459 19459713
8.3e-09 18.5 2.34375 8.10938 1 0 0 3 1823033 317829452
8.3e-09 17.9531 1.9375 8.10938 0 143241 35386611 0 844189 334521370
8.3e-09 21.7031 1.96875 8.10938 109 614374 142255688 105 3280788 158245628
8.3e-09 15.8438 1.90625 8.10938 0 373854 358868711 0 17751 13278139
8.3e-09 infty 2.82812 8.10938 3375 0 0 3346 1374154 83600289
8.3e-09 20.1562 1.89062 8.10938 8 1838039 307613859 19 37530 1871027
8.3e-09 17.1562 1.92188 8.10938 1 18610 344139937 0 0 0
8.3e-09 18.1562 2.46875 8.10938 1 0 0 1 1535599 336864090
8.3e-09 19.6719 2.375 8.10938 8 246534 29007709 5 1178359 328435519
8.3e-09 22.25 2.375 8.10938 436 1184744 32093910 420 11440121 304584580
8.3e-09 19.3906 2.53125 8.10938 11 1858559 282017672 10 0 31485803
