8.3e-09 1.3125 1.85938 9.39952e-36 226102158 18 2 225991536 14 0
8.3e-09 2.0625 2.45312 9.39952e-36 235623375 0 0 235344641 1 0
8.3e-09 1.1875 1.71875 9.39952e-36 216626446 11 0 216708970 3 0
8.3e-09 1.65625 2.04688 9.39952e-36 211822190 15 0 211751776 4 1
8.3e-09 1.5625 1.95312 9.39952e-36 189449944 7 0 189451189 4 0
8.3e-09 1.15625 1.6875 9.39952e-36 230391934 5 1 230460217 7 0
8.3e-09 1.65625 2.04688 9.39952e-36 213221672 4 0 213222077 11 0
8.3e-09 1.90625 2.4375 9.39952e-36 238897022 21 3 239054114 1 0
8.3e-09 1.375 1.90625 9.39952e-36 203478113 7 0 203478247 9 0
8.3e-09 1.57812 1.95312 9.39952e-36 250236388 5 0 250211938 9 0
8.3e-09 1.57812 1.95312 9.39952e-36 250135355 1 0 250191555 0 0
8.3e-09 1.59375 1.96875 9.39952e-36 243063839 13 0 243001035 6 0
8.3e-09 1.14062 1.51562 9.39952e-36 239406038 7 2 239443552 26 0
8.3e-09 1.625 2 9.39952e-36 229001404 9 0 229143318 7 0
8.3e-09 1.14062 1.51562 9.39952e-36 238922158 7 0 238722268 10 0
8.3e-09 1.39062 1.92188 9.39952e-36 199863862 0 0 199785099 7 0
8.3e-09 1.17188 1.71875 9.39952e-36 220754692 8 0 220873445 2 0
8.3e-09 1.1875 1.71875 9.39952e-36 217906203 3 0 217741398 5 0
8.3e-09 1.875 2.40625 9.39952e-36 188839288 13 0 188782317 10 0
8.3e-09 1.64062 2.03125 9.39952e-36 219518458 18 0 219561199 1 7
8.3e-09 1.25 1.78125 9.39952e-36 193531455 10 0 193508662 7 1
8.3e-09 1.78125 2.3125 9.39952e-36 226098509 21 0 226161118 4 0
8.3e-09 2.0625 2.4375 9.39952e-36 236585092 7 0 236561025 13 0
8.3e-09 1.1875 1.73438 9.39952e-36 215453769 22 0 215505378 11 0
8.3e-09 1.125 1.51562 9.39952e-36 241836040 16 0 241797381 17 0
8.3e-09 1.79688 2.32812 9.39952e-36 217637121 23 1 217390749 5 0
8.3e-09 1.1875 1.71875 9.39952e-36 218321073 30 1 218288454 11 0
8.3e-09 1.17188 1.70312 9.39952e-36 226853783 7 1 226743603 23 4
8.3e-09 1.25 1.78125 9.39952e-36 195710983 7 0 195785389 16 0
8.3e-09 1.23438 1.76562 9.39952e-36 201011635 12 0 200967175 3 0
8.3e-09 1.21875 1.75 9.39952e-36 205672784 14 0 205632496 5 0
8.3e-09 1.625 2.01562 9.39952e-36 224467304 14 0 224642822 17 9
8.3e-09 2.14062 2.51562 9.39952e-36 205678251 10 0 205777220 14 0
8.3e-09 1.23438 1.76562 9.39952e-36 200485525 20 0 200496827 0 0
8.3e-09 1.14062 1.53125 9.39952e-36 234976840 21 0 234928245 11 0
8.3e-09 1.15625 1.53125 9.39952e-36 231801093 17 5 231681495 21 0
8.3e-09 1.21875 1.75 9.39952e-36 206368138 13 2 206356898 2 0
8.3e-09 1.78125 2.3125 9.39952e-36 224535732 7 5 224595124 31 1
8.3e-09 1.21875 1.75 9.39952e-36 207687850 7 0 207776743 5 0
8.3e-09 1.54688 1.9375 9.39952e-36 194419426 23 5 194444369 12 0
8.3e-09 1.76562 2.3125 9.39952e-36 228636664 5 0 228693404 7 0
8.3e-09 1.25 1.78125 9.39952e-36 192768434 18 1 192945948 2 0
8.3e-09 1.25 1.79688 9.39952e-36 192081081 3 0 192068795 4 0
8.3e-09 1.85938 2.39062 9.39952e-36 193619013 3 0 193653809 11 0
8.3e-09 2.14062 2.51562 9.39952e-36 203845432 4 0 203831305 15 0
8.3e-09 1.29688 1.84375 9.39952e-36 234243360 11 0 234156874 17 1
8.3e-09 1.35938 1.90625 9.39952e-36 207736191 6 0 207729869 19 0
8.3e-09 1.90625 2.4375 9.39952e-36 239709612 4 0 239588451 0 0
8.3e-09 1.73438 2.28125 9.39952e-36 242665190 4 0 242644193 8 0
8.3e-09 1.54688 1.9375 9.39952e-36 195164747 19 1 195001085 3 0
8.3e-09 1.79688 2.32812 9.39952e-36 219021920 5 0 219174489 0 0
8.3e-09 1.375 1.90625 9.39952e-36 205366033 7 1 205316871 0 0
8.3e-09 1.64062 2.01562 9.39952e-36 220311596 7 0 220240739 1 0
8.3e-09 1.28125 1.8125 9.39952e-36 245506276 5 0 245590550 12 0
8.3e-09 1.6875 2.21875 9.39952e-36 201803190 5 0 201841186 6 0
8.3e-09 1.15625 1.6875 9.39952e-36 229622312 10 1 229568439 3 0
8.3e-09 2.125 2.5 9.39952e-36 209686933 9 0 209726251 11 0
8.3e-09 1.09375 1.48438 9.39952e-36 192895015 7 2 192794909 2 0
8.3e-09 1.32812 1.875 9.39952e-36 219451510 2 0 219639404 15 3
8.3e-09 1.625 2 9.39952e-36 228063892 3 0 228099500 32 0
8.3e-09 1.17188 1.70312 9.39952e-36 222963768 23 0 223119381 0 0
8.3e-09 1.17188 1.71875 9.39952e-36 222531739 5 0 222466196 16 0
8.3e-09 1.65625 2.03125 9.39952e-36 214819708 32 2 214837848 13 0
8.3e-09 1.3125 1.85938 9.39952e-36 227893393 14 0 227830245 9 0
8.3e-09 1.65625 2.03125 9.39952e-36 214347350 11 0 214455095 6 0
8.3e-09 1.59375 1.98438 9.39952e-36 238355278 6 1 238290030 6 2
8.3e-09 1.54688 1.92188 9.39952e-36 197410910 5 0 197515590 6 0
8.3e-09 1.64062 2.03125 9.39952e-36 217496321 7 0 217438419 7 0
8.3e-09 1.84375 2.375 9.39952e-36 199451888 13 3 199509040 8 0
8.3e-09 1.29688 1.82812 9.39952e-36 237065341 7 0 237124767 8 0
8.3e-09 1.70312 2.23438 9.39952e-36 196476051 10 0 196492655 16 2
8.3e-09 1.375 1.90625 9.39952e-36 202926854 5 0 202908663 25 1
8.3e-09 1.23438 1.78125 9.39952e-36 197640774 15 0 197663568 5 0
8.3e-09 1.10938 1.48438 9.39952e-36 189757087 21 0 189731617 12 0
8.3e-09 1.57812 1.96875 9.39952e-36 246142452 9 1 246393736 8 0
8.3e-09 1.29688 1.84375 9.39952e-36 233712232 13 0 233727615 9 0
8.3e-09 1.21875 1.76562 9.39952e-36 203352204 2 1 203413135 3 0
8.3e-09 1.25 1.79688 9.39952e-36 190335649 4 0 190415174 2 0
8.3e-09 1.20312 1.73438 9.39952e-36 211265922 4 0 211193213 25 6
8.3e-09 1.64062 2.01562 9.39952e-36 220263622 1 0 220224645 8 4
8.3e-09 2.0625 2.45312 9.39952e-36 234932118 6 0 234911797 20 0
8.3e-09 1.3125 1.84375 9.39952e-36 228873239 12 0 228712452 22 0
8.3e-09 1.85938 2.39062 9.39952e-36 195090928 10 0 195103059 1 0
8.3e-09 1.29688 1.82812 9.39952e-36 236087988 4 0 235916957 8 0
8.3e-09 1.54688 1.92188 9.39952e-36 198458957 9 0 198442707 32 10
8.3e-09 1.34375 1.89062 9.39952e-36 215016261 7 0 214949972 1 0
8.3e-09 1.20312 1.75 9.39952e-36 209546235 3 0 209487833 3 0
8.3e-09 1.32812 1.85938 9.39952e-36 222861931 7 0 222702912 15 1
8.3e-09 1.23438 1.78125 9.39952e-36 196905471 7 2 196835029 20 0
8.3e-09 1.15625 1.6875 9.39952e-36 230874292 16 1 230860615 8 0
8.3e-09 1.17188 1.71875 9.39952e-36 220637670 14 1 220591265 6 1
8.3e-09 1.73438 2.26562 9.39952e-36 244726477 46 3 244521727 16 0
8.3e-09 1.34375 1.875 9.39952e-36 218879948 4 0 218814247 18 0
8.3e-09 1.64062 2.01562 9.39952e-36 222470097 2 0 222415953 2 0
8.3e-09 1.64062 2.03125 9.39952e-36 218606605 3 4 218774028 6 0
8.3e-09 1.1875 1.71875 9.39952e-36 218723209 2 0 218675537 39 3
8.3e-09 1.20312 1.75 9.39952e-36 209446700 0 8 209397660 7 0
8.3e-09 1.32812 1.875 9.39952e-36 221057737 21 0 221019246 5 0
8.3e-09 1.25 1.78125 9.39952e-36 192394418 5 0 192532366 2 7
8.3e-09 1.84375 2.39062 9.39952e-36 198092434 7 0 198116465 16 0
8.3e-09 1.28125 1.82812 9.39952e-36 240061591 7 0 240085747 3 0
8.3e-09 1.23438 1.76562 9.39952e-36 201632836 4 0 201730005 0 10
8.3e-09 1.73438 2.26562 9.39952e-36 244960498 12 0 244914905 3 0
8.3e-09 1.14062 1.51562 9.39952e-36 240637756 10 0 240593354 4 2
8.3e-09 1.76562 2.3125 9.39952e-36 228721758 5 0 228686831 2 0
8.3e-09 1.28125 1.8125 9.39952e-36 245859784 1 0 245885872 1 0
8.3e-09 1.21875 1.75 9.39952e-36 204691874 7 0 204866067 6 0
8.3e-09 1.125 1.5 9.39952e-36 245409826 28 0 245493252 5 0
8.3e-09 1.75 2.29688 9.39952e-36 235878572 19 0 235760467 6 0
8.3e-09 1.65625 2.03125 9.39952e-36 214147171 2 0 214159024 6 0
8.3e-09 1.26562 1.79688 9.39952e-36 190012867 6 0 190150823 3 0
8.3e-09 1.57812 1.95312 9.39952e-36 249663669 0 0 249978874 11 0
8.3e-09 1.3125 1.84375 9.39952e-36 231894745 8 0 231862689 12 0
8.3e-09 1.23438 1.76562 9.39952e-36 199136600 11 0 199246772 1 0
8.3e-09 1.59375 1.96875 9.39952e-36 242133996 14 0 242101092 15 1
8.3e-09 1.10938 1.5 9.39952e-36 251360291 15 0 251265712 10 0
8.3e-09 1.125 1.51562 9.39952e-36 243969978 24 0 243849856 3 0
8.3e-09 1.26562 1.79688 9.39952e-36 251198492 19 0 251042282 5 0
8.3e-09 1.25 1.78125 9.39952e-36 193957116 10 0 194015534 6 0
8.3e-09 1.1875 1.73438 9.39952e-36 214834101 9 0 214856471 20 0
8.3e-09 1.125 1.51562 9.39952e-36 242440714 20 1 242409647 6 0
8.3e-09 1.5625 1.95312 9.39952e-36 189452986 7 0 189298240 6 0
8.3e-09 1.3125 1.85938 9.39952e-36 225869862 14 0 225870169 20 0
8.3e-09 1.20312 1.75 9.39952e-36 208052645 2 0 208146149 18 1
8.3e-09 1.79688 2.34375 9.39952e-36 215160564 3 0 215084645 8 0
8.3e-09 1.35938 1.90625 9.39952e-36 208304761 9 0 208376362 6 0
8.3e-09 1.23438 1.76562 9.39952e-36 200397531 12 0 200359359 6 0
8.3e-09 1.14062 1.53125 9.39952e-36 234889298 5 0 234922787 8 0
8.3e-09 1.25 1.79688 9.39952e-36 191545170 1 0 191758066 2 0
8.3e-09 1.14062 1.53125 9.39952e-36 236334451 17 0 236192091 22 1
8.3e-09 1.57812 1.96875 9.39952e-36 245558768 17 3 245493252 4 0
8.3e-09 1.17188 1.71875 9.39952e-36 221323014 1 0 221355340 25 2
8.3e-09 1.26562 1.79688 9.39952e-36 189384215 2 0 189376663 4 0
8.3e-09 1.34375 1.875 9.39952e-36 217400335 7 0 217316586 14 0
8.3e-09 1.70312 2.25 9.39952e-36 192408617 7 0 192431333 13 0
8.3e-09 1.21875 1.75 9.39952e-36 206238281 12 0 206355934 6 0
8.3e-09 2.0625 2.45312 9.39952e-36 235082453 13 0 235254280 14 0
8.3e-09 1.6875 2.23438 9.39952e-36 199633153 7 1 199690813 25 1
8.3e-09 1.15625 1.6875 9.39952e-36 230322913 9 0 230359457 13 0
8.3e-09 1.09375 1.48438 9.39952e-36 192662518 13 3 192663508 4 0
8.3e-09 1.10938 1.5 9.39952e-36 251436325 7 0 251380520 10 0
8.3e-09 1.125 1.51562 9.39952e-36 240737023 2 0 240858738 8 0
8.3e-09 1.67188 2.21875 9.39952e-36 205468675 13 0 205175531 6 0
8.3e-09 1.71875 2.25 9.39952e-36 189474285 4 0 189604577 7 0
8.3e-09 1.21875 1.75 9.39952e-36 205287684 6 0 205279003 5 0
8.3e-09 1.28125 1.82812 9.39952e-36 239881948 3 0 239818130 7 0
8.3e-09 1.34375 1.89062 9.39952e-36 214664393 8 0 214765847 7 0
8.3e-09 1.25 1.78125 9.39952e-36 195298734 11 0 195261703 10 0
8.3e-09 1.34375 1.875 9.39952e-36 217723757 15 0 217557872 3 0
8.3e-09 1.64062 2.03125 9.39952e-36 217975474 9 0 217934855 14 0
8.3e-09 1.78125 2.3125 9.39952e-36 227905061 20 5 227994660 19 2
8.3e-09 1.29688 1.82812 9.39952e-36 238768419 16 0 238616544 2 0
8.3e-09 1.8125 2.34375 9.39952e-36 213128051 6 0 213197937 2 0
8.3e-09 1.65625 2.04688 9.39952e-36 213056489 5 1 213057699 10 2
8.3e-09 1.20312 1.73438 9.39952e-36 212979043 4 0 212905031 4 0
8.3e-09 1.21875 1.75 9.39952e-36 205548822 21 0 205621966 4 0
8.3e-09 1.20312 1.73438 9.39952e-36 211879611 10 0 211820503 4 3
8.3e-09 1.32812 1.85938 9.39952e-36 221530020 9 0 221554923 13 0
8.3e-09 1.57812 1.96875 9.39952e-36 245185259 15 0 245067041 34 0
8.3e-09 1.28125 1.8125 9.39952e-36 243308410 4 0 243316005 17 0
8.3e-09 1.21875 1.75 9.39952e-36 207860500 20 0 207814752 6 4
8.3e-09 1.82812 2.35938 9.39952e-36 208708336 16 0 208681790 5 0
8.3e-09 1.79688 2.32812 9.39952e-36 219988181 0 0 219858890 2 0
8.3e-09 1.1875 1.71875 9.39952e-36 217145171 18 6 217239041 5 0
8.3e-09 1.125 1.5 9.39952e-36 246193786 66 1 246362626 24 1
8.3e-09 1.82812 2.35938 9.39952e-36 207415267 12 0 207560223 13 0
8.3e-09 1.17188 1.70312 9.39952e-36 224949888 12 1 224897433 22 0
8.3e-09 1.26562 1.8125 9.39952e-36 246428497 31 1 246629431 17 1
8.3e-09 1.375 1.92188 9.39952e-36 202708087 10 0 202676911 7 1
8.3e-09 1.375 1.90625 9.39952e-36 203136830 15 0 202947008 8 0
8.3e-09 1.20312 1.73438 9.39952e-36 212001098 12 0 211986843 6 4
8.3e-09 1.54688 1.9375 9.39952e-36 195141698 16 0 195177362 11 0
8.3e-09 1.89062 2.4375 9.39952e-36 242520132 25 0 242626972 22 0
8.3e-09 1.34375 1.875 9.39952e-36 216477188 7 0 216346244 0 0
8.3e-09 1.29688 1.84375 9.39952e-36 234590423 5 0 234552861 39 1
8.3e-09 1.64062 2.01562 9.39952e-36 220246299 9 0 220082649 6 0
8.3e-09 1.28125 1.82812 9.39952e-36 241645708 2 0 241650585 3 0
8.3e-09 1.10938 1.5 9.39952e-36 250961525 22 0 250993275 6 0
8.3e-09 1.20312 1.73438 9.39952e-36 211285003 7 0 211304983 3 0
8.3e-09 1.35938 1.89062 9.39952e-36 211590222 20 0 211796077 5 0
8.3e-09 1.25 1.78125 9.39952e-36 195495322 8 0 195563728 6 1
8.3e-09 1.625 2 9.39952e-36 227994156 20 3 227942402 18 1
8.3e-09 2.07812 2.46875 9.39952e-36 226252033 16 2 226524398 5 3
8.3e-09 1.15625 1.53125 9.39952e-36 232406595 4 0 232464192 3 0
8.3e-09 1.10938 1.5 9.39952e-36 248961170 3 0 248976768 11 0
8.3e-09 1.125 1.5 9.39952e-36 245575907 13 10 245447860 11 0
8.3e-09 1.10938 1.5 9.39952e-36 251459593 6 0 251445941 13 0
8.3e-09 1.71875 2.25 9.39952e-36 189324970 8 0 189310736 11 0
8.3e-09 1.8125 2.34375 9.39952e-36 211167501 10 0 211133441 7 0
8.3e-09 1.57812 1.96875 9.39952e-36 243388112 14 0 243500268 2 0
8.3e-09 1.23438 1.78125 9.39952e-36 197743997 1 2 197664166 14 0
8.3e-09 1.57812 1.96875 9.39952e-36 243842159 28 0 243898994 12 0
8.3e-09 1.09375 1.48438 9.39952e-36 192881798 2 0 192977425 14 0
8.3e-09 1.10938 1.48438 9.39952e-36 189579438 18 0 189448060 12 1
8.3e-09 1.10938 1.48438 9.39952e-36 190353325 4 0 190391941 0 8
8.3e-09 1.71875 2.25 9.39952e-36 188945707 12 3 188789222 2 0
8.3e-09 1.5625 1.95312 9.39952e-36 188960042 20 0 188821294 7 0
8.3e-09 1.75 2.29688 9.39952e-36 237099364 12 0 237127379 15 0
8.3e-09 1.75 2.28125 9.39952e-36 237865858 10 8 237864479 7 0
8.3e-09 1.32812 1.85938 9.39952e-36 221495328 2 0 221514961 3 0
8.3e-09 1.25 1.78125 9.39952e-36 193610724 8 0 193710593 5 0
8.3e-09 1.25 1.78125 9.39952e-36 192593199 1 0 192581327 7 2
8.3e-09 1.76562 2.29688 9.39952e-36 233144480 17 0 232970266 9 0
8.3e-09 1.64062 2.03125 9.39952e-36 217434275 15 0 217344942 6 0
8.3e-09 1.15625 1.70312 9.39952e-36 229542812 7 0 229482777 24 1
8.3e-09 1.29688 1.82812 9.39952e-36 237391746 53 1 237383081 7 1
8.3e-09 1.60938 2 9.39952e-36 230535418 3 0 230699840 13 0
8.3e-09 1.59375 1.96875 9.39952e-36 241124696 3 0 241234682 4 0
8.3e-09 1.09375 1.48438 9.39952e-36 192095387 2 0 192085856 7 0
8.3e-09 1.17188 1.70312 9.39952e-36 226322795 10 0 226328393 9 16
8.3e-09 1.10938 1.5 9.39952e-36 248599624 11 0 248542504 13 0
8.3e-09 1.1875 1.71875 9.39952e-36 218383093 21 0 218338508 53 11
8.3e-09 1.5625 1.95312 9.39952e-36 188696069 9 0 188959950 1 0
8.3e-09 1.60938 1.98438 9.39952e-36 235012554 18 0 235189182 11 0
8.3e-09 1.14062 1.51562 9.39952e-36 239527878 6 0 239412538 7 0
8.3e-09 1.1875 1.73438 9.39952e-36 215535430 0 0 215523517 34 3
8.3e-09 1.20312 1.75 9.39952e-36 210194489 5 0 210046650 14 0
8.3e-09 1.3125 1.85938 9.39952e-36 226938537 15 1 226817642 8 0
8.3e-09 1.57812 1.95312 9.39952e-36 247831741 23 2 247758221 20 3
8.3e-09 1.28125 1.8125 9.39952e-36 242543070 4 4 242662549 8 0
8.3e-09 1.75 2.28125 9.39952e-36 240783889 21 1 241052333 9 0
8.3e-09 1.54688 1.92188 9.39952e-36 198628325 8 0 198538940 3 1
8.3e-09 2.125 2.51562 9.39952e-36 208912753 6 0 208865483 7 0
8.3e-09 1.625 2.01562 9.39952e-36 223546983 1 3 223787427 3 0
8.3e-09 1.21875 1.75 9.39952e-36 204336373 22 0 204490822 9 1
8.3e-09 1.10938 1.5 9.39952e-36 251139286 6 0 251139202 4 0
8.3e-09 2.09375 2.48438 9.39952e-36 220665102 15 0 220698228 9 0
8.3e-09 1.10938 1.5 9.39952e-36 251639001 36 0 251729440 4 0
8.3e-09 1.3125 1.85938 9.39952e-36 227291971 18 0 227418764 6 0
8.3e-09 1.15625 1.53125 9.39952e-36 231546437 22 0 231530873 5 0
8.3e-09 1.20312 1.73438 9.39952e-36 212244240 1 0 212209630 0 0
8.3e-09 1.76562 2.29688 9.39952e-36 232889888 0 0 232806632 7 0
8.3e-09 1.10938 1.5 9.39952e-36 250108067 19 0 249912094 4 0
8.3e-09 1.59375 1.98438 9.39952e-36 238849620 9 0 238615959 24 9
8.3e-09 1.1875 1.71875 9.39952e-36 217584737 8 1 217700180 16 1
8.3e-09 1.17188 1.71875 9.39952e-36 222280027 3 0 222284846 4 0
8.3e-09 1.1875 1.71875 9.39952e-36 217893780 14 0 217976114 11 0
8.3e-09 1.78125 2.3125 9.39952e-36 226103180 5 0 225999267 8 0
8.3e-09 1.15625 1.70312 9.39952e-36 227464271 3 0 227445821 6 0
8.3e-09 1.75 2.29688 9.39952e-36 235129029 6 0 235188439 10 0
8.3e-09 1.1875 1.73438 9.39952e-36 215161831 13 0 215177394 4 0
8.3e-09 2.125 2.51562 9.39952e-36 209010618 5 2 208885919 3 1
8.3e-09 1.25 1.79688 9.39952e-36 191253940 7 0 191315153 17 1
8.3e-09 1.59375 1.98438 9.39952e-36 240188787 4 0 240132255 6 0
8.3e-09 1.17188 1.70312 9.39952e-36 226581465 2 0 226530301 3 1
8.3e-09 1.15625 1.6875 9.39952e-36 230479402 6 0 230470071 7 0
8.3e-09 1.25 1.79688 9.39952e-36 191895000 4 0 191890458 4 0
8.3e-09 1.14062 1.53125 9.39952e-36 236230652 15 0 236338922 12 1
8.3e-09 1.35938 1.90625 9.39952e-36 207588748 6 0 207530822 7 0
8.3e-09 1.375 1.92188 9.39952e-36 201230350 5 0 201185629 3 3
8.3e-09 2.07812 2.46875 9.39952e-36 227142245 16 0 227181757 11 0
8.3e-09 1.28125 1.8125 9.39952e-36 242589203 4 0 242605304 5 0
8.3e-09 1.15625 1.70312 9.39952e-36 228586024 7 0 228538937 7 0
8.3e-09 1.17188 1.71875 9.39952e-36 221225368 3 0 221256126 6 0
8.3e-09 1.26562 1.8125 9.39952e-36 248007386 8 0 248027763 20 0
8.3e-09 1.375 1.90625 9.39952e-36 206134451 8 0 206148650 4 0
8.3e-09 1.3125 1.84375 9.39952e-36 229907933 15 4 229897380 10 0
8.3e-09 1.70312 2.25 9.39952e-36 193343339 13 0 193269533 5 0
8.3e-09 1.1875 1.71875 9.39952e-36 217896497 11 0 217944220 21 0
8.3e-09 1.3125 1.85938 9.39952e-36 227027783 9 0 226964335 10 1
8.3e-09 1.73438 2.26562 9.39952e-36 247443940 20 0 247502141 10 0
8.3e-09 1.625 2 9.39952e-36 228629391 7 1 228608140 3 0
8.3e-09 1.59375 1.96875 9.39952e-36 240460690 4 0 240682924 22 5
8.3e-09 1.125 1.51562 9.39952e-36 244360425 9 1 244247136 10 0
8.3e-09 1.78125 2.32812 9.39952e-36 223584490 3 0 223440462 26 0
8.3e-09 1.14062 1.53125 9.39952e-36 237638645 1 0 237619223 2 0
8.3e-09 1.35938 1.89062 9.39952e-36 211908371 9 0 211832918 1 0
8.3e-09 1.67188 2.04688 9.39952e-36 208052091 1 0 208050954 6 0
8.3e-09 1.73438 2.26562 9.39952e-36 247042846 23 0 247198499 20 0
8.3e-09 1.85938 2.39062 9.39952e-36 193815070 6 1 193915282 10 0
8.3e-09 1.10938 1.48438 9.39952e-36 189885364 23 0 189899492 8 0
8.3e-09 1.73438 2.26562 9.39952e-36 245311511 18 0 245479433 6 0
8.3e-09 1.60938 1.98438 9.39952e-36 234349241 20 2 234413999 6 0
8.3e-09 1.70312 2.23438 9.39952e-36 197568982 16 0 197613151 4 0
8.3e-09 1.8125 2.34375 9.39952e-36 214268371 37 4 214455774 14 0
8.3e-09 1.1875 1.71875 9.39952e-36 219860178 10 0 219847964 3 0
8.3e-09 1.6875 2.23438 9.39952e-36 199434478 3 0 199416856 12 1
8.3e-09 1.09375 1.48438 9.39952e-36 193104910 12 0 193202446 1 0
8.3e-09 2.10938 2.5 9.39952e-36 214106554 7 0 214094161 13 0
8.3e-09 1.6875 2.23438 9.39952e-36 199235805 34 0 199126459 4 0
8.3e-09 1.76562 2.3125 9.39952e-36 229128672 7 0 229057278 10 0
8.3e-09 1.32812 1.875 9.39952e-36 219182862 2 0 219306462 2 0
8.3e-09 1.625 2.01562 9.39952e-36 225001404 3 0 224841463 5 0
8.3e-09 1.15625 1.70312 9.39952e-36 228397507 14 16 228498047 9 0
8.3e-09 2.10938 2.5 9.39952e-36 215656623 0 0 215824873 5 6
8.3e-09 1.54688 1.9375 9.39952e-36 195600627 14 0 195509686 3 0
8.3e-09 1.57812 1.95312 9.39952e-36 247709323 74 1 247739053 25 0
8.3e-09 1.65625 2.04688 9.39952e-36 213547333 9 1 213660545 3 0
8.3e-09 1.125 1.5 9.39952e-36 245445376 6 0 245433483 16 3
8.3e-09 1.1875 1.71875 9.39952e-36 220006873 8 0 220095421 5 0
8.3e-09 1.57812 1.96875 9.39952e-36 244682700 10 0 244583643 6 0
8.3e-09 1.25 1.79688 9.39952e-36 190832393 16 1 190802475 4 1
8.3e-09 1.6875 2.21875 9.39952e-36 203875216 7 0 203835267 5 2
8.3e-09 1.17188 1.71875 9.39952e-36 221661685 4 0 221733074 8 3
8.3e-09 1.625 2.01562 9.39952e-36 226153023 3 0 226207546 5 3
8.3e-09 1.17188 1.70312 9.39952e-36 225833205 11 0 225822984 2 19
8.3e-09 1.1875 1.71875 9.39952e-36 219631757 4 0 219669894 21 0
8.3e-09 1.65625 2.04688 9.39952e-36 211006589 0 0 211015806 10 1
8.3e-09 1.15625 1.53125 9.39952e-36 233734271 6 0 233764035 8 0
8.3e-09 1.57812 1.96875 9.39952e-36 246389265 3 9 246361427 19 0
8.3e-09 1.65625 2.04688 9.39952e-36 212158470 3 0 212016686 14 0
8.3e-09 1.17188 1.71875 9.39952e-36 222626907 14 0 222678716 8 0
8.3e-09 1.20312 1.73438 9.39952e-36 213265278 6 0 213218476 9 1
8.3e-09 1.76562 2.29688 9.39952e-36 232475300 19 0 232285855 8 0
8.3e-09 1.84375 2.39062 9.39952e-36 198120878 12 0 198193874 8 0
8.3e-09 1.25 1.78125 9.39952e-36 195296438 11 23 195228390 1 4
8.3e-09 1.34375 1.875 9.39952e-36 215201641 4 0 215181964 5 0
8.3e-09 1.28125 1.82812 9.39952e-36 241625652 12 4 241367142 9 0
8.3e-09 1.34375 1.89062 9.39952e-36 214597571 13 0 214654440 14 0
8.3e-09 1.875 2.42188 9.39952e-36 249261230 1 0 248936238 19 0
8.3e-09 1.54688 1.9375 9.39952e-36 195140543 15 0 195364664 1 0
8.3e-09 1.32812 1.85938 9.39952e-36 223906411 12 0 224180639 9 0
8.3e-09 1.34375 1.875 9.39952e-36 215300537 9 0 215376774 18 0
8.3e-09 1.26562 1.8125 9.39952e-36 248843830 1 0 248736662 29 0
8.3e-09 1.57812 1.95312 9.39952e-36 248890801 15 0 248923508 14 0
8.3e-09 1.25 1.78125 9.39952e-36 193609165 5 0 193511637 3 0
8.3e-09 1.39062 1.92188 9.39952e-36 200502876 5 0 200465781 17 0
8.3e-09 1.15625 1.53125 9.39952e-36 231984974 0 0 231918837 14 0
8.3e-09 1.21875 1.75 9.39952e-36 206968745 18 0 206903539 5 0
8.3e-09 1.84375 2.39062 9.39952e-36 197942700 0 0 197942048 3 0
8.3e-09 1.375 1.90625 9.39952e-36 202748346 4 10 202882249 19 0
8.3e-09 1.78125 2.3125 9.39952e-36 225945860 6 0 225940743 22 0
8.3e-09 1.57812 1.95312 9.39952e-36 249438592 22 0 249416207 18 7
8.3e-09 2.07812 2.46875 9.39952e-36 226525746 12 0 226384761 12 0
8.3e-09 1.57812 1.96875 9.39952e-36 246261324 11 1 246121560 17 0
8.3e-09 1.70312 2.23438 9.39952e-36 194695425 4 0 194673345 14 0
8.3e-09 1.3125 1.85938 9.39952e-36 226499198 4 0 226389270 7 0
8.3e-09 1.875 2.42188 9.39952e-36 249763417 27 0 249595461 6 1
8.3e-09 1.1875 1.71875 9.39952e-36 220412722 10 0 220428320 15 0
8.3e-09 1.34375 1.875 9.39952e-36 216723398 4 1 216743895 10 1
8.3e-09 1.17188 1.71875 9.39952e-36 221548336 9 0 221593891 0 0
8.3e-09 1.09375 1.48438 9.39952e-36 192113155 2 0 192035507 19 5
8.3e-09 1.65625 2.03125 9.39952e-36 214180297 25 1 214110426 32 2
8.3e-09 1.10938 1.5 9.39952e-36 250576091 9 0 250506876 5 0
8.3e-09 1.34375 1.875 9.39952e-36 215794501 1 1 215774614 7 0
8.3e-09 1.90625 2.4375 9.39952e-36 239417090 18 0 239452529 10 0
8.3e-09 1.1875 1.71875 9.39952e-36 220344739 1 0 220420525 7 0
8.3e-09 1.10938 1.5 9.39952e-36 249770032 10 0 249805815 8 0
8.3e-09 1.84375 2.375 9.39952e-36 200928922 8 0 200939399 4 0
8.3e-09 1.76562 2.3125 9.39952e-36 228029346 7 0 228069012 5 0
8.3e-09 1.89062 2.42188 9.39952e-36 247364091 7 0 247070176 7 0
8.3e-09 1.85938 2.39062 9.39952e-36 193680366 26 0 193649841 2 0
8.3e-09 1.1875 1.71875 9.39952e-36 220317188 7 0 220336630 5 0
8.3e-09 1.25 1.78125 9.39952e-36 195809809 18 0 195726147 8 0
8.3e-09 1.67188 2.21875 9.39952e-36 205224325 18 0 205334737 12 0
8.3e-09 1.84375 2.375 9.39952e-36 199737252 8 0 199717548 5 1
8.3e-09 1.20312 1.73438 9.39952e-36 213176484 9 0 213084940 0 0
8.3e-09 1.23438 1.76562 9.39952e-36 199987214 3 0 199902639 5 0
8.3e-09 1.64062 2.03125 9.39952e-36 219093334 11 0 219101908 1 0
8.3e-09 1.59375 1.96875 9.39952e-36 241765225 12 0 241683138 1 0
8.3e-09 1.71875 2.25 9.39952e-36 192143308 4 0 191968494 16 0
8.3e-09 1.25 1.79688 9.39952e-36 190560498 8 0 190450953 8 0
8.3e-09 1.625 2.01562 9.39952e-36 223693601 14 0 223578366 10 0
8.3e-09 1.21875 1.76562 9.39952e-36 202760957 2 0 202682945 12 0
8.3e-09 2.125 2.51562 9.39952e-36 208118010 14 4 207972402 5 0
8.3e-09 1.15625 1.53125 9.39952e-36 231151421 3 0 231097222 10 1
8.3e-09 1.28125 1.8125 9.39952e-36 244506371 26 10 244562664 2 0
8.3e-09 1.15625 1.6875 9.39952e-36 229574166 9 0 229562530 6 0
8.3e-09 1.35938 1.89062 9.39952e-36 211338222 5 0 211304897 10 0
8.3e-09 1.70312 2.23438 9.39952e-36 194916849 12 0 194957239 7 0
8.3e-09 1.34375 1.89062 9.39952e-36 212963056 10 0 212931056 3 0
8.3e-09 1.125 1.51562 9.39952e-36 244853878 3 0 244653141 6 0
8.3e-09 1.26562 1.79688 9.39952e-36 189101363 29 0 189223293 15 0
8.3e-09 1.20312 1.73438 9.39952e-36 210836415 11 0 210676830 16 2
8.3e-09 1.29688 1.82812 9.39952e-36 236149799 23 1 236046183 22 3
8.3e-09 1.1875 1.71875 9.39952e-36 217885548 10 0 217872890 3 0
8.3e-09 1.20312 1.73438 9.39952e-36 211924732 0 0 211918390 3 0
8.3e-09 1.23438 1.78125 9.39952e-36 196410300 10 0 196250257 9 0
8.3e-09 1.85938 2.39062 9.39952e-36 194760161 10 0 194782095 19 0
8.3e-09 1.14062 1.51562 9.39952e-36 237913722 8 0 237831281 11 0
8.3e-09 1.34375 1.875 9.39952e-36 217452493 17 3 217497922 13 0
8.3e-09 1.125 1.5 9.39952e-36 245797989 42 0 245926805 3 0
8.3e-09 1.75 2.28125 9.39952e-36 241204731 1 0 241257757 10 0
8.3e-09 1.67188 2.04688 9.39952e-36 208008167 2 0 208153878 10 0
8.3e-09 1.3125 1.84375 9.39952e-36 229119644 7 0 228957842 14 0
8.3e-09 1.75 2.28125 9.39952e-36 240496604 6 0 240311600 14 4
8.3e-09 1.25 1.78125 9.39952e-36 192975317 7 0 192999429 5 0
8.3e-09 1.10938 1.5 9.39952e-36 249655218 14 0 249682977 5 0
8.3e-09 1.6875 2.21875 9.39952e-36 201207070 4 0 201187435 9 0
8.3e-09 1.15625 1.53125 9.39952e-36 233729842 9 0 233643310 19 0
8.3e-09 1.71875 2.26562 9.39952e-36 250473053 5 0 250477181 11 0
8.3e-09 1.54688 1.9375 9.39952e-36 196474711 3 0 196257875 18 0
8.3e-09 1.09375 1.48438 9.39952e-36 193224775 10 0 193031024 16 0
8.3e-09 1.10938 1.5 9.39952e-36 249592259 23 0 249630816 16 0
8.3e-09 1.73438 2.26562 9.39952e-36 248650766 9 1 248753315 2 0
8.3e-09 1.71875 2.25 9.39952e-36 191122002 53 5 191014410 0 0
8.3e-09 1.20312 1.73438 9.39952e-36 213760668 3 0 213740761 9 0
8.3e-09 1.71875 2.26562 9.39952e-36 250730123 7 0 250538599 32 0
8.3e-09 2.09375 2.46875 9.39952e-36 223702756 17 0 223464139 14 10
8.3e-09 1.26562 1.79688 9.39952e-36 189763371 16 0 189785566 18 1
8.3e-09 1.625 2.01562 9.39952e-36 222872170 3 0 222806593 11 0
8.3e-09 1.59375 1.96875 9.39952e-36 242715945 23 11 242914494 1 0
8.3e-09 1.375 1.90625 9.39952e-36 203874281 9 0 203838589 11 1
8.3e-09 1.29688 1.82812 9.39952e-36 235631726 6 0 235653340 14 0
8.3e-09 1.15625 1.70312 9.39952e-36 228318157 5 0 228359602 25 1
8.3e-09 1.54688 1.92188 9.39952e-36 199287682 8 0 199259197 7 0
8.3e-09 1.84375 2.39062 9.39952e-36 197186245 10 0 197326799 0 0
8.3e-09 1.875 2.40625 9.39952e-36 189124978 4 1 188862498 15 0
8.3e-09 1.32812 1.85938 9.39952e-36 221459875 15 0 221561676 1 0
8.3e-09 1.125 1.51562 9.39952e-36 243916876 16 0 243879073 8 0
8.3e-09 1.125 1.51562 9.39952e-36 241412589 12 0 241382102 4 0
8.3e-09 1.64062 2.03125 9.39952e-36 218163378 8 0 218095485 6 0
8.3e-09 1.23438 1.78125 9.39952e-36 197941868 16 3 197875461 6 0
8.3e-09 1.875 2.42188 9.39952e-36 249980654 0 0 249943169 3 0
8.3e-09 1.1875 1.73438 9.39952e-36 214302246 4 0 214282987 1 1
8.3e-09 1.5625 1.95312 9.39952e-36 251654742 27 1 251573887 11 0
8.3e-09 1.76562 2.29688 9.39952e-36 231272495 6 0 231320205 10 0
8.3e-09 1.09375 1.48438 9.39952e-36 192026277 20 0 191890133 0 0
8.3e-09 1.71875 2.26562 9.39952e-36 250492524 3 0 250441689 2 0
8.3e-09 1.29688 1.84375 9.39952e-36 233601457 3 0 233536573 1 0
8.3e-09 1.32812 1.85938 9.39952e-36 222609465 9 1 222576797 63 1
8.3e-09 1.85938 2.39062 9.39952e-36 193713438 3 0 193772365 24 0
8.3e-09 1.39062 1.92188 9.39952e-36 200460158 8 0 200461869 15 0
8.3e-09 1.65625 2.03125 9.39952e-36 214072757 14 19 214112847 1 0
8.3e-09 1.21875 1.75 9.39952e-36 204301181 6 0 204190816 18 8
8.3e-09 1.375 1.90625 9.39952e-36 206345501 23 2 206321440 13 0
8.3e-09 1.35938 1.89062 9.39952e-36 209712311 5 0 209795469 12 0
8.3e-09 1.20312 1.73438 9.39952e-36 211013341 3 0 211074464 14 0
8.3e-09 1.14062 1.51562 9.39952e-36 238850441 17 0 238866669 5 0
8.3e-09 1.71875 2.25 9.39952e-36 192016087 12 10 192012118 13 0
8.3e-09 1.89062 2.42188 9.39952e-36 244618240 5 0 244714916 4 0
8.3e-09 1.71875 2.25 9.39952e-36 191917858 12 0 192023887 3 0
8.3e-09 1.1875 1.71875 9.39952e-36 219692394 27 0 219455125 11 1
8.3e-09 1.10938 1.5 9.39952e-36 189063933 4 7 189103899 4 0
8.3e-09 1.28125 1.8125 9.39952e-36 242104750 51 0 242162397 6 0
8.3e-09 1.85938 2.40625 9.39952e-36 191700046 14 0 191824897 19 0
8.3e-09 1.78125 2.32812 9.39952e-36 223245478 17 0 223257483 3 0
8.3e-09 1.79688 2.32812 9.39952e-36 220085202 4 0 220118898 32 10
8.3e-09 1.625 2.01562 9.39952e-36 223737012 9 0 223887692 6 0
8.3e-09 1.20312 1.73438 9.39952e-36 211620111 10 6 211547689 2 0
8.3e-09 1.75 2.29688 9.39952e-36 236946538 4 0 237027304 5 0
8.3e-09 1.6875 2.23438 9.39952e-36 199165244 12 0 199134295 35 1
8.3e-09 1.21875 1.76562 9.39952e-36 202957893 2 0 202848556 2 0
8.3e-09 1.625 2.01562 9.39952e-36 225466145 8 0 225317820 20 0
8.3e-09 1.32812 1.85938 9.39952e-36 224897195 6 0 224865147 12 1
8.3e-09 1.625 2 9.39952e-36 229413881 37 1 229401047 13 0
8.3e-09 1.125 1.51562 9.39952e-36 244509476 8 0 244695589 31 1
8.3e-09 1.25 1.79688 9.39952e-36 192301645 0 0 192266505 4 0
8.3e-09 1.125 1.5 9.39952e-36 247222520 7 5 247166340 4 0
8.3e-09 1.32812 1.875 9.39952e-36 219743476 3 0 219611140 10 0
8.3e-09 1.34375 1.875 9.39952e-36 215644117 10 0 215825255 5 0
8.3e-09 1.26562 1.8125 9.39952e-36 248044930 7 0 248132858 8 0
8.3e-09 1.23438 1.76562 9.39952e-36 200030521 36 3 200034467 0 0
8.3e-09 1.26562 1.79688 9.39952e-36 249695073 2 0 249789620 5 0
8.3e-09 1.84375 2.375 9.39952e-36 200947204 19 0 200815304 15 0
8.3e-09 1.17188 1.70312 9.39952e-36 223068483 20 0 223208766 24 0
8.3e-09 1.625 2.01562 9.39952e-36 224131620 28 3 224206362 4 0
8.3e-09 1.57812 1.95312 9.39952e-36 248524708 15 1 248489778 1 0
8.3e-09 1.3125 1.84375 9.39952e-36 232234123 12 0 232317881 1 0
8.3e-09 1.5625 1.95312 9.39952e-36 190961855 4 0 191039470 16 0
8.3e-09 1.59375 1.96875 9.39952e-36 241934118 5 0 241807394 49 15
8.3e-09 1.125 1.5 9.39952e-36 246600293 3 0 246727882 14 1
8.3e-09 1.29688 1.84375 9.39952e-36 234277253 1 0 234178491 7 0
8.3e-09 1.20312 1.75 9.39952e-36 208989182 6 0 208928010 3 0
8.3e-09 1.15625 1.6875 9.39952e-36 229533609 4 0 229464790 2 0
8.3e-09 1.125 1.5 9.39952e-36 246860742 6 3 246857732 17 0
8.3e-09 2.10938 2.5 9.39952e-36 212883628 3 0 212968841 10 0
8.3e-09 1.375 1.92188 9.39952e-36 201663505 22 0 201640676 9 1
8.3e-09 1.89062 2.42188 9.39952e-36 247213315 26 0 247215408 2 3
8.3e-09 1.875 2.40625 9.39952e-36 190849880 20 0 190835526 4 0
8.3e-09 1.15625 1.6875 9.39952e-36 229787323 9 0 229934591 0 0
8.3e-09 1.28125 1.8125 9.39952e-36 245510252 5 0 245507693 19 1
8.3e-09 1.125 1.5 9.39952e-36 245455717 1 0 245620657 7 6
8.3e-09 1.67188 2.21875 9.39952e-36 203980618 0 0 203936368 1 0
8.3e-09 1.1875 1.73438 9.39952e-36 215589008 4 1 215532853 4 0
8.3e-09 1.32812 1.875 9.39952e-36 221201338 8 0 221194696 14 0
8.3e-09 1.26562 1.79688 9.39952e-36 189856795 4 0 189866914 4 0
8.3e-09 1.20312 1.75 9.39952e-36 209881080 9 0 209990741 8 0
8.3e-09 1.76562 2.29688 9.39952e-36 232989053 18 5 232841538 2 0
8.3e-09 1.34375 1.875 9.39952e-36 216224840 2 0 216237772 15 0
8.3e-09 1.20312 1.73438 9.39952e-36 213551846 7 0 213595369 25 0
8.3e-09 1.29688 1.82812 9.39952e-36 234886544 4 0 234980516 4 0
8.3e-09 1.78125 2.3125 9.39952e-36 226370514 5 0 226242850 11 1
8.3e-09 1.20312 1.75 9.39952e-36 208401798 6 0 208314408 27 0
8.3e-09 1.34375 1.875 9.39952e-36 217696328 16 0 217421089 21 0
8.3e-09 1.59375 1.96875 9.39952e-36 240883366 5 0 240821362 6 0
8.3e-09 1.14062 1.51562 9.39952e-36 240059610 4 0 239969619 18 1
8.3e-09 1.14062 1.53125 9.39952e-36 234672993 10 0 234471571 50 3
8.3e-09 1.64062 2.01562 9.39952e-36 221109842 10 0 221230995 6 0
8.3e-09 1.875 2.42188 9.39952e-36 247388400 22 0 247855732 4 2
8.3e-09 1.32812 1.85938 9.39952e-36 222878832 7 0 222645792 9 1
8.3e-09 1.875 2.40625 9.39952e-36 190697269 8 0 190675638 8 0
8.3e-09 2.09375 2.46875 9.39952e-36 223336346 3 0 223352589 27 6
8.3e-09 1.67188 2.21875 9.39952e-36 205209939 7 0 205217445 4 1
8.3e-09 1.29688 1.82812 9.39952e-36 234897304 0 0 234835372 6 0
8.3e-09 1.26562 1.79688 9.39952e-36 189925486 4 0 189903893 10 0
8.3e-09 1.20312 1.73438 9.39952e-36 211030602 12 0 211158529 6 0
8.3e-09 1.125 1.5 9.39952e-36 247779159 0 0 247703877 6 0
8.3e-09 1.79688 2.32812 9.39952e-36 219695516 28 1 219651111 12 0
8.3e-09 1.28125 1.8125 9.39952e-36 244110471 8 0 244065956 14 0
8.3e-09 1.09375 1.48438 9.39952e-36 192176364 7 1 192177345 20 1
8.3e-09 1.1875 1.73438 9.39952e-36 214781155 4 0 214802988 6 0
8.3e-09 1.125 1.5 9.39952e-36 247483734 5 0 247378401 15 0
8.3e-09 1.14062 1.51562 9.39952e-36 239219575 5 0 239221920 4 0
8.3e-09 1.89062 2.42188 9.39952e-36 245752549 4 0 246100836 8 0
8.3e-09 1.34375 1.875 9.39952e-36 215760924 21 1 215825046 18 1
8.3e-09 1.64062 2.03125 9.39952e-36 219595298 8 2 219213220 12 0
8.3e-09 1.14062 1.53125 9.39952e-36 237562170 8 0 237536559 17 0
8.3e-09 1.64062 2.03125 9.39952e-36 217942438 3 0 217992391 25 0
8.3e-09 1.125 1.51562 9.39952e-36 241985165 2 0 241947041 8 4
8.3e-09 1.3125 1.84375 9.39952e-36 230882188 43 6 231014665 22 1
8.3e-09 1.73438 2.28125 9.39952e-36 242756999 8 0 242898849 12 0
8.3e-09 1.5625 1.9375 9.39952e-36 192470648 2 0 192418700 1 0
8.3e-09 1.6875 2.21875 9.39952e-36 202440136 22 9 202369339 0 0
8.3e-09 1.75 2.28125 9.39952e-36 240342835 15 0 240532678 14 1
8.3e-09 1.59375 1.96875 9.39952e-36 242800031 12 0 242602976 8 0
8.3e-09 1.375 1.90625 9.39952e-36 205131782 10 0 205008495 8 0
8.3e-09 1.29688 1.82812 9.39952e-36 238042261 42 1 238024380 6 0
8.3e-09 2.07812 2.46875 9.39952e-36 228408248 13 0 228322537 10 0
8.3e-09 1.54688 1.92188 9.39952e-36 198008148 7 0 198155750 11 0
8.3e-09 1.59375 1.98438 9.39952e-36 239085345 7 0 239264654 0 0
8.3e-09 1.84375 2.375 9.39952e-36 202179595 11 0 202258316 4 0
8.3e-09 1.71875 2.25 9.39952e-36 190417665 8 0 190395780 7 0
8.3e-09 1.75 2.28125 9.39952e-36 240778658 2 0 240750835 17 1
8.3e-09 1.21875 1.76562 9.39952e-36 202466318 6 0 202517683 0 0
8.3e-09 1.59375 1.98438 9.39952e-36 238729825 21 0 238562447 8 2
8.3e-09 1.71875 2.25 9.39952e-36 190797846 1 0 190972862 0 0
8.3e-09 1.20312 1.75 9.39952e-36 207785790 1 0 207979710 9 0
8.3e-09 1.3125 1.85938 9.39952e-36 226449986 9 0 226548784 10 4
8.3e-09 1.26562 1.79688 9.39952e-36 249314139 5 0 249304746 5 0
8.3e-09 1.14062 1.53125 9.39952e-36 236258807 15 3 236443889 20 0
8.3e-09 1.82812 2.375 9.39952e-36 203452529 20 1 203697461 8 0
8.3e-09 1.26562 1.8125 9.39952e-36 247735445 2 0 247904201 8 2
8.3e-09 1.15625 1.53125 9.39952e-36 232763245 24 0 232894584 4 0
8.3e-09 2.09375 2.46875 9.39952e-36 223846119 17 0 223936882 9 0
8.3e-09 1.25 1.79688 9.39952e-36 191158366 13 0 191251083 1 0
8.3e-09 1.1875 1.73438 9.39952e-36 215126936 6 0 215155604 2 0
8.3e-09 1.73438 2.26562 9.39952e-36 247416580 12 2 247537504 4 0
8.3e-09 1.625 2 9.39952e-36 228116270 11 0 228250668 7 0
8.3e-09 1.15625 1.6875 9.39952e-36 230630803 3 0 230867540 15 1
8.3e-09 1.125 1.5 9.39952e-36 246397628 21 7 246567735 8 0
8.3e-09 1.125 1.5 9.39952e-36 247343164 13 0 247307712 7 0
8.3e-09 1.75 2.29688 9.39952e-36 237250762 2 0 237203887 11 1
8.3e-09 1.17188 1.71875 9.39952e-36 220611126 13 0 220528385 57 2
8.3e-09 1.15625 1.6875 9.39952e-36 230075399 4 0 230154817 26 1
8.3e-09 1.875 2.40625 9.39952e-36 250883698 5 0 250845769 2 0
8.3e-09 1.84375 2.375 9.39952e-36 198988203 2 0 199045658 4 0
8.3e-09 1.57812 1.96875 9.39952e-36 244001852 5 0 243909982 32 0
8.3e-09 1.09375 1.48438 9.39952e-36 192828189 2 0 192801792 1 0
8.3e-09 1.15625 1.53125 9.39952e-36 231938095 41 0 231916374 3 0
8.3e-09 1.10938 1.48438 9.39952e-36 190717742 16 0 190657795 29 0
8.3e-09 1.70312 2.23438 9.39952e-36 196702674 6 0 196614612 6 0
8.3e-09 1.21875 1.75 9.39952e-36 206498444 3 0 206359834 31 19
8.3e-09 1.625 2 9.39952e-36 227724498 11 0 227802284 10 0
8.3e-09 1.54688 1.92188 9.39952e-36 199191354 12 0 199225458 1 0
8.3e-09 1.21875 1.76562 9.39952e-36 202804048 3 0 203014616 6 0
8.3e-09 1.6875 2.23438 9.39952e-36 199082033 10 0 199098077 3 0
8.3e-09 1.125 1.51562 9.39952e-36 242400484 5 0 242380856 18 0
8.3e-09 1.54688 1.9375 9.39952e-36 193921598 5 7 193974915 8 0
8.3e-09 1.28125 1.8125 9.39952e-36 243441842 1 0 243352698 2 0
8.3e-09 1.1875 1.71875 9.39952e-36 216578683 16 3 216399640 12 3
8.3e-09 1.67188 2.21875 9.39952e-36 205776671 7 1 205659199 9 4
8.3e-09 1.26562 1.79688 9.39952e-36 250022015 1 0 249898855 10 3
8.3e-09 1.67188 2.04688 9.39952e-36 208816218 14 0 208899982 9 0
8.3e-09 1.10938 1.5 9.39952e-36 249365389 24 0 249305834 12 0
8.3e-09 1.17188 1.70312 9.39952e-36 223815744 13 0 223831097 16 0
8.3e-09 1.17188 1.70312 9.39952e-36 223873407 4 0 223873843 17 5
8.3e-09 1.375 1.90625 9.39952e-36 203314036 4 0 203258822 2 0
8.3e-09 1.65625 2.03125 9.39952e-36 215977596 14 0 216006175 10 0
8.3e-09 1.60938 2 9.39952e-36 230288069 27 0 230143750 22 3
8.3e-09 1.89062 2.42188 9.39952e-36 244201353 16 0 244164650 11 0
8.3e-09 1.17188 1.70312 9.39952e-36 223629344 5 0 223669226 10 0
8.3e-09 1.15625 1.70312 9.39952e-36 228774412 9 0 228720363 13 1
8.3e-09 1.14062 1.51562 9.39952e-36 238140508 13 0 238139158 11 0
8.3e-09 1.15625 1.6875 9.39952e-36 229707048 0 0 229684232 8 0
8.3e-09 1.125 1.51562 9.39952e-36 242455059 0 0 242524262 5 0
8.3e-09 1.1875 1.73438 9.39952e-36 214669941 2 0 214594152 10 5
8.3e-09 1.10938 1.48438 9.39952e-36 190539488 13 1 190419939 8 0
8.3e-09 1.3125 1.85938 9.39952e-36 227577892 9 0 227598092 15 2
8.3e-09 1.14062 1.53125 9.39952e-36 237004384 21 0 236961716 22 0
8.3e-09 1.875 2.40625 9.39952e-36 189169836 6 0 189207743 2 0
8.3e-09 1.71875 2.25 9.39952e-36 191509630 9 1 191532829 2 0
8.3e-09 1.14062 1.53125 9.39952e-36 235629706 8 0 235580790 13 0
8.3e-09 1.32812 1.85938 9.39952e-36 222205180 8 0 222199816 10 0
8.3e-09 1.26562 1.79688 9.39952e-36 250873605 34 0 250964563 10 0
8.3e-09 1.17188 1.70312 9.39952e-36 226739843 8 0 226770745 10 0
8.3e-09 1.15625 1.70312 9.39952e-36 228222249 5 1 228103953 1 0
8.3e-09 1.57812 1.96875 9.39952e-36 245147071 4 14 245121555 9 0
8.3e-09 1.70312 2.23438 9.39952e-36 197976760 18 1 197950056 25 5
8.3e-09 1.6875 2.23438 9.39952e-36 198532744 17 1 198502695 7 0
8.3e-09 1.10938 1.5 9.39952e-36 249248032 10 0 249226589 19 0
8.3e-09 1.21875 1.76562 9.39952e-36 202369593 0 0 202400474 2 0
8.3e-09 1.8125 2.35938 9.39952e-36 210029224 1 0 209915177 0 0
8.3e-09 1.59375 1.98438 9.39952e-36 239108708 3 0 239117568 1 0
8.3e-09 1.28125 1.8125 9.39952e-36 244026910 2 0 244082830 9 0
8.3e-09 1.21875 1.76562 9.39952e-36 203397111 9 0 203454207 7 0
8.3e-09 1.14062 1.51562 9.39952e-36 239412739 16 2 239462838 18 0
8.3e-09 1.90625 2.4375 9.39952e-36 240166855 2 0 240204387 34 0
8.3e-09 1.10938 1.48438 9.39952e-36 190609303 5 0 190583199 2 7
8.3e-09 1.76562 2.3125 9.39952e-36 228397426 10 0 228614422 12 1
8.3e-09 1.1875 1.71875 9.39952e-36 217616821 20 0 217686329 14 0
8.3e-09 1.23438 1.76562 9.39952e-36 199295593 16 2 199403613 5 0
8.3e-09 1.8125 2.35938 9.39952e-36 209246498 8 0 209149717 14 5
8.3e-09 1.125 1.51562 9.39952e-36 243608790 30 0 243824678 5 0
8.3e-09 1.375 1.92188 9.39952e-36 201807791 12 0 201670063 4 0
8.3e-09 1.60938 2 9.39952e-36 231396446 3 2 231403573 14 0
8.3e-09 2.125 2.5 9.39952e-36 211897654 1 0 211703009 1 0
8.3e-09 1.875 2.40625 9.39952e-36 250211890 13 1 250368291 9 0
8.3e-09 1.67188 2.04688 9.39952e-36 209274130 20 0 209545360 22 0
8.3e-09 1.6875 2.21875 9.39952e-36 200482594 15 0 200226186 8 1
8.3e-09 1.625 2.01562 9.39952e-36 223962320 22 0 223868665 3 0
8.3e-09 1.15625 1.70312 9.39952e-36 228002859 3 0 228019660 12 0
8.3e-09 1.625 2.01562 9.39952e-36 224598596 6 0 224743677 13 0
8.3e-09 1.25 1.78125 9.39952e-36 195673986 10 1 195479691 12 0
8.3e-09 1.70312 2.25 9.39952e-36 194196385 51 6 194296726 7 0
8.3e-09 1.625 2 9.39952e-36 226943057 4 0 226855571 11 0
8.3e-09 1.59375 1.96875 9.39952e-36 241019054 9 0 241050492 8 0
8.3e-09 1.34375 1.89062 9.39952e-36 214902138 10 0 214923118 0 0
8.3e-09 1.20312 1.75 9.39952e-36 209612456 10 0 209539756 3 0
8.3e-09 1.34375 1.875 9.39952e-36 218090252 7 0 218337752 0 0
8.3e-09 1.875 2.42188 9.39952e-36 249825646 18 0 249463464 17 0
8.3e-09 1.85938 2.39062 9.39952e-36 195735689 8 0 195693100 3 0
8.3e-09 1.10938 1.48438 9.39952e-36 189515700 5 0 189546219 10 0
8.3e-09 1.15625 1.70312 9.39952e-36 226982030 2 0 227074919 8 0
8.3e-09 1.17188 1.70312 9.39952e-36 223031057 22 0 222996528 7 0
8.3e-09 1.125 1.51562 9.39952e-36 242895666 68 3 242858123 30 1
8.3e-09 1.125 1.51562 9.39952e-36 241756694 6 0 241816022 5 0
8.3e-09 1.1875 1.71875 9.39952e-36 218404062 5 0 218405847 5 1
8.3e-09 1.375 1.92188 9.39952e-36 202159321 9 1 202165215 12 0
8.3e-09 1.57812 1.96875 9.39952e-36 246535723 26 0 246772969 4 0
8.3e-09 1.84375 2.375 9.39952e-36 200667968 2 0 200597046 6 3
8.3e-09 1.70312 2.23438 9.39952e-36 197355374 3 0 197309017 5 0
8.3e-09 1.71875 2.25 9.39952e-36 190616650 17 0 190505430 6 0
8.3e-09 1.35938 1.89062 9.39952e-36 212065789 11 0 211950331 6 0
8.3e-09 1.79688 2.32812 9.39952e-36 220199888 17 0 220294611 14 4
8.3e-09 1.23438 1.78125 9.39952e-36 197196610 8 1 197234615 21 0
8.3e-09 1.34375 1.875 9.39952e-36 217610902 14 0 217788615 8 0
8.3e-09 2.09375 2.46875 9.39952e-36 222791732 1 0 222811333 0 0
8.3e-09 1.1875 1.71875 9.39952e-36 218075660 6 0 217988912 13 2
8.3e-09 1.15625 1.53125 9.39952e-36 231701214 7 5 231668803 26 4
8.3e-09 1.23438 1.76562 9.39952e-36 200918131 4 0 201046980 4 0
8.3e-09 1.35938 1.89062 9.39952e-36 212271583 7 0 212115175 5 0
8.3e-09 1.1875 1.73438 9.39952e-36 214367587 21 0 214440557 2 0
8.3e-09 1.10938 1.5 9.39952e-36 189151415 0 0 189086490 25 0
8.3e-09 1.82812 2.35938 9.39952e-36 208060484 10 1 208131562 3 0
8.3e-09 1.8125 2.34375 9.39952e-36 214240605 6 0 214370489 5 0
8.3e-09 1.23438 1.78125 9.39952e-36 196465507 9 0 196449560 7 3
8.3e-09 1.3125 1.85938 9.39952e-36 225728532 8 0 225837179 18 0
8.3e-09 1.23438 1.76562 9.39952e-36 201687772 5 0 201710894 21 0
8.3e-09 2.10938 2.5 9.39952e-36 214071923 2 0 214017043 12 1
8.3e-09 1.21875 1.75 9.39952e-36 205254881 2 0 205357551 5 3
8.3e-09 1.28125 1.8125 9.39952e-36 245143820 6 1 244846402 13 0
8.3e-09 1.85938 2.39062 9.39952e-36 195940904 10 0 195976269 7 0
8.3e-09 1.26562 1.79688 9.39952e-36 190013050 12 2 190032912 7 0
8.3e-09 1.32812 1.85938 9.39952e-36 222091586 1 0 222199369 22 6
8.3e-09 1.89062 2.42188 9.39952e-36 246504630 4 0 246524042 11 0
8.3e-09 1.79688 2.32812 9.39952e-36 218193158 10 0 218084142 53 3
8.3e-09 2.09375 2.48438 9.39952e-36 220916277 18 2 220943939 0 0
8.3e-09 1.125 1.51562 9.39952e-36 244793922 7 0 244771061 4 0
8.3e-09 1.21875 1.76562 9.39952e-36 203805553 2 1 203770211 3 0
8.3e-09 1.70312 2.23438 9.39952e-36 194846480 1 0 194944708 1 0
8.3e-09 1.5625 1.95312 9.39952e-36 189906869 30 0 190042701 3 0
8.3e-09 1.26562 1.8125 9.39952e-36 247606271 4 0 247853638 14 1
8.3e-09 1.375 1.90625 9.39952e-36 205693810 2 0 205763048 3 0
8.3e-09 1.79688 2.32812 9.39952e-36 217240432 14 0 217313951 3 0
8.3e-09 1.82812 2.35938 9.39952e-36 206868553 48 4 206813730 12 0
8.3e-09 1.32812 1.85938 9.39952e-36 224229054 2 0 224180519 6 0
8.3e-09 1.57812 1.96875 9.39952e-36 243952745 5 2 244094990 11 0
8.3e-09 1.76562 2.29688 9.39952e-36 231170665 4 0 231303936 2 0
8.3e-09 1.875 2.40625 9.39952e-36 251093103 8 8 251001510 25 0
8.3e-09 1.17188 1.71875 9.39952e-36 221912065 6 0 221879895 16 0
8.3e-09 1.71875 2.26562 9.39952e-36 250062619 7 0 250102807 14 0
8.3e-09 1.35938 1.89062 9.39952e-36 210516315 17 0 210563617 4 0
8.3e-09 1.10938 1.48438 9.39952e-36 189299181 35 0 189302711 2 0
8.3e-09 1.25 1.79688 9.39952e-36 192318894 2 0 192230727 5 0
8.3e-09 1.75 2.28125 9.39952e-36 237902239 5 1 237885675 14 0
8.3e-09 1.15625 1.6875 9.39952e-36 230241565 18 0 230197128 6 0
8.3e-09 1.20312 1.73438 9.39952e-36 213797144 2 0 213631685 12 0
8.3e-09 2.09375 2.48438 9.39952e-36 220827460 14 0 220649163 11 1
8.3e-09 1.10938 1.5 9.39952e-36 249897376 2 0 250009832 12 0
8.3e-09 1.125 1.5 9.39952e-36 245154280 20 5 245178616 22 1
8.3e-09 1.23438 1.78125 9.39952e-36 198091660 5 0 197987560 2 4
8.3e-09 2.09375 2.48438 9.39952e-36 218727018 6 0 218801432 4 0
8.3e-09 1.71875 2.25 9.39952e-36 251671465 6 0 251631712 13 0
8.3e-09 1.23438 1.76562 9.39952e-36 200812945 2 0 200933197 2 0
8.3e-09 1.34375 1.875 9.39952e-36 217391021 2 0 217613193 3 0
8.3e-09 1.17188 1.70312 9.39952e-36 223313510 16 1 223373801 2 0
8.3e-09 1.29688 1.82812 9.39952e-36 236371515 19 0 236167030 11 0
8.3e-09 1.23438 1.78125 9.39952e-36 197976473 3 0 198091339 38 1
8.3e-09 1.75 2.28125 9.39952e-36 237785298 1 0 237936947 17 0
8.3e-09 1.125 1.51562 9.39952e-36 242557642 14 0 242459916 0 0
8.3e-09 1.35938 1.89062 9.39952e-36 212656373 1 0 212554129 1 0
8.3e-09 1.625 2 9.39952e-36 229075380 22 11 229087609 7 2
8.3e-09 1.26562 1.8125 9.39952e-36 248651321 9 0 248732994 9 2
8.3e-09 1.21875 1.76562 9.39952e-36 202262944 2 8 202177972 11 0
8.3e-09 1.90625 2.4375 9.39952e-36 239238645 5 0 239178257 78 15
8.3e-09 1.82812 2.35938 9.39952e-36 206557601 23 11 206609594 7 0
8.3e-09 1.125 1.51562 9.39952e-36 243500304 9 0 243472540 1 0
8.3e-09 1.59375 1.96875 9.39952e-36 241617797 19 1 241630842 16 0
8.3e-09 1.35938 1.90625 9.39952e-36 207679122 4 0 207663787 7 0
8.3e-09 1.75 2.28125 9.39952e-36 239593980 13 1 239581311 4 0
8.3e-09 1.20312 1.75 9.39952e-36 207828060 1 0 207849917 5 0
8.3e-09 1.10938 1.5 9.39952e-36 251616217 5 0 251591449 13 2
8.3e-09 1.32812 1.85938 9.39952e-36 224861647 8 0 224885520 7 0
8.3e-09 1.14062 1.51562 9.39952e-36 239559184 5 0 239594093 36 3
8.3e-09 1.6875 2.21875 9.39952e-36 200996689 13 0 200894023 25 0
8.3e-09 1.20312 1.75 9.39952e-36 210064025 2 0 210020993 2 0
8.3e-09 1.21875 1.75 9.39952e-36 205507852 2 0 205608155 5 0
8.3e-09 1.26562 1.8125 9.39952e-36 249007309 6 0 249094827 12 1
8.3e-09 1.57812 1.96875 9.39952e-36 244788949 5 0 244904347 3 0
8.3e-09 1.14062 1.53125 9.39952e-36 237042813 4 0 236944252 24 3
8.3e-09 1.125 1.51562 9.39952e-36 240981138 24 19 241204078 25 0
8.3e-09 1.8125 2.34375 9.39952e-36 211819010 4 0 211746743 9 0
8.3e-09 1.25 1.78125 9.39952e-36 195336876 3 0 195353282 8 0
8.3e-09 1.54688 1.9375 9.39952e-36 195958644 33 0 195998467 10 5
8.3e-09 1.71875 2.26562 9.39952e-36 250223324 18 0 250274048 5 0
8.3e-09 1.67188 2.21875 9.39952e-36 205803472 15 0 205777958 19 4
8.3e-09 1.59375 1.98438 9.39952e-36 239872052 1 0 239892771 10 1
8.3e-09 1.375 1.90625 9.39952e-36 206275015 6 0 206159539 10 0
8.3e-09 1.73438 2.26562 9.39952e-36 248096501 9 0 248024351 3 0
8.3e-09 1.20312 1.73438 9.39952e-36 212170119 9 3 212257616 11 0
8.3e-09 1.10938 1.5 9.39952e-36 249306305 1 0 249319436 30 0
8.3e-09 1.89062 2.42188 9.39952e-36 247191241 10 0 246941988 6 0
8.3e-09 1.76562 2.3125 9.39952e-36 228994775 10 10 228996792 1 0
8.3e-09 1.59375 1.98438 9.39952e-36 239644767 15 15 239655508 2 0
8.3e-09 1.57812 1.95312 9.39952e-36 249937328 5 0 250013228 5 3
8.3e-09 1.65625 2.04688 9.39952e-36 210575497 3 0 210627362 23 0
8.3e-09 1.76562 2.3125 9.39952e-36 229996433 3 0 229787443 16 1
8.3e-09 1.09375 1.48438 9.39952e-36 191548029 8 3 191664062 26 0
8.3e-09 2.10938 2.48438 9.39952e-36 216730037 3 0 216600890 4 0
8.3e-09 1.34375 1.875 9.39952e-36 215099653 2 0 215134981 9 0
8.3e-09 1.125 1.51562 9.39952e-36 244926384 18 0 244891365 0 1
8.3e-09 1.625 2.01562 9.39952e-36 226131388 5 0 225975552 7 1
8.3e-09 1.67188 2.04688 9.39952e-36 209109992 7 0 209078749 59 11
8.3e-09 1.54688 1.9375 9.39952e-36 193614859 7 0 193510000 14 0
8.3e-09 1.75 2.29688 9.39952e-36 237013569 6 0 236783795 2 0
8.3e-09 1.3125 1.85938 9.39952e-36 226101061 7 0 225890435 8 0
8.3e-09 1.28125 1.82812 9.39952e-36 241288079 13 0 241151267 31 7
8.3e-09 1.10938 1.5 9.39952e-36 248571429 7 0 248731194 10 0
8.3e-09 1.15625 1.6875 9.39952e-36 229637554 16 4 229767269 5 0
8.3e-09 1.1875 1.71875 9.39952e-36 218273724 5 1 218078948 2 0
8.3e-09 1.75 2.28125 9.39952e-36 238557155 25 0 238598644 6 0
8.3e-09 1.17188 1.70312 9.39952e-36 226941266 24 0 227001588 13 2
8.3e-09 1.10938 1.48438 9.39952e-36 190234938 1 0 190264090 6 0
8.3e-09 1.34375 1.875 9.39952e-36 216988432 13 0 216920436 6 0
8.3e-09 1.14062 1.53125 9.39952e-36 237261730 10 0 237182974 12 0
8.3e-09 1.67188 2.20312 9.39952e-36 206256248 10 2 206172182 2 0
8.3e-09 1.1875 1.71875 9.39952e-36 218063290 1 0 218051224 5 0
8.3e-09 1.70312 2.23438 9.39952e-36 195498420 4 1 195508304 0 1
8.3e-09 1.26562 1.8125 9.39952e-36 248284216 28 0 248314111 13 0
8.3e-09 1.79688 2.34375 9.39952e-36 215469860 63 2 215667678 52 4
8.3e-09 1.14062 1.53125 9.39952e-36 234760515 1 0 234842471 2 0
8.3e-09 1.10938 1.5 9.39952e-36 251569293 2 0 251580567 5 0
8.3e-09 1.34375 1.875 9.39952e-36 215916542 13 3 215923312 42 2
8.3e-09 1.76562 2.3125 9.39952e-36 228095440 15 4 228033195 3 0
8.3e-09 1.1875 1.73438 9.39952e-36 214814546 8 0 214708012 13 5
8.3e-09 1.625 2 9.39952e-36 226725108 3 0 226672916 15 0
8.3e-09 1.65625 2.04688 9.39952e-36 210135135 6 1 210042482 10 1
8.3e-09 1.34375 1.875 9.39952e-36 215767256 36 14 215772251 2 0
8.3e-09 1.60938 2 9.39952e-36 230233110 4 0 230055124 9 0
8.3e-09 1.23438 1.76562 9.39952e-36 199341602 22 0 199314036 6 0
8.3e-09 1.8125 2.34375 9.39952e-36 212380329 0 0 212093807 23 3
8.3e-09 1.65625 2.04688 9.39952e-36 210208881 3 0 210234923 2 0
8.3e-09 1.20312 1.73438 9.39952e-36 211076006 1 0 211072351 5 0
8.3e-09 1.57812 1.96875 9.39952e-36 245333641 12 0 245179311 24 0
8.3e-09 1.34375 1.875 9.39952e-36 218546022 18 0 218539899 9 0
8.3e-09 2.07812 2.45312 9.39952e-36 230377484 8 0 230565603 5 0
8.3e-09 1.29688 1.82812 9.39952e-36 235630666 28 0 235637723 5 0
8.3e-09 1.09375 1.48438 9.39952e-36 192346511 11 0 192399012 10 0
8.3e-09 1.32812 1.875 9.39952e-36 220256165 9 2 220226463 3 1
8.3e-09 1.29688 1.82812 9.39952e-36 235640418 1 0 235644944 5 0
8.3e-09 1.28125 1.8125 9.39952e-36 244438425 12 0 244370047 10 1
8.3e-09 1.17188 1.70312 9.39952e-36 222961049 7 0 222927143 2 0
8.3e-09 1.20312 1.73438 9.39952e-36 211552566 17 0 211631521 11 0
8.3e-09 1.14062 1.53125 9.39952e-36 237189020 10 0 237181709 10 2
8.3e-09 1.25 1.78125 9.39952e-36 195222147 7 1 195210314 13 2
8.3e-09 1.125 1.51562 9.39952e-36 240826734 18 1 240930547 5 0
8.3e-09 1.8125 2.35938 9.39952e-36 209739760 2 0 209729964 14 0
8.3e-09 1.15625 1.6875 9.39952e-36 230237199 24 22 230272100 8 0
8.3e-09 1.70312 2.25 9.39952e-36 192738027 8 0 192537754 58 2
8.3e-09 1.20312 1.73438 9.39952e-36 212605079 2 0 212587560 8 0
8.3e-09 1.875 2.42188 9.39952e-36 247618816 6 4 247732359 18 0
8.3e-09 1.28125 1.8125 9.39952e-36 243334314 8 0 243254800 5 0
8.3e-09 1.21875 1.75 9.39952e-36 204378906 13 1 204619022 15 0
8.3e-09 1.3125 1.84375 9.39952e-36 229965146 9 0 229900206 20 0
8.3e-09 1.14062 1.53125 9.39952e-36 234511192 0 0 234413397 5 0
8.3e-09 1.79688 2.34375 9.39952e-36 217033730 3 0 216986061 24 3
8.3e-09 1.29688 1.82812 9.39952e-36 236378486 4 0 236491100 10 2
8.3e-09 1.20312 1.73438 9.39952e-36 213404127 12 0 213404330 1 0
8.3e-09 1.3125 1.84375 9.39952e-36 229291326 7 0 229314718 9 0
8.3e-09 1.57812 1.96875 9.39952e-36 243803892 3 0 243743930 9 2
8.3e-09 1.65625 2.03125 9.39952e-36 215079094 15 0 214931272 10 0
8.3e-09 1.23438 1.76562 9.39952e-36 198234326 31 2 198250482 10 0
8.3e-09 1.09375 1.48438 9.39952e-36 192651215 5 0 192759014 4 0
8.3e-09 2.125 2.51562 9.39952e-36 208459661 12 0 208470951 5 0
8.3e-09 1.54688 1.9375 9.39952e-36 196643609 9 0 196830763 4 0
8.3e-09 1.28125 1.82812 9.39952e-36 241316912 9 0 241291830 4 0
8.3e-09 1.125 1.51562 9.39952e-36 242505389 44 0 242403356 7 0
8.3e-09 1.17188 1.71875 9.39952e-36 221530015 14 4 221543720 5 0
8.3e-09 1.3125 1.84375 9.39952e-36 230771761 37 1 230764368 11 0
8.3e-09 1.6875 2.23438 9.39952e-36 199467506 3 0 199447539 2 0
8.3e-09 1.59375 1.96875 9.39952e-36 242396902 14 0 242526709 1 0
8.3e-09 1.84375 2.39062 9.39952e-36 198801256 26 0 198757748 17 0
8.3e-09 1.21875 1.76562 9.39952e-36 202033535 8 0 202160825 0 0
8.3e-09 1.28125 1.8125 9.39952e-36 243999915 12 0 244232405 14 0
8.3e-09 1.32812 1.85938 9.39952e-36 224813848 11 0 224612596 4 0
8.3e-09 1.375 1.92188 9.39952e-36 201582962 3 0 201327352 7 0
8.3e-09 1.76562 2.29688 9.39952e-36 233530651 12 0 233501876 20 0
8.3e-09 1.10938 1.5 9.39952e-36 249058775 18 0 248887991 31 0
8.3e-09 1.73438 2.26562 9.39952e-36 248479080 4 0 248447584 2 0
8.3e-09 1.26562 1.79688 9.39952e-36 189064517 4 0 188975628 17 1
8.3e-09 1.54688 1.9375 9.39952e-36 194748213 12 0 194635104 5 0
8.3e-09 1.82812 2.35938 9.39952e-36 207401389 38 0 207436377 3 0
8.3e-09 1.59375 1.98438 9.39952e-36 237118677 9 0 237154050 13 0
8.3e-09 1.29688 1.84375 9.39952e-36 232871127 6 0 232905255 4 0
8.3e-09 1.71875 2.26562 9.39952e-36 250301201 16 0 250218616 26 17
8.3e-09 1.32812 1.85938 9.39952e-36 224295660 20 0 224203212 29 0
8.3e-09 1.26562 1.79688 9.39952e-36 249406398 9 0 249584553 5 0
8.3e-09 1.25 1.79688 9.39952e-36 190834485 0 0 190759336 55 0
8.3e-09 1.60938 1.98438 9.39952e-36 233579547 27 1 233548975 7 0
8.3e-09 1.26562 1.8125 9.39952e-36 246778654 32 0 246614813 11 0
8.3e-09 1.64062 2.03125 9.39952e-36 219592777 4 2 219430965 11 1
8.3e-09 1.75 2.29688 9.39952e-36 235703529 8 0 235716131 21 0
8.3e-09 1.76562 2.29688 9.39952e-36 231750207 15 0 232021744 15 0
8.3e-09 1.73438 2.28125 9.39952e-36 242227260 13 4 242125582 19 1
8.3e-09 1.25 1.78125 9.39952e-36 192763734 4 0 192877832 21 5
8.3e-09 1.29688 1.82812 9.39952e-36 238370475 8 1 238242808 21 2
8.3e-09 1.15625 1.53125 9.39952e-36 233542166 2 0 233541280 8 0
8.3e-09 1.60938 2 9.39952e-36 230941070 18 2 231138458 17 16
8.3e-09 1.10938 1.5 9.39952e-36 251523423 5 0 251533399 43 10
8.3e-09 1.3125 1.84375 9.39952e-36 231208656 2 0 231305036 5 0
8.3e-09 1.3125 1.85938 9.39952e-36 226670079 6 0 226654774 28 0
8.3e-09 1.67188 2.04688 9.39952e-36 207642494 0 0 207718032 14 0
8.3e-09 2.0625 2.45312 9.39952e-36 232915790 8 0 233040544 4 0
8.3e-09 1.78125 2.3125 9.39952e-36 227053885 20 0 227124993 3 0
8.3e-09 1.60938 2 9.39952e-36 229799726 18 0 229912901 45 3
8.3e-09 1.89062 2.42188 9.39952e-36 244082916 5 2 244164125 7 0
8.3e-09 1.14062 1.53125 9.39952e-36 234583562 13 0 234775036 25 5
8.3e-09 1.32812 1.85938 9.39952e-36 222695555 7 0 222815478 6 0
8.3e-09 1.28125 1.8125 9.39952e-36 243447322 2 0 243489614 15 0
8.3e-09 1.29688 1.82812 9.39952e-36 237262549 7 0 237138211 3 0
8.3e-09 1.20312 1.73438 9.39952e-36 210816276 22 1 210739887 5 0
8.3e-09 1.28125 1.82812 9.39952e-36 239838656 21 0 239666403 4 0
8.3e-09 1.10938 1.48438 9.39952e-36 189490712 8 0 189460325 3 3
8.3e-09 1.6875 2.23438 9.39952e-36 198966762 29 0 199182604 4 0
8.3e-09 1.84375 2.375 9.39952e-36 199179108 13 0 199333401 3 0
8.3e-09 1.21875 1.76562 9.39952e-36 203481856 4 0 203507381 26 1
8.3e-09 1.59375 1.96875 9.39952e-36 242079463 10 1 242226493 8 2
8.3e-09 1.15625 1.53125 9.39952e-36 233185269 3 0 233205350 4 0
8.3e-09 1.65625 2.03125 9.39952e-36 216152160 5 0 216246346 2 0
8.3e-09 1.20312 1.73438 9.39952e-36 212636606 5 0 212531539 6 0
8.3e-09 1.70312 2.25 9.39952e-36 193712834 4 1 193923468 8 0
8.3e-09 1.26562 1.79688 9.39952e-36 249247583 38 28 249361123 4 0
8.3e-09 1.10938 1.5 9.39952e-36 189146751 23 4 189141673 7 0
8.3e-09 1.125 1.5 9.39952e-36 245766640 16 2 245755084 6 0
8.3e-09 1.10938 1.5 9.39952e-36 248673336 1 0 248663364 8 0
8.3e-09 1.1875 1.73438 9.39952e-36 214856423 29 6 214844474 8 0
8.3e-09 1.15625 1.53125 9.39952e-36 231304098 25 8 231327116 6 2
8.3e-09 1.60938 2 9.39952e-36 230651494 8 0 230780857 25 0
8.3e-09 1.3125 1.84375 9.39952e-36 231518250 37 4 231579718 6 0
8.3e-09 1.3125 1.84375 9.39952e-36 232108295 9 0 232143088 6 0
8.3e-09 1.17188 1.70312 9.39952e-36 225289783 13 0 225280819 0 0
8.3e-09 1.28125 1.82812 9.39952e-36 241405487 6 0 241519365 24 6
8.3e-09 1.26562 1.79688 9.39952e-36 189374526 7 3 189305594 9 0
8.3e-09 1.125 1.51562 9.39952e-36 243316853 7 0 243168853 19 0
8.3e-09 1.28125 1.8125 9.39952e-36 245064386 2 0 245041507 13 0
8.3e-09 1.14062 1.51562 9.39952e-36 237997235 3 0 237797912 17 0
8.3e-09 1.10938 1.5 9.39952e-36 247956076 4 0 248041187 11 0
8.3e-09 1.85938 2.40625 9.39952e-36 192722836 5 0 192496532 2 0
8.3e-09 1.8125 2.35938 9.39952e-36 208939024 5 0 208737661 11 0
8.3e-09 1.14062 1.51562 9.39952e-36 239476401 14 0 239430056 1 0
8.3e-09 1.1875 1.73438 9.39952e-36 214681125 17 1 214618926 11 1
8.3e-09 1.32812 1.875 9.39952e-36 221465442 8 3 221344930 1 0
8.3e-09 1.26562 1.79688 9.39952e-36 250078757 26 4 249973385 12 0
8.3e-09 1.23438 1.78125 9.39952e-36 196718780 8 0 196466442 48 13
8.3e-09 1.29688 1.84375 9.39952e-36 232450875 4 0 232137593 15 2
8.3e-09 1.26562 1.79688 9.39952e-36 189019272 13 0 188928155 6 0
8.3e-09 1.125 1.5 9.39952e-36 247179523 12 0 247295679 27 2
8.3e-09 1.8125 2.35938 9.39952e-36 209543214 6 0 209288062 4 6
8.3e-09 1.84375 2.375 9.39952e-36 199891119 21 0 199860759 2 0
8.3e-09 1.25 1.78125 9.39952e-36 192362739 6 0 192397389 1 0
8.3e-09 1.6875 2.23438 9.39952e-36 199108160 3 0 199138555 5 0
8.3e-09 1.89062 2.42188 9.39952e-36 246200626 15 0 246459506 8 0
8.3e-09 1.28125 1.8125 9.39952e-36 242273455 4 0 242397270 32 1
8.3e-09 1.14062 1.51562 9.39952e-36 238284140 5 0 238200634 0 0
8.3e-09 2.125 2.5 9.39952e-36 211206437 10 0 211290969 6 0
8.3e-09 1.15625 1.6875 9.39952e-36 230646736 5 0 230613327 16 0
8.3e-09 1.73438 2.26562 9.39952e-36 248325543 6 0 248211481 2 0
8.3e-09 1.59375 1.98438 9.39952e-36 239189905 15 5 239200442 2 0
8.3e-09 1.32812 1.85938 9.39952e-36 224893824 13 0 224796051 23 0
8.3e-09 1.59375 1.98438 9.39952e-36 237695030 1 0 237647022 13 0
8.3e-09 1.20312 1.75 9.39952e-36 208524490 12 0 208482005 12 0
8.3e-09 1.32812 1.875 9.39952e-36 220440114 15 1 220377668 11 0
8.3e-09 1.78125 2.3125 9.39952e-36 225510758 15 0 225464862 9 0
8.3e-09 1.8125 2.34375 9.39952e-36 214915085 1 0 214762289 0 0
8.3e-09 1.59375 1.96875 9.39952e-36 240325392 2 0 240528513 1 0
8.3e-09 1.29688 1.82812 9.39952e-36 235339404 9 0 235604765 4 0
8.3e-09 1.60938 2 9.39952e-36 229789398 10 0 229635110 1 0
8.3e-09 1.71875 2.26562 9.39952e-36 251186815 19 2 250819423 8 0
8.3e-09 1.15625 1.70312 9.39952e-36 228670378 22 0 228666375 1 0
8.3e-09 1.10938 1.5 9.39952e-36 248053527 12 0 247972506 32 1
8.3e-09 1.82812 2.35938 9.39952e-36 207737804 5 0 207643693 9 0
8.3e-09 1.82812 2.35938 9.39952e-36 208836544 3 0 208648663 11 0
8.3e-09 1.84375 2.375 9.39952e-36 199084533 8 0 199164235 74 1
8.3e-09 1.1875 1.71875 9.39952e-36 218867139 1 0 218993875 24 0
8.3e-09 1.59375 1.96875 9.39952e-36 241114697 2 0 241222890 28 0
8.3e-09 1.70312 2.25 9.39952e-36 192776305 2 0 192735198 8 0
8.3e-09 1.1875 1.73438 9.39952e-36 214545240 11 0 214533047 15 0
8.3e-09 1.125 1.51562 9.39952e-36 241424992 14 4 241341650 26 0
8.3e-09 2.07812 2.46875 9.39952e-36 228684398 19 3 228743845 13 0
8.3e-09 1.65625 2.04688 9.39952e-36 210509844 17 0 210353137 4 0
8.3e-09 1.3125 1.84375 9.39952e-36 228212443 27 5 228190192 4 0
8.3e-09 1.67188 2.21875 9.39952e-36 205264904 6 0 205196857 17 1
8.3e-09 1.375 1.92188 9.39952e-36 201027465 8 0 200952184 4 2
8.3e-09 1.625 2 9.39952e-36 229378715 6 0 229275971 1 0
8.3e-09 1.35938 1.89062 9.39952e-36 210469431 3 0 210554537 6 0
8.3e-09 1.34375 1.875 9.39952e-36 215408898 4 1 215226576 2 0
8.3e-09 1.35938 1.89062 9.39952e-36 211393325 22 0 211490190 84 9
8.3e-09 1.6875 2.21875 9.39952e-36 202180552 16 0 202163918 0 0
8.3e-09 1.34375 1.875 9.39952e-36 218076952 4 0 217986745 12 2
8.3e-09 1.67188 2.21875 9.39952e-36 204476770 9 0 204563237 9 0
8.3e-09 1.23438 1.78125 9.39952e-36 197871729 16 0 197972313 4 0
8.3e-09 1.1875 1.73438 9.39952e-36 215189446 3 0 215191685 4 0
8.3e-09 1.70312 2.25 9.39952e-36 192972279 16 0 192953477 9 0
8.3e-09 1.34375 1.875 9.39952e-36 216721457 11 0 216624787 11 0
8.3e-09 1.23438 1.78125 9.39952e-36 197935699 7 0 198177270 6 0
8.3e-09 1.15625 1.53125 9.39952e-36 233143205 10 0 233096021 15 2
8.3e-09 1.09375 1.48438 9.39952e-36 193038659 7 0 192996400 15 0
8.3e-09 1.71875 2.26562 9.39952e-36 250636595 18 0 250621203 6 0
8.3e-09 1.70312 2.25 9.39952e-36 192729805 9 0 192829599 8 0
8.3e-09 1.54688 1.9375 9.39952e-36 194479226 2 0 194616576 0 0
8.3e-09 1.3125 1.84375 9.39952e-36 231196900 17 0 231140107 13 0
8.3e-09 1.625 2.01562 9.39952e-36 224309548 4 0 224315918 2 0
8.3e-09 1.3125 1.85938 9.39952e-36 227001832 22 0 226996374 3 0
8.3e-09 1.20312 1.75 9.39952e-36 208652840 2 0 208715144 25 0
8.3e-09 2.07812 2.46875 9.39952e-36 228126724 6 2 228226012 3 2
8.3e-09 2.0625 2.4375 9.39952e-36 237946381 5 0 237954254 13 4
8.3e-09 1.15625 1.53125 9.39952e-36 232568568 3 0 232416063 11 0
8.3e-09 1.29688 1.82812 9.39952e-36 238610220 0 6 238589120 8 11
8.3e-09 1.67188 2.04688 9.39952e-36 207878462 16 1 207869464 8 0
8.3e-09 1.5625 1.9375 9.39952e-36 193045675 8 0 193173664 33 0
8.3e-09 1.29688 1.84375 9.39952e-36 233591035 11 0 233566219 24 3
8.3e-09 1.71875 2.25 9.39952e-36 189111342 2 0 189180448 8 0
8.3e-09 1.125 1.5 9.39952e-36 246851412 16 8 246866408 7 0
8.3e-09 1.09375 1.48438 9.39952e-36 192908034 10 0 192785999 15 0
8.3e-09 1.15625 1.53125 9.39952e-36 231126777 2 0 231029557 6 0
8.3e-09 1.20312 1.73438 9.39952e-36 212136151 1 0 212266434 20 0
8.3e-09 1.1875 1.71875 9.39952e-36 219530542 9 0 219558982 2 0
8.3e-09 1.1875 1.71875 9.39952e-36 219352755 25 13 219374519 2 5
8.3e-09 1.28125 1.82812 9.39952e-36 240077169 4 0 240303842 1 0
8.3e-09 1.35938 1.89062 9.39952e-36 212078477 12 0 212032768 8 0
8.3e-09 1.35938 1.89062 9.39952e-36 211840967 21 0 211748997 14 0
8.3e-09 1.14062 1.53125 9.39952e-36 235122782 11 1 235076650 26 2
8.3e-09 1.1875 1.71875 9.39952e-36 219811360 4 0 219916990 48 2
8.3e-09 1.20312 1.73438 9.39952e-36 213360315 6 0 213350637 4 0
8.3e-09 1.6875 2.23438 9.39952e-36 199211164 0 0 199151621 8 0
8.3e-09 1.28125 1.8125 9.39952e-36 244997415 2 0 245030873 18 0
8.3e-09 1.15625 1.70312 9.39952e-36 228964250 20 0 228898987 3 0
8.3e-09 1.67188 2.21875 9.39952e-36 205254571 7 0 205143349 4 0
8.3e-09 1.14062 1.53125 9.39952e-36 237286032 6 3 237313454 11 12
8.3e-09 1.21875 1.75 9.39952e-36 204976501 14 1 205001558 11 0
8.3e-09 1.15625 1.53125 9.39952e-36 231536232 1 0 231605586 12 2
8.3e-09 1.78125 2.32812 9.39952e-36 221429680 36 15 221646205 18 0
8.3e-09 1.26562 1.79688 9.39952e-36 189228150 7 0 189310139 6 0
8.3e-09 1.15625 1.53125 9.39952e-36 232518003 24 0 232483388 26 0
8.3e-09 1.76562 2.3125 9.39952e-36 230141892 5 0 230276730 8 0
8.3e-09 1.125 1.51562 9.39952e-36 242875745 10 0 242794307 27 12
8.3e-09 1.15625 1.6875 9.39952e-36 230500660 9 0 230486721 8 0
8.3e-09 2.07812 2.45312 9.39952e-36 231724309 10 0 231547116 13 0
8.3e-09 1.82812 2.375 9.39952e-36 204011638 9 0 204113423 20 0
8.3e-09 1.1875 1.73438 9.39952e-36 215013346 13 0 215002846 7 0
8.3e-09 1.76562 2.29688 9.39952e-36 233967200 7 0 234073208 21 0
8.3e-09 1.1875 1.71875 9.39952e-36 219538756 24 0 219620802 10 0
8.3e-09 1.59375 1.98438 9.39952e-36 236844467 10 0 236821471 1 0
8.3e-09 1.17188 1.71875 9.39952e-36 222341076 7 2 222415998 23 0
8.3e-09 1.65625 2.04688 9.39952e-36 211155582 11 0 210997110 5 0
8.3e-09 1.14062 1.51562 9.39952e-36 239632998 13 2 239685369 25 0
8.3e-09 1.125 1.5 9.39952e-36 246001355 26 4 245988471 22 0
8.3e-09 1.21875 1.75 9.39952e-36 206004890 2 0 205888286 6 1
8.3e-09 1.82812 2.35938 9.39952e-36 207516105 6 0 207341577 13 0
8.3e-09 1.25 1.78125 9.39952e-36 192524114 0 0 192470225 40 0
8.3e-09 1.5625 1.95312 9.39952e-36 250620704 1 0 250543544 7 0
8.3e-09 1.60938 2 9.39952e-36 230345333 15 1 230138662 10 0
8.3e-09 1.29688 1.84375 9.39952e-36 232941983 21 0 233064249 3 0
8.3e-09 1.14062 1.51562 9.39952e-36 238158552 5 0 238150650 9 2
8.3e-09 1.64062 2.03125 9.39952e-36 218749496 2 0 218655265 1 0
8.3e-09 1.82812 2.35938 9.39952e-36 207816392 8 0 207707622 0 0
8.3e-09 1.21875 1.76562 9.39952e-36 203002599 54 4 203070080 9 0
8.3e-09 1.375 1.92188 9.39952e-36 201618862 10 1 201714399 7 0
8.3e-09 1.67188 2.04688 9.39952e-36 209428630 16 0 209266281 5 0
8.3e-09 1.75 2.28125 9.39952e-36 239406325 11 0 239722982 6 2
8.3e-09 1.60938 1.98438 9.39952e-36 235022541 51 0 234929310 4 0
8.3e-09 1.54688 1.92188 9.39952e-36 197498771 3 0 197584557 13 9
8.3e-09 1.5625 1.95312 9.39952e-36 190080367 8 0 190069859 6 0
8.3e-09 1.6875 2.21875 9.39952e-36 202971131 3 0 202877323 25 1
8.3e-09 1.125 1.51562 9.39952e-36 241404746 20 0 241376209 6 0
8.3e-09 1.29688 1.84375 9.39952e-36 234538823 9 2 234445044 11 0
8.3e-09 1.09375 1.48438 9.39952e-36 192674936 7 0 192495138 2 2
8.3e-09 1.10938 1.48438 9.39952e-36 189174539 0 0 189075004 3 0
8.3e-09 1.25 1.78125 9.39952e-36 193301650 12 0 193284889 3 0
8.3e-09 1.20312 1.73438 9.39952e-36 213033791 5 2 213068118 8 0
8.3e-09 1.85938 2.39062 9.39952e-36 194548122 0 3 194585660 6 0
8.3e-09 1.26562 1.79688 9.39952e-36 189477645 15 8 189431573 8 0
8.3e-09 1.64062 2.01562 9.39952e-36 221826758 3 0 221819989 0 0
8.3e-09 1.28125 1.8125 9.39952e-36 243577145 6 0 243513641 12 0
8.3e-09 1.1875 1.71875 9.39952e-36 217409134 8 0 217515826 10 0
8.3e-09 1.35938 1.90625 9.39952e-36 207809114 5 1 207765368 4 0
8.3e-09 1.64062 2.03125 9.39952e-36 218469335 0 0 218397155 15 2
8.3e-09 1.375 1.92188 9.39952e-36 201267430 10 0 201376408 1 0
8.3e-09 1.8125 2.34375 9.39952e-36 212960465 7 0 213023273 1 0
