1.2e-09 22.9531 1.96875 10.0156 1 301423322 1 182923705
1.2e-09 infty 2.21875 10.2344 45 0 55 0
1.2e-09 23.2656 1.76562 10.3281 0 401952020 0 0
1.2e-09 infty 1.82812 10.0312 52 0 58 0
1.2e-09 infty 2.21875 10.2344 49 0 50 0
1.2e-09 infty 1.875 10.1562 69 0 71 0
1.2e-09 25.5938 2.26562 10.4375 5 398502419 5 0
1.2e-09 infty 2.04688 10.1719 63 0 57 0
1.2e-09 23.7812 2 10.0781 1 442464416 2 0
1.2e-09 24.5938 2.03125 10.125 1 0 2 414710282
1.2e-09 22.8281 1.875 10.1406 1 439246914 0 0
1.2e-09 infty 2.40625 10.3125 71 0 77 0
1.2e-09 infty 1.84375 10.0625 65 0 59 0
1.2e-09 26.3438 1.9375 10.3438 10 414101627 9 0
1.2e-09 23.9688 1.92188 10.2969 0 0 1 448141450
1.2e-09 infty 2.4375 10.4688 76 0 66 0
1.2e-09 24.125 1.98438 10.0469 1 202702589 3 273570176
1.2e-09 infty 1.9375 10.375 66 0 79 0
1.2e-09 infty 2.26562 10.4375 67 0 75 0
1.2e-09 23.875 2.51562 10.1719 0 0 1 515081835
1.2e-09 infty 2.28125 10.5156 73 0 73 0
1.2e-09 infty 1.8125 10.0312 55 0 77 0
1.2e-09 infty 1.75 10.25 72 0 86 0
1.2e-09 infty 1.95312 10.4688 60 0 94 0
1.2e-09 infty 2.78125 10.0469 67 0 66 0
1.2e-09 23.6406 2.76562 10.5156 1 0 1 411715112
1.2e-09 24.9062 2.25 10.3438 4 466753873 3 0
1.2e-09 infty 2.8125 10.1094 61 0 59 0
1.2e-09 infty 2.3125 10.0625 74 0 68 0
1.2e-09 infty 1.89062 10.2188 63 0 64 0
1.2e-09 infty 2.45312 10.0156 60 0 52 0
1.2e-09 infty 1.84375 10.0938 82 0 75 0
1.2e-09 infty 2.40625 10.3438 75 0 85 0
1.2e-09 23.7969 2.01562 10.0938 1 410108406 0 24419458
1.2e-09 24 2.46875 10.0469 2 431175024 1 0
1.2e-09 24.25 1.98438 10.0312 1 390808298 3 0
1.2e-09 infty 1.76562 10.2969 79 0 67 0
1.2e-09 23.5781 1.8125 10.0156 1 0 1 448740957
1.2e-09 infty 2.3125 10.0469 59 0 57 0
1.2e-09 26.4062 1.75 10.2656 9 0 11 495041274
1.2e-09 infty 2.76562 10.0156 61 0 74 0
1.2e-09 24.7344 2.39062 10.2344 0 456184422 1 0
1.2e-09 infty 2.04688 10.1719 61 0 61 0
1.2e-09 infty 2.375 10.2188 57 0 55 0
1.2e-09 infty 1.84375 10.0781 63 0 55 0
1.2e-09 24.3125 2.03125 10.1406 0 176685058 2 302252046
1.2e-09 27.7969 2.45312 10.0156 48 469949066 57 0
1.2e-09 25.9375 2.21875 10.2188 9 0 5 424575616
1.2e-09 infty 2.42188 10.3594 73 0 69 0
1.2e-09 infty 1.76562 10.3281 85 0 61 0
1.2e-09 25.7188 2.21875 10.2188 3 0 6 441988240
1.2e-09 24.8906 2.21875 10.2031 5 0 5 481248961
1.2e-09 23.5469 2.29688 10.0156 2 479268173 4 0
1.2e-09 infty 1.76562 10.2812 74 0 60 0
1.2e-09 infty 1.84375 10.0625 58 0 63 0
1.2e-09 infty 1.92188 10.2656 67 0 80 0
1.2e-09 infty 2.32812 10.0938 76 0 70 0
1.2e-09 infty 2.26562 10.4375 67 0 68 0
1.2e-09 25.6406 1.84375 10.0938 4 494862186 13 0
1.2e-09 23.2969 2.03125 10.1406 4 0 0 512942614
1.2e-09 infty 1.90625 10.25 67 0 64 196157976
1.2e-09 24.3594 1.89062 10.1875 1 449672794 5 0
1.2e-09 25.3281 1.84375 10.0938 7 189871090 8 255453107
1.2e-09 infty 2.3125 10.0625 63 0 50 0
1.2e-09 24.2344 2 10.0938 6 404173073 0 0
1.2e-09 infty 2.5625 10.3281 78 0 65 0
1.2e-09 23 1.96875 10.5156 0 455460157 0 0
1.2e-09 infty 1.79688 10.4531 65 0 57 0
1.2e-09 24.625 2.04688 10.1875 3 401789971 4 0
1.2e-09 24.9219 2.375 10.2031 6 0 4 456738845
1.2e-09 infty 2.79688 10.0781 57 0 52 0
1.2e-09 infty 1.84375 10.0938 64 0 65 0
1.2e-09 infty 2.26562 10.3906 72 0 79 0
1.2e-09 infty 1.82812 10.0469 66 0 61 0
1.2e-09 infty 2.78125 10.0625 67 0 68 0
1.2e-09 infty 1.95312 10.4062 71 0 74 0
1.2e-09 22.9531 1.9375 10.3281 2 0 0 488967163
1.2e-09 24.4219 1.79688 10.4688 5 401404843 1 0
1.2e-09 24.4375 2.21875 10.2188 1 0 3 400681698
1.2e-09 infty 2.75 10.4844 82 0 69 0
1.2e-09 infty 2.46875 10.0469 66 0 72 0
1.2e-09 infty 2.21875 10.2344 65 0 70 0
1.2e-09 infty 1.78125 10.3594 73 0 77 0
1.2e-09 infty 1.96875 10 67 0 64 0
1.2e-09 infty 2.46875 10.0625 61 0 74 0
1.2e-09 infty 2.46875 10.0625 64 0 80 0
1.2e-09 infty 2.23438 10.2656 86 0 71 0
1.2e-09 28.3906 2.39062 10.2656 69 459605937 71 0
1.2e-09 25.2812 2.45312 10.0312 7 0 5 475553087
1.2e-09 23.1562 2.01562 10.0938 1 0 2 480588357
1.2e-09 infty 2.28125 10 67 0 70 0
1.2e-09 infty 2.03125 10.1562 42 0 78 0
1.2e-09 25.1875 2.34375 10.1406 4 151639935 4 253844896
1.2e-09 24.0156 2.45312 10.0312 0 352183200 0 66997655
1.2e-09 infty 2.34375 10.125 48 0 54 0
1.2e-09 infty 2.01562 10.1094 52 0 48 0
1.2e-09 infty 1.89062 10.1875 66 0 56 0
1.2e-09 infty 2.25 10.3125 82 0 70 0
1.2e-09 infty 1.76562 10.3281 77 0 66 0
1.2e-09 infty 2.04688 10.1719 56 0 62 0
1.2e-09 infty 2.03125 10.1562 57 0 69 0
1.2e-09 infty 2.78125 10.0469 80 0 73 0
1.2e-09 infty 1.79688 10.4375 83 0 66 0
1.2e-09 infty 2.375 10.2031 51 0 63 0
1.2e-09 23.9531 1.95312 10.3906 2 463920655 1 0
1.2e-09 23.3594 1.9375 10.3594 1 0 0 467113137
1.2e-09 24.7812 2.54688 10.2656 3 0 4 421003519
1.2e-09 infty 2.48438 10.0938 57 0 56 0
1.2e-09 infty 2.42188 10.3594 68 0 74 0
1.2e-09 infty 1.875 10.1406 66 0 56 0
1.2e-09 22.7188 1.89062 10.1875 0 504705668 0 9602715
1.2e-09 infty 2.5625 10.3281 71 0 70 0
1.2e-09 23.2969 2.25 10.3281 1 0 0 513428517
1.2e-09 24.375 2.39062 10.2812 2 411690084 1 19323438
1.2e-09 24.6406 2.3125 10.0469 0 0 1 391055338
1.2e-09 24.6094 2.45312 10.0156 2 409103468 1 0
1.2e-09 infty 2.8125 10.0938 65 0 65 0
1.2e-09 24.0781 2.8125 10.125 2 509840486 2 0
1.2e-09 27.2656 2.375 10.2188 27 0 15 440603906
1.2e-09 infty 1.92188 10.3125 57 0 95 0
1.2e-09 23.6406 2.76562 10.5156 1 0 0 414767394
1.2e-09 infty 1.76562 10.3281 84 0 67 0
1.2e-09 25.9531 1.75 10.2656 3 409823714 5 0
1.2e-09 28.5312 2.23438 10.25 74 0 70 370076383
1.2e-09 infty 1.79688 10.5156 72 0 64 0
1.2e-09 infty 1.89062 10.1875 53 0 68 0
1.2e-09 24.3125 2.35938 10.1875 0 246542578 3 232013975
1.2e-09 infty 2.75 10.4844 61 0 67 0
1.2e-09 infty 1.9375 10.3594 76 0 62 0
1.2e-09 infty 1.875 10.1406 57 0 70 0
1.2e-09 24.3906 1.76562 10.2969 0 0 2 426436601
1.2e-09 infty 2.28125 10.4688 65 0 65 0
1.2e-09 25.4844 1.92188 10.2656 9 471439248 3 0
1.2e-09 23.6094 2.3125 10.0469 3 0 1 435533329
1.2e-09 27.3125 1.85938 10.125 27 0 23 401920263
1.2e-09 infty 2.5 10.1094 61 0 54 0
1.2e-09 23.7188 2.45312 10.0156 1 486438439 0 0
1.2e-09 25.3438 2.53125 10.2031 5 0 5 430621318
1.2e-09 infty 2.32812 10.0781 82 0 79 0
1.2e-09 26.3906 2.01562 10.0938 15 0 13 512814758
1.2e-09 24.1719 1.85938 10.125 3 0 1 447249277
1.2e-09 infty 2.39062 10.25 74 0 91 0
1.2e-09 24.7969 2.53125 10.2031 1 0 0 413255870
1.2e-09 infty 2.29688 10.0156 65 0 65 0
1.2e-09 infty 1.76562 10.2969 68 0 84 0
1.2e-09 infty 1.8125 10.5156 57 0 72 0
1.2e-09 infty 1.90625 10.25 82 0 51 0
1.2e-09 25.9531 2.5625 10.2812 6 407828808 10 0
1.2e-09 infty 2.40625 10.3281 70 0 76 0
1.2e-09 infty 1.96875 10.0156 70 0 72 0
1.2e-09 infty 2.53125 10.2188 68 0 72 0
1.2e-09 24.6875 1.96875 10.5 2 0 1 482363021
1.2e-09 infty 2 10.0625 67 0 57 0
1.2e-09 24.4688 1.76562 10.3281 3 0 1 503602874
1.2e-09 infty 2 10.0781 64 0 60 0
1.2e-09 23.5469 2.46875 10.0469 0 0 0 471892235
1.2e-09 27.2188 2.5 10.1406 25 0 23 463388912
1.2e-09 24.5625 1.84375 10.0625 1 0 4 443853850
1.2e-09 24.6406 2.5 10.125 6 0 3 387017399
1.2e-09 24.7812 1.82812 10.0625 3 0 6 421194662
1.2e-09 infty 1.82812 10.0625 61 0 76 0
1.2e-09 25.2031 2.78125 10.0312 2 401164735 7 0
1.2e-09 infty 2.45312 10.0312 79 0 67 0
1.2e-09 infty 1.85938 10.125 64 0 60 0
1.2e-09 infty 1.84375 10.0781 59 0 68 0
1.2e-09 infty 2.40625 10.2969 77 0 65 0
1.2e-09 25.3594 2.04688 10.1719 7 0 4 425942062
1.2e-09 infty 2.39062 10.25 77 0 73 0
1.2e-09 25.5312 1.9375 10.3281 6 0 10 439216052
1.2e-09 infty 2.42188 10.3594 85 0 77 0
1.2e-09 infty 2 10.0625 65 0 51 0
1.2e-09 infty 2.8125 10.1094 65 0 55 0
1.2e-09 infty 2.01562 10.0938 60 0 71 0
1.2e-09 infty 2.5625 10.3281 81 0 69 0
1.2e-09 27.6094 2.39062 10.2812 34 468051791 44 0
1.2e-09 infty 2.29688 10.0312 61 0 51 0
1.2e-09 26.75 2.76562 10.0156 11 0 24 392765535
1.2e-09 infty 1.79688 10.5156 72 0 54 0
1.2e-09 25.5312 2 10.0625 3 433599570 4 0
1.2e-09 infty 2.75 10.3906 71 0 63 0
1.2e-09 26.125 1.85938 10.1094 6 423756371 7 0
1.2e-09 infty 2.35938 10.1719 60 0 68 0
1.2e-09 infty 1.8125 10 57 0 58 0
1.2e-09 24.6406 1.875 10.1562 3 0 1 391021818
1.2e-09 23.375 2.26562 10.3906 1 460579282 3 0
1.2e-09 24.2344 2.79688 10.0625 2 401410350 1 0
1.2e-09 23.5625 2.34375 10.125 0 0 2 458324931
1.2e-09 23.4531 1.90625 10.2656 1 228720275 0 180343329
1.2e-09 23.875 1.78125 10.4062 3 0 1 388590531
1.2e-09 26.8594 2.39062 10.2656 18 451169168 10 0
1.2e-09 24.4531 2.25 10.2969 3 388926451 2 0
1.2e-09 infty 1.75 10.25 72 0 89 0
1.2e-09 infty 1.84375 10.0938 60 0 57 0
1.2e-09 infty 1.75 10.25 60 0 69 0
1.2e-09 infty 1.85938 10.125 64 0 66 0
1.2e-09 23.2656 2.34375 10.125 1 211576902 1 190526561
1.2e-09 infty 2.03125 10.1562 62 0 54 0
1.2e-09 26.7969 2.35938 10.1875 17 0 17 487957610
1.2e-09 23.5625 1.78125 10.375 0 450538961 2 15019657
1.2e-09 infty 1.82812 10.0469 62 0 73 0
1.2e-09 infty 1.79688 10.4375 83 0 58 0
1.2e-09 infty 1.85938 10.0938 68 0 66 0
1.2e-09 infty 1.89062 10.1875 61 0 53 0
1.2e-09 infty 2.29688 10.0312 64 0 85 0
1.2e-09 infty 1.76562 10.3281 78 0 70 0
1.2e-09 infty 1.92188 10.2969 62 0 73 0
1.2e-09 infty 1.89062 10.2031 63 0 52 0
1.2e-09 23.8906 1.89062 10.2031 2 0 3 502834349
1.2e-09 infty 2.28125 10.4844 57 0 58 0
1.2e-09 infty 1.75 10.25 75 0 76 0
1.2e-09 infty 1.98438 10.0312 74 0 72 0
1.2e-09 infty 2 10.0938 61 0 48 0
1.2e-09 infty 2.5625 10.2969 86 0 81 0
1.2e-09 24.3906 1.76562 10.2812 2 0 0 423132093
1.2e-09 24.9219 2.26562 10.375 3 0 5 457479391
1.2e-09 26.8906 2.04688 10.1875 25 0 17 431035367
1.2e-09 22.2031 2.48438 10.0781 0 0 0 470235408
1.2e-09 infty 2.01562 10.125 60 0 55 0
1.2e-09 infty 1.90625 10.2344 55 0 57 0
1.2e-09 infty 2.04688 10.2031 62 0 49 0
1.2e-09 infty 2.40625 10.3281 95 0 62 0
1.2e-09 infty 2 10.0625 71 0 83 0
1.2e-09 26.1875 2.26562 10.4375 12 387165416 12 0
1.2e-09 24.375 2.21875 10.2344 3 0 1 437665317
1.2e-09 23.6562 1.90625 10.2344 0 185339664 0 220630955
1.2e-09 infty 2.28125 10 77 0 77 0
1.2e-09 infty 1.78125 10.3594 65 0 58 0
1.2e-09 infty 1.90625 10.25 82 0 53 0
1.2e-09 25.1875 2.04688 10.2031 2 413192558 2 0
1.2e-09 infty 1.82812 10.0469 72 0 60 0
1.2e-09 infty 1.84375 10.0938 69 0 58 0
1.2e-09 infty 2.29688 10.0312 75 0 57 0
1.2e-09 23.7031 1.8125 10.0156 0 159723828 1 345264708
1.2e-09 26.5938 2.3125 10.0625 10 0 12 500115914
1.2e-09 26.7344 1.82812 10.0625 18 403062510 16 0
1.2e-09 25.1562 1.85938 10.125 0 0 1 431805523
1.2e-09 infty 2.53125 10.1875 73 0 78 0
1.2e-09 infty 1.98438 10.0312 70 0 62 0
1.2e-09 24.6406 2.45312 10.0312 2 394214137 1 0
1.2e-09 infty 2.32812 10.1094 53 0 57 0
1.2e-09 24.3438 2.21875 10.2344 2 0 0 454372554
1.2e-09 infty 2.42188 10.4219 76 0 73 0
1.2e-09 infty 1.9375 10.3438 77 0 85 0
1.2e-09 27.8281 1.82812 10.0312 49 0 42 446596158
1.2e-09 infty 2.23438 10.2812 68 0 67 0
1.2e-09 infty 1.875 10.1562 54 0 59 0
1.2e-09 infty 1.9375 10.375 84 0 59 0
1.2e-09 infty 2.8125 10.0938 69 0 60 0
1.2e-09 infty 1.95312 10.4375 73 0 53 0
1.2e-09 24.5156 2.46875 10.0625 1 468569459 4 0
1.2e-09 infty 2.75 10.4375 58 0 81 0
1.2e-09 25.3438 2.21875 10.2344 4 0 6 435885114
1.2e-09 24.6719 1.96875 10 6 499855928 1 0
1.2e-09 infty 2.21875 10.2188 59 0 49 0
1.2e-09 infty 2.8125 10.125 75 0 52 0
1.2e-09 25.1094 2 10.0781 1 313553158 1 151417885
1.2e-09 23.9688 1.92188 10.3125 2 270978077 2 172885905
1.2e-09 26.125 2.26562 10.3906 8 0 12 424273402
1.2e-09 26.6562 1.85938 10.1094 24 453213391 16 0
1.2e-09 infty 1.90625 10.2188 47 0 62 0
1.2e-09 infty 2.46875 10.0469 52 0 63 0
1.2e-09 infty 1.78125 10.3438 68 0 59 0
1.2e-09 25.9531 1.76562 10.2812 9 108238821 7 307915289
1.2e-09 27.1562 2.32812 10.1094 23 0 16 513152730
1.2e-09 22.1406 2.34375 10.125 0 511987582 0 0
1.2e-09 infty 1.78125 10.3438 58 0 64 0
1.2e-09 23.0469 2.29688 10.0312 1 0 1 418050047
1.2e-09 26.1562 2.28125 10.4688 5 0 5 408698289
1.2e-09 infty 1.9375 10.375 74 0 69 0
1.2e-09 infty 1.82812 10.0312 66 0 51 0
1.2e-09 24.9688 1.9375 10.375 2 0 4 428301562
1.2e-09 27.4844 2.73438 10.3438 26 420063144 33 0
1.2e-09 infty 1.76562 10.2812 76 0 55 0
1.2e-09 infty 2.76562 10.0156 58 0 74 0
1.2e-09 infty 1.76562 10.2812 75 0 70 0
1.2e-09 infty 2.03125 10.125 69 0 61 0
1.2e-09 24.2812 1.76562 10.2969 2 505174526 2 0
1.2e-09 infty 1.75 10.2656 81 0 78 0
1.2e-09 infty 2 10.0781 65 0 53 0
1.2e-09 infty 2.40625 10.2969 69 0 85 0
1.2e-09 24.0781 1.98438 10.0312 1 504385742 1 0
1.2e-09 25.0625 2.01562 10.1094 1 0 5 495023966
1.2e-09 23.1875 1.82812 10.0469 0 0 2 453611664
1.2e-09 25.0156 2.4375 10.5156 6 0 3 396428329
1.2e-09 infty 2.21875 10.2188 64 0 56 0
1.2e-09 infty 2.28125 10.5 67 0 61 0
1.2e-09 28.0312 2.26562 10.4375 60 0 53 439520493
1.2e-09 infty 2.45312 10 71 0 56 0
1.2e-09 24.9062 1.78125 10.375 4 466491003 3 0
1.2e-09 infty 1.82812 10.0469 67 0 69 0
1.2e-09 infty 1.82812 10.0625 63 0 59 0
1.2e-09 22.9688 1.78125 10.3906 2 470901406 0 0
1.2e-09 24.1562 2.4375 10.5156 3 433832808 3 21901807
1.2e-09 infty 2.03125 10.1406 65 0 78 0
1.2e-09 26.5469 2.75 10.4688 10 0 10 403326459
1.2e-09 23.5312 2 10.0938 1 487298806 0 0
1.2e-09 26.0156 2.25 10.3594 14 0 5 496474659
1.2e-09 infty 1.98438 10.0469 66 0 76 0
1.2e-09 23.3125 1.92188 10.2969 0 0 0 502201498
1.2e-09 infty 1.92188 10.2969 64 0 79 0
1.2e-09 22.8281 1.90625 10.2188 0 119322858 0 317109726
1.2e-09 infty 1.9375 10.3594 69 0 74 0
1.2e-09 infty 2.79688 10.0781 55 0 59 0
1.2e-09 infty 1.8125 10.0312 62 0 62 0
1.2e-09 24.7344 1.82812 10.0469 3 0 3 454791171
1.2e-09 infty 1.84375 10.0938 71 0 65 0
1.2e-09 infty 2.01562 10.125 58 0 69 0
1.2e-09 25.3125 2.34375 10.1562 5 453567640 11 0
1.2e-09 infty 2.48438 10.0781 71 0 75 0
1.2e-09 infty 2.28125 10.4531 64 0 67 0
1.2e-09 24.5625 2.4375 10.4844 3 0 2 439953300
1.2e-09 infty 1.82812 10.0469 79 0 78 0
1.2e-09 25.1406 2.8125 10.1094 3 438223794 4 0
1.2e-09 26.7812 2.54688 10.2656 16 502416481 17 0
1.2e-09 27.0469 2.5625 10.2969 24 0 18 451303250
1.2e-09 infty 2.5 10.1406 51 0 64 0
1.2e-09 24.125 1.8125 10.0312 5 0 4 471332683
1.2e-09 infty 2.28125 10.5156 66 0 73 0
1.2e-09 24.3906 1.76562 10.3281 1 427828813 0 0
1.2e-09 24.2344 2.5 10.125 0 402784127 1 0
1.2e-09 infty 2.35938 10.1719 60 0 60 0
1.2e-09 infty 1.89062 10.1875 65 0 54 0
1.2e-09 infty 2.51562 10.1562 65 0 63 0
1.2e-09 24.375 2.25 10.3125 1 439719009 0 0
1.2e-09 infty 1.76562 10.2812 72 0 77 0
1.2e-09 24.3281 2.51562 10.1719 3 0 1 466644621
1.2e-09 24.9844 1.8125 10.0156 5 414220103 2 0
1.2e-09 infty 2.26562 10.375 71 0 73 0
1.2e-09 23.6719 2.46875 10.0625 2 0 1 390454880
1.2e-09 24.2344 1.85938 10.1094 3 404852517 2 0
1.2e-09 26.6094 1.84375 10.0781 16 490242549 16 0
1.2e-09 24.5469 1.85938 10.1094 1 0 3 445186159
1.2e-09 infty 2.51562 10.1719 57 0 60 0
1.2e-09 23.1562 2.76562 10.0156 1 109289942 1 364951607
1.2e-09 24.3281 2.5625 10.2812 1 215407667 1 250662703
1.2e-09 27.625 1.79688 10.4688 35 458124142 40 0
1.2e-09 infty 2.28125 10.4531 73 0 82 0
1.2e-09 26.9219 2.53125 10.2031 16 0 17 406453631
1.2e-09 infty 1.89062 10.1719 68 0 62 0
1.2e-09 26.3125 1.89062 10.2031 11 0 9 427878976
1.2e-09 infty 2.46875 10.0469 80 0 64 0
1.2e-09 infty 2.32812 10.0938 67 0 55 0
1.2e-09 infty 1.76562 10.2812 77 0 104 0
1.2e-09 24.875 1.75 10.2344 3 484059999 1 0
1.2e-09 infty 1.92188 10.2969 82 0 75 0
1.2e-09 infty 2.4375 10.4375 60 0 88 0
1.2e-09 infty 2.03125 10.1406 50 0 67 0
1.2e-09 infty 2.51562 10.1719 63 0 55 0
1.2e-09 24.2188 1.98438 10.0312 3 307739851 0 100401844
1.2e-09 infty 1.85938 10.1094 50 0 57 0
1.2e-09 25.3125 2.35938 10.1875 7 448395023 5 0
1.2e-09 24.0625 1.84375 10.0781 0 0 2 393971509
1.2e-09 26.7812 2.8125 10.1094 25 0 17 500693844
1.2e-09 infty 1.8125 10.0156 50 0 67 0
1.2e-09 24.7031 2.78125 10.0469 3 0 3 479656698
1.2e-09 infty 2.82812 10.125 52 0 74 0
1.2e-09 23.4375 1.79688 10.5156 0 0 2 414702808
1.2e-09 infty 1.85938 10.1094 48 0 55 0
1.2e-09 infty 2.375 10.2188 56 0 55 0
1.2e-09 infty 2.04688 10.1719 42 0 67 0
1.2e-09 infty 1.95312 10.4219 69 0 64 0
1.2e-09 25.375 2.51562 10.1719 7 410794974 5 0
1.2e-09 23.8906 1.78125 10.3438 0 500578221 1 0
1.2e-09 25.875 2.375 10.2031 3 0 6 466372500
1.2e-09 infty 2.45312 10.0312 60 0 62 0
1.2e-09 infty 1.82812 10.0312 60 0 58 0
1.2e-09 24.4531 2.5625 10.2812 1 514842241 1 0
1.2e-09 infty 2.40625 10.3281 66 0 84 0
1.2e-09 infty 2.32812 10.1094 56 0 54 0
1.2e-09 infty 1.82812 10.0312 68 0 65 0
1.2e-09 infty 2.48438 10.0781 68 0 56 0
1.2e-09 23.9062 1.75 10.2656 0 488482827 1 0
1.2e-09 24.0312 1.9375 10.3281 0 0 0 411635344
1.2e-09 24.125 2.75 10.4844 1 0 2 470755094
1.2e-09 infty 1.76562 10.2812 69 0 81 0
1.2e-09 23.3125 2.26562 10.4062 0 0 0 500266656
1.2e-09 infty 1.92188 10.2656 80 0 65 0
1.2e-09 infty 2.03125 10.1406 56 0 60 0
1.2e-09 infty 2.51562 10.1719 54 0 51 0
1.2e-09 26.5312 1.9375 10.3438 6 0 10 411156920
1.2e-09 27.1719 1.96875 10.5 30 0 28 500410781
1.2e-09 23.3125 2.40625 10.2969 3 0 0 505023976
1.2e-09 infty 1.84375 10.0938 58 0 64 0
1.2e-09 infty 2 10.0781 75 0 84 0
1.2e-09 24.6562 1.8125 10 1 314637519 1 196738644
1.2e-09 infty 2.42188 10.3594 67 0 68 0
1.2e-09 infty 2.34375 10.1406 61 0 61 0
1.2e-09 infty 2.5625 10.2969 65 0 71 0
1.2e-09 infty 2.40625 10.3281 82 0 73 0
1.2e-09 infty 2.51562 10.1562 65 0 69 0
1.2e-09 24.3906 2.25 10.3281 6 289775598 0 137083113
1.2e-09 23.6719 1.92188 10.2656 2 255325625 2 136525595
1.2e-09 24.2812 1.84375 10.0625 1 502807505 2 0
1.2e-09 23.0781 1.78125 10.4062 0 214592845 0 192791833
1.2e-09 infty 2.73438 10.375 75 0 76 0
1.2e-09 infty 1.79688 10.4844 71 0 65 0
1.2e-09 25.4219 2.375 10.2031 10 0 3 507224207
1.2e-09 infty 1.8125 10.0156 61 0 63 0
1.2e-09 infty 1.84375 10.0625 59 0 59 0
1.2e-09 infty 2.35938 10.1719 56 0 71 0
1.2e-09 24.375 1.95312 10.4375 1 433426928 2 0
1.2e-09 infty 2.82812 10.1562 51 0 60 0
1.2e-09 infty 2 10.0781 55 0 55 0
1.2e-09 infty 1.79688 10.4844 74 0 82 0
1.2e-09 infty 2.42188 10.4219 71 0 77 0
1.2e-09 24.0938 1.98438 10.0469 2 501519466 2 0
1.2e-09 infty 1.84375 10.0781 66 0 65 0
1.2e-09 infty 2.03125 10.1406 70 0 57 0
1.2e-09 infty 2.46875 10.0469 57 0 64 0
1.2e-09 24.0625 1.98438 10.0469 2 0 1 390595200
1.2e-09 infty 1.82812 10.0312 59 0 60 0
1.2e-09 infty 1.85938 10.125 67 179425396 72 0
1.2e-09 25.4062 2.5625 10.2812 4 389766645 8 0
1.2e-09 26.4219 2.23438 10.2812 6 0 13 481819394
1.2e-09 24.2188 1.79688 10.5 2 416233947 4 0
1.2e-09 infty 1.98438 10.0625 51 0 77 0
1.2e-09 infty 2.42188 10.4219 72 0 68 0
1.2e-09 infty 2.28125 10.5 64 0 78 0
1.2e-09 infty 2.51562 10.1406 67 0 65 0
1.2e-09 infty 1.8125 10.0312 75 0 60 0
1.2e-09 24.2188 2.03125 10.1562 0 408455066 3 0
1.2e-09 infty 2.26562 10.3594 72 0 62 0
1.2e-09 infty 2.4375 10.4375 63 0 47 0
1.2e-09 infty 2.32812 10.0938 63 0 64 0
1.2e-09 infty 2.21875 10.2188 54 0 55 0
1.2e-09 infty 1.875 10.1406 61 0 56 0
1.2e-09 infty 1.89062 10.1875 64 0 55 0
1.2e-09 infty 1.96875 10.5156 72 0 69 0
1.2e-09 infty 1.79688 10.4219 77 0 67 0
1.2e-09 infty 2.01562 10.1094 67 0 58 0
1.2e-09 infty 1.89062 10.1875 55 0 54 0
1.2e-09 infty 2 10.0938 57 0 69 0
1.2e-09 infty 2.48438 10.1094 72 0 51 0
1.2e-09 26.8281 2.54688 10.2344 21 0 12 469181015
1.2e-09 infty 1.75 10.25 62 0 78 0
1.2e-09 26.1719 1.95312 10.3906 13 400495797 12 0
1.2e-09 26.6875 2.26562 10.4219 16 436171481 27 0
1.2e-09 24.9062 2.40625 10.3125 5 0 4 466413838
1.2e-09 infty 2.3125 10.0625 66 0 56 0
1.2e-09 infty 1.75 10.2656 62 0 68 0
1.2e-09 infty 1.875 10.1719 62 0 58 0
1.2e-09 24.6562 2.4375 10 2 509111757 1 0
1.2e-09 25.7656 1.89062 10.2031 7 409236177 7 0
1.2e-09 infty 1.96875 10.5156 77 0 63 0
1.2e-09 25.0781 2.45312 10.0312 4 0 5 484419909
1.2e-09 24.1406 2.51562 10.1719 2 459746147 3 0
1.2e-09 infty 1.85938 10.125 66 0 46 0
1.2e-09 infty 1.875 10.1719 76 0 65 0
1.2e-09 infty 1.82812 10.0469 66 0 60 0
1.2e-09 24.7188 2.34375 10.1406 2 0 2 459466313
1.2e-09 25.625 2.35938 10.1562 9 506562477 3 0
1.2e-09 infty 2.35938 10.1562 45 0 72 0
1.2e-09 infty 2.51562 10.1562 50 0 58 0
1.2e-09 23.7656 2 10.0781 0 0 1 461023131
1.2e-09 25.2031 1.82812 10.0469 5 0 3 395631970
1.2e-09 26.875 2.32812 10.0938 19 0 17 441325664
1.2e-09 infty 2.375 10.2344 51 0 46 0
1.2e-09 infty 2.21875 10.2188 39 0 56 0
1.2e-09 23.6875 1.90625 10.2344 0 0 0 509596528
1.2e-09 infty 1.84375 10.0625 65 0 57 0
1.2e-09 25.875 2.35938 10.1875 8 0 5 458351029
1.2e-09 infty 2.5 10.1406 60 0 53 0
1.2e-09 infty 1.8125 10.0156 68 0 75 0
1.2e-09 23.2188 1.75 10.2344 2 0 1 433004974
1.2e-09 infty 1.78125 10.375 61 0 86 0
1.2e-09 23.9375 2.54688 10.2656 0 0 1 472391953
1.2e-09 24.5938 2.73438 10.3906 5 417019866 0 0
1.2e-09 infty 1.9375 10.375 68 0 73 0
1.2e-09 26.1875 1.95312 10.4531 11 512140165 10 0
1.2e-09 infty 2.34375 10.125 54 0 51 0
1.2e-09 24.4219 1.76562 10.2812 2 0 3 401934564
1.2e-09 infty 1.875 10.1562 52 0 54 0
1.2e-09 24.9688 1.75 10.2812 5 428256513 3 0
1.2e-09 infty 2.78125 10.0469 66 0 69 0
1.2e-09 25.25 1.96875 10.0156 7 0 5 493949866
1.2e-09 infty 1.78125 10.3906 62 0 71 0
1.2e-09 infty 2.54688 10.2344 58 0 69 0
1.2e-09 infty 2.26562 10.4375 87 0 71 0
1.2e-09 25.2188 1.85938 10.125 7 390730629 1 0
1.2e-09 24.2656 2.78125 10.0469 1 0 1 509093147
1.2e-09 25.4219 1.9375 10.3281 3 0 9 508402075
1.2e-09 27.1875 2.5 10.125 21 489136526 26 0
1.2e-09 24.4219 1.92188 10.2812 3 0 0 404150128
1.2e-09 infty 2.03125 10.1562 49 0 57 0
1.2e-09 24.7031 1.75 10.25 3 0 2 473056263
1.2e-09 25.2188 1.84375 10.0938 9 0 3 392495653
1.2e-09 infty 1.85938 10.1094 49 0 71 0
1.2e-09 infty 1.82812 10.0469 75 0 69 0
1.2e-09 infty 1.76562 10.2969 65 0 67 0
1.2e-09 23.9062 1.89062 10.2188 1 100170690 1 391423688
1.2e-09 infty 2.76562 10.0156 57 0 67 0
1.2e-09 24.3125 2.01562 10.0938 0 428679848 3 54216166
1.2e-09 24.75 2.8125 10.1094 2 440378090 2 0
1.2e-09 infty 1.95312 10.3906 60 0 76 0
1.2e-09 infty 2.35938 10.1719 56 0 50 0
1.2e-09 infty 2.03125 10.1406 70 0 53 0
1.2e-09 infty 2.53125 10.2031 68 0 58 0
1.2e-09 infty 2.39062 10.2812 72 0 60 0
1.2e-09 24.8125 1.875 10.1562 1 0 4 405774671
1.2e-09 24.1875 1.75 10.25 1 431012051 1 0
1.2e-09 24.75 1.98438 10.0469 2 0 3 445432406
1.2e-09 24.75 2.51562 10.1562 3 442454936 4 0
1.2e-09 24.2656 1.75 10.2656 0 373963981 2 13807524
1.2e-09 infty 2.73438 10.3594 76 0 70 0
1.2e-09 22.6562 2.8125 10.1094 0 0 0 430248737
1.2e-09 28.75 1.98438 10.0469 64 0 49 264781396
1.2e-09 24.3906 2.23438 10.25 2 281580908 6 147485345
1.2e-09 24.9531 1.76562 10.2812 2 0 2 432394875
1.2e-09 infty 1.96875 10.0156 66 0 53 0
1.2e-09 infty 2.73438 10.3906 73 0 64 0
1.2e-09 infty 2.03125 10.1406 69 0 55 0
1.2e-09 infty 1.90625 10.25 92 0 78 0
1.2e-09 24.6562 2.29688 10.0156 2 0 2 503861364
1.2e-09 23.1719 1.8125 10.0312 1 0 1 466040420
1.2e-09 24.8438 2.34375 10.1406 4 0 4 506711092
1.2e-09 infty 1.76562 10.3281 68 0 79 0
1.2e-09 infty 1.84375 10.0781 66 0 71 0
1.2e-09 infty 2.26562 10.4062 87 0 65 0
1.2e-09 infty 2.54688 10.2344 40 0 74 0
1.2e-09 infty 2.48438 10.0938 51 0 64 0
1.2e-09 infty 1.76562 10.3281 78 0 75 0
1.2e-09 23.2812 2.03125 10.1406 0 78184063 0 321978386
1.2e-09 24.5469 1.9375 10.3594 2 0 0 450343198
1.2e-09 24.6562 2.76562 10.0156 2 458915844 1 54862185
1.2e-09 23.7656 1.9375 10.3594 1 0 2 461368039
1.2e-09 24.6875 1.8125 10.0312 4 486311179 3 0
1.2e-09 26.8125 2.79688 10.0625 18 482292804 19 0
1.2e-09 infty 1.875 10.1719 60 0 52 0
1.2e-09 infty 2 10.0781 50 0 62 0
1.2e-09 22.7812 2.23438 10.25 0 96137857 0 379853950
1.2e-09 24.625 2.48438 10.0938 2 400831895 3 0
1.2e-09 infty 2.23438 10.2812 68 0 87 0
1.2e-09 26.1719 1.85938 10.0938 6 394536881 8 0
1.2e-09 26.7969 2.03125 10.1406 22 0 21 493828673
1.2e-09 infty 2.78125 10.0312 56 0 62 0
1.2e-09 infty 2.73438 10.3438 78 0 85 0
1.2e-09 24.0469 1.79688 10.4219 0 0 1 401622402
1.2e-09 infty 2.04688 10.2031 51 0 61 0
1.2e-09 infty 1.76562 10.2812 67 0 71 0
1.2e-09 25.3438 2.40625 10.3125 2 437091645 7 0
1.2e-09 23.5469 2.29688 10.0312 2 478646174 0 0
1.2e-09 infty 2.04688 10.1719 68 0 64 0
1.2e-09 infty 2.26562 10.4219 63 0 83 0
1.2e-09 infty 2 10.0625 56 0 58 0
1.2e-09 infty 1.85938 10.0938 78 0 44 0
1.2e-09 24.7031 1.8125 10.0156 2 469062684 4 0
1.2e-09 infty 2.40625 10.2969 70 0 93 0
1.2e-09 infty 2.04688 10.1719 57 0 61 0
1.2e-09 26.5781 1.98438 10.0312 12 515491342 15 0
1.2e-09 infty 2.21875 10.2031 53 0 57 0
1.2e-09 23.2969 2.42188 10.375 0 0 0 389808040
1.2e-09 infty 2.3125 10.0469 60 0 63 0
1.2e-09 infty 2.34375 10.125 60 0 50 0
1.2e-09 22.6094 2.29688 10.0312 0 47985303 0 411133014
1.2e-09 infty 1.78125 10.3438 70 0 75 0
1.2e-09 infty 2.34375 10.125 80 0 53 162166439
1.2e-09 infty 1.90625 10.2344 55 0 64 88539741
1.2e-09 infty 1.92188 10.2812 83 0 64 0
1.2e-09 25.5625 2.48438 10.0938 3 0 3 416798880
1.2e-09 22.9844 1.9375 10.3281 1 414020457 2 47963604
1.2e-09 28.3906 2.40625 10.2969 84 459380718 62 0
1.2e-09 infty 1.98438 10.0469 63 0 69 0
1.2e-09 infty 1.96875 10.0156 61 0 73 0
1.2e-09 infty 2.01562 10.1094 74 0 60 0
1.2e-09 infty 1.85938 10.1094 55 0 56 0
1.2e-09 infty 1.89062 10.1719 51 0 51 0
1.2e-09 24.5312 1.95312 10.4219 1 0 2 465269681
1.2e-09 23.5625 2.46875 10.0469 1 464854670 0 0
1.2e-09 infty 2.39062 10.2812 58 0 74 0
1.2e-09 27 2.21875 10.2031 21 0 18 489559986
1.2e-09 infty 2.48438 10.0781 45 0 69 0
1.2e-09 24.7031 1.79688 10.4844 5 468894585 5 0
1.2e-09 25.7031 2.51562 10.1406 8 0 8 452470936
1.2e-09 infty 1.79688 10.5 62 0 64 0
1.2e-09 23.2344 1.85938 10.125 1 420989344 2 0
1.2e-09 infty 2.48438 10.0938 60 0 68 0
1.2e-09 24.0625 2.26562 10.375 0 0 2 390839840
1.2e-09 infty 1.75 10.2656 81 0 60 0
1.2e-09 24.6875 2.54688 10.2344 3 0 3 482466251
1.2e-09 23.2031 1.90625 10.2344 0 145373529 0 303912161
1.2e-09 27.4219 2.26562 10.4062 31 455365076 25 0
1.2e-09 28.3125 2.04688 10.1875 84 385330215 66 0
1.2e-09 infty 1.82812 10.0312 51 0 65 0
1.2e-09 infty 2.26562 10.4219 74 0 58 0
1.2e-09 23.1406 1.79688 10.5 0 493080794 1 0
1.2e-09 24.7969 2 10.0938 3 0 2 413910119
1.2e-09 infty 2.26562 10.4062 64 0 76 0
1.2e-09 infty 2.25 10.3125 65 0 71 0
1.2e-09 infty 2.48438 10.1094 59 0 55 0
1.2e-09 infty 2.48438 10.0781 66 0 69 0
1.2e-09 infty 1.82812 10.0469 77 0 63 0
1.2e-09 infty 2.04688 10.1719 68 0 53 0
1.2e-09 25.9844 1.9375 10.3438 11 0 6 395030276
1.2e-09 25.0625 1.9375 10.3438 5 0 7 496057618
1.2e-09 infty 1.89062 10.1719 48 0 59 0
1.2e-09 infty 2.01562 10.0938 65 0 58 0
1.2e-09 infty 2.35938 10.1719 64 0 66 0
1.2e-09 24.0938 1.82812 10.0312 1 58057922 2 444482155
1.2e-09 23.5938 1.875 10.1562 0 445122458 2 0
1.2e-09 infty 1.89062 10.2031 54 0 66 0
1.2e-09 26.4062 1.79688 10.4219 7 0 13 494931343
1.2e-09 24.0781 2.03125 10.1562 1 514682091 2 0
1.2e-09 25.4375 2.375 10.2031 7 506074598 7 0
1.2e-09 infty 1.75 10.2656 62 0 80 0
1.2e-09 infty 2.46875 10.0312 58 0 65 0
1.2e-09 infty 2.26562 10.4219 72 0 66 0
1.2e-09 infty 1.84375 10.0938 52 0 71 0
1.2e-09 23.4375 2.45312 10.0156 0 81713138 1 341050286
1.2e-09 23.4062 2.25 10.3125 0 442714140 2 0
1.2e-09 infty 1.78125 10.375 75 0 63 0
1.2e-09 infty 1.76562 10.3125 64 0 63 0
1.2e-09 23.9531 1.75 10.2656 0 465171091 1 0
1.2e-09 25.4062 1.78125 10.3594 4 392415677 7 0
1.2e-09 infty 1.75 10.2344 45 0 48 0
1.2e-09 24.9531 2.21875 10.2344 2 0 6 440338770
1.2e-09 infty 2.40625 10.2969 73 0 81 0
1.2e-09 infty 1.75 10.25 73 0 81 0
1.2e-09 24.0156 2.32812 10.0781 6 0 1 418547784
1.2e-09 25.1719 1.89062 10.2031 4 417357408 2 0
1.2e-09 24.5938 1.85938 10.1094 4 418656313 5 0
1.2e-09 infty 2.32812 10.1094 75 0 61 0
1.2e-09 26.7656 2.48438 10.0938 15 388527829 17 0
1.2e-09 24.0625 2.78125 10.0469 2 389145085 0 0
1.2e-09 infty 1.90625 10.2656 82 0 58 0
1.2e-09 25.0156 1.95312 10.4219 3 394461150 3 0
1.2e-09 infty 2.48438 10.0781 65 0 67 0
1.2e-09 25.4531 1.89062 10.2188 7 494870916 6 0
1.2e-09 infty 1.8125 10.0156 63 0 65 0
1.2e-09 infty 2.21875 10.25 72 0 60 0
1.2e-09 25.3281 2 10.0625 9 0 3 442786708
1.2e-09 24.0312 1.78125 10.3594 1 0 0 411463422
1.2e-09 infty 2.54688 10.2344 55 0 56 0
1.2e-09 24.5 1.9375 10.375 3 0 2 484761302
1.2e-09 infty 2.48438 10.0781 65 0 79 0
1.2e-09 infty 1.84375 10.0938 69 0 70 0
1.2e-09 23 2.79688 10.0781 0 0 0 452211993
1.2e-09 23.2812 2.04688 10.2031 1 0 0 400527653
1.2e-09 24.0156 1.84375 10.0781 2 415638565 2 0
1.2e-09 25.625 1.84375 10.0625 5 509000349 5 0
1.2e-09 23.75 1.78125 10.3281 1 185519227 1 280115781
1.2e-09 infty 2.79688 10.0781 53 0 74 0
1.2e-09 infty 1.85938 10.125 56 0 67 0
1.2e-09 infty 2.78125 10.0312 78 0 76 0
1.2e-09 infty 2.39062 10.25 99 0 79 0
1.2e-09 infty 1.79688 10.4062 76 0 70 0
1.2e-09 infty 2.28125 10.5 67 0 66 0
1.2e-09 24.5781 2.28125 10.4531 0 425821673 4 0
1.2e-09 infty 1.875 10.1719 65 0 67 0
1.2e-09 infty 2.75 10.4844 66 0 64 0
1.2e-09 infty 2.03125 10.1562 59 0 71 0
1.2e-09 infty 1.78125 10.4062 75 0 74 0
1.2e-09 25.4375 1.78125 10.3906 6 505488828 4 0
1.2e-09 25.25 2 10.0781 9 0 8 499476131
1.2e-09 24.9844 2.4375 10.4375 1 0 3 414574940
1.2e-09 23.6875 1.84375 10.0938 0 510007361 1 0
1.2e-09 23.2969 1.78125 10.3438 2 513791141 0 0
1.2e-09 25.0781 2.46875 10.0312 5 483052787 3 0
1.2e-09 infty 2.375 10.2188 46 0 45 0
1.2e-09 infty 2.23438 10.2812 74 0 80 0
1.2e-09 infty 1.78125 10.3438 79 0 57 0
1.2e-09 infty 1.76562 10.2969 72 0 72 0
1.2e-09 24.25 2.21875 10.2031 0 391727882 0 0
1.2e-09 25.0781 1.95312 10.4844 5 0 5 480057008
1.2e-09 infty 1.92188 10.2812 77 0 69 0
1.2e-09 infty 2.42188 10.3906 75 0 68 0
1.2e-09 25.75 1.90625 10.2188 3 0 10 423835598
1.2e-09 infty 2.26562 10.3906 74 0 69 0
1.2e-09 25.1875 2.03125 10.1562 1 406837042 4 0
1.2e-09 24.125 2.5 10.125 5 0 4 469361445
1.2e-09 infty 2.3125 10.0625 59 0 55 0
1.2e-09 infty 1.84375 10.0781 70 0 68 0
1.2e-09 infty 2.5 10.1406 59 0 56 0
1.2e-09 infty 2.21875 10.2344 67 0 56 0
1.2e-09 infty 2.04688 10.2031 74 0 62 0
1.2e-09 infty 1.79688 10.5 69 0 71 0
1.2e-09 25.625 2.32812 10.0938 6 508192737 4 0
1.2e-09 24.8906 1.90625 10.25 2 0 1 478245784
1.2e-09 infty 2 10.0625 65 0 67 0
1.2e-09 26.375 2.04688 10.1719 13 388737138 18 0
1.2e-09 infty 2.42188 10.375 61 0 70 0
1.2e-09 infty 2.03125 10.1562 58 0 60 140966254
1.2e-09 infty 2.28125 10 65 0 64 0
1.2e-09 22.0625 1.8125 10.0312 0 0 0 431529587
1.2e-09 infty 2.73438 10.375 79 0 68 0
1.2e-09 infty 2.04688 10.1719 55 0 60 0
1.2e-09 infty 2.5 10.125 61 0 54 0
1.2e-09 infty 2.03125 10.125 68 64651732 67 0
1.2e-09 24.4688 2.76562 10 3 499078086 4 0
1.2e-09 23.9375 2.25 10.2969 2 0 0 466316583
1.2e-09 23.3594 1.89062 10.1719 2 466382397 2 0
1.2e-09 infty 1.875 10.1562 51 0 56 0
1.2e-09 23.7656 1.98438 10.0469 1 460815764 3 0
1.2e-09 24.3438 1.90625 10.25 2 457476967 1 0
1.2e-09 infty 1.85938 10.125 48 0 58 0
1.2e-09 26.75 2.5 10.125 12 0 20 401312444
1.2e-09 24.7031 1.82812 10.0469 3 0 7 472003995
1.2e-09 infty 1.875 10.1562 48 0 68 0
1.2e-09 infty 1.9375 10.3438 81 0 76 0
1.2e-09 infty 1.92188 10.2812 72 0 75 0
1.2e-09 infty 1.79688 10.4375 56 0 84 0
1.2e-09 infty 2.01562 10.0938 61 0 57 0
1.2e-09 infty 2.32812 10.0781 75 0 51 0
1.2e-09 infty 2.45312 10.0312 58 0 64 0
1.2e-09 infty 1.96875 10.0156 60 0 65 0
1.2e-09 infty 2.03125 10.1406 54 0 62 0
1.2e-09 infty 2.04688 10.1875 50 0 58 0
1.2e-09 23.2812 2.40625 10.3125 1 396281333 2 0
1.2e-09 24.7344 1.90625 10.2344 1 452330788 1 0
1.2e-09 23.8438 2.5625 10.2812 2 401746252 1 0
1.2e-09 infty 1.84375 10.0625 49 0 55 0
1.2e-09 infty 1.9375 10.3438 60 0 69 0
1.2e-09 24.1562 1.82812 10.0469 0 452060017 4 0
1.2e-09 infty 2.75 10.5 66 0 67 0
1.2e-09 infty 2.35938 10.1719 60 0 59 0
1.2e-09 23.8594 2.42188 10.375 3 46372995 0 346830730
1.2e-09 infty 1.8125 10.5156 58 0 79 0
1.2e-09 25.375 1.92188 10.3125 3 411191453 2 0
1.2e-09 infty 2.78125 10.0312 73 0 60 0
1.2e-09 infty 2.45312 10.0312 48 0 57 0
1.2e-09 infty 1.96875 10 60 0 68 0
1.2e-09 infty 1.75 10.25 69 0 85 0
1.2e-09 infty 2.04688 10.2031 53 0 59 0
1.2e-09 25.2031 2.79688 10.0938 3 400404283 2 0
1.2e-09 24.8438 2.53125 10.2031 4 503945904 2 5180495
1.2e-09 24.8906 1.875 10.1562 5 443193056 3 29792445
1.2e-09 infty 1.82812 10.0312 68 0 60 0
1.2e-09 24.7031 1.82812 10.0469 2 10236655 4 464872525
1.2e-09 23.9219 2.28125 10.4844 3 486122272 0 0
1.2e-09 infty 2.29688 10.0156 65 0 72 0
1.2e-09 infty 2.54688 10.25 91 0 69 0
1.2e-09 infty 2.76562 10.5156 69 0 73 0
1.2e-09 23.6094 1.79688 10.5 1 278617976 0 157425096
1.2e-09 23.7188 2.51562 10.1719 1 464874143 3 28524339
1.2e-09 infty 2.40625 10.3281 70 0 78 0
1.2e-09 infty 1.79688 10.5 80 0 77 0
1.2e-09 infty 2.51562 10.1719 62 0 82 0
1.2e-09 23.4688 2.42188 10.4062 0 396377473 0 0
1.2e-09 infty 1.89062 10.2031 68 0 62 0
1.2e-09 22.2344 2.34375 10.1406 0 447580965 0 0
1.2e-09 infty 1.875 10.1562 68 0 73 0
1.2e-09 26.4219 2.35938 10.1562 16 491175288 18 0
1.2e-09 infty 2.25 10.3438 65 0 68 0
1.2e-09 22.0156 2.45312 10.0156 0 0 0 467434576
1.2e-09 infty 2.46875 10.0469 74 0 71 0
1.2e-09 24.125 2.28125 10.5156 1 69650008 1 409770733
1.2e-09 27.3906 2.04688 10.1719 41 0 33 482461425
1.2e-09 infty 2.51562 10.1562 48 0 54 0
1.2e-09 26.1875 2.46875 10.0625 8 0 10 512700391
1.2e-09 infty 1.8125 10.0312 77 0 59 0
1.2e-09 27.9219 2.03125 10.125 48 515602847 64 0
1.2e-09 24.2656 1.85938 10.125 2 511235174 1 0
1.2e-09 infty 2.29688 10.0156 62 0 69 0
1.2e-09 24.4531 1.78125 10.3594 1 0 5 512722384
1.2e-09 infty 1.89062 10.1719 58 0 67 0
1.2e-09 infty 2.28125 10.4531 56 0 65 0
1.2e-09 infty 2.25 10.3281 71 0 72 0
1.2e-09 23.4531 1.75 10.2656 0 408648354 3 0
1.2e-09 23.9531 1.98438 10.0312 1 0 1 465156895
1.2e-09 infty 1.875 10.1562 60 0 60 0
1.2e-09 22.875 1.95312 10.4688 1 0 1 407223086
1.2e-09 24.0938 1.875 10.1562 1 495268268 2 0
1.2e-09 infty 2.01562 10.1094 60 0 56 0
1.2e-09 infty 2.39062 10.25 68 0 78 0
1.2e-09 infty 2.03125 10.125 68 0 63 0
1.2e-09 23.25 2.25 10.3594 0 94078213 0 322368833
1.2e-09 infty 1.95312 10.4375 69 0 59 0
1.2e-09 infty 1.95312 10.3906 66 0 52 0
1.2e-09 infty 2.29688 10.0312 55 0 70 0
1.2e-09 23.4219 2.76562 10.5156 0 428531766 0 0
1.2e-09 infty 1.95312 10.5 68 0 82 0
1.2e-09 infty 2.39062 10.2812 54 0 71 0
1.2e-09 infty 2.21875 10.2344 58 0 48 0
1.2e-09 infty 2 10.0625 75 0 68 0
1.2e-09 24.6094 2.01562 10.125 4 407850013 3 0
1.2e-09 24.4844 1.8125 10.0156 1 0 2 489092860
1.2e-09 infty 2.25 10.3438 69 0 64 0
1.2e-09 infty 1.79688 10.4219 76 0 74 0
1.2e-09 infty 2.21875 10.2344 76 0 67 0
1.2e-09 infty 2.29688 10.0312 64 0 79 0
1.2e-09 24.7031 2.35938 10.1875 3 0 5 474332079
1.2e-09 infty 2.34375 10.1406 46 0 58 0
1.2e-09 26.4219 1.92188 10.2969 17 0 9 488131045
1.2e-09 infty 1.79688 10.4844 60 0 62 0
1.2e-09 22.7969 1.92188 10.2969 1 456735411 0 0
1.2e-09 infty 2.46875 10.0469 57 0 69 0
1.2e-09 22.625 2.35938 10.1875 0 0 1 441765232
1.2e-09 infty 2.5 10.1094 80 0 56 0
1.2e-09 infty 2.46875 10.0312 72 0 65 0
1.2e-09 infty 2.21875 10.2188 68 0 64 0
1.2e-09 26 1.89062 10.2188 10 387015620 8 0
1.2e-09 infty 2.21875 10.2188 67 0 63 0
1.2e-09 24 2.29688 10.0156 0 425114200 1 0
1.2e-09 22.5781 1.875 10.1719 0 0 0 480869482
1.2e-09 24.1094 2 10.0938 3 490759466 3 0
1.2e-09 infty 2.78125 10.0312 62 0 75 0
1.2e-09 infty 1.76562 10.2812 65 0 90 0
1.2e-09 infty 2.73438 10.3906 81 0 71 0
1.2e-09 23.5781 2.5 10.1094 0 452922198 0 0
1.2e-09 24.3906 1.79688 10.4375 3 427257903 1 0
1.2e-09 infty 1.79688 10.4531 68 0 76 0
1.2e-09 infty 2.5625 10.3281 81 0 71 0
1.2e-09 23.6562 2.28125 10.5156 0 0 1 404573142
1.2e-09 infty 1.85938 10.1094 67 0 45 0
1.2e-09 24.1094 1.875 10.1562 0 0 0 490910612
1.2e-09 infty 2.4375 10.4531 72 0 77 0
1.2e-09 infty 2.25 10.3438 64 0 56 0
1.2e-09 26.0312 1.98438 10.0312 11 487132282 6 0
1.2e-09 27.5 1.79688 10.4375 37 412353480 34 0
1.2e-09 infty 1.8125 10.0156 69 0 74 0
1.2e-09 infty 2.54688 10.25 68 0 56 0
1.2e-09 24.3594 1.76562 10.3125 2 0 1 446527259
1.2e-09 23.9219 1.95312 10.4219 2 481081802 2 0
1.2e-09 23.7656 2.03125 10.1406 1 0 0 453244803
1.2e-09 infty 1.98438 10.0469 74 0 56 0
1.2e-09 infty 1.875 10.1562 62 0 60 0
1.2e-09 infty 2.51562 10.1562 74 0 59 0
1.2e-09 25.4375 1.76562 10.2969 7 0 4 503594601
1.2e-09 infty 1.76562 10.3281 85 0 81 0
1.2e-09 25.1719 1.98438 10.0312 5 0 3 422840225
1.2e-09 infty 1.84375 10.0625 55 0 80 0
1.2e-09 24.6406 2.46875 10.0625 3 0 0 394627739
1.2e-09 infty 2.28125 10 69 0 56 0
1.2e-09 infty 2.51562 10.1719 71 0 60 0
1.2e-09 infty 2.5625 10.2969 67 0 82 0
1.2e-09 infty 2.35938 10.1875 65 0 60 0
1.2e-09 23.0625 2.75 10.4375 0 0 2 416135700
1.2e-09 infty 2.23438 10.2656 73 0 72 0
1.2e-09 infty 2.78125 10.0625 45 0 68 0
1.2e-09 23.6406 2.46875 10.0625 0 415551115 0 0
1.2e-09 infty 2.25 10.3438 83 0 64 0
1.2e-09 infty 1.85938 10.1094 62 0 71 0
1.2e-09 27 2.21875 10.2344 24 0 23 485049304
1.2e-09 infty 2.75 10.4844 59 0 65 0
1.2e-09 infty 1.875 10.1406 41 0 67 0
1.2e-09 infty 2.25 10.3281 74 0 58 0
1.2e-09 26.3281 2.46875 10.0469 11 416360315 11 0
1.2e-09 infty 2.26562 10.375 84 0 62 0
1.2e-09 infty 1.82812 10.0469 63 0 54 0
1.2e-09 25.1406 2.45312 10.0156 2 442274571 7 0
1.2e-09 infty 1.79688 10.4531 57 0 69 0
1.2e-09 infty 2.28125 10 74 0 76 41136168
1.2e-09 infty 1.92188 10.2812 91 0 80 0
1.2e-09 infty 1.85938 10.1094 64 0 59 0
1.2e-09 infty 2.34375 10.125 47 0 83 0
1.2e-09 24.75 1.76562 10.3125 3 0 3 446777624
1.2e-09 infty 1.82812 10.0625 70 0 71 0
1.2e-09 infty 1.95312 10.4531 61 0 63 0
1.2e-09 25.4375 1.9375 10.3281 6 495299188 5 0
1.2e-09 infty 2.46875 10.0625 59 0 53 0
1.2e-09 infty 1.875 10.1562 75 0 46 0
1.2e-09 infty 1.95312 10.4375 75 0 66 0
1.2e-09 25.5938 1.8125 10.0312 7 0 5 397122956
1.2e-09 infty 1.875 10.1562 66 0 68 0
1.2e-09 infty 1.85938 10.0938 66 0 62 0
1.2e-09 24.2344 1.85938 10.1094 0 400721636 1 0
1.2e-09 24.2188 1.89062 10.2031 2 412805145 4 0
1.2e-09 27.25 1.85938 10.1406 24 0 26 447794520
1.2e-09 infty 2.48438 10.0938 70 0 72 0
1.2e-09 23.3438 1.75 10.2656 0 483981437 3 0
1.2e-09 24.4844 1.76562 10.3281 2 494887853 4 0
1.2e-09 23.4531 2.42188 10.3594 0 0 1 408284535
1.2e-09 27.125 2.5625 10.3125 34 34827797 15 372424609
1.2e-09 24.5312 2.40625 10.3438 5 0 3 456640030
1.2e-09 23.1562 2.54688 10.2656 0 0 2 475932586
1.2e-09 infty 2.32812 10.0938 71 0 62 0
1.2e-09 infty 2.46875 10.0469 66 0 70 0
1.2e-09 24.9844 1.8125 10.0156 1 206002229 1 214516722
1.2e-09 23.4219 2.26562 10.4375 1 433307509 4 0
1.2e-09 infty 2.32812 10.1094 60 228165739 52 0
1.2e-09 26.2812 1.76562 10.2812 10 0 15 444438488
1.2e-09 27.3594 2.25 10.3125 36 502468290 34 0
1.2e-09 infty 1.75 10.2812 64 0 71 0
1.2e-09 infty 1.98438 10.0469 54 0 84 0
1.2e-09 23 1.78125 10.3438 2 92610748 1 363668351
1.2e-09 infty 1.79688 10.5 62 0 67 0
1.2e-09 26.2812 1.8125 10 12 453244879 8 0
1.2e-09 24.625 1.98438 10.0312 3 396496053 1 0
1.2e-09 24.8594 2.21875 10.25 3 353941435 1 146344791
1.2e-09 26.3906 1.76562 10.3281 11 509053856 9 0
1.2e-09 infty 1.84375 10.0938 61 0 70 0
1.2e-09 infty 2 10.0781 63 0 66 0
1.2e-09 infty 2.26562 10.3906 66 0 70 0
1.2e-09 24.3125 1.78125 10.3594 2 476417209 2 0
1.2e-09 infty 2.51562 10.1562 53 0 53 0
1.2e-09 infty 1.82812 10.0469 62 0 73 0
1.2e-09 infty 2.21875 10.2188 65 0 58 0
1.2e-09 infty 2.28125 10.0156 60 0 82 0
1.2e-09 infty 1.85938 10.125 71 0 57 104454489
1.2e-09 22.8906 2.40625 10.2969 0 0 1 398913818
1.2e-09 infty 2.35938 10.1719 51 0 62 0
1.2e-09 28.1094 1.78125 10.375 54 0 43 393925584
1.2e-09 infty 2.01562 10.0938 67 0 71 0
1.2e-09 25.2812 2.40625 10.2969 1 479567990 5 0
1.2e-09 infty 1.875 10.1406 67 0 61 0
1.2e-09 infty 1.90625 10.25 79 0 63 0
1.2e-09 23.6094 2.3125 10.0781 0 6466302 0 420840722
1.2e-09 23.5938 2.34375 10.125 1 439318581 0 0
1.2e-09 infty 2.04688 10.2031 61 0 45 0
1.2e-09 25.5781 1.95312 10.4844 4 0 4 401649283
1.2e-09 infty 2.75 10.4844 65 0 70 194659284
1.2e-09 23.8281 1.85938 10.1094 0 0 1 419201154
1.2e-09 infty 1.875 10.1406 62 0 58 0
1.2e-09 infty 1.85938 10.125 64 0 61 0
1.2e-09 infty 1.78125 10.3906 71 0 70 0
1.2e-09 infty 2.25 10.3438 79 0 76 0
1.2e-09 24.9531 2.73438 10.3594 3 0 4 440155166
1.2e-09 infty 2.34375 10.1094 54 0 65 0
1.2e-09 infty 2.25 10.3281 79 0 67 0
1.2e-09 24.8281 1.875 10.1562 1 0 6 395454456
1.2e-09 infty 1.96875 10.5156 65 0 73 0
1.2e-09 infty 2.39062 10.2656 66 0 65 0
1.2e-09 infty 1.8125 10.0312 73 0 51 0
1.2e-09 infty 2.35938 10.1875 68 0 75 0
1.2e-09 infty 2.45312 10.0156 67 0 63 0
1.2e-09 infty 1.79688 10.5 85 0 64 0
1.2e-09 22.7031 2.46875 10.0469 0 103981490 1 296321844
1.2e-09 infty 1.96875 10.0156 73 0 75 0
1.2e-09 infty 1.92188 10.2812 66 0 71 0
1.2e-09 infty 2.34375 10.1562 66 0 59 0
1.2e-09 infty 1.79688 10.4219 62 0 64 0
1.2e-09 infty 2.32812 10.0938 65 0 57 0
1.2e-09 infty 1.9375 10.3438 65 0 61 0
1.2e-09 infty 1.9375 10.3281 55 0 70 0
1.2e-09 infty 1.75 10.25 77 0 62 0
1.2e-09 24.2031 2.23438 10.2656 1 426334372 1 0
1.2e-09 25.3594 2.21875 10.2344 5 0 2 420866326
1.2e-09 24.8281 2.25 10.3125 1 0 3 395744617
1.2e-09 23.6875 1.82812 10.0312 0 388087362 0 0
1.2e-09 23.0625 2.8125 10.1094 1 0 1 411111231
1.2e-09 23.875 2.39062 10.2344 0 0 1 515295644
1.2e-09 24.3438 1.85938 10.125 2 0 3 457701407
1.2e-09 infty 1.9375 10.375 73 0 59 0
1.2e-09 25.3906 1.89062 10.2031 5 0 4 404017993
1.2e-09 25.1562 1.98438 10.0469 4 0 3 430614069
1.2e-09 infty 1.8125 10.0156 68 0 58 0
1.2e-09 23.3594 2.23438 10.2656 1 124573301 2 346202668
1.2e-09 infty 2.3125 10.0469 73 0 67 0
1.2e-09 25.4062 2.54688 10.2344 6 394298915 4 0
1.2e-09 infty 2.46875 10.0469 44 0 58 0
1.2e-09 infty 2.4375 10.5156 64 0 72 0
1.2e-09 infty 1.76562 10.3281 64 0 84 0
1.2e-09 24.7188 1.84375 10.0781 0 465017824 7 0
1.2e-09 infty 2 10.0781 57 0 65 0
1.2e-09 24.7656 2.375 10.2188 3 434762054 6 0
1.2e-09 infty 1.75 10.2344 71 0 55 0
1.2e-09 infty 2.26562 10.375 62 0 76 0
1.2e-09 infty 2.48438 10.0938 57 0 59 0
1.2e-09 infty 1.95312 10.4375 63 0 67 0
1.2e-09 infty 2.5 10.1094 62 0 63 0
1.2e-09 infty 1.79688 10.4375 89 0 81 0
1.2e-09 infty 1.84375 10.0781 76 0 52 0
1.2e-09 infty 1.85938 10.0938 72 0 64 0
1.2e-09 25.2969 1.98438 10.0469 5 461099335 4 0
1.2e-09 infty 2.54688 10.25 69 0 67 0
1.2e-09 infty 1.75 10.2656 83 0 78 0
1.2e-09 24.75 2.79688 10.0781 1 75677172 3 369421855
1.2e-09 25.75 2.01562 10.1094 4 0 8 414406500
1.2e-09 27.125 2.32812 10.1094 18 407229650 11 0
1.2e-09 infty 2.48438 10.0781 71 0 51 0
1.2e-09 23.4219 1.78125 10.3594 1 0 0 427112631
1.2e-09 infty 2.82812 10.1406 51 0 79 0
1.2e-09 21.7812 2.25 10.3438 0 0 0 494333290
1.2e-09 25.2656 2 10.0781 5 483052606 9 0
1.2e-09 infty 1.75 10.25 61 0 63 0
1.2e-09 infty 2.8125 10.1094 58 0 60 0
1.2e-09 23 1.98438 10.0312 1 385377835 1 70472870
1.2e-09 24.5469 2.76562 10.5156 9 87336330 4 363933616
1.2e-09 infty 1.76562 10.3281 61 0 70 0
1.2e-09 27.625 1.9375 10.3594 33 0 35 449013529
1.2e-09 26.8594 2.23438 10.2656 14 0 20 448301075
1.2e-09 25.75 1.84375 10.0781 13 0 8 423529337
1.2e-09 infty 2 10.0781 57 0 66 0
1.2e-09 25.0156 2.4375 10.4375 4 0 4 396104583
1.2e-09 22.75 1.75 10.25 0 223351147 0 271297453
1.2e-09 25.4375 2.26562 10.4062 5 497876970 5 0
1.2e-09 23.5156 2.28125 10.5156 1 289146180 1 206310668
1.2e-09 26 2.45312 10 6 0 9 512411673
1.2e-09 infty 2.03125 10.125 58 0 58 0
1.2e-09 infty 1.79688 10.4531 62 0 82 0
1.2e-09 23.3906 2.40625 10.2969 1 113255727 0 333205270
1.2e-09 infty 2.5625 10.2969 73 0 75 0
1.2e-09 23.7188 2.25 10.3125 0 487169734 2 0
1.2e-09 infty 1.78125 10.3594 79 0 89 0
1.2e-09 23.9375 2.4375 10 2 213816104 1 261493927
1.2e-09 infty 2.21875 10.2188 42 0 57 0
1.2e-09 23.75 2.79688 10.0625 4 11070483 0 453267495
1.2e-09 infty 2.46875 10.0469 82 0 70 0
1.2e-09 infty 1.85938 10.1094 61 0 52 0
1.2e-09 infty 1.79688 10.4219 58 0 71 0
1.2e-09 infty 2.32812 10.0938 64 0 41 0
1.2e-09 infty 2.26562 10.3594 66 0 55 0
1.2e-09 infty 1.98438 10.0312 63 0 73 0
1.2e-09 infty 2.25 10.3438 82 0 83 0
1.2e-09 infty 2.35938 10.1562 54 0 58 0
1.2e-09 infty 1.78125 10.4062 72 0 71 0
1.2e-09 26.0156 2.42188 10.4062 8 495664666 10 0
1.2e-09 infty 2.34375 10.125 54 0 70 0
1.2e-09 infty 2.32812 10.0938 72 0 80 0
1.2e-09 infty 1.98438 10.0469 65 0 63 0
1.2e-09 infty 2.8125 10.0938 60 0 66 0
