2 7 0 455972906 
0 0 443177405 0 
2 0 420431958 0 
2 2 0 495832656 
0 0 0 414760379 
0 0 0 453038652 
0 0 498731645 0 
2 2 500662202 0 
0 0 444898330 0 
1 0 462133384 0 
0 0 0 498844867 
0 0 416526747 0 
0 0 412364214 0 
1 1 0 384594909 
1 0 491142701 0 
1 0 0 382251746 
1 0 0 433162394 
0 0 0 433877070 
0 0 409581429 0 
0 0 444862307 0 
0 1 467403040 0 
0 1 0 382009577 
0 1 283664267 159788258 
0 0 225879846 279967603 
0 0 423554704 0 
1 0 0 485119300 
0 0 441888191 0 
0 3 419883741 0 
0 0 386487381 0 
0 1 480077403 0 
0 0 0 402743961 
0 0 0 383903129 
1 0 183988117 244833814 
0 0 421368731 0 
0 0 412075394 0 
0 1 431799649 0 
0 2 317589075 87804741 
0 0 384558029 0 
0 0 40465740 397498316 
1 2 0 412538997 
0 0 120773263 317827292 
1 0 465192174 0 
0 0 472297669 0 
0 2 477512419 24801728 
1 1 381308887 0 
0 0 0 503193251 
0 0 0 464490570 
0 0 415955019 0 
0 2 0 414965517 
0 2 408147674 0 
2 1 481130934 0 
0 0 423796980 0 
0 1 444326279 0 
0 0 0 442329497 
1 0 0 477579464 
1 1 484042888 0 
1 0 416532370 0 
0 0 0 465551521 
0 2 0 480142049 
3 4 492990483 0 
0 0 198572162 216139667 
1 0 438276067 0 
0 0 446439133 0 
0 0 405115139 0 
1 0 473281324 0 
0 0 0 463986888 
0 0 0 473158339 
1 1 449454398 0 
0 1 0 454010650 
0 0 0 427912697 
1 0 482066785 0 
0 1 458178011 0 
0 0 478378158 0 
0 0 34067861 393973396 
0 0 69338995 416628724 
0 0 0 386146849 
0 0 0 491006205 
0 0 81781475 375193893 
0 0 414920161 0 
0 0 0 388989433 
0 0 0 424702670 
0 0 451485103 0 
0 0 134283833 366859227 
0 1 381536762 0 
0 1 0 426718431 
0 0 397087746 0 
1 1 0 446295466 
0 0 0 405059823 
0 0 452599733 0 
0 1 389296119 0 
0 0 0 498665104 
0 0 35979250 357239374 
0 0 0 440203989 
0 0 0 449077406 
0 0 0 411141003 
0 1 0 408475016 
0 0 83534576 388055413 
0 0 429917713 0 
0 0 337820132 132602897 
0 0 0 414120679 
0 0 441466054 0 
1 1 0 408632414 
19 14 411452789 0 
0 0 408798786 0 
1 1 0 484738534 
0 0 287877823 98155335 
0 0 0 503510256 
1 0 494215772 0 
1 0 0 495363778 
0 1 403868872 0 
7 2 455708763 0 
0 0 348355379 88674664 
0 0 0 506254375 
3 0 450771687 0 
2 0 477364174 0 
0 0 351405791 142817964 
0 1 0 405854591 
2 2 0 476114156 
0 0 0 490878015 
1 0 460479331 0 
0 0 464892692 0 
0 0 480697292 0 
0 0 109091325 280541883 
76 85 485697274 0 
11 12 494074445 0 
0 0 360249585 77085012 
0 0 125027172 273182259 
1 0 481550777 0 
1 1 0 496367969 
0 0 442866121 0 
0 0 278329137 173853382 
0 0 242435901 246168430 
0 1 0 399757699 
0 0 0 474679083 
0 0 491044786 0 
0 0 0 465069084 
0 0 414055999 0 
0 0 20721280 375696333 
0 0 0 417952730 
0 0 418477835 0 
0 0 0 384022145 
0 0 358389621 147818013 
0 2 0 480473233 
1 0 458605097 0 
0 0 0 423682696 
1 1 0 483868180 
0 1 426907253 0 
0 1 418543131 0 
0 0 0 392389096 
0 1 488919438 0 
0 0 266488055 231535019 
0 0 421734495 0 
1 6 0 385549596 
1 0 0 425348093 
0 0 0 435963046 
0 0 44290509 368878224 
0 0 0 402045149 
0 0 0 456881315 
0 0 0 391727114 
0 0 471938097 0 
0 0 240866235 212478252 
0 0 0 491476548 
0 0 0 407653247 
1 0 507475766 0 
0 0 463327560 0 
0 0 395835179 0 
0 0 0 507246983 
0 0 503723954 0 
0 0 0 428410205 
14 7 0 484825841 
0 0 386150745 0 
7 7 0 446338185 
1 2 0 417823149 
0 0 0 491062398 
0 1 438888156 0 
3 2 464614250 0 
0 0 435477560 0 
0 1 476196913 0 
0 0 0 440167291 
0 0 384657423 24547857 
0 0 0 408854832 
0 1 0 470090485 
0 0 373534611 52817896 
7 5 477358523 0 
0 0 0 470407336 
8 9 467248802 0 
2 4 0 421942086 
1 0 0 395228580 
0 1 501403070 0 
1 3 492189642 0 
1 1 291298374 166769648 
0 3 0 434726313 
0 0 0 422397349 
0 0 0 432099416 
0 0 412017839 68028408 
0 0 0 412301989 
0 0 415500377 0 
19 23 450081027 0 
0 0 437428734 0 
1 1 464619393 0 
0 1 0 465922119 
0 0 0 437269496 
0 0 0 481372825 
0 1 415018278 0 
0 1 0 496336231 
0 1 507460107 0 
0 0 0 404833877 
0 0 171229515 331427323 
1 0 0 501662064 
0 0 166543891 243544646 
1 0 444351611 0 
1 0 0 456264800 
1 0 496372080 0 
1 0 0 440330216 
0 0 455869401 0 
0 2 420504208 3260554 
0 0 396697451 0 
0 0 0 424226073 
1 0 499907872 0 
1 0 502170918 0 
0 0 436401218 0 
0 0 18686509 475246084 
0 1 413713731 0 
0 0 415527467 0 
0 0 0 445989307 
0 0 419600204 0 
1 0 43112352 375190901 
0 0 0 412647659 
0 0 0 422074053 
1 1 465023057 0 
0 1 0 484685311 
0 0 393275058 15384626 
0 0 140460134 274691910 
0 1 369484970 89981578 
4 5 0 505606540 
0 0 396308925 0 
0 0 0 480917567 
0 0 486375082 0 
0 0 390668577 0 
3 1 505744119 0 
0 0 440615581 0 
1 0 445681590 0 
1 0 450222498 0 
0 0 76497547 314969137 
0 0 498467772 0 
0 0 0 482284954 
0 0 0 452059473 
1 0 0 385725062 
1 2 457745560 0 
0 0 0 505876402 
1 3 400446208 0 
1 0 0 494634012 
1 1 498510243 0 
1 1 0 450383523 
0 0 0 384261762 
1 0 463500082 0 
0 1 0 439680786 
0 0 176414355 291013909 
0 0 0 456199646 
0 1 0 423872040 
1 0 0 413136939 
0 0 496238972 0 
0 0 407864222 0 
1 0 0 388284569 
1 1 0 404286931 
0 0 0 437233627 
1 0 422729802 0 
0 0 384287499 123234613 
0 0 451129093 33215331 
0 0 195821554 234954509 
0 0 359155867 70235403 
0 0 172544352 228664897 
3 1 0 389371454 
0 1 0 494768931 
0 0 0 462597018 
0 1 460984704 0 
0 0 474175767 0 
0 0 345790700 98159278 
0 0 328241253 100168290 
0 0 436995740 0 
0 0 0 464067567 
0 1 0 382164232 
0 0 75740413 368035045 
0 0 0 382648330 
0 0 0 420391888 
0 0 0 420681555 
0 1 327910816 158366097 
0 0 394333954 0 
0 0 436552182 62394705 
3 4 447163130 57195119 
0 0 0 432381695 
0 0 413421136 13165854 
0 0 7486308 445107064 
0 0 0 383426797 
0 0 0 440048761 
1 0 440546304 0 
0 0 448164597 0 
0 0 244115260 151838001 
0 1 423752677 0 
0 0 0 380736525 
0 2 0 495335474 
0 1 0 388853599 
0 0 30089460 399477932 
0 0 0 392329682 
1 0 505533854 0 
1 0 0 441975266 
0 0 0 501859657 
0 1 0 419257629 
0 0 415168090 0 
2 1 0 411641038 
0 1 480580088 0 
3 3 0 459551799 
0 0 390797208 0 
0 0 423699057 0 
0 0 0 400217862 
1 0 0 386494575 
0 0 0 394944052 
0 0 400325523 0 
2 1 494809330 0 
0 0 0 493276073 
0 0 440792936 0 
0 1 213504449 246941928 
0 0 0 393675584 
3 2 0 498894259 
0 0 417587320 0 
1 0 431496267 0 
0 0 393886176 0 
0 1 0 490967402 
0 0 17924050 430355719 
2 2 467505156 0 
1 2 0 472812382 
0 1 441712627 0 
0 0 435877854 0 
0 0 383747181 0 
0 2 0 481000594 
2 0 459011111 0 
9 6 424663342 0 
3 2 407909553 0 
0 0 0 475445220 
0 0 502126642 0 
0 0 0 488015249 
1 0 0 437691476 
0 0 0 422980569 
1 1 0 454114837 
0 0 0 405703906 
0 0 117753401 265796881 
0 0 398407684 44844749 
1 0 277816959 191229281 
0 0 0 425397616 
0 1 0 450308123 
0 0 466585654 0 
0 0 217154072 279518292 
0 1 426258944 0 
0 0 0 487423712 
0 0 0 394426912 
0 0 0 488257070 
0 1 0 437143020 
0 0 363056833 72750492 
0 0 404824063 0 
0 0 202346898 261574168 
2 3 0 500755539 
0 0 405759765 0 
0 1 0 448070487 
2 1 0 430300545 
0 1 0 456364649 
1 0 89606761 377807012 
1 0 0 397576945 
0 2 0 395463168 
1 0 491436665 0 
0 0 0 498535837 
0 1 0 430977328 
0 0 0 477531795 
0 0 0 478373276 
1 0 0 395735020 
0 1 0 427951648 
0 0 0 386601593 
0 0 0 434991921 
6 2 433330737 0 
0 0 0 422642300 
0 0 390313376 0 
1 1 397943598 0 
1 0 450810036 0 
0 0 14906507 470524936 
2 6 439561133 0 
0 1 394689555 0 
1 0 480163983 0 
0 0 40450957 423139270 
2 1 405921029 60367877 
0 0 407679173 0 
11 14 0 506039770 
0 0 499073992 0 
0 0 440636266 0 
1 0 0 393736362 
1 0 0 413823118 
0 0 427033627 73646586 
0 0 491143158 0 
0 1 403092779 78970005 
0 0 0 383195976 
1 2 429874536 0 
3 1 386252142 0 
0 0 504707850 0 
0 0 477893919 0 
0 0 0 386157289 
0 0 0 492302728 
4 2 429220680 0 
0 0 327696864 71179444 
0 0 0 431710382 
1 0 470849930 0 
0 1 472063498 0 
0 2 0 438619937 
0 0 0 441235657 
0 0 0 416645695 
0 0 410584787 31687017 
0 1 457293196 0 
0 1 456727512 0 
0 0 0 506598686 
0 0 401622216 0 
0 0 280604361 215910341 
3 5 489606865 0 
1 0 414027024 0 
0 0 265656298 208038228 
0 1 291300025 191197446 
0 1 0 433199192 
0 0 406978978 0 
0 0 0 395984757 
0 1 0 402487082 
0 0 0 430468355 
0 0 0 443619406 
0 0 117392571 273083376 
0 0 0 484998844 
0 0 405843975 0 
0 0 0 395941198 
1 0 471041146 0 
0 0 339299973 89643681 
2 1 0 458441503 
0 1 486364766 0 
0 1 397999947 0 
0 0 234989043 224973025 
1 0 0 503121214 
0 0 0 448929340 
0 0 0 428677394 
4 1 484934007 0 
0 1 210347686 174936480 
1 0 0 425276833 
1 0 501271064 0 
0 0 106544627 367817151 
1 0 0 434624173 
0 1 457568323 0 
1 1 434544088 0 
0 0 467773020 34218080 
0 0 0 476036287 
0 0 394034307 0 
0 0 500095548 0 
0 0 410946390 0 
1 2 0 456334823 
0 0 0 398972003 
0 1 424851353 0 
0 0 0 392721113 
0 1 474941081 10117624 
0 0 289192847 169628433 
0 3 0 499910199 
0 0 415036119 0 
1 2 0 497615307 
0 0 451701940 0 
0 0 396738872 0 
0 0 456093813 0 
0 0 0 396312897 
1 0 418539459 0 
2 1 431699498 0 
2 0 0 499305731 
