0 0 0 488946939 
0 0 0 475096688 
0 0 0 481107117 
0 0 0 427152712 
0 0 29295328 424517962 
0 0 0 484786562 
0 0 0 509010675 
0 0 443870983 0 
0 0 0 423145100 
0 0 0 497637273 
0 0 0 470950017 
0 0 0 451131378 
0 0 0 388247570 
0 0 387853570 0 
0 0 201834255 272528763 
0 0 0 495047037 
0 0 0 488397487 
0 0 0 388610400 
0 0 0 486593526 
0 0 509730575 0 
0 0 0 480898122 
0 0 399811487 0 
0 0 373588114 28786912 
0 0 0 422115921 
0 0 0 466228975 
0 0 0 447350560 
0 0 449157410 0 
0 0 0 399811707 
0 0 0 408235798 
0 0 432583470 0 
0 0 0 398354405 
0 0 372171428 139380361 
0 0 0 491324217 
0 0 477369459 0 
0 0 489380396 0 
2 2 439463493 0 
0 0 430116025 0 
0 0 0 452027995 
0 0 0 389758569 
0 0 428631722 0 
0 0 452224026 0 
0 0 0 404419838 
0 0 0 390834838 
0 0 0 415454142 
0 0 440611452 0 
0 0 0 464473753 
0 0 0 474155691 
0 0 0 479788582 
0 0 415777705 0 
0 0 459722306 0 
0 0 421430070 0 
0 0 0 462541528 
0 0 0 449958148 
0 0 392804205 0 
0 0 453070213 0 
0 0 0 428732240 
0 0 391225167 0 
0 0 0 464081979 
0 0 433877561 0 
0 0 386265359 110033646 
0 0 0 417112502 
0 0 210588897 298598649 
0 0 389788328 0 
0 0 507300761 0 
0 0 453916839 0 
0 0 431156955 0 
0 0 475020192 0 
0 0 0 455567991 
0 0 0 469934829 
0 0 420874052 0 
0 0 0 429413318 
0 0 441855551 0 
0 0 426681113 0 
0 0 412296703 0 
0 0 0 514580125 
0 0 402228748 0 
0 0 0 505898689 
0 0 412167694 0 
0 0 13693008 501601807 
0 0 419053888 0 
0 0 429152856 0 
0 0 393781692 0 
0 0 419126565 36608362 
0 0 0 430284528 
0 0 471819398 0 
0 0 464160647 0 
0 0 0 431254533 
0 0 0 455147014 
0 0 0 401601088 
0 0 0 510560672 
0 0 0 396481243 
0 0 0 458594987 
0 0 456625011 0 
0 0 452440739 0 
0 0 0 423949396 
0 0 0 414947647 
0 0 0 466109438 
0 0 10536629 392908684 
0 0 510649202 0 
0 0 0 446941295 
0 0 0 398696558 
0 0 0 508518737 
0 0 453191015 0 
0 0 513022045 0 
0 0 0 475880512 
0 0 507852538 0 
0 0 441479067 0 
0 0 0 446972203 
0 0 0 415896353 
0 0 481206104 0 
0 0 0 424661618 
0 0 442035256 0 
0 0 403118463 0 
0 0 0 479871525 
0 0 410281531 0 
0 0 0 405726178 
0 0 400738809 0 
0 0 0 455192108 
0 0 506137983 0 
0 0 288190316 156026581 
0 0 0 411522325 
0 0 380857540 30811354 
0 0 0 407261014 
0 0 498647375 0 
0 0 180966816 258228996 
0 0 0 392669463 
0 0 0 435148171 
0 0 490727345 0 
0 0 0 430734531 
0 0 0 432691529 
0 0 457513469 0 
0 0 0 423895339 
0 0 453086239 0 
0 0 0 414387555 
0 0 0 510477372 
0 0 0 499363481 
0 0 0 413488564 
0 0 0 470618987 
0 0 512955846 0 
0 0 0 515794157 
0 0 488724118 0 
0 0 445106385 0 
0 0 471679659 0 
0 0 244356000 159609206 
0 0 0 397285116 
0 0 0 396520711 
0 0 462752535 0 
0 0 393778190 0 
0 0 471618965 0 
0 0 0 423535566 
0 0 493017917 0 
0 0 0 491962881 
0 0 0 511124603 
0 0 0 509293283 
0 0 0 510083301 
0 0 129145822 333115357 
0 0 0 440251615 
0 0 0 440005712 
0 0 369255461 102806190 
0 0 402323279 0 
0 0 474257100 0 
0 0 389927742 0 
0 0 14407975 478594267 
0 0 0 393613588 
0 0 413803944 0 
0 0 0 390232778 
0 0 39969504 360019622 
0 0 0 418570695 
0 0 98654436 363445380 
0 0 0 416465503 
0 0 496734033 0 
0 0 490061521 0 
0 0 431372079 0 
0 0 0 462078290 
0 0 99862494 398280224 
0 0 449162471 33881896 
0 0 261750171 252685349 
0 0 0 390140606 
0 0 508219080 0 
0 0 0 474453636 
0 0 388768649 0 
0 0 0 423863613 
0 0 271365127 158305383 
0 0 0 428638331 
0 0 468466268 0 
0 0 0 510320436 
0 0 0 420775438 
0 0 0 462086493 
0 0 0 490873703 
0 0 0 513447159 
0 0 449758802 0 
0 0 0 470662002 
0 0 417691610 0 
0 0 0 400269684 
0 0 0 473068457 
0 0 0 477105364 
0 0 401508716 7049563 
0 0 0 405191316 
0 0 395704743 0 
0 0 0 491340453 
0 0 494632354 0 
0 0 0 452313337 
0 0 464132453 0 
0 0 351378639 37257088 
0 0 429931798 0 
0 0 0 426235443 
0 0 0 402343306 
0 0 515970080 0 
0 0 0 418258308 
0 0 0 407083593 
0 0 426565866 0 
0 0 481867586 0 
0 0 61605871 399683720 
0 0 0 511880996 
0 0 0 516638926 
0 0 0 489041326 
0 0 0 476468868 
0 0 457404135 0 
0 0 429903628 0 
0 0 0 489151792 
0 0 0 512694077 
0 0 10440494 460382390 
0 0 0 497668738 
0 0 0 487905006 
0 0 0 439527418 
0 0 0 477636011 
0 0 189297941 208496400 
0 0 386755026 41849389 
0 0 260904089 208137374 
0 0 0 469020394 
0 0 0 456036613 
0 0 0 490929012 
0 0 489933039 0 
0 0 177804487 306024162 
0 0 0 500681167 
0 0 303574398 102881297 
0 0 507249294 0 
0 0 451813515 0 
0 0 419865887 0 
0 0 0 411712549 
0 0 413279307 0 
0 0 68595901 361550856 
0 0 0 504586344 
0 0 54846655 375267265 
0 0 441546102 0 
0 0 0 445574894 
0 0 0 505998117 
0 0 446234498 0 
0 0 482445226 0 
0 0 0 438501009 
0 0 0 433211432 
0 0 467633273 0 
0 0 480639281 0 
0 0 484882681 0 
0 0 435195301 0 
0 0 0 392858302 
0 0 0 474720172 
0 0 0 394241115 
0 0 416806824 0 
0 0 511517519 0 
0 0 0 499912267 
0 0 465272799 0 
0 0 0 436112759 
0 0 490853391 0 
0 0 0 460798737 
0 0 0 461815567 
0 0 201101845 287635902 
0 0 0 449228198 
0 0 338120500 158207320 
0 0 501040216 0 
0 0 438179236 0 
0 0 415939754 0 
0 0 396574591 0 
0 0 0 421173652 
0 0 398996407 17757949 
0 0 0 400925388 
0 0 424137513 0 
0 0 0 418563891 
0 0 0 459549504 
0 0 481981377 0 
0 0 0 479669515 
0 0 394855316 0 
0 0 480938113 0 
0 0 310913197 146147845 
0 0 0 502985031 
0 0 0 473975355 
0 0 0 428478885 
0 0 0 408240795 
0 0 427651411 0 
0 0 400562445 0 
0 0 423723792 0 
0 0 187309444 210472059 
0 0 0 417834483 
0 0 0 409231285 
0 0 93759648 294201989 
0 0 0 509714887 
0 0 0 398347378 
0 0 459760326 0 
0 0 436602078 0 
0 0 0 426854135 
0 0 416020482 0 
1 0 0 418883393 
0 0 439475135 0 
0 0 507024056 0 
0 0 430173818 0 
0 0 417011920 0 
0 0 404297949 0 
0 0 295648140 123255216 
0 0 434954112 0 
0 0 400852958 0 
0 0 0 467368660 
0 0 387041917 83166458 
0 0 0 433050886 
0 0 225576931 255242938 
0 0 146537846 328887353 
0 0 18658736 376140665 
0 0 452643279 0 
0 0 393899224 0 
0 0 392930186 0 
0 0 510605248 0 
0 0 0 459574454 
0 0 400224524 0 
0 0 419236537 0 
0 0 431965268 0 
0 0 474523131 0 
0 0 0 387794201 
0 0 414355981 0 
0 0 426613441 0 
0 0 0 479242064 
0 0 0 390057634 
0 0 469857572 0 
0 0 0 436858578 
0 0 388888174 0 
0 0 0 447508403 
0 0 419004759 0 
0 0 117620274 396660875 
0 0 0 418632615 
0 0 454637744 0 
0 0 404258171 0 
0 0 0 434233779 
0 0 0 488435499 
0 0 397101053 0 
0 0 0 480837576 
0 0 459608797 0 
0 0 322399015 104216947 
0 0 0 450992278 
0 0 0 442141528 
0 0 469795235 0 
0 0 416415968 0 
0 0 430453761 0 
0 0 0 440390665 
0 0 395647674 0 
0 0 0 405856375 
0 0 0 393416732 
0 0 401997318 0 
0 0 0 513796257 
0 0 0 413331000 
0 0 494855554 0 
0 0 400802657 0 
0 0 415742409 0 
0 0 446641506 0 
0 0 390169457 0 
0 0 0 474554267 
0 0 0 461209633 
0 0 515408757 0 
0 0 0 494028025 
0 0 0 504555487 
0 0 0 419162376 
0 0 0 493666033 
0 0 410615185 0 
0 0 512917422 0 
0 0 119219689 278703100 
0 0 0 462562946 
0 0 0 394460395 
0 0 409856635 0 
0 0 159133073 279304921 
0 0 431340574 0 
0 0 454666440 0 
0 0 394636555 0 
0 0 408503470 0 
0 0 0 392728915 
0 0 0 468757856 
0 0 422114004 0 
0 0 425639136 0 
0 0 505938882 0 
0 0 0 446905097 
0 0 0 510541989 
0 0 0 417388045 
0 0 326638001 111061905 
0 0 0 492111331 
0 0 485500025 0 
0 0 403602123 0 
0 0 396537248 33327030 
0 0 441209353 0 
0 0 74215402 373316533 
0 0 453686351 0 
0 0 0 415679555 
0 0 501700847 0 
0 0 0 465431688 
0 0 441469087 0 
0 0 476880675 0 
0 0 469367047 0 
0 0 274518084 130520449 
0 0 470577407 7035161 
0 0 408267256 0 
0 0 0 497789878 
0 0 0 451659009 
0 0 0 436184701 
0 0 0 450542393 
0 0 0 405769484 
0 0 0 440148368 
0 0 0 495447888 
0 0 393280081 0 
0 0 452798537 0 
0 0 448498783 0 
0 0 442330338 0 
0 0 426536939 0 
0 0 437433095 0 
0 0 0 456117719 
0 0 121364632 267845436 
0 0 453501328 0 
0 0 0 425195386 
0 0 485345223 0 
0 0 9474453 432155196 
0 0 0 472104879 
0 0 455024918 0 
0 0 0 440668570 
0 0 0 431443797 
0 0 438263679 0 
0 0 482698574 0 
0 0 404571459 0 
0 0 0 390121783 
0 0 429523159 38385965 
0 0 0 464987466 
0 0 485225399 30727150 
0 0 513882529 0 
0 0 0 457304300 
0 0 0 478307919 
0 0 0 391200083 
0 0 0 507125298 
0 0 497438595 0 
0 0 0 417192848 
0 0 489864291 0 
0 0 0 442190321 
0 0 477747676 0 
0 0 0 492569937 
0 0 437745617 0 
0 0 448941134 0 
0 0 23991155 438601960 
0 0 0 463416595 
0 0 452202354 0 
0 0 0 481839192 
0 0 473758763 0 
0 0 394084974 0 
0 0 503400494 0 
0 0 0 387859780 
0 0 408649726 0 
0 0 0 397402771 
0 0 443241399 0 
0 0 505307203 0 
0 1 503815164 0 
0 0 0 395305030 
0 0 484418853 0 
0 0 386239330 17116009 
0 0 470495085 0 
0 0 485183741 0 
0 0 0 428130522 
0 0 473581917 0 
0 0 0 411470495 
0 0 485744863 0 
0 0 395197973 0 
0 0 0 411801809 
0 0 490871656 0 
0 0 0 391517946 
0 0 0 485300988 
