2.8e-09 18.7188 2.42188 9.21875 0 410935741 0 26821
2.8e-09 24.9688 2.9375 9.25 44 0 45 416843668
2.8e-09 27.1875 2.48438 9.125 413 476569170 416 0
2.8e-09 26.75 2.01562 9.15625 305 0 306 469973233
2.8e-09 21.7656 2.98438 9.10938 2 445521195 0 24196112
2.8e-09 19.9844 2.96875 9.10938 1 345515899 0 122994000
2.8e-09 24.7344 2.82812 9.125 65 0 59 511292278
2.8e-09 23.2031 2.01562 9.14062 1 71491 1 466849364
2.8e-09 20.8438 2.45312 9.25 0 406468148 0 6238640
2.8e-09 20.6562 2.3125 9.10938 0 14654 0 418528570
2.8e-09 20.6875 2.96875 9.10938 0 422029621 0 0
2.8e-09 20.6875 2.3125 9.10938 0 405 0 429932683
2.8e-09 20.2344 2.48438 9.125 0 426557412 1 49032873
2.8e-09 infty 2.82812 9.125 575 244460553 553 0
2.8e-09 26.9688 2.89062 9.1875 403 502534638 378 0
2.8e-09 27.3906 2.34375 9.14062 492 17536492 541 470751637
2.8e-09 infty 2.23438 9.20312 683 51225783 679 12153
2.8e-09 19.7031 2.26562 9.21875 0 54599172 0 395849753
2.8e-09 20.7344 2.03125 9.15625 0 60165 0 489651124
2.8e-09 20.7656 2.90625 9.21875 0 20 0 460162880
2.8e-09 infty 2.28125 9.23438 621 96929542 570 0
2.8e-09 25.3438 3.26562 9.23438 62 0 59 517366331
2.8e-09 26.5312 2.76562 9.21875 202 396861416 204 4636
2.8e-09 20.7188 2.39062 9.1875 0 24666 1 508200939
2.8e-09 23.2969 2.9375 9.23438 7 81373 1 400397203
2.8e-09 infty 2.28125 9.25 616 0 656 2090790
2.8e-09 24.875 3.03125 9.15625 53 0 49 418016872
2.8e-09 25.25 2.79688 9.60938 67 0 89 397434505
2.8e-09 22.3281 2.23438 9.1875 6 355661956 2 166893153
2.8e-09 24.3594 2.90625 9.20312 47 22155 55 510621779
2.8e-09 20.7031 2.79688 9.09375 0 412938917 0 10938470
2.8e-09 21.9062 2.25 9.21875 1 394949957 1 382433
2.8e-09 26.8125 2.5 9.125 288 0 307 447400005
2.8e-09 24.3594 2.34375 9.14062 34 551156 35 482128496
2.8e-09 21.8125 2.32812 9.125 0 36129163 5 368737249
2.8e-09 20.6406 2.4375 9.23438 0 1214 0 464887158
2.8e-09 22.6719 2.79688 9.25 10 0 1 401432122
2.8e-09 25.8281 2.39062 9.1875 118 0 124 458348818
2.8e-09 22.8594 2.04688 9.17188 2 414395908 2 2777834
2.8e-09 21.1094 2.875 9.17188 0 138234719 1 326919204
2.8e-09 21.2812 2.89062 9.1875 0 449952398 0 39666884
2.8e-09 infty 2.40625 9.20312 674 19325953 667 0
2.8e-09 infty 2.40625 9.20312 667 148303 634 0
2.8e-09 26.75 2.35938 9.15625 313 0 306 484699192
2.8e-09 infty 3.29688 9.09375 627 58237828 594 3068030
2.8e-09 21.0156 3 9.125 1 400969190 0 0
2.8e-09 infty 2.26562 9.23438 660 153335 677 0
2.8e-09 20.375 2.9375 9.23438 0 42 0 429447092
2.8e-09 25.8438 2.90625 9.20312 125 440404855 105 0
2.8e-09 19.5156 2.01562 9.15625 0 0 0 440440638
2.8e-09 27.4219 2.375 9.17188 529 468990455 515 0
2.8e-09 infty 2.8125 9.10938 560 0 553 257799
2.8e-09 19.0156 2.3125 9.10938 0 440775888 0 95
2.8e-09 infty 2.76562 9.23438 624 1588136 685 152539195
2.8e-09 23.7031 2.95312 9.25 12 0 8 471468514
2.8e-09 21.8125 2.82812 9.125 1 460300278 0 639139
2.8e-09 infty 2.5 9.125 562 5555011 590 0
2.8e-09 infty 2.28125 9.25 661 136146432 614 0
2.8e-09 21.0938 2.34375 9.14062 0 477405838 0 45129
2.8e-09 27.375 2.25 9.20312 497 503927816 482 0
2.8e-09 20.5781 2.76562 9.23438 0 0 0 479376198
2.8e-09 22.75 2.01562 9.15625 2 502980396 5 0
2.8e-09 19.7031 2.25 9.21875 0 481327384 0 458733
2.8e-09 infty 2.875 9.17188 505 76993 570 86503544
2.8e-09 20.2812 2.54688 9.1875 0 184101527 0 285416687
2.8e-09 21.1562 2.23438 9.20312 2 3123 0 445899514
2.8e-09 19.6562 2.79688 9.09375 0 459775400 0 6
2.8e-09 23.1719 2.92188 9.21875 5 12447890 18 448497194
2.8e-09 19.4688 2.32812 9.125 0 449402459 0 4272166
2.8e-09 20.5625 2.98438 9.10938 1 95 0 395765993
2.8e-09 24.5781 2.79688 9.10938 37 51196412 30 388471443
2.8e-09 22.1562 2.29688 9.09375 0 466765332 2 22755
2.8e-09 infty 2.28125 9.25 616 26341470 616 0
2.8e-09 22.5781 3.3125 9.10938 1 0 2 416864358
2.8e-09 infty 2.46875 9.10938 611 0 578 32612689
2.8e-09 22.1719 2.51562 9.14062 0 456032425 0 229
2.8e-09 23.6406 2.98438 9.10938 7 5744305 12 503961749
2.8e-09 20.1562 2.40625 9.1875 0 67 0 522426107
2.8e-09 20.2188 2.42188 9.21875 0 27 1 485345396
2.8e-09 infty 2.28125 9.25 605 0 587 0
2.8e-09 20.0938 2.32812 9.10938 0 511402447 0 0
2.8e-09 21.3906 2.75 9.21875 2 0 1 405636040
2.8e-09 infty 2.9375 9.23438 617 201422 601 0
2.8e-09 24.7031 2.51562 9.15625 61 519678492 53 2555
2.8e-09 20.2188 2.8125 9.10938 0 0 0 450333928
2.8e-09 23.4688 2.4375 9.23438 8 14143 9 509863778
2.8e-09 19.8906 2.78125 9.25 0 197768148 0 207693714
2.8e-09 25.3594 2.29688 9.25 83 0 92 493840716
2.8e-09 infty 3.04688 9.1875 499 9881 528 0
2.8e-09 23.7031 2.40625 9.20312 12 0 18 458481376
2.8e-09 22.0625 2.32812 9.125 0 352 2 486088803
2.8e-09 19.6719 3.04688 9.17188 0 429744715 0 4673357
2.8e-09 21.5938 2.90625 9.20312 2 0 2 496306284
2.8e-09 infty 2.25 9.21875 675 0 649 0
2.8e-09 infty 2.53125 9.15625 543 0 532 0
2.8e-09 25.8594 2.34375 9.14062 124 430032878 137 0
2.8e-09 20.625 3.3125 9.10938 0 439349678 0 0
2.8e-09 infty 2.84375 9.14062 557 11103397 554 34163
2.8e-09 20.2656 2.28125 9.23438 1 50032892 0 390425661
2.8e-09 21.1562 2.79688 9.09375 1 353 1 429875510
2.8e-09 infty 2.21875 9.1875 490 0 488 0
2.8e-09 20.25 2.35938 9.15625 1 63383062 0 393679727
2.8e-09 26.8438 2.875 9.17188 304 14732500 318 412921139
2.8e-09 25.375 2.89062 9.1875 93 0 83 432461344
2.8e-09 20.6094 2.28125 9.25 0 482100208 0 1001248
2.8e-09 20.2188 2.51562 9.14062 0 397282196 0 119414816
2.8e-09 20.0625 2.32812 9.125 0 420885532 1 58118881
2.8e-09 infty 2.23438 9.20312 649 0 692 0
2.8e-09 21.1406 2.375 9.17188 0 110996 0 440196857
2.8e-09 21.1406 2.25 9.21875 0 408991729 0 4150107
2.8e-09 infty 2.84375 9.14062 568 1875 579 106001
2.8e-09 24.1875 2.98438 9.10938 11 515475304 12 0
2.8e-09 26.9688 3.03125 9.17188 399 0 395 509327647
2.8e-09 25.4844 2.76562 9.23438 78 40279 84 413236865
2.8e-09 22.1562 2.82812 9.125 1 1633547 0 424386654
2.8e-09 24.875 2.35938 9.15625 60 52601626 54 364930850
2.8e-09 20.125 2.29688 9.09375 0 475874548 0 0
2.8e-09 infty 3.26562 9.23438 638 0 668 0
2.8e-09 infty 3.29688 9.10938 567 0 609 0
2.8e-09 23.9531 2.4375 9.23438 11 0 10 430828349
2.8e-09 26.9219 3.25 9.21875 301 403056163 287 0
2.8e-09 25.375 2.42188 9.21875 87 460075280 102 0
2.8e-09 infty 2.39062 9.1875 529 0 515 0
2.8e-09 infty 2.26562 9.21875 612 0 637 18010
2.8e-09 infty 2.73438 9.20312 708 0 717 0
2.8e-09 20.7969 3.28125 9.25 0 1888602 0 474713935
2.8e-09 28.0781 2.23438 9.20312 675 175281 672 329483167
2.8e-09 19.5312 2.23438 9.1875 0 0 0 422711450
2.8e-09 21.7656 2.8125 9.10938 0 0 1 506074251
2.8e-09 21.6875 2.875 9.17188 1 426922409 0 0
2.8e-09 infty 2.5 9.125 498 0 588 0
2.8e-09 20.7812 2.42188 9.21875 0 4 0 453741137
2.8e-09 21.2188 2.5625 9.1875 1 525078659 1 258
2.8e-09 20.2188 2.85938 9.15625 0 1532 0 411214139
2.8e-09 infty 2.75 9.21875 693 20827088 657 29501166
2.8e-09 26.1562 2.8125 9.10938 187 0 182 510657606
2.8e-09 21.2188 2.39062 9.1875 3 20749 0 432270744
2.8e-09 19.75 2.51562 9.14062 0 515264417 0 73245
2.8e-09 23.7344 2.26562 9.23438 23 0 18 488112956
2.8e-09 20.6719 3.26562 9.23438 0 23592911 0 474620284
2.8e-09 26.5 2.28125 9.23438 214 481214076 209 1073117
2.8e-09 28.25 2.53125 9.15625 500 259590571 537 1002726
2.8e-09 22.3125 2.4375 9.21875 2 514811165 5 153495
2.8e-09 infty 2.92188 9.21875 640 0 621 0
2.8e-09 infty 2.8125 9.10938 579 15727152 627 0
2.8e-09 20.5625 2.46875 9.60938 0 397112671 0 0
2.8e-09 18.5781 2.95312 9.25 0 243 0 396697106
2.8e-09 21.5625 2.53125 9.15625 0 397215640 2 0
2.8e-09 19.6719 2.42188 9.21875 0 249679722 0 228072641
2.8e-09 infty 2.875 9.17188 504 0 526 2902621
2.8e-09 20.1719 2.21875 9.1875 0 524051699 0 135
2.8e-09 22.625 2.23438 9.20312 3 509292810 4 0
2.8e-09 20.75 2.75 9.21875 1 512142807 1 0
2.8e-09 20.5938 2.29688 9.09375 1 463208809 2 96
2.8e-09 21.2031 2.375 9.17188 0 926 0 410771917
2.8e-09 21.7969 2.375 9.15625 1 0 1 471430247
2.8e-09 25.8438 2.04688 9.17188 106 0 130 433772524
2.8e-09 26.375 3.26562 9.23438 224 462553647 212 0
2.8e-09 26.4688 2.45312 9.25 177 436734341 198 0
2.8e-09 25.7031 2.82812 9.125 135 317296186 125 179012005
2.8e-09 28.0938 2.28125 9.23438 614 0 611 325703136
2.8e-09 26.7031 2.04688 9.17188 197 416872818 232 0
2.8e-09 infty 2.98438 9.10938 608 0 604 0
2.8e-09 19.2656 2.4375 9.23438 0 198759971 0 219660664
2.8e-09 22.5938 2.3125 9.10938 7 443266667 6 80122
2.8e-09 infty 2.95312 9.25 582 0 607 211826
2.8e-09 infty 3.07812 9.20312 623 0 633 0
2.8e-09 25.7812 2.32812 9.125 147 0 143 445280555
2.8e-09 22.1875 2.28125 9.23438 4 0 0 442127725
2.8e-09 26.2656 3.29688 9.09375 215 386426343 199 49575680
2.8e-09 infty 2.45312 9.25 667 0 624 0
2.8e-09 infty 2.5 9.14062 547 0 567 0
2.8e-09 24.3906 2.25 9.20312 37 175620440 35 286824871
2.8e-09 24.7656 2.375 9.17188 52 106016088 69 332594334
2.8e-09 20.2969 2.875 9.17188 0 425567523 0 88410
2.8e-09 19.5938 3.01562 9.15625 0 461484148 0 45198034
2.8e-09 20.8125 2.5625 9.1875 1 414671098 0 11466204
2.8e-09 infty 2.875 9.17188 552 41257 524 0
2.8e-09 20.625 2.375 9.17188 0 461736979 0 0
2.8e-09 24.2969 2.96875 9.09375 16 0 12 430990705
2.8e-09 21.7969 2.34375 9.125 2 496275410 3 85
2.8e-09 25.7344 2.25 9.21875 93 165150698 125 354744526
2.8e-09 infty 2.89062 9.1875 534 12846815 533 16276705
2.8e-09 21.125 2.26562 9.23438 0 465109182 0 128721
2.8e-09 20.5469 2.54688 9.17188 0 493102274 0 49833
2.8e-09 infty 2.89062 9.1875 520 0 544 30617252
2.8e-09 21.5469 2.29688 9.60938 1 489818614 1 5144170
2.8e-09 infty 2.5 9.125 573 0 602 0
2.8e-09 24.8125 2.45312 9.23438 37 481117655 31 0
2.8e-09 infty 3.07812 9.21875 704 0 668 0
2.8e-09 26.4531 2.90625 9.20312 233 418142084 228 0
2.8e-09 20.75 2.03125 9.17188 0 478194810 0 0
2.8e-09 infty 2.23438 9.20312 647 0 699 0
2.8e-09 24.8438 2.82812 9.125 61 435158340 55 762627
2.8e-09 22.0781 2.46875 9.09375 0 32987 0 398721814
2.8e-09 22.3281 2.01562 9.15625 4 468529573 3 0
2.8e-09 infty 2.375 9.17188 545 177881738 546 68731138
2.8e-09 infty 2.85938 9.15625 537 17615741 552 15498677
2.8e-09 22.3125 2.40625 9.20312 2 476293132 1 0
2.8e-09 27.8906 2.39062 9.1875 493 264532767 546 57528743
2.8e-09 21 2.3125 9.10938 0 247983785 0 182495325
2.8e-09 infty 2.40625 9.20312 676 10981 671 33738737
2.8e-09 22.2188 2.98438 9.125 2 416667391 4 428
2.8e-09 25.2188 2.48438 9.10938 83 158293194 97 257059133
2.8e-09 21.8438 2.35938 9.15625 0 425614551 2 11036
2.8e-09 infty 2.25 9.20312 651 437809 703 0
2.8e-09 20.6562 2.42188 9.21875 1 493499258 0 19688515
2.8e-09 24.7031 3.04688 9.1875 26 0 22 427347405
2.8e-09 infty 2.75 9.20312 707 1768985 678 0
2.8e-09 19.5 2.875 9.17188 0 504749441 0 0
2.8e-09 25.7188 2.42188 9.21875 97 185089300 97 208331090
2.8e-09 27.375 2.32812 9.125 576 0 548 482637576
2.8e-09 25.3438 2.28125 9.25 72 299279833 83 208610719
2.8e-09 24.3906 2.4375 9.23438 19 5446 12 466534227
2.8e-09 21.0938 3.01562 9.14062 0 293439880 0 111846249
2.8e-09 21.2656 3.0625 9.20312 1 1548989 0 475656963
2.8e-09 24.5781 2.79688 9.09375 46 142997456 46 334369479
2.8e-09 22.3438 2.39062 9.1875 4 26577267 1 475185629
2.8e-09 infty 2.84375 9.14062 593 0 555 0
2.8e-09 21.3906 2.25 9.21875 1 0 0 515699724
2.8e-09 20.0938 2.23438 9.1875 0 450794249 0 0
2.8e-09 20.8438 2.375 9.17188 0 32253143 0 367001966
2.8e-09 infty 2.8125 9.10938 601 0 570 0
2.8e-09 infty 2.82812 9.125 555 489256 596 814465
2.8e-09 22.625 2.42188 9.21875 0 946095 4 502799326
2.8e-09 22.1875 2.23438 9.1875 0 447227298 1 0
2.8e-09 26.7812 2.42188 9.21875 286 469192392 301 0
2.8e-09 23.7656 2.79688 9.09375 27 480911938 30 0
2.8e-09 infty 2.96875 9.09375 602 0 588 0
2.8e-09 22.3281 2.28125 9.23438 2 383068015 1 110137590
2.8e-09 infty 2.82812 9.125 549 0 553 29452
2.8e-09 26.8281 2.85938 9.15625 291 0 310 457662830
2.8e-09 infty 2.78125 9.23438 641 0 630 0
2.8e-09 23.7656 2.39062 9.1875 14 38643156 7 364159801
2.8e-09 22.125 2.04688 9.17188 0 1525564 0 467271059
2.8e-09 25.8438 2.45312 9.25 112 427346202 137 0
2.8e-09 21.5781 2.40625 9.20312 0 43 1 506822819
2.8e-09 21.0625 2.5625 9.1875 0 502205289 0 0
2.8e-09 23.3906 2.03125 9.15625 12 253124 9 421221520
2.8e-09 21.3125 2.78125 9.23438 0 449039676 0 0
2.8e-09 21.1406 2.48438 9.10938 1 0 0 445171584
2.8e-09 25.9844 2.5625 9.20312 170 486676973 160 0
2.8e-09 22.8281 2.04688 9.17188 11 0 10 470007099
2.8e-09 infty 2.875 9.17188 498 0 567 0
2.8e-09 22.5156 2.8125 9.10938 0 396605699 1 26785488
2.8e-09 22.0938 2.39062 9.1875 1 94605210 1 304436384
2.8e-09 infty 2.85938 9.15625 550 0 549 165508
2.8e-09 infty 2.26562 9.23438 635 0 680 0
2.8e-09 19.6875 3.28125 9.25 0 276524 0 489429430
2.8e-09 21.9062 2.40625 9.20312 0 3945 1 396273870
2.8e-09 22.7188 2.34375 9.14062 5 490 4 501138131
2.8e-09 21.2188 2.04688 9.17188 2 1503203 0 519848070
2.8e-09 20.7344 2.29688 9.25 0 524258316 0 66486
2.8e-09 infty 2.82812 9.125 592 0 614 0
2.8e-09 infty 2.21875 9.1875 542 0 502 0
2.8e-09 21.6406 2.01562 9.15625 2 457770017 1 19190
2.8e-09 23.5469 2.46875 9.09375 7 1950 6 445731023
2.8e-09 20.7969 2.03125 9.15625 1 2681702 0 478100761
2.8e-09 21.875 3.26562 9.21875 1 421372712 1 1
2.8e-09 22.1406 2.78125 9.25 4 4170853 1 456532789
2.8e-09 21.875 3.04688 9.17188 1 410273528 3 0
2.8e-09 20.0156 2.32812 9.125 0 454782734 1 149571
2.8e-09 25.2344 2.04688 9.17188 65 10353985 64 416078004
2.8e-09 infty 2.40625 9.20312 648 192245 645 0
2.8e-09 20.1719 2.04688 9.17188 0 445558379 0 72408729
2.8e-09 20.4844 2.84375 9.14062 0 411802752 1 0
2.8e-09 infty 2.35938 9.15625 576 0 550 78683
2.8e-09 infty 2.5 9.14062 586 599717 569 21598519
2.8e-09 infty 2.3125 9.10938 568 75371 592 30387226
2.8e-09 infty 2.85938 9.15625 567 0 543 178877020
2.8e-09 infty 2.76562 9.21875 675 13286873 676 0
2.8e-09 infty 2.5625 9.1875 504 0 491 16307398
2.8e-09 infty 2.53125 9.15625 557 0 547 0
2.8e-09 19.2031 2.75 9.20312 0 60 0 425955518
2.8e-09 22.125 2.39062 9.1875 2 2677065 4 505996594
2.8e-09 21.2812 2.04688 9.17188 1 452823705 0 25076
2.8e-09 infty 2.01562 9.15625 524 848859 537 0
2.8e-09 20.6719 2.5625 9.1875 0 190898409 0 215436097
2.8e-09 infty 2.96875 9.09375 610 0 611 0
2.8e-09 infty 3 9.125 525 0 565 0
2.8e-09 21.2344 2.28125 9.25 0 17818 0 513542015
2.8e-09 24.4688 2.26562 9.23438 42 451870961 49 52937546
2.8e-09 24.2188 2.26562 9.21875 40 0 31 514426920
2.8e-09 20.0625 2.90625 9.20312 0 395313949 0 40128
2.8e-09 25.4219 2.92188 9.21875 80 448692290 91 0
2.8e-09 21.2031 2.51562 9.14062 0 979277 0 405454855
2.8e-09 infty 2.48438 9.125 564 0 556 0
2.8e-09 27.0625 2.26562 9.23438 350 446869752 363 0
2.8e-09 22.4531 2.28125 9.25 1 1880723 1 401521950
2.8e-09 22.9375 2.78125 9.25 9 426009161 5 0
2.8e-09 infty 2.26562 9.23438 615 0 634 113513933
2.8e-09 infty 2.40625 9.20312 657 33785 672 0
2.8e-09 22.1094 2.03125 9.15625 1 228226572 2 271272005
2.8e-09 infty 2.39062 9.1875 464 781844 520 0
2.8e-09 19.6562 2.54688 9.1875 0 443737945 0 0
2.8e-09 22.5781 2.03125 9.15625 0 24240999 5 419443403
2.8e-09 23.3438 3.01562 9.15625 10 0 3 474267216
2.8e-09 infty 2.9375 9.23438 638 0 612 0
2.8e-09 21.1406 2.04688 9.17188 0 0 2 447650507
2.8e-09 infty 2.32812 9.125 578 0 518 0
2.8e-09 23.3281 2.23438 9.20312 14 6167 10 466839399
2.8e-09 20.3281 2.75 9.21875 0 398320272 0 0
2.8e-09 20.7031 2.32812 9.125 0 1421039 0 412704667
2.8e-09 24.3438 2.23438 9.20312 44 0 44 496597745
2.8e-09 infty 3.28125 9.25 641 0 619 0
2.8e-09 infty 2.9375 9.23438 662 299671 592 0
2.8e-09 21.2344 2.82812 9.125 0 279978501 0 138723649
2.8e-09 infty 3.28125 9.25 574 72281 638 0
2.8e-09 infty 2.28125 9.25 638 3108 626 0
2.8e-09 infty 2.78125 9.25 647 0 626 0
2.8e-09 27.9688 2.42188 9.21875 644 0 704 381700024
2.8e-09 20.75 2.3125 9.10938 0 506349149 1 0
2.8e-09 27.0625 2.28125 9.25 277 0 333 437658129
2.8e-09 infty 2.84375 9.15625 559 0 573 3071463
2.8e-09 25.3281 2.79688 9.10938 101 0 137 513790781
2.8e-09 20.8125 2.51562 9.14062 0 4171736 1 409492504
2.8e-09 20.7812 2.28125 9.25 0 414261578 0 0
2.8e-09 26.4844 3.07812 9.20312 198 0 212 426504037
2.8e-09 infty 2.04688 9.17188 480 30221871 516 0
2.8e-09 23.7344 2.85938 9.15625 8 1447 5 432031759
2.8e-09 infty 2.03125 9.15625 549 0 519 0
2.8e-09 24.2031 2.42188 9.21875 32 440020666 35 0
2.8e-09 infty 3.3125 9.10938 614 0 633 0
2.8e-09 23.1406 2.23438 9.20312 8 90316167 3 373992685
2.8e-09 27.6875 2.5 9.125 597 421968775 590 2938471
2.8e-09 21.5156 2.5 9.125 1 411679970 2 30913804
2.8e-09 19.6562 2.03125 9.15625 0 469491774 0 46132427
2.8e-09 23.3125 3.04688 9.1875 12 282544751 14 228244104
2.8e-09 25.4844 2.92188 9.21875 50 442241158 49 0
2.8e-09 21.3438 2.42188 9.21875 0 408458421 0 0
2.8e-09 24.625 2.8125 9.125 17 445876090 15 0
2.8e-09 22.7812 2.8125 9.10938 9 452873257 10 0
2.8e-09 infty 2.90625 9.20312 664 0 683 0
2.8e-09 infty 2.45312 9.25 573 0 610 0
2.8e-09 26.2344 2.82812 9.125 164 0 205 444963772
2.8e-09 21.0938 2.26562 9.23438 0 499185300 0 0
2.8e-09 infty 3.07812 9.20312 694 0 647 33270219
2.8e-09 24.3906 2.48438 9.125 20 486692286 27 0
2.8e-09 19.6875 2.875 9.17188 0 428356769 0 1340
2.8e-09 21.1094 2.21875 9.1875 1 469523056 0 0
2.8e-09 infty 3.03125 9.17188 540 582974 519 0
2.8e-09 20.8438 2.45312 9.25 0 413947863 0 132
2.8e-09 infty 2.75 9.21875 638 0 635 0
2.8e-09 21.5625 2.96875 9.10938 0 448573595 1 62786365
2.8e-09 20.6094 2.85938 9.15625 0 446806503 0 0
2.8e-09 20.8281 2.03125 9.15625 0 181209 0 414724821
2.8e-09 21.2031 3.03125 9.17188 1 373604294 1 26327704
2.8e-09 20.0156 2.29688 9.09375 0 438156327 0 0
2.8e-09 24.0625 2.8125 9.10938 31 6496 28 420058196
2.8e-09 infty 2.95312 9.25 601 0 634 0
2.8e-09 20.0312 2.32812 9.125 0 425958171 0 0
2.8e-09 infty 2.34375 9.125 590 0 578 0
2.8e-09 19.2188 2.45312 9.23438 0 241329169 0 166344696
2.8e-09 21.1562 3.3125 9.10938 0 428269574 0 0
2.8e-09 infty 2.3125 9.10938 602 0 601 0
2.8e-09 20.1406 2.53125 9.15625 0 230977707 0 236011615
2.8e-09 20.2656 2.25 9.21875 0 175738102 0 317551974
2.8e-09 infty 2.79688 9.25 606 0 612 488716
2.8e-09 23.2188 2.79688 9.09375 6 434302511 2 0
2.8e-09 21.6406 2.5 9.125 1 462676270 0 0
2.8e-09 19.75 2.03125 9.15625 0 433120743 0 0
2.8e-09 24.2344 2.23438 9.1875 24 310262524 28 106223446
2.8e-09 infty 2.28125 9.25 604 27411852 625 26063609
2.8e-09 22.5156 2.3125 9.10938 3 465914085 5 1233217
2.8e-09 19.3281 2.92188 9.21875 0 8 0 502060817
2.8e-09 25.2812 2.53125 9.17188 34 0 35 472538151
2.8e-09 22.7344 2.01562 9.15625 0 420771967 5 0
2.8e-09 21.8125 2.76562 9.21875 2 20280405 1 412303199
2.8e-09 infty 2.04688 9.1875 579 0 512 0
2.8e-09 25.8906 2.35938 9.15625 104 396291248 105 0
2.8e-09 infty 2.45312 9.25 654 0 604 0
2.8e-09 19.6562 2.875 9.17188 0 100 0 461584263
2.8e-09 21.125 2.35938 9.15625 0 20748467 0 420705946
2.8e-09 22.5469 3.01562 9.14062 7 2916495 3 444981168
2.8e-09 infty 2.98438 9.10938 618 0 612 0
2.8e-09 25.25 2.78125 9.25 57 300399130 64 116814505
2.8e-09 21.7344 2.46875 9.09375 0 396840770 0 374351
2.8e-09 21.5312 2.3125 9.10938 2 413928896 1 0
2.8e-09 23.0469 3.3125 9.10938 9 404197567 4 0
2.8e-09 infty 2.3125 9.10938 573 0 579 541424
2.8e-09 20.7031 2.53125 9.17188 0 498955775 1 560645
2.8e-09 24.7344 2.35938 9.15625 26 402324545 25 9206
2.8e-09 infty 2.25 9.20312 702 0 652 0
2.8e-09 21.6719 2.92188 9.21875 4 432074177 3 30
2.8e-09 infty 2.04688 9.17188 501 0 513 0
2.8e-09 19.7656 2.51562 9.14062 1 495715852 0 139792
2.8e-09 infty 2.98438 9.10938 599 0 561 0
2.8e-09 20.6094 2.45312 9.25 1 379358364 0 55242295
2.8e-09 22.8281 2.28125 9.23438 1 96 3 488436687
2.8e-09 25.3125 3.03125 9.17188 56 401897259 48 0
2.8e-09 21.0781 2.32812 9.125 1 467864934 0 0
2.8e-09 23.4219 2.04688 9.17188 7 2945 4 429017899
2.8e-09 21.125 3.01562 9.14062 0 466026871 0 0
2.8e-09 19.7031 2.73438 9.20312 0 420391639 0 9776
2.8e-09 22.1094 2.54688 9.17188 1 0 0 504561680
2.8e-09 19.5469 2.40625 9.20312 0 408854013 0 0
2.8e-09 24.1719 2.40625 9.20312 17 252287146 16 159516822
2.8e-09 infty 2.90625 9.21875 705 0 658 328652
2.8e-09 infty 2.34375 9.14062 564 493965 533 0
2.8e-09 infty 2.35938 9.15625 549 829836 587 209385183
2.8e-09 infty 2.4375 9.23438 595 4969806 668 40131
2.8e-09 infty 2.40625 9.20312 724 4374756 728 0
2.8e-09 infty 2.03125 9.15625 517 0 502 0
2.8e-09 23.7812 3.04688 9.1875 9 2429878 12 413385663
2.8e-09 21.1406 3.03125 9.17188 0 0 0 441093973
2.8e-09 24.7812 2.85938 9.15625 21 451866886 33 15780
2.8e-09 21.5938 2.51562 9.15625 3 323975242 0 161538507
2.8e-09 26.8281 2.42188 9.21875 273 0 295 438211503
2.8e-09 27.7656 3.3125 9.10938 566 0 581 373173712
2.8e-09 infty 2.9375 9.23438 643 82313579 595 0
2.8e-09 20.4844 2.48438 9.10938 0 499019146 1 9389585
2.8e-09 22.6406 2.34375 9.14062 12 0 9 415598073
2.8e-09 infty 2.46875 9.09375 598 0 566 1088781
2.8e-09 23.6406 2.03125 9.15625 23 479781187 29 0
2.8e-09 infty 2.23438 9.1875 495 0 484 0
2.8e-09 25.7344 2.42188 9.21875 116 226162685 114 264741583
2.8e-09 27.3125 2.04688 9.17188 437 409862941 411 0
2.8e-09 27.5312 3.28125 9.25 465 395220671 456 0
2.8e-09 20.4062 2.29688 9.25 0 524921194 0 98841
2.8e-09 infty 3.28125 9.23438 637 0 614 366823
2.8e-09 infty 2.76562 9.23438 628 0 617 10761126
2.8e-09 infty 2.25 9.21875 655 77760612 642 0
2.8e-09 20.75 3.01562 9.14062 0 471598332 1 109118
2.8e-09 22.3438 2.92188 9.21875 9 45153192 7 348113119
2.8e-09 infty 2.28125 9.23438 666 275507 594 0
2.8e-09 26.7969 2.79688 9.60938 362 49190 366 461650398
2.8e-09 23.6562 2.96875 9.10938 18 413170214 15 1319
2.8e-09 21.9219 2.28125 9.23438 0 0 0 501090575
2.8e-09 21.7344 2.34375 9.14062 0 522192139 0 0
2.8e-09 23.1719 2.01562 9.14062 9 499957 3 473808723
2.8e-09 21.3594 2.76562 9.23438 0 77 0 415630469
2.8e-09 26.2969 2.54688 9.17188 207 0 247 517176484
2.8e-09 22.3594 2.25 9.20312 2 452574041 5 33545504
2.8e-09 infty 2.28125 9.23438 628 0 640 54905478
2.8e-09 27.2188 2.34375 9.14062 442 452604589 399 0
2.8e-09 22.5625 2.3125 9.10938 2 0 3 423704502
2.8e-09 infty 2.28125 9.25 624 15822 629 0
2.8e-09 26.4375 2.90625 9.20312 212 0 204 448072434
2.8e-09 21.4844 2.48438 9.10938 1 0 0 432871929
2.8e-09 26.3594 2.5625 9.20312 197 0 202 510980726
2.8e-09 21.1406 2.32812 9.125 2 77 3 427745695
2.8e-09 25.9062 2.26562 9.23438 166 502209097 153 0
2.8e-09 21.75 2.85938 9.15625 1 402388410 0 47264910
2.8e-09 24.3281 2.875 9.17188 34 480181022 49 23102187
2.8e-09 infty 3.26562 9.23438 692 4764523 689 0
2.8e-09 infty 2.4375 9.23438 634 0 587 2826571
2.8e-09 20.5469 2.35938 9.15625 0 222355692 1 271716622
2.8e-09 infty 2.45312 9.25 576 86977670 648 0
2.8e-09 infty 2.375 9.17188 537 0 521 0
2.8e-09 infty 2.84375 9.15625 532 0 557 0
2.8e-09 25.4062 2.53125 9.17188 101 419120818 92 0
2.8e-09 21.625 2.34375 9.125 1 437970361 3 26776812
2.8e-09 23.4375 2.75 9.21875 12 427393798 14 182893
2.8e-09 infty 2.5625 9.1875 501 390386 540 1143711
2.8e-09 infty 3.29688 9.25 644 0 635 0
2.8e-09 21.1094 2.98438 9.10938 1 468312591 2 42565992
2.8e-09 21.1094 2.32812 9.125 0 193646541 0 272215572
2.8e-09 infty 2.9375 9.23438 652 5666640 656 0
2.8e-09 infty 2.51562 9.14062 530 542997 533 28930175
2.8e-09 infty 3.0625 9.1875 517 195998056 495 94074
2.8e-09 23.2031 3 9.125 1 506614704 6 1331
2.8e-09 infty 2.25 9.21875 630 32606084 631 20257
2.8e-09 21.0625 2.34375 9.14062 0 503421306 0 0
2.8e-09 infty 2.01562 9.15625 588 3321276 536 0
2.8e-09 infty 2.3125 9.10938 558 536137 605 187204
2.8e-09 20.9062 2.29688 9.25 0 1765546 0 498368960
2.8e-09 22.2344 2.3125 9.10938 2 409173059 1 978
2.8e-09 21.125 2.76562 9.23438 0 0 0 473615754
2.8e-09 20.375 2.4375 9.23438 0 427733139 0 59979164
2.8e-09 19.625 2.48438 9.10938 0 3869947 0 397658206
2.8e-09 infty 2.46875 9.09375 643 0 610 1604009
2.8e-09 23.1406 2.01562 9.14062 2 448808454 1 0
2.8e-09 22.5781 2.8125 9.10938 1 410180771 1 0
2.8e-09 23.7344 2.23438 9.20312 14 339477820 11 67993155
2.8e-09 24.7656 2.375 9.17188 33 519176565 41 0
2.8e-09 infty 2.46875 9.09375 646 11506 653 0
2.8e-09 infty 3.29688 9.09375 618 0 604 22630529
2.8e-09 22.8438 2.51562 9.14062 14 459275359 15 0
2.8e-09 22.7188 2.28125 9.23438 2 434041197 1 0
2.8e-09 21.2344 2.25 9.20312 0 106 0 509633217
2.8e-09 24.2344 3 9.125 32 0 36 437587299
2.8e-09 24.75 3.04688 9.1875 35 54280770 45 443473810
2.8e-09 24.625 2.03125 9.15625 32 441473881 36 0
2.8e-09 21.8438 3.03125 9.17188 5 409293925 4 0
2.8e-09 infty 2.25 9.21875 679 0 653 0
2.8e-09 23.25 2.375 9.17188 7 45101275 12 447787753
2.8e-09 20.3281 2.04688 9.17188 0 425682343 0 0
2.8e-09 24.3594 2.89062 9.1875 43 0 36 487480758
2.8e-09 23.0938 2.03125 9.15625 4 0 12 493676527
2.8e-09 20.1875 2.3125 9.10938 0 424656147 0 0
2.8e-09 infty 2.29688 9.09375 595 0 598 0
2.8e-09 19.0469 2.78125 9.23438 0 4831 0 453044306
2.8e-09 24.1875 2.5 9.125 15 169528 8 509348694
2.8e-09 21.2812 2.85938 9.15625 0 476991618 0 0
2.8e-09 25.3438 2.32812 9.10938 89 0 92 505489542
2.8e-09 25.9688 2.45312 9.25 134 266888268 138 209410347
2.8e-09 21.6875 2.375 9.17188 2 425549121 1 0
2.8e-09 21.625 2.39062 9.1875 1 418558687 0 0
2.8e-09 22.625 2.46875 9.09375 2 17 6 506511594
2.8e-09 infty 2.42188 9.21875 670 0 676 24001208
2.8e-09 infty 2.32812 9.125 606 2271932 560 176484
2.8e-09 infty 2.39062 9.1875 489 0 507 0
2.8e-09 20.2188 2.73438 9.20312 0 0 0 403278756
2.8e-09 26.2656 2.39062 9.1875 167 2833547 163 395569101
2.8e-09 infty 2.23438 9.1875 537 0 535 245322
2.8e-09 25.75 2.98438 9.125 92 519261576 83 0
2.8e-09 infty 2.39062 9.1875 518 0 477 0
2.8e-09 23.25 2.40625 9.20312 16 7273929 7 405064009
2.8e-09 infty 2.40625 9.20312 713 308418 690 0
2.8e-09 27.3281 2.85938 9.15625 539 19195455 545 502631137
2.8e-09 21.0625 2.23438 9.1875 0 0 0 508565554
2.8e-09 26.5625 2.45312 9.25 183 450344805 192 246183
2.8e-09 infty 2.45312 9.25 602 20326892 622 0
2.8e-09 22.1719 2.23438 9.20312 3 188648998 1 267665141
2.8e-09 infty 2.23438 9.1875 503 0 506 21716768
2.8e-09 24.2656 2.23438 9.1875 18 400660142 32 0
2.8e-09 20.7812 2.34375 9.14062 1 0 0 482761665
2.8e-09 25.9688 2.78125 9.25 130 1318037 167 450845853
2.8e-09 infty 2.95312 9.25 606 0 642 0
2.8e-09 20.5 2.35938 9.15625 0 398066510 0 1783
2.8e-09 21.0625 2.79688 9.09375 0 398168174 0 17
2.8e-09 20.3906 2.76562 9.23438 0 10078 0 400106490
2.8e-09 20.2656 2.29688 9.25 0 453968491 0 59819
2.8e-09 infty 2.28125 9.23438 638 0 659 0
2.8e-09 infty 2.23438 9.1875 528 0 517 11228396
2.8e-09 27.5 2.4375 9.23438 488 407286216 442 27814
2.8e-09 27.3125 2.01562 9.15625 388 396275368 457 0
2.8e-09 19.5781 3.04688 9.1875 0 16715 0 502885187
2.8e-09 20.25 2.92188 9.21875 1 518225049 0 21
2.8e-09 21.1094 3.3125 9.10938 0 490414607 0 8197
2.8e-09 27.4219 2.35938 9.15625 516 0 532 460401668
2.8e-09 22.25 2.92188 9.21875 2 0 2 403570683
2.8e-09 19.5312 2.34375 9.14062 0 350600540 0 78516973
2.8e-09 19.1406 2.39062 9.1875 0 466083990 0 4
2.8e-09 19.7656 3.25 9.21875 0 286267 0 425208268
2.8e-09 21.0625 2.53125 9.15625 0 6 0 504855327
2.8e-09 23.2188 2.29688 9.09375 2 0 11 515529387
2.8e-09 21.0469 2.54688 9.1875 0 404274177 2 0
2.8e-09 infty 2.28125 9.23438 607 0 657 225441
2.8e-09 21.0469 2.04688 9.17188 0 522586839 1 0
2.8e-09 21.6875 2.32812 9.125 0 413168357 1 2907035
2.8e-09 19.1094 2.04688 9.17188 0 324479875 0 118653625
2.8e-09 19.8281 2.40625 9.20312 0 0 0 518445351
2.8e-09 infty 2.53125 9.15625 515 0 559 0
2.8e-09 21.3594 2.42188 9.21875 0 0 0 402792636
2.8e-09 26.4219 2.28125 9.25 182 0 218 461707235
2.8e-09 22.7188 3.07812 9.20312 8 497359867 4 0
2.8e-09 24.3281 2.53125 9.17188 15 0 17 400817331
2.8e-09 25.4062 2.95312 9.25 83 459654696 87 399074
2.8e-09 25.2969 2.39062 9.1875 57 0 68 410411798
2.8e-09 24.25 2.3125 9.10938 20 339986370 14 92125795
2.8e-09 22.0938 2.04688 9.17188 1 8371268 3 437913287
2.8e-09 24.7031 2.5625 9.1875 46 458267670 57 65412488
2.8e-09 21.8438 3.01562 9.15625 1 0 1 436929169
2.8e-09 18.6562 2.76562 9.23438 0 454856349 0 0
2.8e-09 26.4844 2.42188 9.21875 196 354071075 195 43410789
2.8e-09 21.4375 2.45312 9.25 0 0 0 480279250
2.8e-09 22.7344 2.79688 9.09375 2 424499346 5 0
2.8e-09 25.7969 2.28125 9.23438 112 465937413 133 5508389
2.8e-09 infty 3 9.125 545 0 571 0
2.8e-09 infty 2.51562 9.14062 529 0 554 0
2.8e-09 20.5156 2.3125 9.10938 0 17340191 0 472593290
2.8e-09 26.8438 2.25 9.21875 270 434499794 310 0
2.8e-09 24.9375 2.92188 9.21875 67 26117789 66 419401331
2.8e-09 20.0781 2.45312 9.25 0 129034852 0 392010306
2.8e-09 21.2969 2.5625 9.1875 0 386069825 0 13469794
2.8e-09 21.7969 2.53125 9.17188 0 6273423 2 465156746
2.8e-09 27.3438 3.28125 9.25 366 396765210 343 272603
2.8e-09 20.5469 2.03125 9.15625 0 4740480 1 511220836
2.8e-09 21.6406 2.03125 9.15625 1 890201 1 432604494
2.8e-09 infty 2.32812 9.10938 563 0 574 0
2.8e-09 25.2031 2.98438 9.10938 73 301465352 66 167393157
2.8e-09 23.7969 2.75 9.20312 2 410695195 8 0
2.8e-09 20.1719 2.84375 9.14062 0 521620780 0 174235
2.8e-09 26.2812 2.32812 9.125 146 2642 194 514033212
2.8e-09 infty 2.92188 9.21875 669 0 663 0
2.8e-09 20.1406 3.04688 9.17188 0 404744332 1 0
2.8e-09 23.875 2.25 9.21875 15 357 22 483389478
2.8e-09 infty 2.32812 9.125 610 2443204 572 159421562
2.8e-09 24.7969 2.79688 9.09375 52 468377380 35 0
2.8e-09 23.3125 2.03125 9.15625 7 381776456 11 82481685
2.8e-09 20.5938 2.03125 9.15625 0 232052278 0 231066673
2.8e-09 infty 2.54688 9.17188 551 5699438 502 17656810
2.8e-09 21.5938 2.90625 9.20312 1 0 1 501211868
2.8e-09 24.7344 2.48438 9.125 61 158310431 59 309449131
2.8e-09 18.5781 2.25 9.21875 0 0 0 401279396
2.8e-09 20.625 2.29688 9.09375 0 0 1 438153150
2.8e-09 infty 2.3125 9.10938 575 0 612 541323
2.8e-09 21.7031 2.51562 9.14062 1 600008 0 412097054
2.8e-09 20.0625 2.4375 9.23438 0 303872841 0 116316459
2.8e-09 21.1719 2.84375 9.14062 1 395303640 0 11898291
2.8e-09 27.3594 2.26562 9.21875 510 136015383 488 371471529
2.8e-09 20.5781 2.01562 9.14062 0 458886200 0 1827441
2.8e-09 infty 2.46875 9.10938 605 81163120 628 2351120
2.8e-09 22.7344 2.42188 9.21875 2 93948 3 426861884
2.8e-09 infty 2.03125 9.15625 515 53074526 525 0
2.8e-09 23.1406 2.53125 9.15625 3 252123665 7 192140466
2.8e-09 25.375 2.40625 9.20312 81 480745193 74 0
2.8e-09 26.9375 3.3125 9.10938 437 42013410 449 461091959
2.8e-09 26.9062 2.26562 9.23438 263 0 297 399826408
2.8e-09 20.6875 2.76562 9.23438 0 395288227 0 840
2.8e-09 27.3125 2.90625 9.20312 347 416037548 377 165145
2.8e-09 19.0312 2.85938 9.15625 0 355987422 0 99365796
2.8e-09 20.2656 2.375 9.17188 0 496469271 0 0
2.8e-09 infty 2.39062 9.1875 510 0 535 0
2.8e-09 24.2031 2.23438 9.20312 20 31662405 22 459624636
2.8e-09 21.6719 2.75 9.21875 0 435462976 1 0
2.8e-09 23.375 2.28125 9.25 10 451846829 3 800
2.8e-09 infty 2.89062 9.1875 553 0 530 0
2.8e-09 23.2188 2.89062 9.1875 3 44117525 7 452222168
2.8e-09 infty 2.4375 9.23438 647 138212 616 0
2.8e-09 21.25 2.4375 9.23438 0 0 0 495361862
2.8e-09 infty 2.82812 9.125 631 10212945 596 0
2.8e-09 21.1094 2.84375 9.14062 0 461261834 1 134609
2.8e-09 19.9531 2.82812 9.125 0 487572082 0 2
2.8e-09 infty 2.92188 9.21875 638 0 638 0
2.8e-09 20.1562 2.03125 9.15625 2 786 0 396676445
2.8e-09 20.1094 2.54688 9.17188 0 481524647 0 897331
2.8e-09 21.25 2.26562 9.21875 0 488519522 0 1688499
2.8e-09 20.125 3.07812 9.20312 0 476801441 0 49331
2.8e-09 23.2812 2.25 9.21875 10 218 8 503429594
2.8e-09 23.1719 2.75 9.20312 10 716 9 447236416
2.8e-09 27.4688 2.75 9.21875 478 0 478 425576074
2.8e-09 infty 2.9375 9.23438 647 0 677 199981
2.8e-09 infty 2.03125 9.15625 546 0 545 0
2.8e-09 24.8594 2.28125 9.25 46 426009197 42 0
2.8e-09 21.5938 2.03125 9.15625 0 436735834 0 0
2.8e-09 infty 3.04688 9.1875 559 0 488 4472
2.8e-09 22.1719 2.5625 9.1875 1 431120252 1 0
2.8e-09 23.375 2.04688 9.17188 10 252937985 13 220650948
2.8e-09 21.6719 2.21875 9.1875 1 3982595 0 415457089
2.8e-09 20.7031 2.26562 9.23438 0 418249009 0 13
2.8e-09 20.7031 2.4375 9.23438 1 0 1 513636154
2.8e-09 27.4219 2.3125 9.10938 588 0 653 462354482
2.8e-09 26.2656 2.4375 9.23438 168 7830261 169 395378492
2.8e-09 infty 2.51562 9.14062 562 0 556 0
2.8e-09 23.3281 2.76562 9.23438 6 495449231 15 0
2.8e-09 20.6562 2.90625 9.20312 0 438335815 1 0
2.8e-09 19.5469 2.96875 9.09375 0 462879216 0 0
2.8e-09 21.6094 2.92188 9.23438 0 0 1 482265297
2.8e-09 26.4375 2.875 9.17188 220 51708084 216 370224558
2.8e-09 22.7188 2.45312 9.25 2 0 3 439340369
2.8e-09 21.6094 3.07812 9.21875 0 491668154 0 0
2.8e-09 26.7344 2.82812 9.125 237 0 255 396645329
2.8e-09 infty 2.89062 9.1875 530 0 530 0
2.8e-09 21.3438 2.21875 9.1875 0 11056 1 430603943
2.8e-09 infty 3.03125 9.15625 522 0 553 216406089
2.8e-09 24.7344 2.26562 9.21875 44 469774324 56 0
2.8e-09 infty 2.04688 9.17188 496 0 514 10839533
2.8e-09 infty 2.82812 9.125 577 8771652 534 0
2.8e-09 infty 2.46875 9.09375 606 0 593 1492723
2.8e-09 19.3281 2.78125 9.23438 0 3205287 0 441084530
2.8e-09 infty 2.25 9.20312 644 0 643 25333083
2.8e-09 21.125 2.25 9.21875 0 474769811 0 0
2.8e-09 22.1719 2.5 9.125 2 0 2 457206986
2.8e-09 21.6094 2.3125 9.10938 3 18381548 0 438662069
2.8e-09 26.9531 2.39062 9.1875 404 513549627 384 0
2.8e-09 21.3125 2.45312 9.25 0 0 0 496936649
2.8e-09 infty 2.25 9.21875 649 8296194 618 95593675
2.8e-09 infty 2.54688 9.1875 526 1812 538 0
2.8e-09 26.7188 2.04688 9.17188 221 0 231 453810426
2.8e-09 26.8906 2.3125 9.10938 309 0 324 492199922
2.8e-09 20.5625 3.0625 9.20312 1 312922338 0 203038687
2.8e-09 19.25 2.48438 9.125 0 512844458 0 406049
2.8e-09 24.1406 2.82812 9.125 18 303880 17 425573834
2.8e-09 28.25 2.48438 9.10938 590 257183413 559 0
2.8e-09 19.6562 2.9375 9.23438 0 185954 0 450472720
2.8e-09 26.9219 2.28125 9.25 263 400046640 258 4065526
2.8e-09 22.0781 2.5625 9.1875 1 402131604 5 1569437
2.8e-09 26.2812 2.04688 9.17188 182 425877110 171 642
2.8e-09 23.75 2.03125 9.15625 17 5564849 17 424007480
2.8e-09 infty 2.4375 9.21875 661 0 646 121214
2.8e-09 22.6562 3.03125 9.17188 2 482046529 2 995075
2.8e-09 26.5312 2.4375 9.23438 264 191111221 290 300061115
2.8e-09 infty 2.53125 9.15625 494 0 540 0
2.8e-09 infty 2.26562 9.23438 619 0 615 0
2.8e-09 18.7344 2.34375 9.125 0 0 0 520009432
2.8e-09 infty 2.9375 9.23438 614 0 640 301
2.8e-09 infty 2.98438 9.125 572 0 596 28546
2.8e-09 24.8438 2.46875 9.10938 90 0 79 507788854
2.8e-09 28 2.78125 9.23438 632 421249 612 367110307
2.8e-09 21.1719 2.78125 9.25 0 436685437 0 0
2.8e-09 infty 2.29688 9.25 637 0 606 1030630
2.8e-09 19.9062 2.29688 9.25 0 495643057 0 322099
2.8e-09 27.75 2.53125 9.15625 563 0 522 396056350
2.8e-09 21.7031 2.25 9.21875 3 26584427 0 436218415
2.8e-09 21.6562 2.3125 9.10938 0 509939310 2 3676917
2.8e-09 infty 2.5 9.125 568 0 563 0
2.8e-09 19.0938 2.25 9.21875 0 0 0 511352307
2.8e-09 22.0469 2.35938 9.15625 1 424193826 1 110
2.8e-09 28.1719 2.25 9.20312 675 286561323 699 1913
2.8e-09 25.8281 3.29688 9.09375 167 382703420 135 39660898
2.8e-09 22.2344 2.3125 9.10938 4 108431804 5 329976472
2.8e-09 20.75 2.28125 9.25 0 0 0 443776437
2.8e-09 21.1094 2.51562 9.15625 0 441070352 1 9262719
2.8e-09 23.3906 2.42188 9.21875 4 740 5 457600274
2.8e-09 19.625 2.98438 9.10938 0 18 0 481372871
2.8e-09 infty 2.03125 9.15625 484 0 571 0
2.8e-09 infty 2.96875 9.09375 613 0 633 0
2.8e-09 20.7344 3.26562 9.23438 0 486917415 0 0
2.8e-09 27.3125 2.34375 9.14062 429 0 409 414795480
2.8e-09 23.625 2.48438 9.10938 14 523958246 17 375117
2.8e-09 infty 2.5625 9.1875 511 0 533 0
2.8e-09 21.125 3.07812 9.21875 0 0 1 451121653
2.8e-09 26.9375 2.75 9.20312 367 0 381 501746102
2.8e-09 infty 2.39062 9.1875 522 0 518 75458
2.8e-09 24.6094 2.32812 9.125 45 0 41 394247074
2.8e-09 infty 2.25 9.21875 656 0 662 0
2.8e-09 21.7656 2.39062 9.17188 0 285088304 0 148676700
2.8e-09 20.1406 2.3125 9.10938 0 152085229 0 309340557
2.8e-09 22.0781 3.29688 9.09375 2 400382224 1 0
2.8e-09 infty 2.26562 9.23438 615 0 629 168723
2.8e-09 infty 2.04688 9.17188 544 226597 522 0
2.8e-09 infty 3.01562 9.14062 566 117176724 585 0
2.8e-09 23.3438 3.3125 9.10938 20 0 17 500674663
2.8e-09 20.7188 2.01562 9.15625 0 281480 0 494077051
2.8e-09 22.6562 2.53125 9.15625 7 223356602 7 299555866
2.8e-09 infty 2.34375 9.14062 531 0 572 173179
2.8e-09 20.2969 2.45312 9.25 0 0 1 425959051
2.8e-09 24.7656 2.03125 9.15625 24 0 22 395911542
2.8e-09 19.9844 2.03125 9.15625 0 667426 0 450476408
2.8e-09 infty 2.5 9.14062 560 0 603 0
2.8e-09 19.3125 2.375 9.17188 0 0 0 431729526
2.8e-09 20.875 2.25 9.20312 0 440279 0 409292493
2.8e-09 23.2031 2.90625 9.20312 1 2155 2 442196834
2.8e-09 20.1875 2.4375 9.23438 0 0 0 507919764
2.8e-09 infty 2.32812 9.10938 621 0 557 1671124
2.8e-09 infty 2.39062 9.1875 519 0 536 0
2.8e-09 24.8281 2.45312 9.25 43 1576557 62 437141979
2.8e-09 22.0625 2.98438 9.10938 0 0 2 488749130
2.8e-09 19.6406 2.8125 9.10938 0 0 0 404180315
2.8e-09 infty 2.51562 9.14062 525 0 558 0
2.8e-09 19.7188 2.46875 9.09375 0 0 0 404377056
2.8e-09 infty 2.32812 9.125 580 0 583 96073256
2.8e-09 24.1719 2.90625 9.20312 11 518711707 11 0
2.8e-09 24.3281 2.29688 9.09375 19 58646307 18 384951598
2.8e-09 21.2188 2.89062 9.1875 1 0 1 524792993
2.8e-09 infty 2.54688 9.17188 527 21052784 490 18984066
2.8e-09 20.5156 2.51562 9.14062 0 316298499 0 135179345
2.8e-09 23.1094 2.32812 9.125 17 408491605 16 13273219
2.8e-09 infty 3.03125 9.17188 534 0 531 6532828
2.8e-09 27.75 2.34375 9.14062 553 395813713 544 0
2.8e-09 24.1875 2.8125 9.10938 30 410520701 21 0
2.8e-09 19.0781 2.98438 9.125 0 148879894 0 249570159
2.8e-09 24.6719 3 9.125 58 30359726 66 446767736
2.8e-09 21.0625 2.32812 9.125 1 498701593 0 2863659
2.8e-09 infty 2.48438 9.125 612 103274733 538 0
2.8e-09 infty 2.4375 9.23438 618 0 588 0
2.8e-09 24.625 2.3125 9.10938 34 487277171 36 0
2.8e-09 21.6406 2.5 9.125 0 0 0 465880020
2.8e-09 infty 2.25 9.20312 628 0 646 0
2.8e-09 28.0625 2.75 9.21875 634 346990761 688 0
2.8e-09 19.2188 2.42188 9.21875 0 0 0 415557789
2.8e-09 22.5781 2.32812 9.125 1 2652 1 412178014
2.8e-09 infty 2.48438 9.10938 571 0 622 9376
2.8e-09 22.2031 2.34375 9.14062 1 433173422 3 0
2.8e-09 25.4375 2.4375 9.23438 73 441176442 100 0
2.8e-09 20.3125 2.40625 9.20312 0 1 0 407099102
2.8e-09 19.5625 2.48438 9.125 0 2547 0 399378650
2.8e-09 23.4375 2.92188 9.21875 8 142624870 8 282210042
2.8e-09 20.7344 2.23438 9.20312 1 0 2 496037035
2.8e-09 24.7031 2.9375 9.23438 26 430357239 25 0
2.8e-09 23.7188 2.04688 9.1875 13 34611764 12 404510124
2.8e-09 infty 2.01562 9.15625 542 0 539 0
2.8e-09 26.25 2.42188 9.21875 148 0 169 415689279
2.8e-09 25.8125 2.34375 9.14062 125 0 124 441942261
2.8e-09 25.2344 2.23438 9.20312 59 271340435 63 156596751
2.8e-09 21.375 2.75 9.20312 0 200356681 1 198904742
2.8e-09 22.6562 2.79688 9.09375 2 0 1 435591888
2.8e-09 infty 2.85938 9.15625 536 0 577 0
2.8e-09 22.1875 2.29688 9.09375 2 0 1 468338203
2.8e-09 24.3594 2.3125 9.10938 43 37637279 41 439004459
2.8e-09 26 2.375 9.17188 86 0 97 452275569
2.8e-09 22.7656 2.04688 9.17188 0 394327429 2 2180815
2.8e-09 27.9219 2.28125 9.23438 653 116664264 644 295494833
2.8e-09 27.2344 2.53125 9.15625 390 0 436 446945861
2.8e-09 27.9531 2.29688 9.25 615 11860 579 390694443
2.8e-09 22.9219 2.42188 9.21875 1 407541717 6 2964
2.8e-09 20.2969 3.28125 9.25 0 0 0 417600320
2.8e-09 25.4375 2.23438 9.20312 77 440528867 76 0
2.8e-09 infty 2.23438 9.1875 497 0 491 0
2.8e-09 22.625 2.04688 9.17188 1 508807684 2 0
2.8e-09 19.5469 2.23438 9.20312 0 432307716 0 32714483
2.8e-09 24.7344 3.29688 9.09375 37 0 41 410356607
2.8e-09 22.9375 3.28125 9.25 3 404595509 4 0
2.8e-09 24.7812 2.32812 9.125 58 144944795 63 290124830
2.8e-09 22.1719 2.95312 9.25 2 0 0 449259554
2.8e-09 17.6719 2.51562 9.15625 0 4788 0 448823760
2.8e-09 24.6562 2.79688 9.09375 36 0 40 465683206
2.8e-09 19.7969 2.23438 9.1875 0 0 0 481269037
2.8e-09 22.6719 3.04688 9.1875 0 99073 0 422182453
2.8e-09 20.6562 2.34375 9.14062 0 438303678 0 509
2.8e-09 26.9375 2.42188 9.21875 366 16679282 359 506676997
2.8e-09 21.7812 2.48438 9.125 1 488647374 0 0
2.8e-09 infty 2.92188 9.21875 652 0 681 0
2.8e-09 21.5625 2.375 9.17188 0 523852803 0 0
2.8e-09 infty 2.5625 9.1875 508 0 576 0
2.8e-09 20.8438 2.25 9.20312 0 504481702 2 10983340
2.8e-09 infty 2.34375 9.14062 584 27908 538 0
2.8e-09 infty 2.42188 9.21875 659 0 666 284
2.8e-09 infty 2.54688 9.1875 516 35149 496 2905049
2.8e-09 19.625 2.39062 9.1875 0 381014830 0 50983573
2.8e-09 infty 2.25 9.21875 701 0 609 0
2.8e-09 infty 2.04688 9.17188 535 0 519 0
2.8e-09 infty 2.34375 9.14062 588 0 539 0
2.8e-09 infty 2.46875 9.09375 585 98799301 576 139354087
2.8e-09 infty 2.84375 9.14062 597 0 561 27423
2.8e-09 24.4688 2.76562 9.23438 33 0 36 413433480
2.8e-09 22.2031 3.29688 9.09375 1 429127127 1 8213
2.8e-09 infty 2.5625 9.1875 466 0 536 0
2.8e-09 24.3438 2.8125 9.10938 40 884514 54 433269566
2.8e-09 27.3438 2.98438 9.10938 600 512174175 565 0
2.8e-09 22.3281 2.40625 9.20312 1 460512558 2 0
2.8e-09 24.25 3.26562 9.23438 21 342261223 28 130030391
2.8e-09 infty 2.54688 9.17188 521 27182 516 0
2.8e-09 20 2.79688 9.09375 0 411987036 0 87889982
2.8e-09 infty 3.07812 9.21875 664 3766123 653 289354
2.8e-09 26.875 2.29688 9.25 269 10898741 264 415184715
2.8e-09 23.7031 2.04688 9.17188 7 518752981 2 60
2.8e-09 20.4688 2.32812 9.125 0 731100 0 454478917
2.8e-09 20.6719 2.4375 9.23438 0 488709535 0 0
2.8e-09 infty 2.54688 9.1875 499 0 485 136929205
2.8e-09 22.1094 2.25 9.21875 1 503193692 3 0
2.8e-09 infty 2.89062 9.1875 524 62354734 525 2455584
2.8e-09 20.7031 2.26562 9.21875 0 19765148 1 492424310
2.8e-09 24.125 2.375 9.17188 27 504913844 34 0
2.8e-09 infty 2.75 9.21875 623 0 639 0
2.8e-09 26.875 2.23438 9.20312 280 426453900 299 0
2.8e-09 21.1562 2.76562 9.23438 0 0 2 514184946
2.8e-09 infty 2.26562 9.23438 617 27479136 611 0
2.8e-09 20.3281 2.28125 9.25 1 423918203 0 31322099
2.8e-09 infty 2.29688 9.09375 592 0 590 0
2.8e-09 infty 3.07812 9.20312 659 0 686 0
2.8e-09 21.2344 2.03125 9.15625 0 118471075 0 378598477
2.8e-09 27.3125 2.4375 9.23438 349 410508281 366 0
2.8e-09 infty 2.04688 9.17188 522 0 541 0
2.8e-09 26.9219 2.84375 9.14062 315 0 327 403494772
2.8e-09 21.2812 2.29688 9.09375 1 172776731 1 286016141
2.8e-09 24.8594 2.28125 9.23438 30 400688838 24 50668420
2.8e-09 24.7031 2.54688 9.17188 38 0 50 397491521
2.8e-09 21.25 2.89062 9.1875 0 498772135 2 0
2.8e-09 20.6406 3.28125 9.23438 0 191626 0 429657696
2.8e-09 21.2188 2.40625 9.20312 2 515926553 0 0
2.8e-09 25.8438 2.29688 9.09375 123 5874229 154 435438460
2.8e-09 infty 2.21875 9.1875 555 0 517 0
2.8e-09 infty 2.53125 9.15625 579 144692024 538 0
2.8e-09 infty 2.4375 9.23438 652 169912847 591 0
2.8e-09 infty 2.875 9.17188 517 37833472 484 0
2.8e-09 infty 2.45312 9.25 681 0 613 0
2.8e-09 24.6719 2.23438 9.20312 26 0 21 498100047
2.8e-09 24.8281 2.25 9.20312 78 518228451 72 0
2.8e-09 infty 2.51562 9.14062 525 23427843 538 1913537
2.8e-09 21 2.3125 9.10938 0 7027269 0 517607551
2.8e-09 infty 2.26562 9.23438 656 0 658 0
2.8e-09 22.2031 2.75 9.20312 0 80305 0 430216078
2.8e-09 infty 2.89062 9.1875 497 0 507 5842112
2.8e-09 21.3125 2.78125 9.25 0 439160360 0 258743
2.8e-09 infty 2.46875 9.09375 601 1424288 640 0
2.8e-09 infty 2.95312 9.25 625 0 612 0
2.8e-09 19.5156 2.04688 9.17188 0 0 0 526387589
2.8e-09 24.3125 2.46875 9.09375 49 81424894 36 441665420
2.8e-09 26.9688 2.28125 9.23438 375 481540459 363 16119173
2.8e-09 20.6875 2.75 9.21875 0 399665877 0 133
2.8e-09 22.7188 2.84375 9.14062 2 138 3 430860537
2.8e-09 22.8125 2.48438 9.125 6 492152323 3 0
2.8e-09 21.2188 2.79688 9.10938 2 0 0 519602043
2.8e-09 22.875 2.51562 9.15625 6 2825 2 427218258
2.8e-09 20.1562 2.21875 9.1875 0 4607699 0 399264266
2.8e-09 25.7344 3.03125 9.17188 130 0 105 475462044
2.8e-09 25.875 2.92188 9.23438 122 0 113 426763995
2.8e-09 infty 2.28125 9.25 626 0 645 0
2.8e-09 21.3125 2.25 9.21875 0 442971876 0 0
2.8e-09 27.875 2.32812 9.125 566 2711165 562 324843010
2.8e-09 20.7344 2.35938 9.15625 0 728939 1 444366753
2.8e-09 22.3906 2.39062 9.1875 2 55225049 3 357769605
2.8e-09 20.8125 2.78125 9.25 0 320463104 0 102402802
2.8e-09 22.0469 2.3125 9.10938 1 1389560 1 409383711
2.8e-09 22.1875 3.03125 9.15625 3 468286599 0 322
2.8e-09 infty 2.29688 9.25 630 0 612 209090
2.8e-09 26.4531 2.4375 9.23438 206 0 219 442947840
2.8e-09 20.2031 2.89062 9.1875 0 0 0 412725623
2.8e-09 infty 2.03125 9.15625 566 0 507 0
2.8e-09 21.3906 2.45312 9.25 2 457977497 0 21309856
2.8e-09 20.4531 3.3125 9.10938 0 173328707 0 351171522
2.8e-09 18.5625 2.54688 9.1875 0 423811383 0 0
2.8e-09 infty 2.89062 9.1875 510 0 587 6047303
2.8e-09 21.875 2.78125 9.25 1 403457120 0 10204414
2.8e-09 24.7188 2.29688 9.25 45 516536785 34 105108
2.8e-09 infty 2.53125 9.15625 509 0 585 0
2.8e-09 infty 2.53125 9.15625 547 12258730 516 761562
2.8e-09 infty 2.40625 9.20312 600 0 648 17070
2.8e-09 20.5938 2.90625 9.20312 1 406871797 0 58766522
2.8e-09 21.8594 2.29688 9.25 0 423228824 1 0
2.8e-09 26.4062 2.90625 9.20312 223 472229659 206 0
2.8e-09 19.2969 3.04688 9.1875 0 7170225 0 463142132
2.8e-09 26.8125 2.4375 9.23438 281 0 250 472189004
2.8e-09 20.8281 2.45312 9.25 1 2983571 0 402658887
2.8e-09 21.9844 2.46875 9.09375 0 1681914 0 429060130
2.8e-09 infty 2.39062 9.1875 540 28935490 542 0
2.8e-09 21.5938 2.39062 9.1875 2 477945450 1 2720685
2.8e-09 20.3438 2.28125 9.23438 0 451746616 0 53726921
2.8e-09 20.1875 2.76562 9.23438 0 46561 0 422530947
2.8e-09 25.8438 2.39062 9.1875 119 54059 142 402554018
2.8e-09 23.1875 2.4375 9.23438 5 464242822 4 831
2.8e-09 20.5156 2.04688 9.17188 1 521320311 0 29929
2.8e-09 27.2969 2.35938 9.15625 401 0 366 426247691
2.8e-09 infty 2.5625 9.1875 515 0 516 0
2.8e-09 21.25 2.46875 9.25 0 491133375 3 22
2.8e-09 23.3281 3.3125 9.10938 4 0 6 501717870
2.8e-09 20.8281 2.39062 9.1875 1 407974830 0 2959097
2.8e-09 infty 2.25 9.21875 649 0 704 18080325
2.8e-09 21.3594 3.0625 9.1875 2 0 1 416235666
2.8e-09 20.8594 3.07812 9.21875 1 396150780 0 0
2.8e-09 infty 2.54688 9.17188 507 0 523 227317536
2.8e-09 23.375 2.04688 9.17188 18 361600205 11 126999959
2.8e-09 23.7656 2.79688 9.09375 24 471281931 25 297906
2.8e-09 20.2031 2.34375 9.14062 0 417106279 1 7
2.8e-09 25.8438 2.4375 9.23438 110 976334 110 444651431
2.8e-09 20.1875 2.78125 9.25 0 863 0 428437155
2.8e-09 20.25 2.375 9.17188 0 0 0 507065030
2.8e-09 infty 2.23438 9.1875 508 0 493 105481
2.8e-09 20.125 2.29688 9.09375 0 475689315 0 30559
2.8e-09 24.6406 2.03125 9.17188 33 305649471 31 171371543
2.8e-09 27.4531 3 9.125 564 0 598 441379604
2.8e-09 20.5312 2.5 9.125 1 0 0 507746480
2.8e-09 19.5938 2.29688 9.09375 1 358343101 0 68760656
2.8e-09 23.875 2.32812 9.125 20 0 14 394771845
2.8e-09 23.1562 2.375 9.17188 13 434785621 11 79264612
2.8e-09 infty 3.04688 9.17188 503 25278233 528 3803081
2.8e-09 20.8281 2.5625 9.20312 0 0 0 421460370
2.8e-09 25.7031 2.54688 9.1875 102 410105950 99 0
2.8e-09 infty 2.4375 9.23438 615 0 651 22802226
2.8e-09 21.7188 2.28125 9.25 2 5700629 0 510904779
2.8e-09 22.9375 2.28125 9.23438 7 418354274 9 47083881
2.8e-09 24.8594 2.3125 9.10938 62 0 61 426978690
2.8e-09 27.9375 2.29688 9.09375 625 0 598 296435007
2.8e-09 19.4219 2.3125 9.10938 0 369461372 0 146800769
2.8e-09 21.6875 3.25 9.21875 1 0 0 423349630
2.8e-09 20.7969 2.42188 9.21875 0 0 0 421155568
2.8e-09 infty 2.375 9.17188 565 0 525 0
2.8e-09 19.7344 2.84375 9.14062 0 0 0 396385607
2.8e-09 infty 2.03125 9.15625 535 0 550 0
2.8e-09 21.1562 3.26562 9.23438 0 447611449 0 289
2.8e-09 21.4844 2.48438 9.10938 4 451276756 0 0
2.8e-09 infty 2.45312 9.25 650 0 605 0
2.8e-09 24.8281 2.3125 9.10938 54 427011669 68 956816
2.8e-09 21.1875 2.875 9.17188 0 10421 0 409825481
2.8e-09 infty 2.82812 9.125 536 14825288 550 1758448
2.8e-09 24.25 2.82812 9.125 9 0 11 484004104
2.8e-09 20.2188 2.48438 9.10938 0 1 1 513553660
2.8e-09 19.625 2.85938 9.15625 0 411770020 0 0
2.8e-09 infty 2.23438 9.20312 714 0 650 183158
2.8e-09 infty 2.26562 9.23438 655 0 646 22708894
2.8e-09 20.7969 2.76562 9.23438 1 152676 1 443262476
2.8e-09 20.1094 3.28125 9.25 0 479280676 0 67
2.8e-09 26.1875 2.48438 9.125 162 461736314 174 3737336
2.8e-09 21.2969 2.39062 9.1875 0 452994241 2 681
2.8e-09 21.2344 2.9375 9.23438 1 0 0 501586984
2.8e-09 22.3281 3.03125 9.17188 6 33779393 5 367848260
2.8e-09 24.8125 2.73438 9.20312 43 456779222 49 0
2.8e-09 25.8438 2.84375 9.14062 140 409702935 114 0
2.8e-09 24.2344 2.25 9.20312 21 0 16 491571661
2.8e-09 27.3438 2.04688 9.17188 541 0 500 513217808
2.8e-09 24.2344 2.26562 9.23438 8 0 3 420835613
2.8e-09 infty 2.90625 9.21875 648 0 696 0
2.8e-09 20.1562 2.04688 9.17188 0 16886726 0 432223612
2.8e-09 22.6406 2.84375 9.14062 1 0 0 462887721
2.8e-09 21.2344 2.82812 9.125 1 514152199 0 573622
2.8e-09 21.0156 2.96875 9.09375 0 455203184 0 122790
2.8e-09 20.2031 2.45312 9.25 0 407709254 1 4
2.8e-09 22.2656 2.25 9.20312 1 232464949 1 171023443
2.8e-09 22.6094 3.03125 9.15625 1 0 6 436831144
2.8e-09 infty 2.84375 9.14062 545 0 547 0
2.8e-09 20.3281 3.26562 9.21875 0 401997728 0 22
2.8e-09 infty 2.92188 9.23438 618 0 564 0
2.8e-09 21.1875 2.03125 9.17188 0 417064794 1 127743
2.8e-09 infty 2.85938 9.15625 573 477790 565 12865
2.8e-09 infty 2.4375 9.23438 637 0 649 0
2.8e-09 22.8594 2.40625 9.20312 6 450257754 5 39324743
2.8e-09 21.6094 2.375 9.17188 1 0 1 483778732
2.8e-09 21.8125 3.07812 9.21875 0 0 0 464784196
2.8e-09 19.8125 2.54688 9.17188 0 0 0 524849530
2.8e-09 22.3281 2.25 9.20312 1 3598446 3 456242625
2.8e-09 infty 2.21875 9.1875 482 0 512 0
2.8e-09 20.5469 2.03125 9.15625 0 0 0 495610148
2.8e-09 infty 2.85938 9.15625 547 0 515 2212051
2.8e-09 20.375 2.46875 9.25 0 0 0 499363260
2.8e-09 22.625 2.35938 9.15625 1 32839308 1 415522292
2.8e-09 21.1719 2.21875 9.1875 0 0 1 419788942
2.8e-09 22.7812 2.42188 9.21875 5 415483399 7 0
2.8e-09 infty 2.03125 9.15625 511 0 560 0
2.8e-09 22.875 2.35938 9.15625 5 0 0 448732184
2.8e-09 22.2656 2.48438 9.10938 2 0 2 519500775
2.8e-09 24.3281 2.23438 9.20312 45 148941015 36 359570418
2.8e-09 24.875 2.35938 9.15625 50 1851344 58 410190672
2.8e-09 26.7969 2.28125 9.25 241 464866729 232 10437636
2.8e-09 26.3281 3.29688 9.09375 182 6455006 184 388004187
2.8e-09 27.7812 2.92188 9.21875 708 0 632 497401122
2.8e-09 infty 3.03125 9.17188 542 0 528 0
2.8e-09 infty 2.29688 9.25 600 0 631 130666687
