2.8e-09 1.79688 2.375 0 199637137 14 199460722 5
2.8e-09 1.71875 2.29688 0 227198120 10 227418002 0
2.8e-09 2.15625 2.5625 0 190906860 0 190875859 1
2.8e-09 1.60938 2.03125 0 207044830 2 207059445 9
2.8e-09 2.0625 2.46875 0 224800918 4 224501825 12
2.8e-09 2.0625 2.46875 0 223586941 1 223292331 3
2.8e-09 2.17188 2.75 0 246514248 10 246249194 0
2.8e-09 2.0625 2.46875 0 225649015 4 225607259 0
2.8e-09 1.875 2.45312 0 234995816 15 234916635 0
2.8e-09 1.70312 2.28125 0 234806725 3 235030293 26
2.8e-09 1.78125 2.35938 0 206490982 3 206464871 7
2.8e-09 1.71875 2.29688 0 230135522 0 230230326 0
2.8e-09 1.71875 2.29688 0 225749430 10 225823715 0
2.8e-09 1.59375 2.01562 0 210601648 0 210554228 3
2.8e-09 2.35938 2.9375 0 235408334 1 235178403 0
2.8e-09 1.78125 2.35938 0 205232507 1 205194724 12
2.8e-09 1.5625 1.96875 0 226720404 0 226823907 12
2.8e-09 1.71875 2.29688 0 229023380 3 229214379 2
2.8e-09 1.85938 2.4375 0 238640405 2 238765211 5
2.8e-09 2.21875 2.79688 0 229132738 20 228904181 2
2.8e-09 1.57812 1.98438 0 218978358 5 219072463 0
2.8e-09 2.60938 3.01562 0 206285121 0 206423980 8
2.8e-09 2.34375 2.92188 0 244946421 3 244994888 0
2.8e-09 2.09375 2.5 0 212465110 0 212243394 2
2.8e-09 1.65625 2.23438 0 192809493 24 192903044 6
2.8e-09 1.67188 2.25 0 248975366 5 248727088 1
2.8e-09 1.875 2.45312 0 230004243 9 230064177 24
2.8e-09 1.875 2.45312 0 234545211 1 234591023 4
2.8e-09 2.25 2.82812 0 212142465 0 212219032 7
2.8e-09 2.34375 2.92188 0 241384974 1 241765946 5
2.8e-09 2.1875 2.78125 0 236501471 8 236452963 7
2.8e-09 1.57812 2 0 217657076 0 217742829 5
2.8e-09 1.64062 2.21875 0 194167716 0 194266319 3
2.8e-09 1.875 2.46875 0 229129920 0 229140292 5
2.8e-09 1.64062 2.04688 0 197088470 3 197005178 2
2.8e-09 1.78125 2.35938 0 207285549 3 207122514 6
2.8e-09 2.3125 2.89062 0 191927491 1 191952714 2
2.8e-09 2.125 2.53125 0 201518031 0 201341482 0
2.8e-09 2.65625 3.0625 0 189850076 7 189975242 16
2.8e-09 1.82812 2.40625 0 189871822 0 189855488 7
2.8e-09 2.625 3.03125 0 200023728 0 199922717 28
2.8e-09 1.57812 1.98438 0 221400308 2 221440447 2
2.8e-09 2.10938 2.51562 0 206957774 4 206999272 15
2.8e-09 2.34375 2.92188 0 245823905 22 246029021 2
2.8e-09 2.375 2.95312 0 233148589 4 233135249 2
2.8e-09 1.75 2.32812 0 219203960 4 219314004 1
2.8e-09 1.8125 2.39062 0 193194598 2 193158905 7
2.8e-09 1.65625 2.25 0 251627687 14 251536351 47
2.8e-09 1.71875 2.29688 0 225920294 3 226044415 5
2.8e-09 2.28125 2.875 0 200714520 4 200945056 6
2.8e-09 1.78125 2.35938 0 202887422 1 202685079 7
2.8e-09 1.82812 2.40625 0 252104496 9 252005377 11
2.8e-09 1.5625 1.98438 0 224646685 5 224597129 1
2.8e-09 2.17188 2.75 0 247385549 1 247254925 14
2.8e-09 2.34375 2.92188 0 244342199 23 244207219 5
2.8e-09 1.6875 2.26562 0 242094072 1 241924926 7
2.8e-09 2.14062 2.54688 0 197256885 0 197294996 6
2.8e-09 2.67188 3.25 0 241384266 3 241497858 2
2.8e-09 1.76562 2.34375 0 212373955 0 212476800 7
2.8e-09 2.21875 2.79688 0 228886389 0 228725186 0
2.8e-09 1.60938 2.03125 0 205057757 6 205194707 18
2.8e-09 2.125 2.54688 0 198613875 9 198603977 2
2.8e-09 1.70312 2.28125 0 232211155 8 232538670 5
2.8e-09 2.23438 2.8125 0 221337452 0 221269515 3
2.8e-09 2.1875 2.76562 0 241103261 34 241324905 4
2.8e-09 1.71875 2.29688 0 230641325 4 230567146 0
2.8e-09 2.28125 2.85938 0 205484119 0 205557001 0
2.8e-09 1.65625 2.23438 0 192535658 8 192523551 3
2.8e-09 2.10938 2.53125 0 203904477 2 203963459 12
2.8e-09 2.14062 2.5625 0 192662836 5 192628465 1
2.8e-09 2.20312 2.78125 0 233702492 1 233456929 17
2.8e-09 1.76562 2.34375 0 210678078 0 210838522 37
2.8e-09 1.89062 2.46875 0 227470948 1 227811818 3
2.8e-09 1.64062 2.04688 0 198680469 5 198774698 2
2.8e-09 1.84375 2.42188 0 248329915 0 248151574 19
2.8e-09 2.23438 2.8125 0 222696132 2 222778705 3
2.8e-09 2.59375 3 0 211341187 5 211481587 3
2.8e-09 1.65625 2.23438 0 189870129 1 189805189 1
2.8e-09 1.75 2.32812 0 217743202 0 217784789 15
2.8e-09 2.17188 2.75 0 248445484 0 248340558 17
2.8e-09 1.8125 2.39062 0 194504472 7 194362583 5
2.8e-09 1.60938 2.03125 0 206413720 10 206393695 2
2.8e-09 2.09375 2.5 0 211999566 6 212132560 2
2.8e-09 1.73438 2.3125 0 220306729 9 220210703 8
2.8e-09 1.59375 2.01562 0 210872621 24 210784203 0
2.8e-09 2.09375 2.5 0 213942864 24 213868109 3
2.8e-09 2.3125 2.89062 0 190823818 10 190594470 5
2.8e-09 2.09375 2.51562 0 210721137 0 210742062 12
2.8e-09 1.625 2.03125 0 204032774 1 204030841 3
2.8e-09 1.67188 2.25 0 250378763 4 250197344 5
2.8e-09 1.75 2.32812 0 219121366 0 219070406 23
2.8e-09 2.39062 2.96875 0 222319444 28 221910677 0
2.8e-09 2.09375 2.5 0 213473283 24 213293831 1
2.8e-09 2.34375 2.92188 0 243533955 8 243471007 15
2.8e-09 1.60938 2.01562 0 208847373 2 208815519 2
2.8e-09 2.23438 2.8125 0 218523523 6 218338740 63
2.8e-09 2.32812 2.90625 0 248559187 0 248591980 0
2.8e-09 2.09375 2.51562 0 209190387 1 209187337 1
2.8e-09 2.26562 2.84375 0 210207940 1 210249409 3
2.8e-09 1.67188 2.25 0 248141628 8 248243240 0
2.8e-09 2.625 3.03125 0 198831049 0 199105750 6
2.8e-09 2.34375 2.92188 0 245339336 23 245566487 2
2.8e-09 2.10938 2.53125 0 205002518 8 205253015 0
2.8e-09 1.65625 2.23438 0 191920024 4 191904381 3
2.8e-09 1.71875 2.29688 0 226419138 0 226498000 21
2.8e-09 1.57812 1.98438 0 219454911 7 219549764 0
2.8e-09 2.65625 3.0625 0 251258340 4 250935437 3
2.8e-09 2.1875 2.76562 0 236743086 0 236686508 2
2.8e-09 1.73438 2.3125 0 224857709 6 224686220 12
2.8e-09 1.57812 1.98438 0 220807932 9 220737966 1
2.8e-09 1.76562 2.34375 0 210281896 5 210456367 1
2.8e-09 1.8125 2.39062 0 194287004 0 194348628 0
2.8e-09 1.82812 2.40625 0 251727698 12 251657027 0
2.8e-09 2.32812 2.90625 0 251639620 6 251446018 3
2.8e-09 2.67188 3.07812 0 245873450 3 246408027 1
2.8e-09 1.89062 2.46875 0 228552128 0 228645498 0
2.8e-09 1.60938 2.01562 0 208591881 2 208683661 0
2.8e-09 1.79688 2.375 0 197773408 5 197739842 2
2.8e-09 2.57812 3 0 213874177 2 213844741 21
2.8e-09 1.82812 2.40625 0 191241156 0 191252369 1
2.8e-09 1.64062 2.04688 0 197394305 0 197308576 1
2.8e-09 2.09375 2.5 0 213704190 11 213590977 10
2.8e-09 2.17188 2.75 0 245703454 3 245428816 5
2.8e-09 2.29688 2.875 0 199997708 3 200039880 3
2.8e-09 2.60938 3.01562 0 205415301 9 205211091 0
2.8e-09 1.73438 2.3125 0 220975146 1 220997771 11
2.8e-09 2.39062 2.98438 0 221288528 1 221406300 0
2.8e-09 2.26562 2.84375 0 210135302 0 210330695 0
2.8e-09 2.07812 2.5 0 214831308 7 214650914 3
2.8e-09 1.5625 1.98438 0 224462106 10 224464476 12
2.8e-09 1.60938 2.01562 0 209022152 6 208987396 2
2.8e-09 1.76562 2.34375 0 212350783 1 212286376 0
2.8e-09 2.39062 2.96875 0 222575180 1 222384452 0
2.8e-09 2.25 2.82812 0 217462635 0 217018194 11
2.8e-09 2.1875 2.76562 0 240849368 0 240869438 2
2.8e-09 1.59375 2.01562 0 210581517 7 210623916 4
2.8e-09 1.85938 2.4375 0 240767828 0 240742762 4
2.8e-09 1.5625 1.96875 0 224931525 22 224908716 3
2.8e-09 1.76562 2.34375 0 211438943 4 211357651 18
2.8e-09 2.60938 3.03125 0 201686708 2 201981773 1
2.8e-09 1.73438 2.3125 0 221461905 56 221425607 32
2.8e-09 1.64062 2.21875 0 195982771 5 196156706 4
2.8e-09 1.73438 2.3125 0 224911390 0 225067599 0
2.8e-09 1.57812 2 0 216433344 4 216568642 11
2.8e-09 1.85938 2.4375 0 239057304 11 238923715 1
2.8e-09 1.73438 2.3125 0 224837142 0 224913873 41
2.8e-09 1.78125 2.35938 0 204206910 10 204081227 1
2.8e-09 1.875 2.45312 0 235026281 0 235099852 0
2.8e-09 1.6875 2.26562 0 240806502 0 240758564 6
2.8e-09 1.5625 1.96875 0 226121946 2 226184446 3
2.8e-09 2.15625 2.73438 0 251578842 2 251456292 6
2.8e-09 1.60938 2.03125 0 206981499 0 206934594 1
2.8e-09 2.125 2.54688 0 198563479 0 198834663 11
2.8e-09 1.57812 1.98438 0 220629768 0 220430035 2
2.8e-09 2.23438 2.8125 0 221844812 0 221778223 1
2.8e-09 1.78125 2.35938 0 206662096 1 206811438 0
2.8e-09 2.10938 2.53125 0 205105347 10 205061245 8
2.8e-09 1.84375 2.42188 0 243528494 0 243548644 3
2.8e-09 2.17188 2.75 0 246540854 86 246440186 2
2.8e-09 1.6875 2.26562 0 244515993 2 244362806 1
2.8e-09 2.14062 2.5625 0 194593190 1 194746511 1
2.8e-09 1.73438 2.3125 0 220914401 0 220973902 0
2.8e-09 2.09375 2.5 0 212953693 2 212969599 1
2.8e-09 2.14062 2.5625 0 194471082 3 194421381 0
2.8e-09 2.09375 2.5 0 212437487 5 212600869 14
2.8e-09 1.57812 1.98438 0 221852646 7 221962320 6
2.8e-09 1.625 2.04688 0 199220823 1 199283989 4
2.8e-09 2.10938 2.51562 0 208341829 1 208261866 6
2.8e-09 1.625 2.03125 0 203570848 0 203743376 4
2.8e-09 2.125 2.54688 0 197826531 0 197772568 8
2.8e-09 1.64062 2.04688 0 197686780 0 197469612 1
2.8e-09 2.21875 2.79688 0 224355144 2 224492869 4
2.8e-09 1.57812 2 0 218243261 10 218298316 1
2.8e-09 1.85938 2.4375 0 238403182 0 238479785 8
2.8e-09 1.875 2.45312 0 231262781 0 231408745 2
2.8e-09 1.84375 2.42188 0 247966549 17 247950979 0
2.8e-09 1.75 2.32812 0 218821847 7 218836209 16
2.8e-09 1.73438 2.3125 0 224356818 3 224462794 6
2.8e-09 1.60938 2.01562 0 208384917 2 208423315 1
2.8e-09 1.75 2.32812 0 214753407 0 214812717 3
2.8e-09 1.65625 2.23438 0 251849088 1 251994200 10
2.8e-09 2.26562 2.84375 0 210318582 3 210403097 0
2.8e-09 2.39062 2.96875 0 227170076 4 227161952 0
2.8e-09 2.29688 2.875 0 195640600 6 195746598 0
2.8e-09 1.6875 2.26562 0 241179170 2 241176344 9
2.8e-09 1.85938 2.4375 0 236879254 8 236837753 44
2.8e-09 1.79688 2.375 0 199765122 2 199755873 1
2.8e-09 2.65625 3.0625 0 251355569 28 251169348 0
2.8e-09 1.8125 2.39062 0 196193681 6 196112104 0
2.8e-09 2.21875 2.79688 0 229199769 2 229145945 5
2.8e-09 2.0625 2.48438 0 221655232 4 221541639 0
2.8e-09 2.29688 2.875 0 199013064 9 199173347 0
2.8e-09 2.25 2.82812 0 212882537 0 212885751 5
2.8e-09 1.6875 2.26562 0 240654490 30 240551413 1
2.8e-09 1.73438 2.3125 0 221791550 45 221779897 4
2.8e-09 1.60938 2.03125 0 206210330 8 206310429 1
2.8e-09 1.76562 2.34375 0 210792826 5 210674937 0
2.8e-09 1.59375 2.01562 0 212466919 2 212590299 0
2.8e-09 2.59375 3.01562 0 209107860 2 209091707 38
2.8e-09 2.57812 2.98438 0 217589369 7 217650215 0
2.8e-09 1.73438 2.3125 0 221562402 0 221614999 10
2.8e-09 1.5625 1.96875 0 226594617 1 226380241 13
2.8e-09 1.875 2.45312 0 233695283 6 233602980 39
2.8e-09 1.67188 2.25 0 245294569 13 244989526 2
2.8e-09 2.64062 3.04688 0 195595466 1 195433756 0
2.8e-09 1.76562 2.34375 0 210255573 4 210225345 1
2.8e-09 1.5625 1.98438 0 223043529 1 223038865 0
2.8e-09 1.67188 2.25 0 250582360 2 250493333 2
2.8e-09 1.5625 1.98438 0 223175784 0 223058031 8
2.8e-09 1.78125 2.375 0 202298354 0 202221775 36
2.8e-09 1.71875 2.29688 0 230206653 0 230082850 2
2.8e-09 1.60938 2.03125 0 206900318 26 206798049 18
2.8e-09 2.15625 2.73438 0 250329351 8 250749320 0
2.8e-09 1.84375 2.42188 0 245953003 2 245810387 0
2.8e-09 1.79688 2.375 0 198282131 3 198238847 27
2.8e-09 1.85938 2.4375 0 238541177 0 238856099 3
2.8e-09 1.625 2.04688 0 199282285 1 199360864 9
2.8e-09 1.82812 2.40625 0 249700033 0 249394287 0
2.8e-09 2.17188 2.76562 0 243005520 14 243059499 4
2.8e-09 2.10938 2.51562 0 207564819 0 207512549 2
2.8e-09 2.23438 2.8125 0 221990149 13 222002664 1
2.8e-09 1.875 2.45312 0 234878842 11 235029656 18
2.8e-09 1.70312 2.28125 0 237322104 0 237123669 0
2.8e-09 1.64062 2.21875 0 194114111 14 194314955 5
2.8e-09 1.625 2.04688 0 199749226 4 199670439 0
2.8e-09 1.57812 2 0 217760778 0 217555303 5
2.8e-09 1.89062 2.46875 0 228173247 0 228194514 18
2.8e-09 2.625 3.03125 0 200401276 49 200262709 1
2.8e-09 2.32812 2.90625 0 248613134 0 248615321 5
2.8e-09 1.75 2.32812 0 215737703 0 215802529 2
2.8e-09 2.35938 2.9375 0 238959737 49 239232430 11
2.8e-09 1.84375 2.42188 0 243574807 8 243749325 4
2.8e-09 1.67188 2.25 0 246180793 0 246094147 13
2.8e-09 2.32812 2.90625 0 246962452 9 246741715 0
2.8e-09 2.65625 3.0625 0 190487784 1 190481501 5
2.8e-09 1.73438 2.3125 0 221959809 1 222029210 4
2.8e-09 1.84375 2.42188 0 247843343 27 247802187 12
2.8e-09 1.67188 2.25 0 246276174 29 246312398 0
2.8e-09 2.21875 2.79688 0 229726846 159 229746586 0
2.8e-09 1.79688 2.375 0 199854127 4 199974159 5
2.8e-09 1.59375 2.01562 0 211800141 6 211607871 29
2.8e-09 2.35938 2.9375 0 239440335 5 239337912 8
2.8e-09 1.60938 2.03125 0 204931197 1 205060788 1
2.8e-09 1.60938 2.01562 0 209560775 8 209427313 7
2.8e-09 1.625 2.04688 0 201093962 6 200859337 15
2.8e-09 1.875 2.45312 0 233570825 17 233390565 0
2.8e-09 2.21875 2.79688 0 228141388 15 228167829 12
2.8e-09 1.76562 2.34375 0 211372667 2 211290761 11
2.8e-09 1.79688 2.375 0 200177311 0 200267818 1
2.8e-09 1.5625 1.98438 0 222805618 0 222693409 8
2.8e-09 1.73438 2.3125 0 224458437 1 224155688 2
2.8e-09 1.59375 2.01562 0 210721647 2 210830579 32
2.8e-09 1.625 2.04688 0 200064796 3 199991623 3
2.8e-09 1.70312 2.28125 0 231999808 5 232093456 10
2.8e-09 1.85938 2.4375 0 237992774 2 238053813 0
2.8e-09 1.78125 2.35938 0 203519605 1 203519201 0
2.8e-09 1.84375 2.4375 0 242076831 3 242216098 5
2.8e-09 1.70312 2.28125 0 233045933 1 233046359 5
2.8e-09 1.57812 1.98438 0 221027009 7 221018820 32
2.8e-09 2.67188 3.07812 0 246648411 13 246524034 5
2.8e-09 2.67188 3.25 0 241862415 0 241963318 1
2.8e-09 2.32812 2.90625 0 252426498 1 252486705 4
2.8e-09 2.59375 3 0 211745830 3 211922758 9
2.8e-09 1.73438 2.3125 0 222529621 4 222463189 20
2.8e-09 1.67188 2.25 0 248455912 5 248295900 9
2.8e-09 1.8125 2.39062 0 196095304 5 196137876 20
2.8e-09 1.73438 2.32812 0 219712096 2 219617819 1
2.8e-09 2.125 2.54688 0 198955406 1 198903273 0
2.8e-09 2.15625 2.73438 0 251428984 0 251337941 0
2.8e-09 1.6875 2.26562 0 241815908 9 241800078 4
2.8e-09 1.70312 2.28125 0 235148418 0 235249930 6
2.8e-09 1.6875 2.26562 0 243466403 5 243270753 3
2.8e-09 1.65625 2.23438 0 192502006 1 192492137 3
2.8e-09 1.70312 2.28125 0 233160790 3 233148776 1
2.8e-09 2.15625 2.5625 0 190939749 3 190907331 35
2.8e-09 1.60938 2.01562 0 209760573 0 209677825 6
2.8e-09 1.875 2.45312 0 233094072 0 232946319 1
2.8e-09 1.73438 2.3125 0 223993170 4 223867769 10
2.8e-09 1.65625 2.23438 0 252167330 0 252214311 1
2.8e-09 1.82812 2.40625 0 189971050 0 190344037 3
2.8e-09 2.14062 2.54688 0 197144944 1 197245597 0
2.8e-09 2.14062 2.5625 0 193378383 1 193431396 0
2.8e-09 1.76562 2.34375 0 208102096 5 208107439 1
2.8e-09 1.76562 2.34375 0 211219835 7 211108201 3
2.8e-09 1.6875 2.26562 0 243650180 0 243686170 7
2.8e-09 1.79688 2.39062 0 196979731 4 197074346 2
2.8e-09 2.3125 2.89062 0 192044738 6 191976737 3
2.8e-09 2.07812 2.48438 0 218402297 4 218381220 23
2.8e-09 2.32812 2.90625 0 252207921 2 252082378 19
2.8e-09 1.60938 2.03125 0 206141862 7 206232584 6
2.8e-09 1.59375 2 0 214813820 4 214534974 2
2.8e-09 1.75 2.32812 0 216263766 8 216134092 6
2.8e-09 2.28125 2.85938 0 202927046 0 202697853 1
2.8e-09 2.375 2.96875 0 227297711 0 227320140 0
2.8e-09 2.3125 2.89062 0 190686241 5 190892797 3
2.8e-09 2.65625 3.0625 0 252302016 0 252437321 3
2.8e-09 2.375 2.95312 0 231811771 3 231940563 2
2.8e-09 2.28125 2.85938 0 204682088 6 204930356 0
2.8e-09 2.32812 2.90625 0 248499306 10 248606298 51
2.8e-09 2.07812 2.5 0 215343539 0 215302372 10
2.8e-09 1.60938 2.01562 0 208954800 26 209107440 5
2.8e-09 1.59375 2 0 213702845 1 213701049 32
2.8e-09 2.59375 3 0 210637143 8 210781035 32
2.8e-09 2.35938 2.9375 0 234783814 9 234935052 0
2.8e-09 1.65625 2.23438 0 192396360 2 192597076 11
2.8e-09 2.125 2.53125 0 201494599 6 201291633 3
2.8e-09 1.60938 2.03125 0 205171690 4 205148734 0
2.8e-09 1.75 2.32812 0 219071757 9 219270685 1
2.8e-09 1.5625 1.96875 0 227158774 4 227280467 7
2.8e-09 1.6875 2.26562 0 244279001 28 244328642 9
2.8e-09 2.125 2.54688 0 199956168 6 199939845 6
2.8e-09 2.32812 2.92188 0 247029064 7 246673109 0
2.8e-09 1.84375 2.42188 0 246015363 0 246081697 11
2.8e-09 1.75 2.32812 0 215061447 2 214980786 11
2.8e-09 2.57812 3 0 214873734 0 214843442 4
2.8e-09 1.75 2.32812 0 217963494 8 218091968 0
2.8e-09 2.21875 2.79688 0 229605644 4 229422593 0
2.8e-09 1.5625 1.98438 0 224064377 8 224312197 0
2.8e-09 2.21875 2.79688 0 225782321 3 225673605 0
2.8e-09 2.3125 2.89062 0 191348782 1 191304861 0
2.8e-09 1.71875 2.29688 0 229093267 0 229017605 15
2.8e-09 1.6875 2.26562 0 239857596 8 239738470 2
2.8e-09 2.1875 2.76562 0 236744312 0 236793391 1
2.8e-09 2.25 2.82812 0 214194603 5 214035975 3
2.8e-09 2.59375 3 0 210098874 8 210089027 2
2.8e-09 2.20312 2.78125 0 235632947 1 235691113 1
2.8e-09 1.85938 2.4375 0 237291281 3 237470333 0
2.8e-09 2.29688 2.875 0 198796639 11 198730183 11
2.8e-09 2.0625 2.46875 0 224804565 1 224790661 7
2.8e-09 1.82812 2.40625 0 190318437 2 190402502 0
2.8e-09 2.09375 2.5 0 211840535 13 211763696 21
2.8e-09 1.78125 2.35938 0 202704809 3 202620892 2
2.8e-09 2.65625 3.0625 0 251419741 0 251483535 0
2.8e-09 1.60938 2.01562 0 209450141 7 209541628 6
2.8e-09 2.07812 2.48438 0 217370039 8 217301614 0
2.8e-09 2.65625 3.0625 0 250882140 45 250861658 0
2.8e-09 2.17188 2.75 0 246493470 1 246465935 21
2.8e-09 2.64062 3.04688 0 195177107 1 194993062 7
2.8e-09 1.5625 1.96875 0 225522170 0 225469728 14
2.8e-09 1.73438 2.3125 0 223653487 10 223557188 1
2.8e-09 2.32812 2.90625 0 250951801 0 250967731 2
2.8e-09 1.5625 1.98438 0 224733868 1 224722462 5
2.8e-09 2.125 2.53125 0 200110338 20 200229928 16
2.8e-09 2.67188 3.25 0 242085399 1 242001859 0
2.8e-09 1.60938 2.01562 0 209257109 5 209126590 31
2.8e-09 1.60938 2.01562 0 207907444 1 207941359 3
2.8e-09 2.34375 2.92188 0 241617445 0 241760624 4
2.8e-09 2.25 2.82812 0 215306394 0 215466387 14
2.8e-09 1.5625 1.98438 0 223437503 0 223444647 0
2.8e-09 1.70312 2.28125 0 233036913 2 233113053 1
2.8e-09 1.875 2.45312 0 232612447 13 232495060 0
2.8e-09 2.17188 2.75 0 249362960 23 249255082 28
2.8e-09 1.82812 2.40625 0 191617829 0 191418698 0
2.8e-09 1.84375 2.42188 0 245243502 0 245343133 9
2.8e-09 2.125 2.54688 0 198443066 2 198699674 5
2.8e-09 2.14062 2.54688 0 196737257 3 196782081 0
2.8e-09 2.20312 2.78125 0 233487983 14 233341226 5
2.8e-09 1.82812 2.40625 0 250629470 2 250642094 2
2.8e-09 2.14062 2.5625 0 192653685 0 192758280 3
2.8e-09 1.60938 2.01562 0 209916578 0 209888258 0
2.8e-09 2.14062 2.54688 0 197020562 1 196898059 2
2.8e-09 2.375 2.95312 0 230168994 4 230176109 11
2.8e-09 2.28125 2.85938 0 204704177 0 204915879 0
2.8e-09 2.625 3.03125 0 199936666 15 199940067 3
2.8e-09 1.73438 2.3125 0 219916978 0 219794696 2
2.8e-09 1.6875 2.26562 0 240996828 3 240922531 13
2.8e-09 1.71875 2.29688 0 229148835 3 229249130 15
2.8e-09 2.375 2.95312 0 227953248 0 228013078 3
2.8e-09 1.8125 2.39062 0 192641203 0 192604730 11
2.8e-09 1.71875 2.29688 0 227833794 5 227741929 14
2.8e-09 1.64062 2.21875 0 194899367 0 195067397 3
2.8e-09 2.67188 3.25 0 241685872 2 241651736 17
2.8e-09 2.64062 3.04688 0 195444979 7 195451763 0
2.8e-09 1.6875 2.26562 0 242130341 3 242240634 8
2.8e-09 1.625 2.04688 0 200722628 2 200739360 3
2.8e-09 2.39062 2.96875 0 224310521 3 224497587 1
2.8e-09 2.15625 2.5625 0 190139076 2 189987850 3
2.8e-09 1.73438 2.3125 0 225378226 6 225247962 1
2.8e-09 1.57812 2 0 216886642 2 216905826 1
2.8e-09 2.09375 2.51562 0 209047739 0 208844760 7
2.8e-09 1.79688 2.375 0 198569955 3 198345060 7
2.8e-09 2.07812 2.5 0 214497024 33 214498566 3
2.8e-09 1.89062 2.46875 0 227263838 6 227380155 5
2.8e-09 1.57812 1.98438 0 220598769 2 220592821 1
2.8e-09 1.8125 2.39062 0 192303234 9 192350285 0
2.8e-09 1.57812 1.98438 0 220129825 4 220093817 0
2.8e-09 2.625 3.04688 0 197079864 2 197264416 0
2.8e-09 1.67188 2.25 0 247626804 2 247532291 22
2.8e-09 2.10938 2.51562 0 206237349 0 206196034 12
2.8e-09 2.60938 3.01562 0 205576782 29 205310917 2
2.8e-09 2.1875 2.76562 0 237569403 3 237612007 0
2.8e-09 2.64062 3.04688 0 194652196 0 194641404 3
2.8e-09 1.8125 2.39062 0 194431721 5 194200126 0
2.8e-09 1.76562 2.34375 0 212697951 0 212736972 7
2.8e-09 2.59375 3 0 210741683 2 210950763 1
2.8e-09 2.375 2.95312 0 230704018 8 230852014 0
2.8e-09 2.26562 2.84375 0 210678082 3 210631463 0
2.8e-09 2.21875 2.79688 0 227646462 1 227543328 21
2.8e-09 1.82812 2.40625 0 189872797 4 189969250 0
2.8e-09 1.57812 2 0 216510637 1 216454950 0
2.8e-09 1.76562 2.34375 0 211693033 2 211783212 2
2.8e-09 2.25 2.82812 0 215401041 6 215398010 0
2.8e-09 1.70312 2.28125 0 235913240 1 235884464 9
2.8e-09 1.5625 1.98438 0 222478863 6 222425566 2
2.8e-09 2.34375 2.92188 0 242655504 5 242676150 14
2.8e-09 1.59375 2.01562 0 212289126 13 212415794 11
2.8e-09 1.79688 2.375 0 201284839 13 201165442 0
2.8e-09 1.625 2.03125 0 202375073 3 202393615 3
2.8e-09 1.67188 2.25 0 246381204 7 246507103 1
2.8e-09 1.76562 2.34375 0 211622735 0 211425052 4
2.8e-09 1.84375 2.42188 0 243134544 8 243177176 11
2.8e-09 1.71875 2.29688 0 228361092 33 228305601 4
2.8e-09 1.73438 2.3125 0 223085094 11 223042041 12
2.8e-09 1.8125 2.39062 0 193107744 5 193162170 3
2.8e-09 2.21875 2.79688 0 225798155 5 225769037 0
2.8e-09 2.67188 3.07812 0 246458042 13 246588744 1
2.8e-09 2.23438 2.8125 0 219037757 2 218936499 0
2.8e-09 2.32812 2.90625 0 249327375 8 249224355 7
2.8e-09 1.78125 2.375 0 202374006 0 202363664 7
2.8e-09 1.5625 1.98438 0 223827806 0 223953399 1
2.8e-09 2.25 2.82812 0 216920753 5 216853474 0
2.8e-09 1.67188 2.25 0 248518194 0 248636467 2
2.8e-09 2.15625 2.5625 0 189943321 2 189961113 1
2.8e-09 2.60938 3.03125 0 201575265 42 201680634 1
2.8e-09 2.35938 2.9375 0 239155416 0 239368848 5
2.8e-09 2.64062 3.04688 0 194457879 7 194532849 1
2.8e-09 1.73438 2.32812 0 219708118 14 219695128 3
2.8e-09 2.0625 2.46875 0 225873902 2 225829252 6
2.8e-09 2.67188 3.07812 0 245044673 19 245285007 0
2.8e-09 1.6875 2.26562 0 242995058 24 243044958 3
2.8e-09 2.60938 3.01562 0 204670808 14 204821424 0
2.8e-09 1.59375 2 0 215584108 19 215586919 9
2.8e-09 1.71875 2.29688 0 230917204 10 230842774 0
2.8e-09 1.59375 2 0 213971578 0 213940222 30
2.8e-09 2.125 2.54688 0 200015550 4 199733192 1
2.8e-09 1.85938 2.4375 0 237129729 1 237309400 3
2.8e-09 1.60938 2.01562 0 208004110 35 208033834 4
2.8e-09 2.3125 2.89062 0 193722456 0 193707669 2
2.8e-09 1.78125 2.35938 0 203517967 1 203431159 13
2.8e-09 2.17188 2.75 0 246956740 27 246498456 0
2.8e-09 2.09375 2.5 0 213205116 1 213060046 6
2.8e-09 2.0625 2.48438 0 221762135 0 221936802 1
2.8e-09 1.64062 2.21875 0 194731712 3 194723791 7
2.8e-09 1.625 2.03125 0 203539078 3 203620275 1
2.8e-09 1.67188 2.25 0 250789090 0 250769490 0
2.8e-09 2.0625 2.48438 0 223054096 7 223114087 10
2.8e-09 1.85938 2.4375 0 235641778 11 235768457 3
2.8e-09 2.07812 2.48438 0 218019850 0 217976007 123
2.8e-09 1.6875 2.26562 0 239762657 2 239887313 40
2.8e-09 2.14062 2.5625 0 194833867 26 194691801 1
2.8e-09 1.76562 2.35938 0 207868509 4 207920452 2
2.8e-09 1.6875 2.26562 0 239106105 4 238964533 10
2.8e-09 2.10938 2.53125 0 205484080 6 205723387 16
2.8e-09 1.79688 2.375 0 199257604 10 199273708 15
2.8e-09 1.5625 1.96875 0 226321980 1 226396566 6
2.8e-09 2.32812 2.90625 0 252268144 0 252128058 0
2.8e-09 2.15625 2.5625 0 189794526 1 189639903 3
2.8e-09 1.70312 2.28125 0 236288961 4 236265698 2
2.8e-09 2.125 2.54688 0 199375295 7 199254038 5
2.8e-09 2.15625 2.75 0 249716638 1 249705659 1
2.8e-09 2.39062 2.98438 0 221066247 24 221443496 6
2.8e-09 2.25 2.82812 0 213766121 5 213862770 2
2.8e-09 1.76562 2.34375 0 213280874 10 213337304 3
2.8e-09 2.23438 2.8125 0 220703678 1 220605402 0
2.8e-09 2.57812 2.98438 0 217956443 0 217789662 4
2.8e-09 2.65625 3.0625 0 189978422 6 190210330 7
2.8e-09 1.70312 2.28125 0 236051162 5 236088516 0
2.8e-09 2.17188 2.75 0 246045581 9 246072898 10
2.8e-09 2.0625 2.46875 0 224217284 19 224208489 0
2.8e-09 1.60938 2.01562 0 208328148 1 208413384 0
2.8e-09 1.79688 2.375 0 200934938 0 201005880 0
2.8e-09 1.76562 2.34375 0 213544682 0 213479986 0
2.8e-09 2.625 3.03125 0 200607111 2 200818487 3
2.8e-09 1.5625 1.98438 0 223772450 0 223990175 0
2.8e-09 1.82812 2.40625 0 189758067 4 189515552 2
2.8e-09 1.65625 2.23438 0 193590693 1 193419920 1
2.8e-09 2.32812 2.90625 0 249235995 3 249229414 1
2.8e-09 2.39062 2.96875 0 222589884 2 222451403 4
2.8e-09 2.07812 2.5 0 214887830 17 214781305 0
2.8e-09 1.625 2.03125 0 204444498 1 204477232 3
2.8e-09 2.17188 2.75 0 244456840 0 244576140 1
2.8e-09 1.75 2.32812 0 217393379 4 217274872 0
2.8e-09 1.79688 2.375 0 201647234 5 201595556 5
2.8e-09 2.10938 2.53125 0 204714665 10 204676351 23
2.8e-09 1.60938 2.01562 0 209796143 43 209986451 6
2.8e-09 1.625 2.04688 0 200632835 3 200684878 0
2.8e-09 2.15625 2.5625 0 192209823 1 192188040 0
2.8e-09 1.6875 2.26562 0 243395995 17 243229439 0
2.8e-09 1.6875 2.26562 0 244327177 13 244232602 6
2.8e-09 1.6875 2.26562 0 238786431 10 238949737 1
2.8e-09 1.76562 2.34375 0 208720358 4 208810331 1
2.8e-09 2.64062 3.04688 0 195248896 0 195407105 5
2.8e-09 2.20312 2.78125 0 236218032 21 236133267 2
2.8e-09 1.65625 2.23438 0 193451058 0 193385725 0
2.8e-09 2.375 2.95312 0 229379426 0 229520167 1
2.8e-09 2.34375 2.92188 0 244562980 88 244642298 2
2.8e-09 2.0625 2.46875 0 225389936 3 225360029 4
2.8e-09 1.60938 2.01562 0 209062335 1 209127169 0
2.8e-09 1.85938 2.4375 0 240937590 0 240937379 2
2.8e-09 1.8125 2.39062 0 194619761 0 194529307 0
2.8e-09 1.5625 1.96875 0 226657853 7 226427828 10
2.8e-09 1.85938 2.4375 0 240851872 3 240740042 3
2.8e-09 2.28125 2.85938 0 202612772 0 202461332 9
2.8e-09 1.64062 2.04688 0 196954950 0 196836803 9
2.8e-09 1.64062 2.04688 0 196904652 5 196899696 20
2.8e-09 1.625 2.03125 0 202752919 2 202712582 0
2.8e-09 1.6875 2.26562 0 241384555 14 241312191 17
2.8e-09 1.6875 2.26562 0 244457642 3 244510325 3
2.8e-09 2.29688 2.875 0 195979888 15 195772027 0
2.8e-09 1.82812 2.40625 0 252413506 0 252332993 0
2.8e-09 1.75 2.32812 0 214380700 0 214276582 0
2.8e-09 1.79688 2.375 0 198449925 22 198432737 1
2.8e-09 1.71875 2.3125 0 225616430 4 225531011 1
2.8e-09 1.76562 2.34375 0 208828275 43 208894217 0
2.8e-09 1.59375 2 0 213681096 0 213807880 1
2.8e-09 2.17188 2.75 0 247527298 0 247667043 4
2.8e-09 1.65625 2.23438 0 251753614 6 251649264 0
2.8e-09 2.07812 2.5 0 216274787 0 216213050 36
2.8e-09 2.625 3.04688 0 197760310 13 197755199 1
2.8e-09 2.59375 3.01562 0 206933221 3 207143461 5
2.8e-09 1.64062 2.21875 0 195397568 9 195300904 0
2.8e-09 1.65625 2.23438 0 193170996 0 192992566 0
2.8e-09 1.70312 2.28125 0 236164967 5 236036462 3
2.8e-09 1.82812 2.40625 0 250280654 0 250217436 0
2.8e-09 1.71875 2.29688 0 227534527 3 227463762 26
2.8e-09 2.29688 2.875 0 196087489 8 196171162 0
2.8e-09 1.60938 2.01562 0 208027213 3 208183180 0
2.8e-09 2.23438 2.8125 0 221557922 92 221444906 3
2.8e-09 2.67188 3.25 0 243681014 8 243931636 0
2.8e-09 1.6875 2.26562 0 239597819 20 239718699 0
2.8e-09 1.71875 2.29688 0 230831755 2 231076568 3
2.8e-09 1.60938 2.03125 0 204892271 13 204939119 1
2.8e-09 1.60938 2.03125 0 207008150 4 206979460 0
2.8e-09 2.64062 3.04688 0 195771651 2 195769097 0
2.8e-09 1.57812 1.98438 0 221056408 2 221004198 0
2.8e-09 1.71875 2.29688 0 229590120 0 229550254 1
2.8e-09 2.14062 2.5625 0 194732567 3 194739642 0
2.8e-09 2.17188 2.75 0 249194638 0 249291204 23
2.8e-09 2.07812 2.5 0 216750104 10 216703495 1
2.8e-09 1.57812 1.98438 0 220357779 1 220467722 12
2.8e-09 1.8125 2.39062 0 195146622 0 195060529 7
2.8e-09 1.65625 2.23438 0 191041891 7 191137552 9
2.8e-09 1.76562 2.34375 0 211018827 14 211061935 4
2.8e-09 1.875 2.45312 0 230214471 26 230180857 0
2.8e-09 1.59375 2 0 215614089 0 215723475 6
2.8e-09 2.3125 2.89062 0 193326267 0 193246480 1
2.8e-09 1.76562 2.34375 0 211427447 0 211500504 5
2.8e-09 2.28125 2.85938 0 205711931 1 205922474 3
2.8e-09 2.23438 2.8125 0 223732022 2 223716643 0
2.8e-09 2.07812 2.48438 0 217822873 9 217758819 0
2.8e-09 2.10938 2.51562 0 208381384 0 208236364 2
2.8e-09 1.64062 2.21875 0 196209230 2 196217686 9
2.8e-09 2.10938 2.53125 0 203296838 39 203330287 3
2.8e-09 2.15625 2.5625 0 190316384 0 190454217 1
2.8e-09 1.70312 2.28125 0 236523558 18 236525384 0
2.8e-09 2.10938 2.51562 0 207077452 1 207111428 1
2.8e-09 1.79688 2.375 0 199284644 1 199315242 4
2.8e-09 1.64062 2.21875 0 194889769 4 194911396 0
2.8e-09 2.09375 2.51562 0 210101373 1 209943016 0
2.8e-09 1.64062 2.21875 0 195901444 7 195696851 3
2.8e-09 2.10938 2.53125 0 205104692 0 204919451 1
2.8e-09 1.76562 2.34375 0 212152029 1 212205595 7
2.8e-09 2.39062 2.96875 0 221921044 0 221475082 0
2.8e-09 2.32812 2.90625 0 252309222 0 252344211 19
2.8e-09 2.65625 3.07812 0 250432893 6 250545477 4
2.8e-09 1.85938 2.4375 0 241175905 3 240903211 0
2.8e-09 2.32812 2.90625 0 252661305 0 252801590 3
2.8e-09 1.8125 2.39062 0 195634013 5 195627170 1
2.8e-09 1.60938 2.03125 0 204802996 0 204691080 23
2.8e-09 1.59375 2 0 213182056 1 213185005 4
2.8e-09 2.10938 2.51562 0 206176079 4 206191954 0
2.8e-09 1.70312 2.28125 0 234765498 5 234852571 0
2.8e-09 1.5625 1.98438 0 222937191 2 223057798 7
2.8e-09 2.29688 2.875 0 198051418 14 198130725 2
2.8e-09 2.09375 2.51562 0 210968224 0 210701930 5
2.8e-09 2.125 2.53125 0 201309709 2 201339609 0
2.8e-09 2.07812 2.5 0 215561671 0 215695025 3
2.8e-09 2.3125 2.89062 0 191715355 10 191757528 0
2.8e-09 1.73438 2.3125 0 219850972 5 219864048 4
2.8e-09 1.5625 1.96875 0 226080991 19 226067703 1
2.8e-09 2.26562 2.84375 0 209489714 0 209346686 23
2.8e-09 2.0625 2.46875 0 224936957 14 224878619 0
2.8e-09 1.625 2.03125 0 203469996 13 203362841 4
2.8e-09 2.34375 2.92188 0 243553068 0 243605572 6
2.8e-09 2.28125 2.85938 0 203068126 1 203046623 3
2.8e-09 1.57812 2 0 216626184 14 216795933 16
2.8e-09 2.1875 2.76562 0 238472429 0 238637439 49
2.8e-09 1.76562 2.35938 0 207961441 0 207919387 0
2.8e-09 1.71875 2.29688 0 231386470 55 231180642 1
2.8e-09 2.14062 2.5625 0 194338593 2 194546089 5
2.8e-09 2.1875 2.76562 0 237023858 0 237140003 5
2.8e-09 1.59375 2 0 213277191 3 213342492 4
2.8e-09 2.60938 3.03125 0 203622471 2 203521237 2
2.8e-09 1.85938 2.4375 0 237835850 3 238003374 10
2.8e-09 1.82812 2.40625 0 251042275 1 250842302 1
2.8e-09 1.625 2.03125 0 203178052 0 203409112 1
2.8e-09 2.64062 3.0625 0 191360964 1 191187074 27
2.8e-09 1.5625 1.96875 0 224975240 7 224774726 0
2.8e-09 1.71875 2.29688 0 226920739 0 226940289 28
2.8e-09 2.09375 2.5 0 212353817 13 212379345 5
2.8e-09 2.20312 2.78125 0 235657825 16 235539606 2
2.8e-09 2.64062 3.0625 0 191631174 5 191537266 0
2.8e-09 2.32812 2.90625 0 247500362 11 247723151 15
2.8e-09 2.64062 3.04688 0 194580574 38 194961541 1
2.8e-09 1.8125 2.39062 0 195351323 0 195478605 7
2.8e-09 1.6875 2.28125 0 238317847 17 238316541 0
2.8e-09 1.76562 2.34375 0 213214990 2 213058244 1
2.8e-09 1.85938 2.4375 0 239616686 2 239684286 9
2.8e-09 2.64062 3.04688 0 195253161 1 195613502 1
2.8e-09 1.5625 1.98438 0 222625119 0 222557031 8
2.8e-09 1.85938 2.4375 0 240464935 6 240421407 0
2.8e-09 1.59375 2 0 215941015 1 215841320 12
2.8e-09 1.78125 2.35938 0 207505677 10 207744914 1
2.8e-09 2.59375 3 0 212089155 1 212025500 117
2.8e-09 2.39062 2.96875 0 225164921 0 225111298 4
2.8e-09 1.85938 2.4375 0 240562376 0 240499372 31
2.8e-09 1.64062 2.04688 0 196239142 1 196247438 7
2.8e-09 1.57812 1.98438 0 221386373 23 221320915 2
2.8e-09 2.25 2.82812 0 215426527 1 215348863 1
2.8e-09 1.85938 2.4375 0 238991945 0 238726780 0
2.8e-09 1.78125 2.35938 0 206108415 6 206157351 10
2.8e-09 2.3125 2.89062 0 192381615 0 192312110 10
2.8e-09 2.35938 2.9375 0 234387165 0 234482498 7
2.8e-09 2.59375 3 0 210576788 3 210442414 16
2.8e-09 1.875 2.45312 0 232290764 3 232212362 0
2.8e-09 1.70312 2.29688 0 231810978 15 231779861 0
2.8e-09 2.14062 2.5625 0 192765267 2 192758923 10
2.8e-09 1.59375 2 0 214901805 36 215029651 0
2.8e-09 1.84375 2.42188 0 247036836 0 247133190 1
2.8e-09 1.67188 2.25 0 251251979 2 251199205 26
2.8e-09 2.23438 2.8125 0 220945885 15 221018816 4
2.8e-09 1.6875 2.26562 0 241119652 5 240981482 6
2.8e-09 1.60938 2.03125 0 207098912 2 206894941 0
2.8e-09 2.0625 2.46875 0 223274683 0 223354477 1
2.8e-09 1.60938 2.01562 0 208411791 0 208277595 4
2.8e-09 2.0625 2.46875 0 223673714 6 223669065 4
2.8e-09 1.78125 2.35938 0 205436824 0 205409762 7
2.8e-09 1.73438 2.3125 0 221798714 0 221912246 0
2.8e-09 1.67188 2.25 0 246331561 0 246406077 3
2.8e-09 1.85938 2.4375 0 235781465 2 235884978 3
2.8e-09 1.5625 1.96875 0 225030858 6 225084881 0
2.8e-09 1.79688 2.375 0 197330113 10 197263830 4
2.8e-09 2.32812 2.90625 0 251280295 1 251345005 3
2.8e-09 2.57812 3 0 214454130 0 214405675 2
2.8e-09 1.71875 2.29688 0 230525837 21 230551345 1
2.8e-09 2.14062 2.54688 0 197096398 2 197292749 0
2.8e-09 2.32812 2.90625 0 250657092 2 250643944 0
2.8e-09 2.09375 2.5 0 211396542 5 211430579 11
2.8e-09 1.67188 2.25 0 247727109 5 247591922 1
2.8e-09 1.85938 2.4375 0 238419193 9 238281201 12
2.8e-09 2.20312 2.78125 0 232628112 0 232423680 9
2.8e-09 1.71875 2.29688 0 228736005 0 228818133 0
2.8e-09 1.84375 2.42188 0 243245393 2 243373381 14
2.8e-09 1.67188 2.25 0 249855370 1 249834265 30
2.8e-09 2.625 3.03125 0 200601158 21 200613207 3
2.8e-09 1.67188 2.25 0 250960347 0 250953625 3
2.8e-09 2.28125 2.85938 0 201002842 7 200885264 8
2.8e-09 1.79688 2.375 0 197515779 6 197634363 12
2.8e-09 1.64062 2.21875 0 195442594 1 195400937 3
2.8e-09 2.29688 2.875 0 200374149 0 200587747 0
2.8e-09 1.8125 2.39062 0 194322282 4 194405874 2
2.8e-09 1.5625 1.96875 0 225349119 1 225135772 28
2.8e-09 1.67188 2.25 0 247742935 0 247831849 0
2.8e-09 2.34375 2.9375 0 240151842 0 240228683 5
2.8e-09 1.82812 2.40625 0 251920816 8 251898840 9
2.8e-09 1.75 2.32812 0 214752783 1 214807015 7
2.8e-09 1.70312 2.28125 0 232270624 0 232301482 0
2.8e-09 1.85938 2.4375 0 239533079 3 239675692 0
2.8e-09 1.76562 2.34375 0 213291329 0 213155095 0
2.8e-09 1.78125 2.375 0 202361954 1 202280287 0
2.8e-09 2.57812 2.98438 0 217136457 18 217130385 2
2.8e-09 2.375 2.95312 0 228862828 0 228932840 1
2.8e-09 1.75 2.32812 0 218319806 12 218363796 0
2.8e-09 2.57812 2.98438 0 218003464 2 218154636 9
2.8e-09 2.625 3.03125 0 199707036 10 199441262 0
2.8e-09 2.09375 2.51562 0 209706169 0 209765970 1
2.8e-09 2.15625 2.73438 0 250745496 1 250601131 2
2.8e-09 2.65625 3.0625 0 252691425 7 252771705 0
2.8e-09 2.375 2.95312 0 228148925 0 227813945 1
2.8e-09 2.26562 2.84375 0 211569812 3 211191930 6
2.8e-09 1.79688 2.375 0 200040986 5 200183636 27
2.8e-09 2.28125 2.85938 0 203565081 0 203290566 0
2.8e-09 1.625 2.04688 0 199281345 3 199300908 6
2.8e-09 1.78125 2.35938 0 205348978 0 205203361 2
2.8e-09 2.17188 2.75 0 243485341 1 243608020 6
2.8e-09 2.14062 2.5625 0 192571848 5 192753098 1
2.8e-09 1.5625 1.98438 0 222678602 0 222736628 0
2.8e-09 1.82812 2.40625 0 251672110 0 251623859 6
2.8e-09 2.125 2.53125 0 200797201 3 200945796 4
2.8e-09 2.10938 2.53125 0 203419146 2 203333394 0
2.8e-09 1.60938 2.01562 0 208354645 7 208165694 14
2.8e-09 1.60938 2.03125 0 206663319 0 206591306 0
2.8e-09 2.65625 3.07812 0 250104387 0 249947943 0
2.8e-09 1.57812 1.98438 0 219030264 0 218947306 1
2.8e-09 2.40625 2.98438 0 218969789 11 218620673 8
2.8e-09 2.0625 2.48438 0 222979963 1 223079219 0
2.8e-09 1.76562 2.34375 0 211203986 0 211391733 1
2.8e-09 2.28125 2.85938 0 203242183 2 203095236 1
2.8e-09 2.09375 2.5 0 211288464 0 211430670 7
2.8e-09 2.21875 2.79688 0 228420434 2 228345762 2
2.8e-09 2.10938 2.53125 0 204272825 0 204377265 17
2.8e-09 1.73438 2.3125 0 225014144 1 225155407 0
2.8e-09 2.40625 2.98438 0 220424736 3 220262443 2
2.8e-09 2.26562 2.84375 0 210473299 0 210257050 14
2.8e-09 2.20312 2.78125 0 233029835 3 233395452 1
2.8e-09 1.59375 2 0 215304649 8 215278568 10
2.8e-09 2.15625 2.73438 0 250499453 5 250552808 0
2.8e-09 1.67188 2.25 0 245386836 1 245216725 1
2.8e-09 2.375 2.95312 0 233072135 8 233200392 4
2.8e-09 2.57812 2.98438 0 216142536 1 216064338 2
2.8e-09 1.6875 2.26562 0 243113689 14 243309791 1
2.8e-09 1.84375 2.42188 0 242438828 0 242201370 9
2.8e-09 2.28125 2.85938 0 201819337 3 201836709 0
2.8e-09 2.20312 2.78125 0 230997856 1 231267382 5
2.8e-09 2.625 3.03125 0 201301705 4 200885000 0
2.8e-09 2.17188 2.75 0 244979806 1 245108285 11
2.8e-09 1.75 2.32812 0 219490681 3 219237377 2
2.8e-09 1.60938 2.01562 0 209452261 0 209509256 0
2.8e-09 1.76562 2.34375 0 211604995 0 211819564 2
2.8e-09 1.57812 1.98438 0 220861416 5 220884696 4
2.8e-09 2.60938 3.03125 0 203743443 3 203554194 1
2.8e-09 2.28125 2.85938 0 204504900 0 204629733 4
2.8e-09 2.34375 2.92188 0 245357890 1 245664694 7
2.8e-09 1.6875 2.26562 0 243070410 0 243103789 0
2.8e-09 2.40625 2.98438 0 219548485 0 219650633 3
2.8e-09 1.65625 2.23438 0 189604010 6 189610318 21
2.8e-09 1.78125 2.35938 0 202874510 0 202794411 5
2.8e-09 1.60938 2.03125 0 206146353 0 206138477 1
2.8e-09 1.76562 2.34375 0 210301228 9 210437859 1
2.8e-09 2.10938 2.53125 0 204348588 1 204291769 0
2.8e-09 2.25 2.82812 0 214177220 8 214346169 0
2.8e-09 1.85938 2.4375 0 240641306 13 240582992 0
2.8e-09 1.625 2.03125 0 202168997 2 202145805 7
2.8e-09 1.60938 2.01562 0 207430891 11 207464086 14
2.8e-09 1.67188 2.25 0 250939854 27 251125203 16
2.8e-09 1.5625 1.96875 0 226271259 0 226265608 4
2.8e-09 2.1875 2.76562 0 239281582 6 239389153 0
2.8e-09 1.875 2.45312 0 230489936 1 230332961 2
2.8e-09 1.75 2.32812 0 214235808 21 214060111 1
2.8e-09 2.23438 2.8125 0 220191788 15 220252718 46
2.8e-09 2.10938 2.53125 0 204312565 1 204366584 1
2.8e-09 2.10938 2.51562 0 208037786 0 208013326 0
2.8e-09 1.8125 2.39062 0 196035585 12 196107620 3
2.8e-09 1.625 2.04688 0 200156006 0 200117907 0
2.8e-09 2.28125 2.85938 0 204055000 1 204033715 11
2.8e-09 2.28125 2.85938 0 205317493 1 205518631 0
2.8e-09 1.65625 2.23438 0 192160275 0 192422893 2
2.8e-09 1.70312 2.28125 0 236924906 5 236784949 1
2.8e-09 1.79688 2.375 0 199478205 28 199358475 1
2.8e-09 1.78125 2.35938 0 207214142 1 207272846 7
2.8e-09 1.73438 2.3125 0 225237280 18 225199239 27
2.8e-09 2.60938 3.03125 0 202120319 1 202224445 4
2.8e-09 2.28125 2.85938 0 205189516 18 205032547 12
2.8e-09 2.65625 3.07812 0 249644174 0 249541662 0
2.8e-09 2.14062 2.5625 0 193764221 2 193838067 0
2.8e-09 2.21875 2.79688 0 224256198 3 224481572 0
2.8e-09 1.73438 2.3125 0 223866677 2 224065345 7
2.8e-09 2.34375 2.92188 0 245152512 2 245258148 0
2.8e-09 2.09375 2.51562 0 209379998 11 209313353 14
2.8e-09 1.64062 2.04688 0 196546968 6 196471879 1
2.8e-09 1.71875 2.29688 0 226832213 0 226880472 6
2.8e-09 1.85938 2.4375 0 237873315 5 237942356 1
2.8e-09 1.6875 2.28125 0 238210254 17 238201401 0
2.8e-09 2.15625 2.5625 0 191059105 18 191151697 7
2.8e-09 2.23438 2.8125 0 220020457 22 220030854 0
2.8e-09 1.59375 2 0 213837433 0 213919515 5
2.8e-09 2.32812 2.90625 0 248814923 0 248717567 0
2.8e-09 1.625 2.03125 0 201754510 8 201795702 2
2.8e-09 2.625 3.04688 0 196421638 0 196451636 1
2.8e-09 1.65625 2.23438 0 193284463 0 193164477 3
2.8e-09 2.32812 2.90625 0 251771687 7 251751202 0
2.8e-09 1.57812 2 0 216533217 3 216400869 2
2.8e-09 2.09375 2.51562 0 210295246 1 210342564 1
2.8e-09 2.40625 2.98438 0 218966805 1 219125743 2
2.8e-09 1.78125 2.35938 0 203104760 0 203253826 0
2.8e-09 2.21875 2.79688 0 227070419 25 227128352 10
2.8e-09 2.59375 3 0 212858419 1 212728524 7
2.8e-09 1.79688 2.375 0 201973399 0 201878654 1
2.8e-09 1.70312 2.28125 0 234484069 3 234356670 5
2.8e-09 2.07812 2.5 0 215178141 0 215034342 7
2.8e-09 2.07812 2.48438 0 220152846 4 220177433 2
2.8e-09 1.625 2.04688 0 201294831 0 201349867 1
2.8e-09 2.59375 3.01562 0 208716583 0 208863616 0
2.8e-09 1.6875 2.28125 0 238028193 0 238057822 13
2.8e-09 1.84375 2.4375 0 241980778 21 241918944 12
2.8e-09 1.5625 1.98438 0 224387759 14 224495217 1
2.8e-09 2.20312 2.78125 0 230415117 1 230237418 10
2.8e-09 1.60938 2.03125 0 206609635 53 206581214 12
2.8e-09 1.59375 2 0 215753553 8 215658285 2
2.8e-09 1.8125 2.39062 0 196337376 2 196373243 0
2.8e-09 2.67188 3.07812 0 245311953 5 245330630 0
2.8e-09 1.82812 2.40625 0 249016937 1 249024951 1
2.8e-09 2.0625 2.48438 0 222388991 3 222445125 0
2.8e-09 2.3125 2.90625 0 190023753 2 190090209 2
2.8e-09 2.59375 3.01562 0 206998832 2 207064124 0
2.8e-09 1.60938 2.01562 0 209161314 6 209227059 5
2.8e-09 1.85938 2.4375 0 238076403 17 238253760 0
2.8e-09 1.6875 2.26562 0 240743725 12 240937191 4
2.8e-09 1.65625 2.23438 0 190979389 5 191031011 0
2.8e-09 1.59375 2 0 213490865 1 213480006 22
2.8e-09 1.75 2.32812 0 215528752 2 215589967 1
2.8e-09 1.70312 2.28125 0 235810205 0 235835106 1
2.8e-09 1.57812 2 0 216839607 19 216921585 1
2.8e-09 2.14062 2.54688 0 195445256 1 195611531 6
2.8e-09 1.84375 2.42188 0 244886665 26 245190670 1
2.8e-09 1.71875 2.29688 0 228990626 6 228983393 4
2.8e-09 1.64062 2.21875 0 194189498 6 194170399 3
2.8e-09 1.875 2.45312 0 230444094 1 230715623 1
2.8e-09 1.64062 2.04688 0 198234511 0 198406562 6
2.8e-09 2.35938 2.95312 0 233828544 7 233645135 2
2.8e-09 2.15625 2.5625 0 190762098 1 190645415 8
2.8e-09 1.57812 2 0 217659894 0 217704182 13
2.8e-09 2.20312 2.78125 0 232327881 10 232505127 8
2.8e-09 1.65625 2.23438 0 189647729 0 189609357 19
2.8e-09 2.0625 2.46875 0 225120240 0 225082289 3
2.8e-09 2.1875 2.76562 0 238003840 1 237911910 9
2.8e-09 2.07812 2.5 0 216982581 0 216880431 0
2.8e-09 2.3125 2.89062 0 193149788 1 193265045 3
2.8e-09 2.15625 2.5625 0 191388319 46 191513512 1
2.8e-09 1.65625 2.23438 0 192539035 4 192518335 3
2.8e-09 1.78125 2.35938 0 206603161 1 206498495 15
2.8e-09 2.60938 3.03125 0 203157427 2 203128306 3
2.8e-09 1.75 2.32812 0 213960537 0 213826022 1
2.8e-09 2.28125 2.85938 0 203878791 45 203807673 5
2.8e-09 1.78125 2.35938 0 205027612 0 204911994 4
2.8e-09 2.25 2.82812 0 214318444 12 214459761 1
2.8e-09 2.32812 2.90625 0 250850533 15 250976628 0
2.8e-09 2.15625 2.5625 0 189954519 1 190077602 2
2.8e-09 1.57812 2 0 217501037 2 217320763 4
2.8e-09 1.5625 1.98438 0 223098563 12 223067226 0
2.8e-09 1.60938 2.01562 0 208492968 11 208679822 0
2.8e-09 2.625 3.04688 0 196232423 31 196111639 6
2.8e-09 2.17188 2.75 0 244533985 16 244750829 1
2.8e-09 1.75 2.32812 0 219400454 11 219434545 0
2.8e-09 1.70312 2.28125 0 236715212 6 236685496 2
2.8e-09 2.125 2.53125 0 201851993 1 201992494 0
2.8e-09 1.79688 2.375 0 198743123 5 198793101 4
2.8e-09 1.8125 2.39062 0 194651416 7 194866803 9
2.8e-09 1.70312 2.28125 0 235569113 0 235723137 10
2.8e-09 1.60938 2.01562 0 209357428 6 209526916 1
2.8e-09 1.59375 2.01562 0 212858186 8 212809668 2
2.8e-09 1.76562 2.34375 0 208066090 1 208204861 2
2.8e-09 1.67188 2.25 0 249905159 9 250048904 11
2.8e-09 1.73438 2.3125 0 221997986 11 222000065 0
2.8e-09 2.10938 2.51562 0 207210661 1 207453381 1
2.8e-09 1.875 2.45312 0 234046857 4 234037000 2
2.8e-09 1.71875 2.29688 0 230740621 2 230757407 3
2.8e-09 1.8125 2.39062 0 196619686 0 196501935 2
2.8e-09 1.59375 2.01562 0 211397954 0 211426685 0
2.8e-09 2.14062 2.5625 0 192934055 2 192843786 8
2.8e-09 2.1875 2.76562 0 242561514 1 242425926 7
2.8e-09 1.84375 2.42188 0 245199796 8 245254586 4
2.8e-09 1.70312 2.28125 0 237675705 1 237723109 6
2.8e-09 2.07812 2.48438 0 218606101 1 218522002 12
2.8e-09 1.76562 2.34375 0 210830040 0 210852154 5
2.8e-09 1.71875 2.29688 0 228936853 1 228896966 2
2.8e-09 1.57812 1.98438 0 221196015 0 221135733 6
2.8e-09 1.84375 2.42188 0 245064214 26 244917726 42
2.8e-09 2.67188 3.26562 0 240932172 10 240880382 2
2.8e-09 2.21875 2.79688 0 229344100 14 229339752 0
2.8e-09 1.73438 2.3125 0 221616553 3 221576650 1
2.8e-09 2.17188 2.75 0 244914225 11 245466674 6
2.8e-09 1.75 2.32812 0 217689995 5 217570082 0
2.8e-09 2.09375 2.51562 0 211107600 1 211140216 0
2.8e-09 1.65625 2.25 0 251391723 32 251512446 37
2.8e-09 1.8125 2.39062 0 193898046 12 193857971 22
2.8e-09 1.5625 1.96875 0 224839670 2 224970281 1
2.8e-09 1.82812 2.40625 0 191066209 3 190856519 22
2.8e-09 1.6875 2.26562 0 243202171 0 243287977 3
2.8e-09 1.625 2.04688 0 199693973 13 199614164 0
2.8e-09 2.25 2.82812 0 217143658 5 217115365 0
2.8e-09 2.34375 2.92188 0 241970080 1 241911205 3
2.8e-09 1.70312 2.28125 0 235066438 0 234967951 0
2.8e-09 1.5625 1.96875 0 224977522 5 225038401 1
2.8e-09 1.67188 2.25 0 251003915 2 251141228 0
2.8e-09 2.20312 2.78125 0 233645013 35 233480427 1
2.8e-09 1.59375 2 0 214534423 0 214548934 10
2.8e-09 2.64062 3.0625 0 191537551 6 191745179 11
2.8e-09 1.65625 2.23438 0 191876553 22 191877715 7
2.8e-09 1.5625 1.98438 0 223360620 1 223409664 4
2.8e-09 1.71875 2.29688 0 231527431 1 231409126 1
2.8e-09 1.73438 2.3125 0 221113890 3 221160798 0
2.8e-09 1.5625 1.98438 0 223590679 10 223662448 0
2.8e-09 1.79688 2.375 0 200352031 24 200575543 4
2.8e-09 2.15625 2.5625 0 192142547 0 192140927 9
2.8e-09 1.6875 2.26562 0 244413680 1 244287590 12
2.8e-09 1.71875 2.29688 0 231193380 0 231232648 2
2.8e-09 1.79688 2.375 0 197325282 0 197266500 1
2.8e-09 2.15625 2.5625 0 190437792 4 190588766 5
2.8e-09 2.28125 2.875 0 200711756 0 200888057 2
2.8e-09 2.17188 2.75 0 245791241 2 245989298 4
2.8e-09 1.5625 1.98438 0 223318597 1 223091486 6
2.8e-09 2.15625 2.73438 0 252435992 0 252360890 5
2.8e-09 1.75 2.34375 0 213508763 1 213568895 0
2.8e-09 1.82812 2.40625 0 248781440 2 249003009 65
2.8e-09 2.65625 3.07812 0 248969579 1 249026838 1
2.8e-09 2.17188 2.75 0 246959274 6 247120489 0
2.8e-09 1.84375 2.42188 0 248559601 9 248386288 4
2.8e-09 1.875 2.45312 0 232891098 2 232954521 9
2.8e-09 1.625 2.04688 0 201587793 14 201504552 1
2.8e-09 1.625 2.03125 0 202018809 0 201834651 0
2.8e-09 1.79688 2.375 0 199705618 6 199680753 24
2.8e-09 2.17188 2.75 0 243415959 0 243609138 11
2.8e-09 1.78125 2.35938 0 206556613 0 206480697 6
2.8e-09 1.57812 2 0 217617948 0 217524694 0
2.8e-09 2.1875 2.76562 0 241919690 0 242088037 8
2.8e-09 2.40625 2.98438 0 218889810 8 218936412 0
2.8e-09 1.65625 2.23438 0 192989646 6 192925680 0
2.8e-09 2.0625 2.48438 0 221667135 0 221650131 10
2.8e-09 1.625 2.04688 0 200003454 0 200035930 18
2.8e-09 2.59375 3.01562 0 209055235 24 208988422 4
2.8e-09 2.1875 2.78125 0 236274972 0 236281595 65
2.8e-09 1.79688 2.375 0 197081475 4 197182725 0
2.8e-09 2.15625 2.73438 0 249753865 0 249958756 7
2.8e-09 1.59375 2 0 213847535 5 213985313 0
2.8e-09 2.1875 2.76562 0 237404114 3 237689502 2
2.8e-09 2.07812 2.5 0 217010254 3 217050196 10
2.8e-09 1.65625 2.23438 0 191457271 0 191340758 0
2.8e-09 2.1875 2.76562 0 241177874 0 241133539 2
2.8e-09 2.125 2.54688 0 197666870 0 197624370 22
2.8e-09 2.3125 2.89062 0 195106340 1 195072827 21
2.8e-09 1.875 2.45312 0 232732904 4 232607248 1
2.8e-09 1.875 2.45312 0 234860963 3 234944837 1
2.8e-09 1.65625 2.23438 0 191564575 2 191469178 6
2.8e-09 1.75 2.32812 0 214876502 6 215028771 5
2.8e-09 1.73438 2.3125 0 224530543 10 224498053 0
2.8e-09 2.39062 2.96875 0 221700678 6 221394121 4
2.8e-09 2.57812 2.98438 0 216295846 2 216152380 33
2.8e-09 2.34375 2.92188 0 243560061 6 243643695 8
2.8e-09 2.3125 2.89062 0 191530457 0 191474006 2
2.8e-09 1.5625 1.98438 0 222999838 3 222977078 31
2.8e-09 2.14062 2.5625 0 193086173 0 192935769 4
2.8e-09 1.79688 2.39062 0 196922340 7 196888162 0
2.8e-09 2.14062 2.54688 0 196549340 0 196518828 3
2.8e-09 2.64062 3.04688 0 193309444 0 193387641 0
2.8e-09 2.67188 3.07812 0 246341372 3 246052330 3
2.8e-09 2.17188 2.75 0 243209694 44 243167197 4
2.8e-09 1.79688 2.375 0 198295399 0 198185491 6
2.8e-09 1.71875 2.29688 0 230969619 27 231019206 0
2.8e-09 2.15625 2.5625 0 191574839 7 191435477 1
2.8e-09 1.79688 2.375 0 198906065 0 198786534 11
2.8e-09 1.65625 2.23438 0 251995403 1 252373465 3
2.8e-09 2.10938 2.51562 0 206780657 0 206951831 23
2.8e-09 2.375 2.95312 0 232022556 8 231777732 5
2.8e-09 1.75 2.32812 0 218299307 17 218297850 8
2.8e-09 1.5625 1.98438 0 224519772 1 224691062 19
2.8e-09 1.59375 2 0 215342266 17 215239014 8
2.8e-09 2.1875 2.76562 0 239232652 3 239092180 0
2.8e-09 1.59375 2.01562 0 212913749 4 212866381 0
2.8e-09 1.67188 2.25 0 246223430 1 246274293 6
2.8e-09 1.70312 2.28125 0 236566934 11 236345431 0
2.8e-09 1.67188 2.25 0 247278779 0 247223596 0
2.8e-09 1.78125 2.35938 0 207553852 24 207655011 21
2.8e-09 1.64062 2.04688 0 197330566 11 197441147 1
2.8e-09 2.09375 2.51562 0 210615287 0 210347188 0
2.8e-09 1.57812 1.98438 0 220123418 0 220334177 3
2.8e-09 1.8125 2.39062 0 193796858 3 194112481 0
2.8e-09 1.76562 2.35938 0 207827415 2 207818133 8
2.8e-09 2.25 2.82812 0 217002999 6 217077567 4
2.8e-09 1.67188 2.25 0 245566403 2 245604096 0
2.8e-09 2.23438 2.8125 0 219636467 1 219726119 2
2.8e-09 2.17188 2.75 0 243222361 10 243334031 13
2.8e-09 1.79688 2.375 0 200868566 2 200774732 2
2.8e-09 2.20312 2.78125 0 231454563 0 231532977 0
2.8e-09 1.71875 2.29688 0 228527675 10 228401500 12
2.8e-09 1.875 2.45312 0 231830603 0 232129931 7
2.8e-09 1.82812 2.40625 0 189949858 5 189979537 2
2.8e-09 1.76562 2.34375 0 211070087 0 211025707 1
2.8e-09 1.79688 2.375 0 197963500 7 197761908 0
2.8e-09 1.70312 2.28125 0 237106027 1 236896714 4
2.8e-09 1.6875 2.26562 0 238613428 1 238492697 15
2.8e-09 1.79688 2.375 0 200343831 0 200329798 9
2.8e-09 1.71875 2.29688 0 231334461 4 231227190 4
2.8e-09 1.5625 1.96875 0 224957096 1 224984671 0
2.8e-09 1.76562 2.34375 0 212183306 23 212203426 23
2.8e-09 2.65625 3.07812 0 250550749 8 250863102 0
2.8e-09 1.85938 2.4375 0 240662328 1 240572084 0
2.8e-09 2.09375 2.5 0 214008274 0 213993987 2
2.8e-09 1.75 2.32812 0 216583130 5 216666208 4
2.8e-09 1.70312 2.28125 0 236590823 3 236679827 12
2.8e-09 2.23438 2.8125 0 221221024 19 221087553 4
2.8e-09 1.5625 1.96875 0 226762623 8 226679606 2
2.8e-09 2.10938 2.53125 0 205298941 3 205225979 1
2.8e-09 1.65625 2.23438 0 192930989 5 192746221 7
2.8e-09 2.15625 2.5625 0 190013410 1 189919865 7
2.8e-09 1.84375 2.42188 0 246503583 6 246579875 4
2.8e-09 2.21875 2.79688 0 227436445 5 227422353 16
2.8e-09 1.64062 2.04688 0 197466412 1 197526513 1
2.8e-09 2.0625 2.46875 0 225799577 0 225790092 0
2.8e-09 1.6875 2.26562 0 244477131 0 244623480 100
2.8e-09 1.625 2.04688 0 201143118 13 201002225 7
2.8e-09 2.1875 2.76562 0 240953402 0 241060649 2
2.8e-09 2.17188 2.75 0 248108280 6 248281180 46
2.8e-09 2.21875 2.79688 0 224977932 2 225231131 0
2.8e-09 1.57812 1.98438 0 219874314 7 219767741 0
2.8e-09 1.59375 2 0 215950407 6 215928141 5
2.8e-09 2.20312 2.78125 0 230306019 0 230180467 58
2.8e-09 1.78125 2.35938 0 206556847 10 206731474 1
2.8e-09 2.29688 2.875 0 199653780 1 199417550 5
2.8e-09 2.125 2.53125 0 202760889 0 202760643 3
