2.8e-09 19.5 2.21875 8.57812 0 550297036 0 0
2.8e-09 20.2031 1.875 8.53125 0 366838019 0 57571454
2.8e-09 infty 1.875 8.51562 230 0 238 144235728
2.8e-09 21.8281 2.4375 8.64062 0 1328 0 444836841
2.8e-09 22.6406 2.20312 8.5625 0 555972363 0 4504
2.8e-09 20.5469 2.46875 8.53125 0 17088 0 423747454
2.8e-09 20.1875 2.23438 8.57812 0 0 0 522008306
2.8e-09 20.2188 1.95312 8.60938 0 541459266 1 0
2.8e-09 21.1875 2.04688 8.53125 0 1171846 0 428426008
2.8e-09 21.7031 2.42188 8.60938 0 0 0 471108536
2.8e-09 infty 2.28125 8.64062 219 609 201 0
2.8e-09 20.2656 1.95312 8.60938 0 0 0 556263935
2.8e-09 27.2969 2.20312 8.5625 80 457389980 95 0
2.8e-09 22.2031 2.3125 8.65625 1 441492907 0 163929
2.8e-09 28.7812 1.98438 8.625 238 381327477 223 47989213
2.8e-09 21.2188 1.85938 8.65625 0 23979 0 439934001
2.8e-09 27.0938 2.75 9.03125 68 0 61 481540564
2.8e-09 infty 2.04688 8.54688 265 152072 261 0
2.8e-09 infty 2.28125 8.625 242 6258316 221 0
2.8e-09 infty 1.95312 8.59375 226 0 222 251478983
2.8e-09 infty 1.96875 8.60938 198 0 205 15654
2.8e-09 20.7969 2.45312 8.65625 0 437333174 0 0
2.8e-09 infty 2.40625 8.60938 218 6491 214 0
2.8e-09 24.3125 2.51562 8.57812 6 26800592 10 440946918
2.8e-09 infty 1.9375 8.59375 253 62307653 240 0
2.8e-09 22.9844 1.89062 8.54688 0 405397585 0 15757111
2.8e-09 infty 2.28125 8.625 241 0 208 0
2.8e-09 28.75 2.26562 8.60938 223 466920666 213 0
2.8e-09 infty 2.71875 8.625 209 0 217 0
2.8e-09 20.4844 2.23438 8.59375 0 0 0 464242018
2.8e-09 20.6094 1.90625 8.54688 0 0 1 510412399
2.8e-09 infty 2.5625 8.625 245 0 218 0
2.8e-09 20.4062 2.35938 8.54688 0 136830 0 479414134
2.8e-09 26.2188 1.875 8.51562 36 85404209 36 459033175
2.8e-09 28.7344 1.98438 8.625 210 430295502 238 0
2.8e-09 20.7188 1.9375 8.57812 0 420004343 0 0
2.8e-09 25.2656 2.26562 8.625 10 298400906 18 142982789
2.8e-09 28.9062 2.23438 8.57812 225 0 247 375212930
2.8e-09 infty 1.90625 8.54688 284 29302375 266 0
2.8e-09 20.6406 1.89062 8.53125 0 378033127 0 43997220
2.8e-09 20.125 1.90625 8.54688 0 437492480 0 767437
2.8e-09 20.5 2.29688 8.64062 0 0 0 456147475
2.8e-09 infty 2.01562 8.65625 208 0 205 0
2.8e-09 infty 2.34375 8.54688 239 0 242 0
2.8e-09 infty 2.21875 8.5625 260 0 237 891370
2.8e-09 25.3125 2.20312 8.54688 11 35460927 15 430148673
2.8e-09 22.5 1.89062 8.53125 0 0 0 499902892
2.8e-09 infty 1.96875 8.625 228 0 230 0
2.8e-09 23.2031 2.3125 8.65625 1 554397590 3 0
2.8e-09 infty 2.3125 8.65625 198 0 229 1305988
2.8e-09 21.0312 1.875 8.51562 0 259633182 0 182916246
2.8e-09 23.0625 2.39062 8.59375 0 0 1 488526403
2.8e-09 26.625 2.3125 8.51562 32 540785173 55 263864
2.8e-09 26.8125 1.95312 8.60938 53 444770831 58 106653622
2.8e-09 19.7031 1.96875 8.60938 0 502052941 0 212595
2.8e-09 23.625 1.89062 8.53125 1 76166922 3 409111823
2.8e-09 20.5156 2.01562 8.51562 0 440066973 0 0
2.8e-09 infty 1.9375 8.57812 221 270857 262 268622596
2.8e-09 23.8281 2.28125 8.64062 5 0 5 508521646
2.8e-09 23.7031 2 8.64062 0 0 2 461079690
2.8e-09 24.5938 2.04688 8.54688 9 36274 10 455572238
2.8e-09 infty 2.54688 8.60938 227 17936 240 6167626
2.8e-09 21.125 1.92188 8.5625 0 0 1 501853047
2.8e-09 20.7656 2.23438 8.57812 0 498068 0 500611290
2.8e-09 22.6719 2.29688 8.65625 0 508729330 1 1319
2.8e-09 24.2344 2.25 8.60938 0 0 2 531864805
2.8e-09 26.2812 2.04688 8.53125 35 493331271 37 0
2.8e-09 24.875 2 8.64062 8 0 1 429246422
2.8e-09 infty 1.96875 8.60938 231 0 233 0
2.8e-09 infty 2.20312 8.5625 260 0 232 923476
2.8e-09 infty 2.3125 8.65625 218 0 194 0
2.8e-09 infty 2.23438 8.57812 232 0 268 0
2.8e-09 infty 2.46875 8.53125 274 0 252 0
2.8e-09 infty 1.875 8.65625 180 0 184 0
2.8e-09 infty 2 8.64062 210 0 226 364
2.8e-09 24.1875 2.46875 8.51562 3 515318943 1 0
2.8e-09 infty 2.01562 8.51562 287 122643 272 0
2.8e-09 20.2969 2.01562 8.65625 0 477884330 0 33514
2.8e-09 21.1562 1.875 8.51562 0 203355 0 549028871
2.8e-09 infty 2.46875 8.51562 268 0 256 0
2.8e-09 26.6094 1.92188 8.5625 37 495008481 41 13699
2.8e-09 20.7031 2.76562 8.53125 0 401611888 0 134139987
2.8e-09 20.7969 2.4375 8.64062 0 0 0 494432330
2.8e-09 20.0312 2.48438 8.54688 0 522102434 0 5946
2.8e-09 19.75 1.95312 8.59375 0 345759051 0 126731343
2.8e-09 23.6875 2.01562 8.65625 1 133155064 1 325050529
2.8e-09 17.6875 2.75 8.65625 0 540164752 0 3
2.8e-09 25.5938 2.79688 8.5625 20 478946316 17 40165
2.8e-09 infty 1.875 8.51562 266 0 278 0
2.8e-09 24.2812 2.29688 8.65625 1 443670220 3 0
2.8e-09 24.3125 2.54688 8.60938 2 1495945 4 454037236
2.8e-09 25.5938 2.21875 8.5625 19 0 18 476394803
2.8e-09 infty 2.03125 8.53125 271 0 292 0
2.8e-09 21.5781 1.90625 8.54688 0 449675075 0 350451
2.8e-09 23.8594 2.29688 8.64062 4 310935793 2 138261869
2.8e-09 25.5781 2.01562 8.51562 13 0 18 423897870
2.8e-09 infty 2.26562 8.60938 210 0 256 0
2.8e-09 infty 2.48438 8.54688 238 17728041 279 0
2.8e-09 22.7656 2.34375 8.54688 0 451820953 0 0
2.8e-09 22.0312 2.46875 8.53125 0 0 0 479505834
2.8e-09 21.0625 2.04688 8.54688 0 422456473 0 0
2.8e-09 24.7812 1.95312 8.60938 8 0 8 498174908
2.8e-09 22.5312 2.04688 8.54688 0 488324064 1 0
2.8e-09 infty 2.28125 8.625 198 0 205 0
2.8e-09 infty 2.04688 8.53125 250 48011788 262 0
2.8e-09 25.5938 2.21875 8.5625 14 550999880 24 0
2.8e-09 infty 2.5625 8.625 233 0 200 0
2.8e-09 infty 1.89062 8.53125 271 0 261 0
2.8e-09 20.75 2.25 8.59375 0 383598097 0 36881464
2.8e-09 infty 2.42188 8.625 204 0 215 0
2.8e-09 24.2031 1.875 9.03125 2 552602498 0 14551
2.8e-09 infty 2.84375 8.60938 237 16077465 232 2524126
2.8e-09 infty 1.96875 8.625 227 0 232 165883
2.8e-09 infty 2.3125 8.65625 210 0 179 0
2.8e-09 21.7188 1.89062 8.53125 0 0 1 437139051
2.8e-09 19.9688 2.04688 8.54688 0 429941010 0 0
2.8e-09 infty 1.98438 8.64062 214 370083 217 0
2.8e-09 22.1719 2.40625 8.60938 0 0 0 503455018
2.8e-09 24.75 1.98438 8.625 6 8077 0 543897267
2.8e-09 19.0312 2.4375 8.64062 0 0 0 522287803
2.8e-09 19.0312 1.875 8.53125 0 512255539 0 4
2.8e-09 20.6562 2.53125 8.59375 1 0 0 464304390
2.8e-09 19.7188 2.35938 8.5625 0 0 0 499413873
2.8e-09 infty 2.34375 8.54688 268 0 243 34931190
2.8e-09 20.0469 2.39062 8.59375 0 0 0 542246437
2.8e-09 infty 2.01562 8.65625 195 0 188 0
2.8e-09 19.7656 2 8.65625 0 516928031 0 0
2.8e-09 19.125 1.92188 8.5625 0 0 0 546247701
2.8e-09 26.8594 2.29688 8.65625 61 512538133 52 0
2.8e-09 infty 2.01562 8.51562 260 503921 286 5182444
2.8e-09 infty 2.01562 8.65625 208 0 203 35530
2.8e-09 infty 1.89062 8.53125 266 236840689 250 0
2.8e-09 20.0156 1.92188 8.5625 0 61888079 0 362836064
2.8e-09 21.125 2.26562 8.625 0 12398223 0 481662201
2.8e-09 infty 2.25 8.59375 249 0 230 0
2.8e-09 24.6406 2.03125 8.53125 12 434134864 5 0
2.8e-09 infty 2.40625 8.60938 217 0 227 858749
2.8e-09 infty 1.92188 8.5625 245 0 257 1285228
2.8e-09 21.25 2.5625 8.60938 0 0 0 508061544
2.8e-09 24.3906 2 8.64062 2 464945917 2 0
2.8e-09 20.0625 2.85938 8.625 0 0 0 530418083
2.8e-09 24.1562 2.28125 8.64062 3 465477241 1 6444033
2.8e-09 25.7812 2.40625 8.60938 20 420871660 20 0
2.8e-09 infty 2.54688 8.60938 216 473163 235 0
2.8e-09 20.7188 2.23438 8.57812 0 554974365 0 510974
2.8e-09 infty 2.35938 8.5625 251 74779261 228 414361
2.8e-09 22.2031 1.92188 8.5625 0 0 0 505781585
2.8e-09 25.3125 2.46875 8.53125 13 0 13 462501827
2.8e-09 21.2188 2.25 8.60938 0 172 0 439696042
2.8e-09 infty 2.20312 8.5625 291 0 272 40348333
2.8e-09 21.1094 2.25 8.60938 0 530895937 0 0
2.8e-09 20 1.9375 8.57812 0 439942427 0 29
2.8e-09 20.5938 2.01562 8.51562 0 516544048 0 281
2.8e-09 infty 2.34375 8.54688 249 0 243 0
2.8e-09 20.1562 1.95312 8.59375 0 421132005 0 79416
2.8e-09 22.7188 2.40625 8.60938 0 123998347 1 408935895
2.8e-09 infty 2.23438 8.57812 243 0 255 0
2.8e-09 25.1875 2.3125 8.65625 12 19250508 8 535079321
2.8e-09 25.8125 2.42188 8.625 26 538060757 30 0
2.8e-09 19.9531 2.26562 8.60938 0 2570573 0 514996792
2.8e-09 19.5156 2.45312 8.65625 0 492005000 0 103881
2.8e-09 20.9688 1.95312 8.59375 0 493093859 0 468
2.8e-09 22.4844 2.32812 8.53125 0 0 0 536742435
2.8e-09 23.0469 2.53125 8.57812 1 0 1 509565708
2.8e-09 infty 2.34375 8.54688 270 0 241 82030082
2.8e-09 20.1406 2.03125 8.53125 0 1057367 0 458556739
2.8e-09 22.6875 1.875 8.65625 1 4353524 0 494201323
2.8e-09 23.0312 2.21875 8.57812 2 522539506 0 44
2.8e-09 22.625 1.95312 8.60938 0 0 0 556624634
2.8e-09 infty 1.90625 8.5625 245 2251848 272 55103289
2.8e-09 infty 1.92188 8.5625 235 0 239 0
2.8e-09 infty 1.875 8.53125 291 0 246 0
2.8e-09 infty 1.95312 8.59375 194 0 229 612790
2.8e-09 infty 2.25 8.60938 243 0 211 0
2.8e-09 18.6562 2.75 8.65625 0 511012838 0 21789179
2.8e-09 19.1406 1.9375 8.57812 0 99031000 0 334175570
2.8e-09 26.125 1.9375 8.57812 14 485737288 22 296654
2.8e-09 21.0938 1.90625 8.54688 0 304600 0 458393283
2.8e-09 29.2031 2.3125 8.51562 272 327368447 295 0
2.8e-09 27.7812 1.98438 8.625 93 0 113 436847802
2.8e-09 24.2031 1.875 8.51562 4 439583204 3 4130204
2.8e-09 23.375 1.96875 8.625 1 0 2 426744507
2.8e-09 23.2031 2.04688 8.54688 2 44594 0 518332972
2.8e-09 27.375 1.92188 8.5625 73 435295666 80 0
2.8e-09 25.6562 2.79688 8.5625 28 102214 15 502109714
2.8e-09 25.1406 2.03125 8.53125 12 505139218 16 0
2.8e-09 25.2812 1.92188 8.5625 11 484095515 8 87
2.8e-09 20.0781 2.48438 8.54688 0 474457130 0 386374
2.8e-09 infty 2.34375 8.54688 250 0 251 0
2.8e-09 infty 1.85938 8.65625 207 0 213 0
2.8e-09 25.25 1.90625 8.54688 8 0 8 555996754
2.8e-09 20.4844 2.23438 8.57812 0 553505390 0 0
2.8e-09 25.2344 2.25 8.59375 18 170490995 13 343185606
2.8e-09 infty 1.89062 8.54688 258 0 282 0
2.8e-09 infty 2.3125 8.65625 205 0 200 0
2.8e-09 21.2188 1.98438 8.625 0 527601 0 420335038
2.8e-09 20.625 2.34375 8.54688 0 0 0 428096855
2.8e-09 24.6406 2.82812 8.59375 5 443979595 5 17264
2.8e-09 20.1875 2.25 8.59375 0 1315 0 525166065
2.8e-09 24.375 2.4375 8.64062 3 520524640 2 0
2.8e-09 27.8594 1.89062 8.53125 145 0 146 525360085
2.8e-09 22.1875 2.26562 8.625 0 432337624 1 11591490
2.8e-09 20.5 1.92188 8.5625 0 0 0 458845604
2.8e-09 23.2344 2.42188 8.625 4 411668906 1 59780744
2.8e-09 infty 2.84375 8.59375 235 0 235 0
2.8e-09 18.7031 2.375 8.57812 0 226822745 0 291268175
2.8e-09 22.4375 2.3125 9.03125 0 510875904 0 12024834
2.8e-09 25.8906 2.29688 8.64062 24 425499437 24 0
2.8e-09 20.0781 1.875 8.65625 0 3311 0 479405176
2.8e-09 23.2812 2.32812 8.53125 0 0 1 452777589
2.8e-09 26.125 2.25 8.59375 27 0 26 545868060
2.8e-09 21.0625 2.42188 8.625 0 548985018 0 5334
2.8e-09 20.6094 1.90625 8.54688 0 727148 0 432747342
2.8e-09 23.7656 2.85938 8.60938 1 436629887 1 0
2.8e-09 19.125 2.8125 8.5625 0 0 0 428302860
2.8e-09 23.7812 2.28125 8.64062 0 0 1 545729628
2.8e-09 21.2812 2.85938 8.60938 0 12773 0 483472850
2.8e-09 24.3281 2.45312 8.65625 6 401747 4 444864542
2.8e-09 infty 1.92188 8.57812 250 0 263 0
2.8e-09 20.6094 1.95312 8.59375 0 0 0 504703491
2.8e-09 20.5625 2.26562 8.625 1 1276574 0 535002709
2.8e-09 19.6406 2.04688 8.54688 0 431675111 0 1826572
2.8e-09 27.2188 2.42188 8.625 73 550338890 94 0
2.8e-09 24.0781 2.48438 8.54688 1 0 0 449291302
2.8e-09 infty 2.34375 8.54688 239 0 281 0
2.8e-09 20.6875 2.82812 8.59375 0 0 0 442218263
2.8e-09 infty 2.29688 8.64062 196 0 208 37504203
2.8e-09 23.8125 2.53125 8.57812 1 1125 1 547578605
2.8e-09 infty 2.35938 8.5625 260 9744 266 0
2.8e-09 infty 2.79688 8.5625 212 0 267 381214
2.8e-09 20.4688 2.375 8.57812 0 475750104 0 21
2.8e-09 25.1719 2.48438 8.53125 11 0 6 426886868
2.8e-09 20.25 2.23438 8.59375 0 3500 0 471071927
2.8e-09 infty 1.90625 8.54688 262 0 260 604
2.8e-09 19.5312 2.53125 8.59375 0 519079218 0 0
2.8e-09 22.5938 1.98438 8.64062 0 432661623 1 0
2.8e-09 26.2344 2.5 8.54688 23 542343855 37 0
2.8e-09 26.6562 1.90625 8.54688 41 511463202 32 0
2.8e-09 23.2344 1.9375 8.59375 2 430850230 0 45868482
2.8e-09 infty 2.79688 8.54688 245 0 263 517838
2.8e-09 21.7656 1.875 8.53125 0 0 0 457534225
2.8e-09 21.0781 1.9375 8.57812 0 812 0 556399301
2.8e-09 19.7656 2.29688 8.64062 0 458663100 0 142807
2.8e-09 28.7969 1.89062 8.53125 283 0 263 441892905
2.8e-09 infty 1.92188 8.5625 273 0 252 0
2.8e-09 22.7969 2.75 8.65625 2 430020303 0 0
2.8e-09 infty 2.46875 8.53125 244 0 292 141457256
2.8e-09 21.1094 2.73438 8.64062 2 226607496 0 300416800
2.8e-09 26.2656 2.84375 8.60938 31 0 31 454022697
2.8e-09 24.8281 2.5 8.54688 15 56924800 13 453815077
2.8e-09 17.9531 2.45312 8.65625 0 4 0 552656074
2.8e-09 26.2656 2.3125 8.51562 37 0 35 501642624
2.8e-09 infty 2.35938 8.5625 248 1157053 249 0
2.8e-09 22.5625 2.04688 8.54688 0 32653 0 470903788
2.8e-09 25.7188 2.45312 8.65625 16 438254851 15 0
2.8e-09 24.0938 2.5 8.5625 1 447001901 2 34951
2.8e-09 21.6719 1.96875 8.60938 0 10376199 0 482266097
2.8e-09 infty 1.875 8.65625 186 0 203 32208
2.8e-09 28.7812 2.40625 8.60938 232 438817427 231 0
2.8e-09 infty 2.45312 8.65625 208 1670856 179 1878396
2.8e-09 21.5 2.32812 8.53125 0 3854491 0 464439607
2.8e-09 20.0312 2 8.64062 0 437500 0 426878826
2.8e-09 20.7812 2.71875 8.625 0 501564524 0 507543
2.8e-09 21.5938 2.75 8.65625 0 412018211 0 8296870
2.8e-09 19.4688 1.875 9.03125 0 436854205 0 0
2.8e-09 21.8125 2.42188 8.625 0 93883271 0 440487158
2.8e-09 infty 1.96875 8.60938 224 46146626 234 0
2.8e-09 25.4219 1.875 8.65625 12 52436 17 531517821
2.8e-09 21.2188 1.9375 8.57812 0 431554134 0 1046625
2.8e-09 infty 2.48438 8.54688 223 0 256 784990
2.8e-09 22.0781 2.29688 8.65625 1 375198473 0 151088624
2.8e-09 19.4375 2.76562 8.51562 0 262064488 0 233917166
2.8e-09 19.7656 2.54688 8.60938 0 460146556 0 0
2.8e-09 20.9844 2.5 8.54688 0 76949 0 435450222
2.8e-09 infty 2.73438 8.64062 222 243485 221 0
2.8e-09 infty 2.76562 8.53125 246 72508056 265 5409987
2.8e-09 infty 1.98438 8.64062 226 0 212 0
2.8e-09 28.2656 2.53125 8.59375 185 502099922 179 1034882
2.8e-09 21.1719 1.98438 8.625 0 462848097 0 2279924
2.8e-09 24.6094 1.96875 8.625 4 478118949 7 655673
2.8e-09 20.2031 2.39062 8.59375 0 420532375 0 34525474
2.8e-09 25.6875 1.89062 8.53125 14 480911893 20 0
2.8e-09 20.75 2.23438 8.57812 0 6906 0 534489625
2.8e-09 26.3594 2.5625 8.60938 40 530840654 24 0
2.8e-09 19.0938 1.875 8.65625 0 12604764 0 533005357
2.8e-09 27.2812 2.51562 8.57812 88 752626 81 497543694
2.8e-09 infty 2.5625 8.625 232 109836993 249 0
2.8e-09 25.8594 1.90625 8.5625 23 505913352 27 0
2.8e-09 23.2188 1.89062 8.54688 1 535965360 1 5
2.8e-09 20.6719 1.98438 8.64062 0 267 0 455150383
2.8e-09 19.7812 1.96875 8.625 0 452066040 0 88416
2.8e-09 20.0781 1.98438 8.625 0 512695183 0 0
2.8e-09 infty 2.29688 8.64062 218 0 219 151509
2.8e-09 19.4844 2.28125 8.625 0 0 0 427470379
2.8e-09 20.7031 2.28125 8.64062 0 99 0 511409134
2.8e-09 19.0156 1.95312 8.60938 0 533955930 0 55
2.8e-09 infty 1.98438 8.625 209 0 254 0
2.8e-09 infty 1.96875 8.60938 234 13284 252 212005311
2.8e-09 24.3594 1.98438 8.64062 6 529992998 2 4500
2.8e-09 19.7656 1.96875 8.60938 0 629041 0 445916229
2.8e-09 infty 1.90625 8.5625 246 353482 279 395405
2.8e-09 infty 2.46875 8.51562 260 0 241 0
2.8e-09 21.2344 2.04688 8.54688 0 393629907 0 41121353
2.8e-09 19.6562 2.23438 8.59375 0 0 0 434836446
2.8e-09 19.1875 2.26562 8.60938 0 147584028 0 369312538
2.8e-09 infty 2.39062 8.59375 232 326313 238 840618
2.8e-09 20.4531 2.34375 8.54688 0 0 0 446587470
2.8e-09 19.5781 1.98438 8.625 0 410315294 0 88132550
2.8e-09 20 1.92188 8.5625 0 551419943 0 44
2.8e-09 25.6406 2.54688 8.60938 12 0 16 519296524
2.8e-09 infty 2.35938 8.5625 237 0 250 9421634
2.8e-09 infty 2.42188 8.625 226 0 200 0
2.8e-09 22.8438 2.84375 8.60938 0 0 0 537383418
2.8e-09 22.25 2.21875 8.5625 1 0 1 460768937
2.8e-09 21.4688 1.90625 8.54688 0 521148243 0 0
2.8e-09 20.5312 1.98438 8.625 0 501412193 0 0
2.8e-09 infty 1.90625 8.54688 246 0 260 0
2.8e-09 infty 2.29688 8.65625 205 0 217 59010695
2.8e-09 21.7031 1.85938 8.65625 0 331944446 0 130998054
2.8e-09 21.1719 2.3125 8.65625 0 0 0 421523768
2.8e-09 26.1875 1.875 8.51562 29 5307620 27 412926976
2.8e-09 26.375 2.20312 8.5625 35 0 40 427813873
2.8e-09 22.7812 2.73438 8.64062 1 38235 0 445153367
2.8e-09 23.7031 2.76562 8.53125 2 452853627 3 0
2.8e-09 20.25 2.39062 8.59375 0 2843846 0 502527208
2.8e-09 infty 1.96875 8.60938 210 0 249 0
2.8e-09 21.0781 1.96875 8.60938 0 317750098 0 230053428
2.8e-09 26.1406 2.48438 8.53125 29 0 25 428157047
2.8e-09 20.6875 2.26562 8.60938 0 0 0 448787351
2.8e-09 20.5156 2.23438 8.59375 0 534344803 0 0
2.8e-09 infty 1.95312 8.59375 255 0 217 0
2.8e-09 23.2812 1.90625 8.54688 6 351058558 5 188653163
2.8e-09 infty 1.875 8.65625 213 385979 213 0
2.8e-09 23.3281 1.98438 8.625 3 0 0 455454978
2.8e-09 23.2812 1.95312 8.59375 0 489120362 1 105303
2.8e-09 28.6406 2.03125 8.53125 290 543996996 279 0
2.8e-09 24.7656 2.25 8.59375 6 0 7 422077264
2.8e-09 22.4844 2.48438 8.53125 0 0 2 545866442
2.8e-09 infty 2.42188 8.625 218 420133 243 55301001
2.8e-09 20.7656 2 8.64062 0 522973274 0 94
2.8e-09 infty 1.92188 8.5625 258 0 245 711563
2.8e-09 22 2.01562 8.51562 1 514967352 0 22
2.8e-09 25.6875 2.45312 8.65625 9 531028530 17 109232
2.8e-09 19.5781 1.89062 8.53125 0 471716741 0 13968
2.8e-09 infty 2.40625 8.60938 227 0 231 0
2.8e-09 infty 2.20312 8.54688 277 0 236 0
2.8e-09 26.3438 1.9375 8.57812 58 0 41 536981445
2.8e-09 infty 2 8.64062 194 0 223 0
2.8e-09 23.5781 2.8125 8.57812 0 0 0 498696893
2.8e-09 20.7188 2.25 8.60938 0 400337793 0 36331334
2.8e-09 23.7969 1.98438 8.625 2 174816 1 523721519
2.8e-09 20.2031 1.96875 8.60938 0 0 1 422330870
2.8e-09 25.25 2.8125 8.57812 14 500033563 19 225
2.8e-09 19.7344 2.5625 8.60938 0 483136613 0 5148990
2.8e-09 infty 2 8.64062 200 0 207 0
2.8e-09 26.7031 2.25 8.59375 39 465934784 36 0
2.8e-09 infty 1.89062 8.54688 254 0 258 0
2.8e-09 23.1875 2.53125 8.59375 0 528941362 4 436247
2.8e-09 infty 2.79688 8.5625 288 140911 259 0
2.8e-09 26.1094 2.03125 8.53125 30 9299996 26 456135989
2.8e-09 24.1094 1.96875 8.625 0 432835244 1 8462
2.8e-09 27.1562 1.95312 8.59375 48 416642490 56 24434619
2.8e-09 infty 1.98438 8.64062 236 0 209 297641
2.8e-09 infty 2.26562 8.625 229 2401545 229 0
2.8e-09 24.2031 2 8.64062 9 531534818 5 143590
2.8e-09 26.2656 1.90625 8.5625 42 167241 34 445743827
2.8e-09 21.5 1.96875 8.60938 0 485458929 0 0
2.8e-09 25.2031 2.75 8.65625 3 0 15 468659635
2.8e-09 24.0625 1.875 8.51562 0 116282641 3 377495573
2.8e-09 infty 1.92188 8.5625 228 0 273 683702
2.8e-09 26.2188 2.03125 8.53125 31 535558963 30 0
2.8e-09 infty 2.25 8.60938 213 0 237 1552136
2.8e-09 infty 2.23438 8.59375 240 0 253 372309
2.8e-09 25.8906 2.85938 8.625 24 0 26 459442912
2.8e-09 27.2031 2.32812 8.53125 64 422113204 62 50168
2.8e-09 20 2.04688 8.54688 0 479170608 0 0
2.8e-09 infty 2.01562 8.51562 276 0 273 0
2.8e-09 22.1875 2.40625 8.60938 0 0 0 438534872
2.8e-09 23.6562 2.26562 8.625 0 0 1 530487592
2.8e-09 21.3125 2.40625 8.60938 0 528406944 0 0
2.8e-09 infty 2.82812 8.59375 237 401611 272 0
2.8e-09 27.1875 2.26562 8.60938 80 0 73 527568966
2.8e-09 infty 1.9375 8.57812 247 0 239 0
2.8e-09 22.0781 2.40625 8.60938 0 0 0 445140161
2.8e-09 infty 2.84375 8.60938 249 0 240 0
2.8e-09 infty 2.85938 8.625 242 0 209 0
2.8e-09 20.7969 2.28125 8.64062 0 434065799 0 306876
2.8e-09 infty 2.28125 8.625 218 0 224 9087940
2.8e-09 infty 2.35938 8.5625 272 4610 252 3422
2.8e-09 23.1406 2.48438 8.54688 0 5788788 0 444107900
2.8e-09 infty 1.89062 8.53125 246 0 262 0
2.8e-09 20.0625 2.51562 8.57812 0 1805 0 523022294
2.8e-09 23.125 2.46875 8.53125 3 524433921 0 30520659
2.8e-09 21 2.35938 8.5625 0 543096420 0 11520
2.8e-09 20.7031 1.89062 8.54688 0 438435759 0 0
2.8e-09 22.0469 2.34375 8.54688 0 554292031 0 0
2.8e-09 26.9219 2.26562 8.60938 60 55795069 51 407073158
2.8e-09 24.2969 2.78125 8.54688 4 5472 7 460814451
2.8e-09 infty 2.04688 8.54688 238 0 220 6037589
2.8e-09 21.2188 2.5 8.5625 0 157273613 0 317079834
2.8e-09 21.6406 1.96875 8.60938 0 0 0 524599401
2.8e-09 19.1875 1.85938 8.65625 0 511833619 0 0
2.8e-09 infty 2.48438 8.53125 270 0 268 0
2.8e-09 29.1719 2.3125 8.51562 251 175500052 268 156122521
2.8e-09 21.0938 1.89062 8.53125 0 0 0 422413765
2.8e-09 28.3906 1.85938 8.65625 142 437146781 154 0
2.8e-09 24.5781 1.90625 8.54688 10 50534 8 549138370
2.8e-09 infty 2.25 8.60938 230 124796659 211 0
2.8e-09 infty 1.92188 8.5625 254 0 265 0
2.8e-09 infty 2.21875 8.57812 223 33915 279 0
2.8e-09 infty 1.92188 8.5625 257 0 220 33335506
2.8e-09 19.4531 1.90625 8.54688 0 36478 0 441193303
2.8e-09 infty 2.26562 8.60938 207 0 207 0
2.8e-09 22.5938 2.8125 8.5625 0 28166784 0 466010377
2.8e-09 20.0156 2.03125 8.53125 0 971 0 457378671
2.8e-09 infty 1.9375 8.57812 252 73880708 203 0
2.8e-09 infty 2.5625 8.625 223 0 205 1550484
2.8e-09 infty 2.75 8.65625 208 0 227 0
2.8e-09 21.0625 1.96875 8.60938 0 419 0 431209024
2.8e-09 infty 2.53125 8.59375 234 1347715 216 0
2.8e-09 20.2031 2.8125 8.57812 0 445881392 0 65730474
2.8e-09 19.0625 1.875 8.53125 0 0 0 485208628
2.8e-09 infty 1.92188 8.5625 259 0 254 391956
2.8e-09 26.2344 1.95312 8.59375 38 484059093 32 26548099
2.8e-09 28.8438 1.98438 8.625 218 412616578 237 0
2.8e-09 infty 1.89062 8.53125 254 0 262 0
2.8e-09 21.7969 2.40625 8.60938 0 528065932 0 1540954
2.8e-09 21.5625 1.95312 8.60938 0 504675 0 434339280
2.8e-09 20.9375 2.21875 8.5625 0 21296783 0 474872752
2.8e-09 22.8438 2.42188 8.625 0 864021 1 435824223
2.8e-09 22.5469 2.26562 8.60938 0 0 0 491491205
2.8e-09 27.3281 2.20312 8.5625 74 0 91 439802593
2.8e-09 21.1562 1.89062 8.53125 0 466844133 0 2796576
2.8e-09 21.3281 2.28125 8.64062 0 14197 0 490745746
2.8e-09 18.6094 2.20312 8.54688 0 6 0 535330385
2.8e-09 19.5 1.96875 8.625 0 0 0 425835643
2.8e-09 24.7344 2.01562 9.03125 0 547276927 3 36
2.8e-09 21.6875 2.84375 8.59375 1 468676326 0 0
2.8e-09 23.5469 2.82812 8.57812 0 432457920 1 0
2.8e-09 20.0469 1.9375 8.59375 0 2 0 428423141
2.8e-09 infty 2.3125 8.65625 223 0 209 0
2.8e-09 27.2812 2.79688 8.5625 79 0 79 470988955
2.8e-09 infty 1.875 8.53125 264 25168034 249 30029
2.8e-09 28.375 2.78125 8.54688 262 493398277 271 0
2.8e-09 20.9844 2.54688 8.60938 0 2566 0 487403929
2.8e-09 infty 2.35938 8.5625 253 0 239 0
2.8e-09 29.2344 1.96875 8.60938 255 0 248 316590773
2.8e-09 25.7812 1.875 8.51562 30 98185813 20 451914249
2.8e-09 infty 2.79688 8.5625 255 0 243 0
2.8e-09 24.125 1.98438 8.625 2 0 1 439279149
2.8e-09 19.6562 2.04688 8.54688 0 274170 0 438790372
2.8e-09 infty 2.29688 8.65625 240 495172 222 2730722
2.8e-09 25.75 2.23438 8.57812 14 440521607 14 0
2.8e-09 21.1719 2.51562 8.57812 0 471255729 0 0
2.8e-09 19.6719 2.32812 8.53125 0 3392 0 551196457
2.8e-09 22.1094 2.35938 8.5625 0 0 1 453038573
2.8e-09 infty 2.53125 8.59375 256 0 210 125556966
2.8e-09 infty 2.34375 8.54688 252 2024207 260 0
2.8e-09 22.1094 2.01562 8.65625 0 519851229 1 0
2.8e-09 28.25 2.28125 8.64062 168 578367 148 540169462
2.8e-09 21.0312 2.26562 8.625 0 246319 0 503955148
2.8e-09 20.5469 2.3125 8.51562 0 544177724 0 1567977
2.8e-09 24.6094 1.95312 8.59375 11 0 6 530120114
2.8e-09 20.6875 1.96875 8.625 0 429552593 0 0
2.8e-09 22.25 2.29688 8.65625 1 0 0 437007200
2.8e-09 20.9844 1.92188 8.5625 0 5935 0 479392393
2.8e-09 20.2969 2.75 8.65625 0 0 0 436741572
2.8e-09 21.7031 1.98438 8.64062 0 506981752 0 0
2.8e-09 19.6875 1.95312 8.59375 0 0 0 523720167
2.8e-09 28.375 2 8.64062 173 0 163 432265188
2.8e-09 21.0469 2.29688 8.64062 0 173 0 500943847
2.8e-09 21 2.85938 8.625 1 22990890 0 403018781
2.8e-09 infty 2.39062 8.59375 224 0 225 0
2.8e-09 23.1875 2.04688 8.53125 0 265532694 1 268752594
2.8e-09 25.8906 2.45312 8.65625 21 130338098 21 356272940
2.8e-09 19.7031 1.98438 8.625 0 519181727 0 0
2.8e-09 infty 2.42188 8.625 259 0 281 0
2.8e-09 21.2812 2.73438 8.64062 0 527372 0 432855026
2.8e-09 infty 2.21875 8.57812 236 1024395 245 0
2.8e-09 infty 1.9375 8.59375 236 0 233 0
2.8e-09 25.8594 1.90625 8.5625 25 444103065 15 112041
2.8e-09 21.1562 2.5625 8.60938 0 490274309 0 0
2.8e-09 20.125 2.03125 8.53125 0 443819503 0 0
2.8e-09 26.6094 2.35938 8.5625 50 0 42 491178964
2.8e-09 22.125 1.95312 8.59375 0 450652646 1 0
2.8e-09 20.1562 2.78125 8.54688 0 552165975 0 4381
2.8e-09 19.9844 2.29688 8.64062 0 558022639 0 204
2.8e-09 20.2031 1.98438 8.625 0 67494367 0 448474326
2.8e-09 infty 2.4375 8.64062 201 0 183 0
2.8e-09 25.9219 2.3125 8.65625 18 200129616 23 235960583
2.8e-09 infty 1.92188 8.5625 223 0 261 0
2.8e-09 infty 2.85938 8.625 210 0 209 0
2.8e-09 19.4375 2.35938 8.5625 0 98463175 0 391848225
2.8e-09 19.1875 1.90625 8.54688 0 165054 0 535447811
2.8e-09 20.7812 2.5625 8.60938 0 188 0 504334057
2.8e-09 infty 2.28125 8.64062 208 0 211 35929952
2.8e-09 25.4531 2.4375 8.64062 14 1626826 11 506882126
2.8e-09 infty 2.54688 8.60938 230 0 236 0
2.8e-09 20.125 1.90625 8.54688 0 354386052 1 119498638
2.8e-09 22.6094 2.01562 8.65625 0 912701 0 439750013
2.8e-09 infty 1.98438 8.625 205 820110 232 0
2.8e-09 20.9688 2.23438 8.57812 0 501261663 0 242
2.8e-09 19.9844 1.875 8.51562 0 424979276 0 2
2.8e-09 21.1406 2.375 8.57812 0 0 0 500373464
2.8e-09 26.6406 1.875 8.53125 49 19074639 50 449437158
2.8e-09 20.5469 2.28125 8.64062 0 809401 0 552736598
2.8e-09 infty 2.82812 8.59375 225 0 219 3939
2.8e-09 infty 2.34375 8.54688 231 0 250 0
2.8e-09 24.1562 2.48438 8.54688 4 444448850 2 45477300
2.8e-09 22.1406 2 8.65625 1 2349105 0 490253131
2.8e-09 21.4844 1.89062 8.54688 0 306083 0 547244676
2.8e-09 28.6875 2.03125 8.53125 255 316440953 258 164396213
2.8e-09 infty 2.35938 8.5625 246 0 260 0
2.8e-09 22.7188 2.3125 8.65625 0 0 0 493786375
2.8e-09 infty 2.26562 8.625 216 0 210 0
2.8e-09 19.7969 2.71875 8.625 0 0 0 438737817
2.8e-09 20.5625 1.90625 8.54688 0 0 0 486026299
2.8e-09 25.6562 2.25 8.60938 16 435261826 14 534007
2.8e-09 infty 2.34375 8.54688 282 0 263 0
2.8e-09 25.9688 2.01562 8.65625 17 0 28 436553306
2.8e-09 20.2812 1.875 8.65625 0 0 0 449665605
2.8e-09 25.3594 1.98438 8.625 11 0 11 437086601
2.8e-09 infty 2.84375 8.60938 223 0 250 0
2.8e-09 23.0938 2.78125 8.53125 0 466877551 0 262
2.8e-09 19.6562 1.95312 8.59375 0 425790264 0 0
2.8e-09 22.6875 1.95312 8.60938 1 21359566 1 460913727
2.8e-09 22.7031 1.98438 8.625 0 496438313 0 0
2.8e-09 infty 2.01562 8.65625 192 0 187 0
2.8e-09 18.9219 1.90625 8.54688 0 42128136 0 429082259
2.8e-09 24.7656 2.28125 8.625 7 0 5 427696569
2.8e-09 28.1562 2.375 8.5625 142 3759728 134 435987936
2.8e-09 25.3594 1.92188 8.5625 21 431541033 11 0
2.8e-09 infty 2.26562 8.60938 227 7926 232 0
2.8e-09 20.2031 2.21875 8.5625 0 2262393 0 499216362
2.8e-09 infty 2.75 8.65625 206 50808638 220 0
2.8e-09 21.9844 1.89062 8.53125 0 459196209 0 78553582
2.8e-09 25.0312 1.89062 8.53125 12 519516119 14 0
2.8e-09 20.8906 2.01562 9.03125 0 0 0 490641145
2.8e-09 20.2812 1.96875 8.60938 0 12378 0 495319993
2.8e-09 20 1.98438 8.625 0 48966 0 552269251
2.8e-09 infty 2.28125 8.625 225 192446922 252 0
2.8e-09 26.1719 2.79688 8.5625 29 0 25 435743196
2.8e-09 22.3125 2.23438 8.59375 0 450615980 0 24119857
2.8e-09 20.7656 2.42188 8.625 0 453943433 0 189097
2.8e-09 infty 1.90625 8.54688 260 1043510 257 22167412
2.8e-09 20.125 2.45312 8.65625 0 3861861 0 451140104
2.8e-09 25.625 2.21875 8.5625 23 45362864 17 489291052
2.8e-09 20.2031 2.3125 8.65625 0 55794 0 512273561
2.8e-09 25.75 1.96875 8.60938 21 3416 18 418656972
2.8e-09 21.0781 2.25 8.59375 0 1090 0 472945373
2.8e-09 25.2656 1.9375 8.57812 13 489957048 11 1894149
2.8e-09 20.0938 2.29688 8.65625 0 507640293 0 0
2.8e-09 19.7812 2.75 8.65625 0 446224739 0 0
2.8e-09 20.2031 1.89062 8.54688 0 24 0 421898565
2.8e-09 24.8281 2.40625 8.60938 2 516190722 1 0
2.8e-09 infty 2.23438 8.57812 245 0 244 212529
2.8e-09 21.7344 2.35938 8.5625 0 430089476 0 1516089
2.8e-09 21.1094 2.375 8.57812 0 577357 0 522991818
2.8e-09 20.4688 2.26562 8.60938 0 207951 0 432301420
2.8e-09 20.75 2 8.64062 0 287 0 541277539
2.8e-09 21.6562 2.5 8.5625 0 499088803 1 0
2.8e-09 20.0781 2.78125 8.54688 0 480174210 0 0
2.8e-09 25.2969 1.875 8.53125 23 469758589 19 52491
2.8e-09 infty 2.28125 8.64062 207 203901 201 0
2.8e-09 26.3281 2.03125 8.51562 29 132163 51 462860851
2.8e-09 18.5469 1.92188 8.5625 0 506325063 0 1169828
2.8e-09 21.125 2.54688 8.60938 0 671541 0 507589644
2.8e-09 infty 2.34375 8.54688 240 0 237 942610
2.8e-09 infty 1.90625 8.54688 264 0 239 151433661
2.8e-09 26.1875 2.34375 8.54688 35 505740693 31 0
2.8e-09 infty 1.96875 8.60938 239 770953 210 57037401
2.8e-09 23.2344 2 8.64062 1 170014750 1 276030422
2.8e-09 26.6875 2.85938 8.625 28 169246209 31 267846106
2.8e-09 20.7031 1.96875 8.60938 0 434855692 0 1815
2.8e-09 infty 2 8.64062 204 0 221 0
2.8e-09 20.7031 2.76562 8.53125 0 492517046 0 9367576
2.8e-09 21.5938 1.90625 8.54688 0 0 0 557920780
2.8e-09 28.3906 2.39062 8.59375 168 2048054 175 424823923
2.8e-09 25.8125 1.9375 8.59375 23 515619207 15 10882465
2.8e-09 25.1875 1.89062 8.53125 18 1068397 12 551832211
2.8e-09 infty 2.45312 8.65625 213 103362112 209 0
2.8e-09 20.7031 2.21875 8.5625 0 36727126 0 385837218
2.8e-09 20.6719 2.03125 8.53125 0 422077813 0 132237647
2.8e-09 26.8594 2.23438 8.57812 49 0 71 508990314
2.8e-09 26.0781 2.46875 8.53125 23 0 26 495627028
2.8e-09 20.75 2.23438 8.59375 0 92 0 465392274
2.8e-09 25.2188 2.04688 8.54688 19 240906191 7 280860599
2.8e-09 infty 2.42188 8.625 222 3060408 217 0
2.8e-09 infty 2.01562 8.65625 216 211345524 191 0
2.8e-09 infty 2.01562 8.51562 307 170733928 272 0
2.8e-09 infty 1.95312 8.60938 252 0 222 46666260
2.8e-09 21.6562 2.84375 8.60938 1 510058671 1 0
2.8e-09 infty 2.71875 8.64062 208 0 203 1017511
2.8e-09 19.7031 2.8125 8.57812 0 227791 0 521934538
2.8e-09 infty 2.35938 8.5625 260 4550223 259 23819812
2.8e-09 24.6094 2.20312 8.5625 14 452850469 12 53841265
2.8e-09 20.9688 2.5 8.5625 0 433800315 0 0
2.8e-09 infty 2.51562 8.5625 250 0 256 0
2.8e-09 infty 1.92188 8.5625 239 0 225 0
2.8e-09 20.4062 1.89062 8.53125 0 524285615 0 805
2.8e-09 21.5938 1.875 8.53125 1 554928369 0 0
2.8e-09 22.0312 2.71875 8.625 0 0 0 479052854
2.8e-09 infty 2.45312 8.65625 196 0 203 284922
2.8e-09 infty 2.51562 8.57812 263 23914 235 0
2.8e-09 infty 2.04688 8.54688 265 0 289 80250643
2.8e-09 20.5625 1.90625 8.54688 0 5710 0 538071914
2.8e-09 19.4375 2.23438 8.59375 0 108448 0 456680796
2.8e-09 20.5625 2.8125 8.57812 0 25 1 542095250
2.8e-09 infty 2.26562 8.60938 236 136097 214 10145736
2.8e-09 21.1719 1.96875 8.625 0 469040586 0 1728907
2.8e-09 21.0625 2.76562 8.53125 0 442514915 0 0
2.8e-09 26.8594 2.53125 8.57812 40 466108913 61 0
2.8e-09 21.2812 2.3125 8.65625 0 0 0 436751736
2.8e-09 21.2344 2.34375 8.54688 0 0 1 427390287
2.8e-09 infty 2.4375 8.625 234 2349612 181 0
2.8e-09 infty 1.92188 8.5625 225 0 239 722152
2.8e-09 25.8125 2.54688 8.60938 26 0 22 477363925
2.8e-09 26.8438 1.875 8.65625 50 474796087 47 0
2.8e-09 22.1406 2.78125 8.54688 0 0 0 559138047
2.8e-09 20.0469 2.51562 8.57812 0 4123309 0 475143227
2.8e-09 infty 2.45312 8.65625 203 87267199 201 0
2.8e-09 23.7344 2.45312 8.65625 0 0 0 432752828
2.8e-09 infty 1.90625 8.54688 250 0 267 0
2.8e-09 20.6094 2.26562 8.60938 0 0 0 546875378
2.8e-09 infty 1.92188 8.5625 270 0 258 851914
2.8e-09 19.0625 1.89062 8.53125 0 489307358 0 0
2.8e-09 infty 1.90625 8.54688 268 40778759 280 0
2.8e-09 23.2031 1.95312 8.59375 2 0 0 520409126
2.8e-09 27.9062 2.29688 8.65625 129 486539326 121 4964635
2.8e-09 24.2656 2.25 8.60938 4 593787 1 454541447
2.8e-09 26.9062 2.25 8.59375 49 441418429 49 2764553
2.8e-09 21.25 1.92188 8.5625 0 0 0 457433339
2.8e-09 22.1875 1.89062 8.53125 0 8340306 0 454943237
2.8e-09 25.8125 2.39062 8.59375 15 543766411 28 271572
2.8e-09 22.8438 2.29688 8.64062 0 0 0 535853011
2.8e-09 23.7188 1.95312 8.59375 4 4086 3 433074589
2.8e-09 21.1875 2.21875 8.5625 0 438274015 0 2683947
2.8e-09 19.5625 1.875 8.53125 0 5469 0 506541360
2.8e-09 infty 2.42188 8.625 200 0 244 88815270
2.8e-09 20.8125 2.4375 8.64062 0 493966224 0 48804372
2.8e-09 19.9531 2.375 8.57812 0 4330 0 477116899
2.8e-09 28.9688 2.54688 8.60938 236 0 238 336902476
2.8e-09 19.9844 2.23438 8.57812 0 515686127 0 201057
2.8e-09 27.1562 1.92188 8.57812 53 0 54 454040413
2.8e-09 infty 1.90625 8.54688 234 420917 257 77601162
2.8e-09 21.4844 1.90625 8.54688 0 272646256 0 278838655
2.8e-09 21.1562 1.875 8.65625 0 875 0 483096191
2.8e-09 24.2969 2.71875 8.625 3 436207771 3 0
2.8e-09 19.25 2.71875 8.625 0 482347696 0 1
2.8e-09 21.1875 2.46875 8.53125 0 398571334 0 62061288
2.8e-09 infty 2.8125 8.5625 238 0 262 2149787
2.8e-09 26.2188 1.92188 8.5625 31 85242614 32 400890191
2.8e-09 24.2812 1.96875 8.60938 2 0 1 496625335
2.8e-09 18.8594 1.90625 8.54688 0 405149234 0 50885751
2.8e-09 24.8438 2.5 8.5625 8 503133462 11 0
2.8e-09 25.5938 1.92188 8.5625 19 23253 16 551442719
2.8e-09 28.4062 2.04688 8.54688 236 451581247 252 31875125
2.8e-09 24.2344 2.01562 8.51562 3 324587 7 501936420
2.8e-09 21.7188 2.20312 8.5625 1 0 1 419139517
2.8e-09 19.7031 2.29688 8.64062 0 6502323 0 504413477
2.8e-09 24.7656 1.95312 8.59375 10 0 9 500218275
2.8e-09 21.6406 1.92188 8.57812 0 518636158 0 591
2.8e-09 21.0156 1.95312 8.59375 0 26 0 459402475
2.8e-09 20.5625 2.375 8.5625 0 554543558 0 84
2.8e-09 infty 2.76562 8.53125 266 0 261 0
2.8e-09 21.0312 2.21875 8.5625 0 551891618 0 5534553
2.8e-09 24.7969 2.23438 8.57812 6 485454077 9 0
2.8e-09 21.0781 1.96875 8.60938 0 452135716 0 4833
2.8e-09 21.3125 2.3125 8.65625 0 0 0 558345070
2.8e-09 22.5469 2.3125 8.51562 0 0 1 475173283
2.8e-09 20.6406 1.85938 8.65625 0 0 0 522466063
2.8e-09 21.25 2.01562 8.65625 1 7639363 0 501871700
2.8e-09 infty 2 8.64062 208 18423 210 242822421
2.8e-09 infty 2.35938 8.5625 242 0 235 105745974
2.8e-09 infty 1.92188 8.5625 228 0 251 0
2.8e-09 26.2656 1.89062 8.54688 39 498165546 34 0
2.8e-09 23.8594 2.3125 8.65625 0 0 4 481015977
2.8e-09 20.4375 1.89062 8.54688 0 18 0 458250278
2.8e-09 22.125 2 8.64062 1 171492212 0 288279321
2.8e-09 infty 1.85938 8.65625 197 3901236 207 98306
2.8e-09 20.5625 1.89062 8.53125 0 474500524 1 79277976
2.8e-09 infty 1.92188 8.5625 252 0 228 6383
2.8e-09 22.7031 2.79688 8.54688 2 349296754 1 91138536
2.8e-09 20.1562 2.03125 8.53125 0 513703493 0 18194
2.8e-09 infty 2.26562 8.60938 246 0 215 1496144
2.8e-09 26.2812 2.5 8.54688 30 0 45 443324726
2.8e-09 22.1875 1.95312 8.60938 0 192329525 0 295161696
2.8e-09 21.0156 2.4375 8.64062 0 462803327 0 281050
2.8e-09 infty 2.46875 8.53125 287 88425432 269 0
2.8e-09 20.0625 1.92188 8.5625 0 8524964 0 470601941
2.8e-09 infty 2.32812 8.53125 227 0 264 0
2.8e-09 infty 2.3125 8.65625 184 57241734 195 0
2.8e-09 infty 2.45312 8.65625 190 0 224 447704
2.8e-09 26.1562 1.90625 8.54688 26 0 29 437077049
2.8e-09 24.7031 2.5625 8.625 8 0 6 457971954
2.8e-09 22.1562 2.04688 8.54688 0 537934686 0 0
2.8e-09 20.5156 2.82812 8.59375 0 511560264 0 0
2.8e-09 27.8906 2.48438 8.54688 146 0 152 473951823
2.8e-09 infty 1.96875 8.625 206 15537 232 467365
2.8e-09 19.6562 2.78125 8.53125 0 0 0 421181357
2.8e-09 infty 2.42188 8.625 213 0 222 0
2.8e-09 infty 2.78125 8.54688 251 96081204 267 256646
2.8e-09 22.0625 2.79688 8.5625 0 35104 0 445144763
2.8e-09 27.7656 1.92188 8.5625 110 109811645 115 323001057
2.8e-09 24.75 1.98438 8.625 5 0 7 429705030
2.8e-09 20.1094 2.5625 8.625 0 270495122 0 179141763
2.8e-09 infty 2.79688 8.5625 243 0 275 0
2.8e-09 infty 2.48438 8.53125 249 0 284 0
2.8e-09 21.7344 2.5625 8.60938 0 10482318 0 526771708
2.8e-09 infty 2.20312 8.54688 278 0 212 0
2.8e-09 20.0312 1.875 8.51562 0 422121675 0 24002
2.8e-09 24.9219 2 8.65625 11 0 16 514488397
2.8e-09 infty 2.54688 8.60938 243 216614993 208 0
2.8e-09 24.6875 2.71875 8.625 4 0 7 529933723
2.8e-09 22.7812 2.3125 8.65625 1 403203801 1 18106194
2.8e-09 24.1719 2.48438 8.54688 1 82221306 7 471155092
2.8e-09 19.7188 1.95312 8.59375 0 490509315 0 2924
2.8e-09 19.9219 2.34375 8.54688 0 1331859 0 486852664
2.8e-09 25.7344 2.23438 8.59375 13 444479324 22 1799941
2.8e-09 24.6562 1.89062 8.54688 12 38032733 8 515593295
2.8e-09 26.1719 2.21875 8.5625 31 509538791 38 52987
2.8e-09 infty 2.32812 8.53125 267 0 279 1829469
2.8e-09 20.7344 2.20312 8.5625 0 554529753 0 0
2.8e-09 27.1562 1.875 8.53125 67 446697969 66 0
2.8e-09 25.9219 2.39062 8.59375 18 490799109 18 6550
2.8e-09 20.6875 2.35938 8.5625 0 441721334 0 64794
2.8e-09 20.1406 2.4375 8.64062 0 516207375 0 23875162
2.8e-09 19.9375 2.76562 8.51562 0 488930619 0 0
2.8e-09 21.5312 2.40625 8.60938 0 743338 0 502024894
2.8e-09 28.2969 1.95312 8.60938 150 498823842 146 0
2.8e-09 infty 1.89062 8.53125 259 5302161 278 0
2.8e-09 23.1562 2.54688 8.60938 2 45468 1 444742158
2.8e-09 20.5 2.23438 8.57812 0 0 0 447138600
2.8e-09 20.4531 2.03125 8.53125 0 2754639 0 489759614
2.8e-09 25.9062 2.45312 8.65625 17 325813559 15 108006186
2.8e-09 28.1875 1.89062 8.53125 146 431639611 145 6359765
2.8e-09 26.3594 1.95312 8.59375 32 533425801 46 0
2.8e-09 22.5156 2.34375 8.54688 0 519701216 0 391
2.8e-09 26.7188 2.23438 8.57812 35 0 41 465807277
2.8e-09 21.6094 2.35938 8.5625 0 0 0 440626773
2.8e-09 20.0938 1.85938 8.65625 0 1282934 0 483598386
2.8e-09 21.0469 2.32812 8.53125 0 552129914 0 2719556
2.8e-09 infty 1.9375 8.59375 237 0 233 0
2.8e-09 23.5469 2.3125 8.51562 3 516107557 1 28
2.8e-09 infty 2.29688 8.64062 222 0 236 0
2.8e-09 19.4219 2.46875 8.53125 0 478911825 0 40
2.8e-09 19.6719 2.75 8.65625 0 492358239 0 36497
2.8e-09 21.4688 2.20312 8.5625 0 73422 0 423326288
2.8e-09 24.7969 1.85938 8.65625 12 347876306 11 163592960
2.8e-09 infty 2.32812 8.53125 257 0 232 0
2.8e-09 19.6406 2.51562 8.5625 0 12097580 0 542585707
2.8e-09 27.8125 1.98438 8.625 93 529322410 149 0
2.8e-09 infty 2 8.64062 211 0 234 0
2.8e-09 infty 2.42188 8.625 257 31809297 229 0
2.8e-09 22.1562 2.3125 8.51562 0 0 0 514418608
2.8e-09 19.7188 2.4375 8.64062 0 506587011 0 124683
2.8e-09 21.0938 1.98438 8.625 0 454891308 0 0
2.8e-09 25.625 1.95312 8.60938 15 203497 14 523361336
2.8e-09 28.7969 2.20312 8.5625 232 433919706 262 0
2.8e-09 26.75 2.5625 8.625 39 447428910 48 159844
2.8e-09 20.4844 2.40625 8.60938 0 411116067 0 73315466
2.8e-09 19.5938 2.32812 8.53125 0 169751 0 458788441
2.8e-09 21.2031 1.92188 8.5625 1 21227 0 451940606
2.8e-09 infty 1.89062 8.54688 266 0 292 0
2.8e-09 infty 2.21875 8.5625 263 60872 233 0
2.8e-09 18.6094 2.29688 8.65625 0 307368177 0 120800984
2.8e-09 20.1094 1.85938 8.65625 0 0 0 540319074
2.8e-09 27.2344 2.01562 8.65625 56 494750180 71 0
2.8e-09 infty 2.5 8.5625 249 598089 264 0
2.8e-09 26.2344 2.54688 8.59375 32 524209696 41 0
2.8e-09 25.6875 2.84375 8.60938 21 1608 15 481762469
2.8e-09 infty 2.34375 8.54688 270 436030 256 0
2.8e-09 19.6719 1.92188 8.5625 0 321425545 0 218602562
2.8e-09 infty 1.95312 8.59375 246 0 252 29307
2.8e-09 20 2.79688 8.5625 0 548580870 0 0
2.8e-09 infty 2.53125 8.57812 261 1137143 209 0
2.8e-09 19.625 1.89062 8.54688 0 266610776 0 170810080
2.8e-09 22.2812 2.26562 8.625 0 0 0 528828157
2.8e-09 22.0469 1.98438 8.625 0 469528249 0 0
2.8e-09 25.6562 2.85938 8.625 17 49628 15 501819995
2.8e-09 infty 2.34375 8.54688 244 0 262 0
2.8e-09 24.4062 2.26562 8.625 3 530649752 2 0
2.8e-09 20.5469 1.92188 8.57812 0 504033359 0 0
2.8e-09 24.75 2.01562 8.51562 7 0 16 491595536
2.8e-09 infty 1.875 8.65625 190 0 224 0
2.8e-09 20.1875 2.5 8.54688 0 57715656 0 405215006
2.8e-09 25.125 1.98438 8.625 11 0 8 455102411
2.8e-09 infty 2.5625 8.625 225 0 251 0
2.8e-09 21.5312 2.03125 8.53125 0 467721390 0 28
2.8e-09 infty 1.95312 8.59375 234 0 243 0
2.8e-09 infty 2.28125 8.64062 227 12924936 221 0
2.8e-09 infty 1.95312 8.59375 243 0 227 0
2.8e-09 20.1094 1.85938 8.65625 0 0 0 491057366
2.8e-09 20.1406 2.5 8.54688 0 1319 0 430029888
2.8e-09 21.3125 2 8.64062 0 203990116 0 291712105
2.8e-09 infty 1.89062 8.53125 248 0 243 1596458
2.8e-09 22.7344 2.46875 8.51562 3 5505782 1 461359145
2.8e-09 26.8594 2.04688 8.54688 56 515774892 53 0
2.8e-09 20.0938 1.96875 8.625 0 499538941 0 0
2.8e-09 22.1094 2.76562 8.53125 0 542237385 0 3315032
2.8e-09 infty 1.875 8.65625 183 0 191 37129044
2.8e-09 19.0938 2.23438 8.57812 0 473091911 0 0
2.8e-09 21.6094 2 8.64062 0 330679713 0 219144918
2.8e-09 18.5625 1.92188 8.57812 0 368179723 0 71647559
2.8e-09 infty 2.54688 8.59375 241 0 238 0
2.8e-09 20.6719 2.34375 8.54688 0 432761106 0 0
2.8e-09 19.6562 1.92188 8.57812 0 467610858 0 84677440
2.8e-09 23.8125 1.92188 8.57812 2 497249330 4 3632835
2.8e-09 infty 1.9375 8.57812 221 0 243 115079584
2.8e-09 infty 2.46875 9.03125 261 4705 260 262906
2.8e-09 infty 2.4375 8.64062 213 0 236 0
2.8e-09 infty 2.51562 8.5625 218 0 232 0
2.8e-09 infty 2.5 8.54688 238 0 229 0
2.8e-09 21.1562 1.95312 8.60938 0 4614476 0 435617497
2.8e-09 24.8281 2.54688 8.60938 6 285799954 1 179211583
2.8e-09 26.3125 1.92188 8.5625 30 475590441 30 1724
2.8e-09 20.0938 2.25 8.59375 0 498767016 0 0
2.8e-09 infty 1.95312 8.59375 223 0 240 0
2.8e-09 22.7344 2.28125 8.625 0 46007453 0 376213280
2.8e-09 20.5 1.89062 8.53125 0 522524878 0 224409
2.8e-09 infty 2.82812 8.59375 236 0 228 0
2.8e-09 infty 1.96875 8.625 240 0 236 0
2.8e-09 21.2812 1.95312 8.59375 0 0 0 445626590
2.8e-09 22.2188 1.90625 8.54688 0 402511 0 487215056
2.8e-09 infty 2 8.64062 227 0 221 0
2.8e-09 24.1094 2.375 8.57812 5 483337539 6 19121569
2.8e-09 21.7188 2.48438 8.53125 0 0 0 483321409
2.8e-09 20.7188 1.9375 8.57812 0 115439250 0 311570563
2.8e-09 22.3438 2.4375 8.64062 0 0 0 462881867
2.8e-09 18.9531 1.98438 8.64062 0 267607 0 447748998
2.8e-09 26.7344 2 8.64062 49 0 57 553248682
2.8e-09 infty 2.4375 8.64062 216 563558 220 0
2.8e-09 19.0312 1.90625 8.54688 0 532365195 0 0
2.8e-09 infty 2.32812 8.53125 252 53498054 253 0
2.8e-09 infty 2.46875 8.53125 257 0 240 0
2.8e-09 infty 2.76562 8.51562 301 23146208 270 0
2.8e-09 infty 2.53125 8.59375 243 0 238 0
2.8e-09 19.625 2.04688 8.54688 0 116103384 0 332132256
2.8e-09 21.0625 2 8.64062 0 417406114 0 24540943
2.8e-09 20 2.04688 8.53125 0 158273569 0 360919753
2.8e-09 infty 1.9375 8.57812 265 180160732 210 0
2.8e-09 21.0781 2.42188 8.625 0 38 0 462019066
2.8e-09 infty 2.20312 8.5625 245 60876 269 0
2.8e-09 24.25 2.21875 8.5625 3 102846671 6 395633591
2.8e-09 28.7344 2.39062 8.57812 251 483339058 244 0
2.8e-09 21.0625 2.375 8.57812 0 0 0 480165181
2.8e-09 21.5625 1.875 8.65625 1 434760684 0 0
2.8e-09 22.5 1.92188 8.5625 0 510460958 1 3674246
2.8e-09 infty 1.89062 8.53125 269 0 262 0
2.8e-09 23.125 2.45312 8.65625 1 448196996 0 116521
2.8e-09 infty 1.96875 8.60938 212 0 241 0
2.8e-09 infty 2.23438 8.57812 230 0 231 0
2.8e-09 20.0781 2.46875 8.53125 0 466872952 0 218151
2.8e-09 19.9844 2.375 8.57812 0 532310599 0 4464593
2.8e-09 26.7188 2.32812 8.53125 37 448115166 51 0
2.8e-09 infty 2.375 8.57812 243 0 234 0
2.8e-09 19.4062 2.21875 8.5625 0 479383684 0 0
2.8e-09 infty 1.96875 8.625 234 0 206 0
2.8e-09 infty 2.51562 8.5625 256 361754 257 11128704
2.8e-09 infty 1.92188 8.5625 249 0 258 68559730
2.8e-09 20.5156 1.875 8.65625 0 0 0 446143016
2.8e-09 infty 1.92188 8.5625 268 0 249 0
2.8e-09 infty 1.89062 8.54688 232 0 260 134508959
2.8e-09 infty 2.375 8.57812 260 398845 227 223436
2.8e-09 infty 2.23438 8.57812 237 0 242 68965854
2.8e-09 infty 2.32812 8.53125 255 8696 238 0
2.8e-09 25.1094 1.95312 8.59375 12 150677883 12 282419779
2.8e-09 25.1875 2.73438 8.64062 13 6073 13 479424438
2.8e-09 25.7812 2.85938 8.625 18 0 14 420848987
2.8e-09 25.6562 2.5 8.54688 11 81457708 10 421463610
2.8e-09 25.0625 1.92188 8.5625 10 421422009 8 0
2.8e-09 infty 1.95312 8.60938 224 0 223 0
2.8e-09 21.1719 2.3125 9.03125 0 19863206 0 412544932
2.8e-09 21.125 1.96875 8.60938 0 432699614 1 0
2.8e-09 21.0156 1.92188 8.5625 0 1743233 0 496709517
2.8e-09 22.75 2.25 8.60938 0 0 0 465039816
2.8e-09 20.7344 1.96875 8.625 0 0 0 553950699
2.8e-09 23.75 1.90625 8.54688 2 40498656 3 489081121
2.8e-09 26.6406 2.01562 8.51562 51 0 48 508366091
2.8e-09 infty 2.39062 8.59375 259 38881187 227 0
2.8e-09 infty 1.89062 8.53125 302 0 250 0
2.8e-09 infty 2.03125 8.53125 233 966384 261 68460
2.8e-09 22.0625 2.42188 8.625 0 443664638 0 58799232
2.8e-09 infty 2.84375 8.60938 215 0 207 0
2.8e-09 19.5156 2.8125 8.57812 0 463263296 0 26763678
2.8e-09 infty 2.51562 8.57812 214 0 211 0
2.8e-09 20.0938 2.75 8.65625 0 0 0 505079267
2.8e-09 20.1875 1.95312 8.60938 0 425263888 0 178570
2.8e-09 20.7812 2.4375 8.64062 0 98913882 0 372507776
2.8e-09 27.4688 1.96875 8.60938 95 508238410 93 0
2.8e-09 20.5156 1.89062 8.53125 0 499256929 0 1364817
2.8e-09 infty 2.20312 8.54688 274 0 274 0
2.8e-09 20.5156 1.90625 8.54688 0 0 0 523241482
2.8e-09 22.5 2.03125 8.53125 2 524643191 0 0
2.8e-09 infty 2.26562 8.60938 246 36983606 231 0
2.8e-09 22.2031 2.4375 8.64062 1 485344415 0 451
2.8e-09 infty 2.32812 8.53125 244 6855 266 242264
2.8e-09 infty 1.92188 8.57812 238 0 254 0
2.8e-09 19.375 1.89062 8.53125 0 11179284 0 523037705
2.8e-09 infty 2.5 8.54688 248 0 243 0
2.8e-09 infty 2.76562 8.53125 296 0 256 2023282
2.8e-09 infty 1.92188 8.5625 268 0 253 677699
2.8e-09 infty 1.96875 8.60938 239 0 182 0
2.8e-09 26.6875 2.04688 8.54688 48 493205661 45 0
2.8e-09 20.4375 2.46875 8.51562 0 1065060 0 443733414
2.8e-09 25.8125 2.79688 8.5625 32 0 26 544252836
2.8e-09 24.5312 1.875 8.51562 6 45437 10 494167907
2.8e-09 26.2969 2.01562 8.65625 24 477958146 28 0
2.8e-09 20.7656 2.45312 8.65625 0 344549 0 445692304
2.8e-09 21.0781 2.42188 8.625 0 0 0 556335058
2.8e-09 21.625 1.96875 8.625 0 514830 0 428919888
2.8e-09 infty 2.39062 8.59375 273 0 232 347395
2.8e-09 27.8281 2.40625 8.60938 115 515371202 136 908150
2.8e-09 23.7188 2.21875 8.57812 4 440049897 1 0
2.8e-09 24.4062 2.01562 8.65625 5 531772408 7 0
2.8e-09 infty 1.89062 8.53125 259 111761575 270 0
2.8e-09 infty 1.95312 8.59375 241 25823949 230 16979760
2.8e-09 24.1406 2.79688 8.5625 3 336051462 1 84418021
2.8e-09 20.4688 1.9375 8.57812 0 0 0 426462593
2.8e-09 20.9062 1.875 8.53125 0 0 0 552153862
2.8e-09 21.9844 2.23438 8.57812 0 1483 0 526877231
2.8e-09 20.5625 1.9375 8.59375 0 547236363 0 0
2.8e-09 21.0312 2.8125 8.57812 0 482533040 0 1209772
2.8e-09 19.6875 2.03125 8.51562 0 0 0 517745871
2.8e-09 22.25 2 8.64062 0 0 0 465021571
2.8e-09 infty 1.92188 8.57812 239 866463 239 0
2.8e-09 25.3438 2.85938 8.625 10 443023836 8 0
2.8e-09 24.5781 1.9375 8.57812 10 548925710 11 169766
2.8e-09 infty 2 8.64062 214 0 213 0
2.8e-09 19.9844 2.79688 8.5625 0 0 0 427729007
2.8e-09 23.0625 2.3125 8.51562 0 478306502 1 2657787
2.8e-09 infty 2.75 8.65625 226 0 206 0
2.8e-09 20.4844 2.25 8.60938 0 5649 0 558695734
2.8e-09 20.9688 2.35938 8.5625 0 675073 0 556641608
2.8e-09 infty 2.73438 8.64062 201 764 228 6134452
2.8e-09 21.5156 2.79688 8.5625 0 563 0 466909762
2.8e-09 26.9688 2.26562 8.625 58 413196236 79 134552121
2.8e-09 infty 2.40625 8.60938 243 102659105 250 0
2.8e-09 infty 2.84375 8.60938 228 0 234 0
2.8e-09 21.6406 1.96875 8.60938 0 541750258 0 1911538
2.8e-09 25.1875 2.01562 8.65625 6 0 8 556581162
2.8e-09 22.5 2.35938 8.5625 1 0 0 509485374
2.8e-09 infty 1.98438 8.64062 231 156 212 0
2.8e-09 21.5 2.34375 8.54688 1 0 0 492279315
2.8e-09 infty 1.98438 8.625 230 0 232 0
2.8e-09 20.2031 2.34375 8.54688 0 0 0 512996414
2.8e-09 infty 2 8.64062 209 0 224 0
2.8e-09 26.3281 2.375 8.57812 26 464396608 23 259497
2.8e-09 20.125 1.90625 8.5625 1 0 0 478178964
2.8e-09 21.6562 1.92188 8.5625 0 0 0 510034930
2.8e-09 27.3438 1.89062 8.53125 79 426211906 75 0
2.8e-09 24.5781 2.46875 8.51562 4 498272000 10 0
2.8e-09 22 2.25 8.59375 0 453811917 0 22913081
2.8e-09 19.1719 2.23438 8.59375 0 25600 0 553524499
2.8e-09 27.4062 2.42188 8.625 71 0 117 556492418
2.8e-09 25.3125 2.23438 8.59375 15 401188352 14 60869667
2.8e-09 22.0781 1.89062 8.53125 1 210578760 0 239968580
2.8e-09 25.7656 2.45312 8.65625 19 429036301 16 0
2.8e-09 25.2656 2.01562 8.51562 24 495211565 10 0
2.8e-09 infty 1.9375 8.59375 244 0 225 0
2.8e-09 21.2031 1.98438 8.625 0 482505087 0 74050
2.8e-09 25.2344 2.5625 8.60938 5 443371142 7 13354
2.8e-09 19.6875 1.85938 8.65625 0 527392581 0 0
2.8e-09 infty 2.32812 8.53125 235 17216114 245 0
2.8e-09 23.0625 2.21875 8.57812 0 444448524 1 2837010
2.8e-09 19.9688 1.90625 8.54688 0 428554734 0 42201
2.8e-09 22 1.95312 8.59375 0 12899320 0 491341984
2.8e-09 23.6094 1.90625 8.54688 1 377577550 0 50356940
2.8e-09 infty 1.90625 8.54688 289 42519510 277 0
2.8e-09 infty 2.25 8.60938 216 3533595 219 30678818
2.8e-09 infty 2.29688 8.64062 200 0 214 0
2.8e-09 22.9844 2.01562 8.51562 3 529941812 1 0
2.8e-09 infty 1.92188 8.5625 266 67543 243 0
2.8e-09 27.6875 2.01562 9.03125 117 437036 102 502834666
2.8e-09 21.1094 2.26562 8.60938 0 37832 0 526646257
2.8e-09 23.75 2 8.64062 2 0 4 509196023
2.8e-09 infty 2.85938 8.625 229 18087628 231 0
2.8e-09 22.2188 2.45312 8.65625 0 371 0 472969682
2.8e-09 infty 2.35938 8.5625 242 212415517 269 0
2.8e-09 28.8906 2.48438 8.53125 288 214057271 266 140361226
2.8e-09 19.6562 2.29688 8.64062 0 98190526 0 455919423
2.8e-09 19.6094 1.96875 8.60938 0 0 0 467958536
2.8e-09 21.5 2.04688 8.53125 0 433223038 0 14708079
2.8e-09 21.125 2.40625 8.60938 0 0 0 510952314
2.8e-09 19.0625 2.25 8.60938 0 504766540 0 0
2.8e-09 infty 2.34375 8.54688 270 327033 238 14446217
2.8e-09 22.6406 2.23438 8.57812 1 60747 0 554506958
2.8e-09 21.7969 1.95312 8.59375 1 445133315 0 13887348
2.8e-09 infty 1.9375 8.57812 255 175001160 247 0
2.8e-09 25.6562 2.35938 8.5625 26 0 26 508010507
2.8e-09 23.1406 2 8.65625 1 20088846 1 414363149
2.8e-09 20.5312 2.21875 8.5625 0 558726 0 545341680
2.8e-09 25.6406 1.96875 8.60938 23 447374081 19 77518
2.8e-09 25.6406 2.04688 8.54688 18 0 19 515066873
2.8e-09 18.6719 2.54688 8.59375 0 260244 0 543083752
2.8e-09 20.7031 2.34375 8.54688 0 425420479 0 0
2.8e-09 22.0625 2 8.64062 0 0 0 456700800
2.8e-09 infty 2.03125 8.51562 295 0 278 0
2.8e-09 infty 2.46875 8.51562 254 212668 297 0
2.8e-09 infty 1.875 8.53125 273 0 251 0
