229302563 229202522 0 0 1 0 0 0 0 0 1 0 0 1 0 0 0 0 0 0 
227941877 228076688 0 10 0 0 0 0 0 0 0 0 0 0 2 1 0 0 0 0 
217596021 217656482 0 0 0 0 0 0 0 0 0 0 0 0 0 0 0 0 0 1 
227972826 227942240 0 4 0 2 0 0 0 0 0 0 1 0 0 1 0 0 0 0 
194237405 194470175 0 0 1 0 0 0 0 0 0 0 0 0 0 0 0 0 0 0 
249073222 248962465 0 0 1 0 0 0 0 4 0 24 0 0 0 0 0 1 1 0 
229489180 229012862 0 0 0 0 0 0 0 0 0 0 0 0 0 0 1 0 0 0 
238461842 238244797 0 0 0 0 0 2 0 0 0 0 0 0 0 0 0 0 2 0 
242181677 242455244 0 0 3 0 0 0 3 0 0 0 0 0 1 0 0 4 0 0 
213984211 214199302 0 0 4 0 0 0 0 0 0 7 0 0 0 0 0 0 0 0 
200731704 200789807 0 0 0 0 0 0 0 0 0 0 0 7 0 0 0 0 0 0 
227409516 227336561 0 0 0 0 0 0 0 0 0 0 0 0 0 0 0 0 0 2 
246361411 246226163 0 0 0 0 0 0 0 2 0 0 3 0 0 0 0 0 0 2 
194500221 194348480 0 0 0 0 0 0 0 0 0 0 0 0 0 0 0 0 0 1 
243671266 243785622 0 0 0 0 0 0 0 0 0 0 0 0 0 0 0 0 0 0 
209403166 209195320 0 0 0 0 0 0 0 0 0 0 0 0 0 1 0 0 4 0 
236387845 236617715 0 4 0 0 0 0 0 0 0 0 0 0 0 0 8 0 0 0 
202168328 202379243 5 0 0 0 0 0 0 0 0 0 0 0 0 0 0 0 0 0 
248187610 248017079 0 0 0 0 0 0 0 0 0 2 0 0 0 0 0 0 1 0 
236070683 236122014 1 1 0 0 0 0 0 0 0 0 0 0 0 0 0 0 0 0 
237604458 237513798 0 1 0 0 0 0 0 0 0 1 0 0 0 0 0 0 0 0 
191347385 191553592 0 0 0 0 0 0 0 0 0 0 0 0 0 0 0 0 0 0 
219922591 220162209 0 2 0 0 2 0 31 0 0 0 0 0 0 0 0 0 0 0 
212748446 212846808 2 0 0 0 0 0 0 0 0 0 0 0 1 0 0 0 0 0 
241024876 240903870 0 0 0 0 0 0 0 0 0 0 0 0 0 0 1 0 0 0 
202600969 202430880 0 0 0 0 0 0 0 0 3 3 0 0 0 0 0 0 0 0 
195199453 195065680 0 0 0 0 0 0 0 0 0 0 0 0 0 0 0 0 0 0 
198006515 197957001 0 0 0 0 0 0 0 0 0 0 0 0 0 0 15 0 0 0 
213969501 214013373 0 0 0 0 0 0 2 0 0 0 0 0 0 0 0 0 0 0 
200392646 200491275 0 0 0 0 2 0 0 0 0 0 0 0 0 0 0 0 0 0 
248735028 248491585 0 0 0 0 0 0 0 0 0 0 0 0 0 0 0 0 0 0 
221667244 221569514 0 0 2 0 0 0 0 0 0 1 0 0 0 0 0 0 0 0 
222653081 222646167 0 5 0 0 0 0 0 1 0 0 0 0 0 0 0 0 0 0 
193601892 193460625 0 0 0 0 0 0 0 0 0 0 2 0 0 0 0 0 1 0 
244852567 244572629 0 1 0 1 0 0 0 0 0 5 0 0 0 0 0 0 0 0 
201004913 200816116 1 0 0 0 0 0 1 0 0 0 0 0 20 0 0 0 0 0 
218976457 219082211 1 6 0 0 0 0 0 0 7 5 0 0 0 0 0 0 0 0 
220700708 220313483 0 0 3 0 0 0 0 0 0 0 0 0 0 0 0 0 0 0 
230448246 230491513 0 0 0 0 0 0 0 3 0 11 0 0 0 4 0 0 0 0 
204479566 204437973 0 0 3 0 0 0 0 0 0 0 0 0 0 0 0 0 5 0 
236845138 236778783 0 30 2 0 0 0 0 2 0 8 0 0 0 0 0 0 0 0 
219282142 219420889 0 0 0 2 0 1 0 0 0 0 0 0 0 0 0 0 0 0 
203746314 203360266 0 1 0 0 0 0 0 5 3 0 0 0 0 0 0 1 2 0 
242093855 242446486 0 0 0 0 0 0 0 0 1 0 0 0 0 0 0 1 0 0 
215504739 215662036 0 0 0 0 1 0 5 0 0 0 0 0 0 0 0 1 0 0 
194886800 194904183 0 0 0 0 0 0 1 0 3 0 0 0 0 0 0 0 0 0 
208016294 207950873 0 0 0 0 0 0 0 0 2 0 0 0 0 0 0 0 0 0 
242751173 242795726 0 0 0 0 0 0 0 0 0 0 0 0 0 0 0 0 0 0 
233770479 233984685 2 0 0 0 0 0 0 1 0 0 1 0 0 0 0 0 0 0 
227503684 227577611 0 0 0 0 0 0 3 0 0 0 0 0 0 0 1 0 0 10 
244971264 245107291 0 0 0 0 0 0 0 0 0 0 0 0 0 0 0 1 0 0 
237305099 237391319 0 0 0 0 0 0 0 0 0 0 0 0 0 0 0 0 0 1 
206073842 206169816 0 0 0 0 0 0 0 0 7 0 0 0 0 0 0 0 0 0 
197603431 197724349 0 0 0 1 0 0 0 0 0 0 0 0 0 0 0 1 0 0 
202310160 202463140 1 0 0 0 0 4 0 7 0 0 0 1 4 5 0 0 0 15 
240430586 240422219 0 1 0 0 0 0 0 0 0 0 0 0 0 2 0 0 0 0 
220803882 220707207 0 0 0 0 0 0 0 0 0 0 0 0 0 0 0 0 1 1 
236865503 237070507 0 0 0 0 0 0 0 0 0 0 0 0 0 0 0 0 0 4 
205626221 205858746 0 1 0 0 0 0 0 1 0 0 0 0 1 0 0 0 0 0 
219858833 219694467 0 0 0 1 0 0 0 0 0 0 0 0 0 0 0 0 0 0 
233489200 233610721 4 0 0 0 0 0 0 0 0 0 0 0 6 0 0 0 0 1 
212400160 212023696 0 0 0 0 0 0 0 0 0 0 0 0 0 0 0 0 0 0 
219114148 218888353 0 0 9 4 0 0 0 0 0 0 0 0 0 2 0 0 0 0 
206390087 206523360 0 0 0 1 0 0 0 0 0 0 0 0 0 0 0 0 0 0 
195224190 195030089 14 0 0 3 0 0 0 0 1 8 0 0 0 0 0 0 0 0 
190656662 190425568 0 0 0 0 0 0 1 0 1 0 0 0 0 0 0 0 0 0 
247358098 247249576 10 2 0 0 0 0 0 0 0 0 0 0 0 0 0 0 0 4 
243521562 243545449 0 5 0 0 0 0 0 0 0 0 0 0 0 0 0 0 0 0 
252082147 252451326 0 0 0 4 0 0 0 0 0 0 1 0 0 0 0 1 0 0 
199279397 199156493 0 0 0 0 1 0 0 0 0 0 2 0 0 0 0 0 0 0 
249115597 249390782 0 0 1 0 0 0 0 0 0 0 0 0 0 1 0 2 0 0 
207261932 207170981 4 36 0 0 0 0 0 0 0 0 2 0 0 0 0 0 0 0 
246506586 246483522 0 0 0 0 0 0 0 0 0 5 0 0 0 0 1 2 0 0 
190215908 190459510 0 1 0 0 0 0 0 0 0 0 0 0 0 0 0 3 0 0 
238327505 238503180 0 0 0 0 0 0 0 0 0 0 0 0 0 0 0 0 4 0 
229559392 229464959 0 0 0 0 0 1 0 0 0 0 0 0 4 0 0 0 0 0 
233654906 233795809 0 0 1 0 0 1 0 0 3 0 0 0 0 0 0 0 0 0 
239238130 239387433 0 1 0 0 0 0 0 0 0 0 0 0 0 0 0 0 0 0 
204610816 204474273 7 4 0 0 0 1 0 0 0 0 0 1 0 0 0 0 0 0 
210678151 210947642 0 0 0 0 0 0 0 0 0 0 0 0 0 0 0 0 0 0 
232494848 232198771 0 0 2 0 1 0 0 0 1 0 0 0 0 0 0 0 2 0 
252205358 252274754 0 2 0 0 0 0 0 0 0 5 0 0 5 0 0 0 0 0 
218383683 218233035 0 0 0 0 7 0 0 0 0 0 1 0 0 0 0 0 0 0 
220638193 220329098 1 0 0 1 0 0 0 0 0 0 0 0 0 0 0 0 0 0 
222176957 221865452 0 6 0 0 0 1 0 0 6 0 0 0 0 2 0 0 0 0 
230781290 230777352 0 4 0 0 0 0 4 0 0 0 0 0 7 0 0 0 0 0 
214196261 214184611 0 0 0 3 0 0 0 25 0 0 0 0 0 2 0 0 8 0 
206607275 206669580 0 0 0 1 0 0 0 0 1 0 0 4 6 0 0 0 0 0 
208384017 208570880 0 0 2 0 0 0 0 0 0 0 0 0 0 0 0 0 0 1 
243901017 244006601 0 0 0 0 0 0 0 0 0 0 6 0 0 0 0 0 0 0 
201676820 201602252 0 0 0 0 0 0 0 0 0 0 0 0 0 0 0 0 6 0 
244033084 244038682 4 0 0 0 0 0 0 9 0 0 0 0 0 0 2 0 0 0 
218844906 218625208 0 0 0 0 0 0 0 0 0 0 0 0 0 0 0 0 0 0 
243035043 242970912 1 0 2 0 0 0 0 0 1 0 0 0 0 0 0 0 0 0 
238431875 238740763 0 0 6 0 0 0 3 0 0 0 0 0 0 0 0 0 0 3 
249335370 249003218 0 11 1 0 4 0 0 0 0 0 0 0 0 0 0 0 37 1 
213471465 213686493 0 0 0 0 0 0 0 0 0 1 0 0 0 0 0 0 0 0 
217845563 217797714 0 0 0 0 0 0 10 0 0 0 0 0 0 0 0 0 0 0 
241052202 240798962 0 6 0 0 4 0 4 0 0 0 0 0 0 0 0 0 0 0 
239837304 239656720 0 0 0 2 0 0 0 0 0 9 0 0 0 0 0 0 0 0 
190984741 190924059 0 0 1 4 0 1 0 0 0 1 0 0 0 0 0 0 1 0 
245271056 245414733 0 0 0 0 0 0 0 0 2 1 0 0 0 0 0 0 0 0 
211150813 210965285 0 0 0 0 8 0 0 0 0 0 0 0 0 0 0 0 0 0 
194162434 194455633 0 0 0 0 0 0 0 0 10 0 0 0 0 0 0 0 0 0 
222848348 222576629 0 0 0 0 3 0 0 0 0 0 0 0 1 0 0 0 0 0 
213616082 213391602 0 0 1 0 0 0 0 0 0 0 0 0 0 1 0 0 0 0 
246682135 246682969 0 0 0 0 0 0 0 0 0 0 0 0 0 0 0 0 0 0 
196946963 196757471 1 1 0 0 6 0 0 0 1 2 0 0 0 0 0 0 2 0 
235666086 235916291 0 0 0 0 0 0 0 0 0 0 0 0 0 0 4 0 0 0 
228371557 228546719 0 0 0 0 0 0 0 2 0 6 0 0 2 0 0 0 0 8 
238240151 238215122 0 0 0 0 0 0 1 0 4 0 0 1 0 0 0 0 3 0 
223344606 223267225 12 5 0 0 0 0 0 0 0 0 0 0 0 0 0 0 0 0 
203454527 203402977 0 0 1 0 0 0 0 0 0 0 0 0 0 0 2 0 0 1 
190025166 190076204 2 0 0 0 0 0 0 0 0 0 0 0 0 0 0 0 0 4 
193321993 193373039 0 1 0 0 0 0 1 0 0 0 0 0 0 0 0 0 0 1 
230205823 230033005 0 0 0 0 0 0 0 0 0 0 0 0 0 0 0 0 2 0 
202317240 202602231 0 0 0 0 0 0 4 1 0 0 0 0 0 0 0 0 0 0 
228878881 228827407 0 0 0 3 0 0 0 0 0 0 0 0 0 0 0 0 0 0 
251038113 250901559 0 0 0 0 0 0 0 0 1 4 0 0 0 0 0 0 0 0 
203132927 203040946 0 1 0 0 0 0 0 0 0 0 0 0 0 0 0 1 0 0 
191210642 191021385 2 0 0 0 0 0 0 0 0 0 0 0 0 0 0 0 0 0 
213084300 213238461 0 0 0 0 0 0 0 0 0 0 0 0 0 0 0 0 0 0 
220846051 221163664 0 41 0 6 0 0 0 0 0 0 0 0 0 2 0 0 0 0 
235084234 235301759 0 0 0 0 1 0 0 0 0 0 0 0 0 0 0 0 0 0 
190866553 190971283 0 0 0 2 0 0 0 0 0 0 0 0 0 0 0 0 0 0 
246444243 246305624 0 0 0 0 5 0 0 0 0 0 0 0 0 0 0 0 0 0 
230493317 230275063 1 0 3 0 0 0 0 3 1 0 0 0 0 0 0 0 0 0 
200621535 200395092 0 0 0 1 0 0 1 1 0 0 0 0 0 0 0 0 0 1 
204930943 205164085 0 0 5 0 1 0 0 0 3 0 0 0 0 0 0 0 0 0 
200381878 200149654 0 0 0 0 0 0 0 0 0 0 1 0 0 0 0 0 0 0 
244926821 244516455 0 0 0 0 0 0 0 0 0 0 0 0 0 0 0 0 0 0 
239379979 239300216 0 14 0 1 0 0 0 0 0 0 0 0 0 0 7 0 0 0 
246610549 246597185 0 0 0 0 0 0 0 0 0 0 0 0 0 0 0 0 1 2 
204958959 205079657 0 0 0 0 0 0 0 0 0 4 0 0 0 0 0 0 0 0 
198168485 198246592 3 1 0 0 0 0 0 0 0 4 0 0 0 1 0 1 0 0 
214746715 214653156 0 0 0 0 0 0 0 0 1 0 0 0 0 0 0 0 3 2 
242696183 242841063 0 0 0 0 0 0 0 0 0 8 0 0 0 0 0 0 0 0 
204353950 204538674 1 0 0 2 0 0 0 0 0 0 0 0 0 0 0 0 0 2 
245423250 245275755 0 0 0 0 0 0 0 3 0 0 0 0 0 0 0 0 0 0 
234764173 235133753 1 16 0 0 0 0 0 0 0 0 0 0 0 0 0 0 0 0 
239492969 239196207 0 0 0 0 0 0 0 0 0 0 0 0 0 0 0 0 0 0 
233047656 233305254 0 0 0 2 0 0 2 0 0 0 0 0 0 0 0 0 0 0 
192003481 191993176 0 23 0 0 0 0 1 0 0 0 0 0 0 0 0 0 0 0 
228485866 228531445 0 0 0 0 0 0 0 0 1 0 0 0 0 0 2 0 0 0 
193135928 193332793 6 0 0 0 0 0 0 0 0 5 0 2 0 0 0 0 0 0 
218973745 218999058 0 8 0 0 0 0 0 0 2 0 0 0 0 0 1 0 0 0 
203199642 203066903 1 0 0 0 1 0 0 0 0 0 0 0 0 0 0 0 0 2 
206943710 206785441 3 0 3 0 0 0 0 0 0 0 0 0 0 1 0 0 7 0 
225082116 225118529 0 2 0 0 0 0 0 10 1 2 0 0 0 1 0 0 0 0 
242459514 242099730 1 0 0 0 0 0 0 0 1 0 0 0 0 0 0 0 0 0 
248062709 248099251 4 0 0 0 0 0 0 0 0 0 0 0 0 0 0 0 6 0 
232818893 232799983 0 1 0 0 0 0 0 0 0 0 0 0 0 2 0 0 0 0 
228112444 228190159 0 0 0 0 0 3 0 0 0 0 0 0 0 0 3 0 0 0 
238743021 238775827 0 1 0 0 0 0 0 0 0 0 0 0 0 0 0 0 0 0 
237256358 237413968 3 0 0 0 0 0 0 0 0 0 0 0 9 0 0 11 0 0 
224839314 225087803 0 0 0 0 1 0 0 2 0 0 0 0 0 0 0 0 0 0 
226162679 226411897 0 0 0 0 0 0 0 0 0 0 0 0 0 0 0 0 0 0 
252767482 252769680 0 0 0 0 0 0 0 0 0 0 0 0 0 0 0 0 0 0 
230193920 230156860 0 0 0 0 0 1 0 0 0 0 0 0 1 0 0 0 0 0 
205096876 205397971 0 0 0 0 0 0 0 0 0 0 0 0 0 1 0 0 0 0 
210716597 210914543 1 0 0 0 0 0 0 0 0 0 0 1 0 2 0 0 0 0 
205311766 205338512 0 2 0 0 1 0 0 0 0 0 0 0 0 0 0 0 0 0 
218968836 219118977 0 0 0 0 0 0 0 0 0 0 0 0 0 0 0 0 0 0 
207414082 207451036 8 0 0 0 0 0 0 40 0 0 0 0 0 0 0 0 0 4 
224620425 224565039 0 0 0 3 0 0 0 0 0 0 0 0 0 0 0 0 0 0 
190434899 190329788 10 0 0 0 0 0 0 0 0 0 0 0 0 0 0 0 0 0 
219310293 219492055 0 0 0 0 0 0 0 0 0 0 0 0 0 0 1 0 0 0 
216028122 216164542 0 2 0 0 0 0 0 0 0 0 0 0 0 0 0 0 0 0 
199620868 199806226 0 0 0 0 0 0 0 0 0 0 0 0 0 0 0 0 0 0 
222596598 222684537 0 0 0 0 0 0 0 0 0 0 0 1 0 0 0 0 1 1 
246076758 246189055 0 0 2 0 1 0 1 0 0 2 0 0 0 0 0 0 0 0 
226002899 225764457 0 0 0 0 0 0 6 0 11 1 0 0 0 0 0 0 0 1 
247447331 247310714 0 0 0 0 0 0 0 0 0 0 0 0 0 0 0 0 0 0 
252243096 252395304 0 0 0 0 0 0 0 0 1 0 0 0 2 0 0 0 0 0 
198042216 197923557 0 0 0 0 0 0 0 0 2 0 0 0 0 0 0 0 0 0 
233397330 233331047 0 0 0 0 0 0 0 0 0 0 0 0 0 0 0 3 0 0 
215388425 215478029 0 2 0 0 0 0 0 0 0 0 0 0 0 0 0 0 0 0 
245454637 245423655 8 2 0 0 0 0 0 0 3 0 0 0 0 0 0 0 0 0 
235673634 235745712 0 0 0 0 0 0 0 0 0 0 4 0 0 0 0 0 0 0 
204455632 204291160 0 0 0 0 0 0 0 0 2 0 0 0 0 0 0 0 0 0 
200472864 200400122 0 0 0 1 0 0 0 0 0 0 0 0 0 0 0 0 0 0 
216327099 216193698 0 0 0 0 0 0 0 0 0 1 0 0 0 0 0 0 0 0 
220270623 220101650 5 0 5 0 0 0 0 2 0 0 0 0 1 0 0 0 0 0 
190350430 190061706 1 0 0 0 0 0 0 0 0 0 0 0 0 0 0 0 0 0 
244473230 244341527 3 0 0 3 0 0 0 0 0 0 0 0 6 0 0 0 0 1 
203776302 203702743 0 0 0 0 0 0 0 0 0 0 0 0 0 0 0 0 0 0 
232154545 231913250 0 0 0 0 0 0 0 0 2 0 0 0 0 0 0 0 0 0 
250007430 249955198 0 0 1 1 0 0 0 0 5 0 0 0 0 0 0 0 0 0 
219814478 219555095 0 0 0 1 0 0 0 0 0 0 0 0 2 1 3 0 0 2 
227238683 227432793 0 0 0 0 0 0 0 0 0 0 0 0 0 0 0 0 0 0 
249406889 249546338 0 0 0 3 0 0 0 0 0 0 0 0 0 0 0 0 0 0 
241328005 241532422 2 0 4 0 0 0 0 0 0 0 0 0 0 2 0 0 0 0 
210948788 210995421 0 0 0 0 0 0 0 0 0 1 0 0 0 0 0 0 0 0 
232006900 231951115 0 0 0 0 0 0 0 0 0 20 0 0 0 0 0 0 0 0 
191644670 191633938 0 0 0 0 0 0 0 0 0 7 0 0 0 0 0 0 0 0 
209355213 209399688 0 0 0 0 0 0 0 0 1 0 0 0 1 0 0 0 0 0 
245101416 245014166 0 0 0 0 1 0 0 0 0 0 0 0 0 0 0 2 0 0 
228485127 228192837 0 0 1 0 0 0 0 0 6 0 0 0 0 0 0 0 0 0 
207709658 207565481 1 0 0 0 0 1 0 0 1 0 0 0 0 4 0 0 0 6 
248800601 248786582 0 0 0 0 0 0 1 0 0 0 0 0 0 0 0 0 0 0 
251143847 251095538 1 0 0 0 0 0 1 0 0 5 0 0 0 0 0 0 0 0 
239291957 239322558 0 4 0 0 0 0 0 0 0 0 0 0 0 0 0 0 0 0 
237335528 237262099 0 12 0 0 0 0 15 7 1 24 0 0 0 0 0 0 0 0 
212979961 213171016 0 7 1 0 0 0 0 0 0 0 0 0 2 0 0 0 0 0 
238810152 238979696 0 0 0 1 0 0 0 0 0 0 0 0 0 0 2 0 0 0 
191838612 191732646 1 0 2 0 0 0 0 0 0 0 0 0 0 0 0 0 0 0 
209945637 209968206 0 2 0 0 0 0 0 0 0 4 0 0 1 0 0 0 0 1 
250210161 249997284 0 0 0 0 0 0 0 0 7 0 0 0 1 0 0 1 0 51 
213384151 213345771 3 2 0 0 0 0 0 0 16 0 0 0 0 0 0 0 2 0 
194897149 194968390 0 0 0 0 0 0 0 0 0 0 0 0 0 0 0 0 7 9 
232943905 233405920 2 0 0 0 0 0 1 0 0 2 0 0 0 0 0 0 0 0 
250680071 250486201 0 0 0 0 0 0 0 0 0 1 0 0 0 0 0 0 0 1 
237013932 237064076 15 0 0 0 0 0 0 0 0 0 0 0 0 0 0 0 0 0 
198411123 198491365 0 0 1 0 0 0 0 0 0 0 0 0 0 0 0 0 0 0 
227884908 227723539 0 0 0 0 0 0 0 0 0 0 0 0 0 0 0 0 0 0 
216308743 216349512 0 0 0 0 0 0 0 0 0 0 0 0 0 1 0 0 0 0 
227192886 227399189 0 0 4 0 0 0 6 0 0 3 0 0 0 0 1 0 0 0 
224231730 223998620 0 0 1 0 0 0 0 1 1 2 0 0 0 0 0 0 0 0 
235809997 235745467 0 0 0 0 0 0 0 7 0 0 0 0 0 0 0 0 0 0 
217228261 217059770 0 4 0 0 0 0 0 0 0 0 3 0 0 0 0 0 0 1 
247808173 248133879 0 0 0 0 0 0 0 0 0 0 0 0 0 0 0 0 40 0 
220031950 219587009 0 0 0 0 0 0 0 0 0 0 0 0 0 0 0 0 0 1 
237064357 237090967 0 0 0 0 0 0 0 0 8 0 0 0 0 0 1 0 8 0 
245082101 245152461 0 0 0 0 0 0 0 0 0 2 0 0 0 0 0 0 0 0 
250886169 250976337 0 0 0 0 0 0 0 0 0 0 0 0 0 0 0 0 1 0 
196923860 196739015 0 5 0 0 0 0 0 0 0 0 0 0 0 0 0 0 0 0 
248076861 247614937 0 0 2 0 0 0 0 0 0 2 0 0 0 0 0 0 0 0 
238150481 238236290 0 0 0 0 0 0 0 0 0 0 0 0 0 0 0 0 1 0 
207700317 207979586 0 0 0 0 0 0 0 0 0 0 0 0 0 0 0 0 0 0 
218944815 218811813 0 0 0 0 0 0 0 0 0 0 0 0 0 0 0 0 0 19 
212067450 212267531 0 0 0 0 0 2 0 0 2 0 0 0 0 0 0 2 0 20 
225971226 225983723 0 3 0 0 0 0 0 0 0 0 0 0 0 0 0 0 0 5 
191261941 191240064 2 0 0 0 0 0 0 0 0 0 0 0 0 0 0 0 0 0 
205954166 205971144 0 0 0 0 0 0 0 0 0 0 0 0 0 0 0 0 0 0 
226851191 226753852 0 0 0 0 0 0 1 0 0 0 0 1 0 0 0 0 0 0 
196341629 196071738 0 0 0 0 0 0 0 0 0 0 0 0 1 0 0 0 0 0 
219789577 219785880 0 1 5 0 0 2 1 0 0 0 0 0 0 0 0 0 0 0 
235565516 235290625 0 0 0 4 0 0 0 0 0 0 0 0 0 0 0 0 0 0 
214149463 214311910 0 0 4 0 0 0 0 0 0 0 1 0 0 0 0 0 0 0 
192608591 192577146 2 0 0 0 0 0 0 0 0 1 0 0 0 0 2 0 0 0 
231145764 230848468 0 0 0 0 0 0 0 1 0 0 0 0 0 0 0 0 1 0 
239952962 240131087 0 0 0 0 3 0 0 0 0 0 0 0 8 2 1 0 0 0 
245521453 245350441 0 0 0 0 0 0 0 0 0 0 0 0 2 0 0 0 1 0 
191307279 191504979 0 0 0 0 0 0 0 0 0 0 0 0 0 0 0 0 0 0 
206880942 207170503 0 0 0 0 0 0 0 0 0 1 0 0 0 0 0 0 0 1 
191466879 191626324 0 0 0 0 0 0 0 0 0 0 0 0 0 0 0 0 2 0 
252569339 252471741 3 0 0 1 0 0 6 1 0 0 0 0 0 6 0 0 0 0 
194561228 194222241 0 0 1 0 0 0 0 0 0 0 0 0 0 0 0 5 0 0 
192397338 192503353 0 0 0 0 0 0 0 0 0 2 0 0 1 0 0 0 0 0 
193201131 193142365 0 0 0 0 0 1 0 0 1 0 0 0 0 0 0 0 0 8 
246882151 246917373 2 0 0 0 0 0 1 0 0 1 0 0 0 0 0 0 0 0 
216865637 216766618 0 0 0 0 0 0 0 0 0 0 0 0 1 0 0 0 0 0 
230143033 230048633 0 0 0 2 0 0 0 0 0 0 0 0 0 0 0 0 1 0 
201249293 201187803 0 12 0 0 0 0 0 0 0 1 0 0 0 6 0 0 0 0 
240664035 240644594 0 0 0 0 0 0 0 0 0 0 0 0 0 0 0 0 0 3 
217058062 217062596 0 0 0 0 0 4 0 0 0 0 0 0 0 0 0 0 0 0 
250505387 250632611 0 0 0 0 0 0 0 6 0 0 0 0 0 0 0 0 2 0 
226962303 226800779 0 0 0 0 0 0 0 0 0 0 0 0 0 0 0 0 2 0 
207748524 208466087 0 0 3 0 0 0 0 0 0 0 0 0 1 0 0 0 1 0 
199308535 199368414 0 0 0 0 0 0 0 0 0 0 0 0 0 0 0 0 0 0 
227890800 227963905 0 0 0 0 0 0 0 0 0 0 0 0 0 0 0 0 0 0 
228645706 228729891 0 0 0 0 0 0 0 0 0 0 0 0 0 0 0 0 0 0 
218169712 218256245 1 0 0 2 0 0 1 0 0 0 0 0 0 0 0 0 0 0 
190155899 190019782 4 0 0 1 0 0 0 0 0 0 0 0 4 0 0 0 0 6 
252426819 252680052 2 0 0 0 0 0 0 0 5 0 0 0 0 0 0 0 0 0 
243179902 243337044 0 0 0 0 0 0 0 0 0 4 0 0 0 0 0 0 0 0 
245071237 244937401 0 0 0 0 0 0 0 0 0 1 0 0 0 0 0 0 0 0 
213185576 213250472 0 0 0 0 0 0 0 0 0 0 0 0 0 0 0 0 0 0 
251655424 251576757 0 0 0 1 0 0 0 0 0 0 0 0 0 0 0 0 0 0 
246997023 246749099 0 0 0 5 0 0 0 0 0 0 0 0 0 0 0 0 4 1 
245961756 245590653 0 0 0 2 0 0 1 0 5 0 0 0 0 0 0 0 0 0 
204527210 204582790 0 0 0 0 0 0 0 0 0 0 0 0 0 0 0 0 0 0 
200856354 200830822 0 0 0 0 0 0 0 0 1 3 0 0 0 0 0 0 0 0 
217174848 216871928 0 0 0 0 0 0 0 0 0 19 0 0 0 0 0 0 2 0 
194367620 194458124 0 0 0 0 0 0 0 0 0 0 0 0 0 0 0 2 7 3 
218649573 218305404 0 0 0 0 0 0 1 0 0 2 0 0 0 1 0 0 0 0 
239129668 239113908 1 0 0 1 0 0 0 0 0 0 0 0 0 0 0 0 0 0 
239227126 239029048 0 0 0 0 0 0 0 0 0 1 0 0 0 0 0 0 0 3 
207374945 207364045 0 0 0 0 1 0 0 0 0 0 0 0 0 0 0 0 0 0 
224101274 224001718 0 0 0 0 0 1 5 0 1 4 0 0 0 0 1 0 0 0 
237502564 237316854 0 0 1 0 0 0 0 0 0 2 0 0 0 0 0 0 0 0 
248963958 248929163 0 0 0 1 0 0 0 0 0 0 0 0 0 2 2 0 0 0 
239937785 239874561 0 0 0 0 0 0 0 0 0 0 0 0 9 0 0 0 0 0 
228508646 228665409 1 0 0 0 0 0 0 0 0 0 0 0 0 0 0 0 0 0 
199181422 199225171 0 0 0 0 0 0 0 0 0 0 0 0 0 1 0 0 0 0 
225927018 225585867 3 2 0 0 0 0 0 0 0 0 0 0 2 0 0 0 0 0 
211773090 211615062 0 0 0 0 0 0 0 0 0 0 0 0 0 0 0 0 0 0 
209420471 209676957 0 0 0 0 0 0 0 0 0 0 0 0 2 0 0 0 2 0 
232626521 232912224 0 0 0 0 0 0 0 0 2 2 0 0 1 11 0 0 0 0 
223581778 223587213 0 0 0 0 0 0 1 0 0 0 0 0 0 0 0 3 10 0 
195247174 195131254 0 0 0 1 0 0 0 0 1 0 0 0 0 0 0 0 0 0 
195335896 195297281 0 0 0 0 0 0 0 0 0 0 0 0 0 1 0 0 1 2 
191028075 190992360 0 0 0 0 0 0 0 0 3 0 0 0 0 0 0 0 0 0 
236761306 236872525 0 0 0 0 0 0 0 0 0 0 0 4 0 0 0 0 0 0 
218950518 218798369 1 0 0 0 0 0 0 0 0 0 0 1 0 0 0 1 0 0 
201150625 200936446 0 6 0 0 0 0 0 0 0 0 0 0 0 4 0 0 1 0 
232385143 232079020 0 0 0 3 0 0 0 0 0 0 0 0 0 2 0 0 0 0 
237175140 237226520 0 1 0 0 1 0 0 0 0 0 0 1 0 0 0 0 1 0 
244153021 243660210 0 0 3 0 0 0 0 0 1 0 0 0 0 12 0 0 0 2 
247443402 247439258 0 1 0 0 0 0 0 0 1 0 0 0 0 0 0 0 0 2 
238233785 238656538 0 0 0 0 0 0 0 0 0 0 0 0 0 0 0 0 2 0 
204099894 204302791 11 1 0 0 0 0 0 0 11 3 0 0 1 0 0 0 0 0 
214263106 214673817 0 0 0 0 0 0 0 0 0 1 1 0 1 0 0 0 0 0 
203888652 203757987 5 0 0 0 0 0 0 0 0 3 0 0 0 0 0 4 0 3 
198827384 198854383 0 0 1 0 0 0 0 0 0 2 0 0 0 0 0 0 0 1 
199454199 199341990 0 0 0 1 0 0 0 0 7 0 0 0 0 0 0 0 0 0 
251584079 251834580 0 0 0 0 0 0 0 0 14 0 0 0 0 0 0 0 0 0 
235863864 235892932 1 0 0 0 0 0 0 0 0 0 0 0 0 1 0 0 0 0 
215433418 215312940 0 0 3 0 0 0 0 0 0 9 0 0 0 0 0 1 0 0 
224527349 224158999 0 0 0 0 0 0 0 2 0 0 0 0 0 1 3 0 10 0 
230002262 230205514 0 0 2 0 0 0 0 0 0 0 0 0 0 0 0 0 0 3 
192507078 192481572 0 0 0 2 0 0 0 0 0 0 0 0 0 0 0 1 0 0 
211832617 211892700 0 0 0 0 0 0 1 0 1 0 0 0 0 0 0 0 0 0 
252721999 252408687 0 0 0 3 0 0 0 0 1 0 0 0 0 0 2 0 0 0 
200246545 200298373 0 0 1 0 0 0 0 0 0 0 0 0 0 0 0 1 0 0 
237733554 237613502 0 0 0 0 0 1 0 0 0 0 0 0 0 0 0 0 2 0 
226609680 226777776 0 0 0 0 0 0 0 0 0 0 0 0 0 0 0 0 0 0 
203633564 203571961 0 0 0 0 0 2 0 0 4 0 0 0 2 0 1 0 1 0 
218055821 218053316 0 4 0 0 0 0 0 0 0 8 0 0 0 0 3 0 1 0 
221068230 221162668 0 0 0 1 0 0 0 0 0 0 0 0 0 0 0 0 0 1 
226551321 226711102 0 0 6 0 0 0 0 0 0 0 0 0 0 0 0 0 0 0 
233929101 234030547 0 0 0 0 0 0 0 0 0 0 0 0 0 0 0 0 0 0 
241234727 241310997 0 0 0 0 0 0 0 0 0 0 0 0 0 0 0 0 65 0 
217266896 217451481 3 5 0 0 0 0 0 0 0 1 0 0 0 0 0 2 0 1 
249846316 249753420 0 0 0 0 0 0 0 0 1 0 0 0 0 0 0 0 0 8 
234134746 233935378 0 0 0 0 2 0 0 0 0 32 0 0 0 0 0 0 0 0 
234491136 234496965 0 0 0 0 0 0 0 0 0 0 0 0 0 1 0 0 0 0 
230101122 229665607 0 0 0 0 0 0 0 0 0 0 0 0 0 0 0 0 0 0 
243445154 243368008 0 0 1 0 0 1 0 0 1 0 0 0 1 0 5 0 0 0 
203497050 203184915 0 0 0 3 0 0 0 0 0 0 0 0 0 0 0 0 0 0 
192740775 192901038 0 0 0 0 0 0 0 0 0 0 0 0 0 0 0 0 0 0 
235561006 235585006 0 6 0 0 0 0 0 0 0 0 0 0 0 0 0 0 1 0 
209106890 209142225 0 0 0 1 0 0 0 0 0 0 0 0 0 0 1 0 0 0 
228993064 228821446 0 0 0 0 0 0 0 0 0 0 0 0 4 0 0 0 0 0 
243663635 243781694 0 0 0 8 0 0 6 1 0 1 0 0 0 0 0 0 0 0 
220085768 219992947 0 0 0 0 0 0 0 0 0 6 0 0 0 0 4 0 4 0 
198321947 198463398 2 0 0 0 0 0 0 0 0 4 0 5 0 0 0 0 0 0 
237200062 237158337 3 4 0 0 1 0 0 0 0 0 0 0 0 0 0 0 16 0 
200469395 200389027 0 0 0 0 0 0 0 0 4 5 0 0 1 0 1 0 0 0 
250153571 249948627 0 0 0 0 0 0 0 0 0 0 1 3 0 0 0 0 0 0 
242493271 242338517 11 0 0 0 0 0 0 0 0 0 0 0 1 0 0 1 0 0 
234059101 233998483 0 0 0 0 0 0 2 0 0 0 0 0 0 0 0 0 0 0 
225428273 225424460 1 0 0 0 0 0 0 0 0 1 0 0 0 1 0 0 0 0 
224861611 224701915 0 0 1 0 0 0 1 0 0 0 0 0 0 0 2 0 0 0 
236797186 236942777 0 1 0 0 0 0 0 2 0 0 0 0 0 0 0 0 0 0 
228361499 228384510 0 0 0 1 0 0 0 0 3 0 0 0 0 0 0 0 0 0 
202244358 202291803 0 0 0 0 0 0 0 0 0 0 0 0 0 0 0 0 0 0 
247285876 247384736 0 0 1 0 1 0 0 0 0 0 0 0 0 0 0 0 6 0 
196090104 196159023 0 0 1 0 0 0 0 25 0 0 0 0 0 2 0 0 0 0 
242397652 242181111 0 6 0 0 0 0 0 0 0 0 0 0 0 0 0 0 1 0 
239854467 239537047 1 8 0 0 0 7 0 1 0 0 0 0 0 0 0 0 0 1 
231486972 231334668 0 0 3 0 3 0 0 0 0 0 0 0 0 0 0 0 0 18 
202758974 202792228 0 0 0 0 0 2 1 0 1 0 0 0 0 0 0 0 0 0 
234087642 234364521 8 0 0 0 0 0 0 0 0 0 0 0 0 0 0 0 0 0 
245828580 245837455 0 0 0 0 4 0 0 0 0 0 0 0 0 0 0 0 3 0 
235056285 235123206 0 2 0 0 0 0 5 0 0 0 4 1 0 0 0 0 0 0 
222826201 222582871 0 0 0 0 0 0 44 0 0 1 0 0 0 0 0 0 0 0 
199856689 199958944 0 0 0 1 0 0 0 0 0 0 0 0 0 0 2 0 0 0 
198977403 198788399 0 0 0 4 0 0 0 0 0 0 0 0 0 0 2 0 0 0 
238477390 238842448 0 0 0 0 0 0 0 0 0 0 0 0 0 4 0 0 0 0 
252374732 252327481 0 1 1 0 0 0 0 51 0 0 0 0 0 1 0 0 3 0 
196800384 196845827 5 8 0 1 0 0 0 2 0 0 0 0 0 0 0 0 0 0 
230792240 230638349 0 0 0 0 0 0 0 0 0 0 0 0 0 0 0 0 0 0 
249797009 249857551 1 0 0 8 0 0 0 0 0 0 0 0 0 0 0 0 0 4 
231350084 231138037 0 0 0 0 0 0 0 0 1 0 0 0 0 0 0 22 0 0 
191526076 191610077 0 13 0 0 0 0 0 0 0 5 0 0 2 0 7 0 2 3 
229071807 229176333 0 0 0 0 0 0 7 0 0 0 0 0 0 0 0 4 0 0 
194569123 194645928 0 0 0 0 0 0 0 0 0 0 0 0 0 2 0 0 1 0 
237964848 237916215 0 0 0 0 0 0 0 2 4 0 0 0 0 0 0 0 0 0 
204982278 205097475 0 0 0 0 0 0 0 0 0 0 0 0 0 0 0 0 0 0 
211650460 211723987 0 0 0 0 0 0 0 0 0 0 0 0 1 0 0 0 0 0 
249902045 249941621 0 0 0 0 0 0 0 0 3 0 0 0 0 0 0 0 0 0 
199456091 199266056 8 0 0 0 0 0 0 0 0 0 0 0 0 0 0 0 0 0 
193209791 193111082 0 0 0 0 0 0 0 0 0 0 0 0 0 4 0 0 0 0 
204263041 204010802 0 0 0 0 0 0 0 0 0 1 0 0 0 1 0 0 0 2 
232124141 232083101 0 0 0 0 0 0 0 68 0 0 0 0 0 0 0 0 0 2 
190699358 190741788 0 0 0 0 0 0 0 0 0 0 0 0 0 2 0 0 0 0 
212728424 212440315 1 0 0 0 0 0 0 0 0 0 0 0 0 0 0 0 0 0 
197814123 197599171 0 0 0 0 0 0 251 1 0 0 2 0 0 0 0 0 0 3 
229171703 229421290 0 0 0 0 0 0 0 0 0 0 0 0 0 0 0 0 0 1 
209614260 209605318 2 0 0 0 0 0 0 0 1 8 0 0 0 0 0 0 0 0 
234914064 235056803 0 0 0 0 0 2 0 0 0 0 0 0 0 0 0 0 0 0 
191866969 191738740 0 0 0 0 0 0 0 0 0 7 0 0 0 0 0 0 0 7 
243560535 243392834 0 0 0 4 0 0 0 0 0 0 0 0 0 0 0 0 0 0 
195831910 195772114 0 0 0 0 0 0 0 0 0 10 0 0 0 0 0 0 0 1 
217935147 218225590 2 0 1 0 0 3 0 0 1 0 0 0 0 0 0 0 1 0 
196413016 196355365 0 0 1 0 3 0 0 0 0 0 0 0 3 0 0 0 0 1 
244616223 244439189 1 0 0 0 0 0 7 0 0 0 0 0 0 0 0 0 0 0 
235629921 235226110 0 0 0 0 0 0 0 0 0 0 1 0 0 0 0 2 0 11 
198167303 198275830 0 0 0 0 0 0 5 0 0 0 0 0 0 4 0 0 0 0 
219228922 219273486 0 0 0 6 1 0 0 0 0 0 0 0 0 0 0 0 0 0 
216699235 216774374 0 0 0 0 0 0 0 0 0 0 0 0 0 0 0 0 0 0 
248682697 248766016 0 0 0 0 0 0 0 0 0 0 0 0 0 0 1 0 0 0 
220135831 220209605 0 0 0 0 0 0 0 2 0 0 0 0 0 2 0 0 0 0 
226845543 226882605 5 0 0 0 0 0 0 0 0 0 0 1 0 0 0 0 0 0 
201601047 201444679 0 0 0 1 1 0 0 0 0 0 0 0 0 0 0 0 0 0 
234838810 234610008 2 0 0 0 0 0 0 3 0 0 0 0 0 0 0 0 17 0 
201952662 201847838 0 0 0 0 0 0 0 1 0 0 0 0 0 8 0 0 0 0 
226615169 226692970 0 0 4 0 0 0 0 0 0 0 0 3 0 0 0 0 0 5 
205029940 205078988 8 0 0 0 0 0 0 1 0 0 0 0 0 0 0 0 0 0 
194503237 194472788 0 0 0 0 0 0 0 0 0 0 0 0 0 0 0 0 0 0 
214681916 214901955 0 2 0 0 0 0 0 0 0 1 0 0 0 0 0 0 0 0 
190683654 190769658 0 1 0 0 0 0 0 0 0 0 0 0 0 0 0 0 0 0 
227632961 227595314 8 0 0 0 0 0 0 0 0 0 0 0 0 0 0 0 0 0 
231559144 231680853 2 0 0 0 0 0 0 0 0 0 0 0 0 0 0 0 0 0 
196910080 196783315 0 0 0 0 0 0 0 0 0 0 0 0 0 3 0 0 0 2 
243855083 243825189 3 0 0 0 0 0 0 0 2 0 0 0 0 0 0 0 0 0 
216028471 216103821 0 0 0 2 0 0 0 0 0 0 0 0 0 0 0 0 2 0 
218264024 218201214 0 0 6 0 0 0 0 0 1 0 0 0 0 0 0 0 0 5 
201319727 201198207 0 5 0 0 0 0 0 0 5 0 0 0 0 0 0 0 0 0 
212761064 212894604 0 0 0 0 0 0 0 0 0 0 0 0 0 0 0 0 1 0 
197338870 197329472 0 0 0 3 0 0 6 0 0 1 0 0 0 0 0 0 1 1 
217818504 218269332 0 0 0 0 0 0 0 0 2 0 0 0 0 0 0 0 0 0 
199138394 199434371 0 0 5 0 0 0 0 0 0 0 0 0 0 0 0 0 5 0 
216588790 216639679 3 0 0 0 0 3 0 0 0 1 0 0 0 0 0 0 0 0 
238150462 238053945 0 0 0 0 0 0 0 0 0 0 0 0 13 2 0 0 0 0 
198638513 198715203 1 0 0 0 0 0 1 0 0 0 6 0 0 0 0 0 0 2 
241390612 241648896 1 0 0 2 2 0 0 1 0 0 0 0 0 0 0 0 0 0 
234711397 234726000 0 12 1 0 0 2 0 0 0 0 0 0 0 0 0 0 0 0 
197409730 197419190 0 0 0 0 0 0 0 11 0 0 0 0 0 0 0 0 0 0 
212095447 211998842 2 0 0 0 0 0 2 0 0 0 0 0 0 0 0 0 0 0 
213806180 213701088 0 0 0 0 0 0 4 0 0 0 0 0 0 0 0 0 0 0 
251971780 251955412 4 0 0 0 0 0 0 0 2 2 0 0 0 0 0 0 3 3 
244603455 244396878 8 0 0 0 0 1 0 0 0 0 0 0 0 0 0 0 0 0 
232850329 232882379 0 1 0 0 1 0 0 1 7 0 0 0 0 0 0 0 0 0 
213139525 212950556 0 0 0 1 0 0 0 0 0 0 0 0 0 0 0 0 0 0 
213393752 213336976 0 8 0 0 0 0 1 0 0 1 0 0 0 0 5 0 0 0 
200273682 200053251 0 5 1 0 0 0 0 0 0 5 0 0 0 0 0 0 0 0 
252472164 252443467 0 6 0 0 0 1 0 1 0 0 0 0 0 0 0 0 0 4 
209422825 209595508 0 0 0 2 0 0 0 0 0 0 0 0 0 0 0 0 0 0 
240263027 240410918 0 0 0 0 0 0 0 1 1 1 0 0 0 0 0 0 0 1 
229878382 229700910 0 0 0 1 0 0 0 0 0 0 0 0 2 2 0 0 0 0 
218320573 218129022 0 0 0 0 0 0 0 0 0 0 0 0 0 0 0 0 0 0 
204489628 204309164 0 0 0 0 0 0 0 0 0 0 0 0 0 0 0 0 0 0 
219406966 219643804 0 0 0 0 0 5 0 0 0 4 0 0 0 0 0 2 0 19 
248208968 248156661 0 0 0 0 0 0 0 0 0 0 0 0 0 0 0 0 0 0 
201813920 201750852 1 0 0 0 0 0 0 0 0 0 0 0 0 0 0 0 25 3 
246929760 246757346 0 0 0 3 0 0 0 0 2 0 0 0 0 0 0 0 0 0 
197986490 197936968 0 0 0 0 0 0 0 0 0 0 0 0 0 0 0 0 0 1 
226704869 226753442 0 0 0 7 0 0 0 0 0 0 0 1 0 0 0 0 0 0 
243726055 243640985 0 0 5 1 0 0 0 0 0 0 0 0 0 0 0 0 1 0 
238488939 238638273 0 0 0 0 0 1 0 0 0 0 0 0 0 0 3 0 0 0 
197011165 197102558 0 0 0 3 0 0 0 0 1 0 0 0 0 0 0 0 0 0 
201863568 201892231 11 0 0 0 0 0 0 0 0 0 0 0 0 0 0 0 0 0 
252400405 252764766 0 0 0 0 0 0 0 0 0 0 0 0 0 0 0 0 1 0 
243272735 243438848 0 6 7 0 0 0 0 0 0 0 0 0 0 0 0 0 0 0 
207485650 207582348 0 0 0 0 0 0 0 2 2 2 0 0 0 0 0 0 0 0 
230843116 230900358 1 1 0 0 0 0 1 0 0 0 0 0 0 0 1 1 1 0 
209022718 209151046 0 0 0 0 0 0 0 0 0 0 0 0 0 0 0 0 0 3 
210378817 210188380 0 0 0 0 0 0 0 0 1 0 0 2 0 0 0 0 0 3 
210720387 210883046 0 0 0 0 0 0 0 0 0 0 0 0 0 1 0 0 0 0 
252969677 252772365 0 4 0 0 0 0 0 1 13 0 0 0 0 0 0 0 0 2 
220639635 220963930 0 0 0 0 0 0 0 0 0 0 0 0 0 0 0 3 0 0 
252465112 252509549 15 0 0 0 0 0 0 0 0 2 0 0 0 0 0 0 0 0 
230508691 230519426 0 0 5 1 0 0 0 0 0 0 0 0 0 0 0 0 0 0 
236577559 236555113 0 0 0 0 0 0 0 0 0 0 0 0 0 0 0 0 3 0 
220489749 220345283 0 3 0 0 0 0 0 0 0 0 0 0 0 0 1 0 0 0 
211481327 211462823 0 6 0 0 0 0 0 0 0 0 0 0 0 0 0 0 0 0 
228266187 228235723 0 0 0 0 0 0 3 0 0 0 0 0 0 0 0 0 0 0 
241636889 242069618 34 0 0 0 0 0 0 0 0 0 0 0 0 0 0 0 0 0 
224723230 224679643 0 0 0 0 0 0 0 0 0 0 0 0 0 0 0 0 0 0 
196623813 196585528 0 0 0 0 0 0 0 0 0 0 0 0 4 0 0 0 0 0 
206482274 206453563 0 4 0 0 0 0 0 0 0 0 0 0 0 0 9 0 0 0 
202283630 202265553 1 1 0 0 0 0 0 0 0 0 0 0 0 0 0 2 0 0 
218273033 218471057 0 0 0 0 0 0 0 0 0 0 0 0 0 0 0 0 0 0 
201784685 201820824 0 0 0 0 0 0 0 0 0 0 1 0 0 0 0 0 1 1 
249091448 248988557 0 0 0 0 0 0 0 0 1 0 0 0 0 0 0 0 0 1 
245834460 245642816 0 0 0 2 0 0 0 1 0 0 0 0 0 0 0 0 0 0 
238373488 238241058 0 0 0 1 0 0 0 0 0 13 0 0 0 0 0 0 3 0 
239226580 239392038 0 0 0 0 0 0 0 0 0 2 0 0 0 2 1 0 0 0 
196790254 196660936 0 0 0 0 0 0 0 10 0 0 0 1 0 0 0 0 0 0 
227835055 227895750 0 0 0 1 3 0 0 0 0 0 0 0 0 0 0 0 0 3 
237774001 237701157 0 0 0 0 6 0 0 0 0 1 0 0 0 0 0 0 0 14 
221683811 221634167 0 0 0 1 0 0 0 0 0 0 0 0 0 0 0 0 2 0 
220628686 220659300 0 0 0 0 0 0 0 0 0 0 0 0 0 0 0 0 0 0 
236713302 236493473 0 0 0 0 0 1 0 0 0 0 0 0 7 0 0 0 0 14 
210596798 210253811 0 0 0 0 0 0 0 0 0 0 0 0 1 0 0 0 0 0 
251933105 251598200 0 0 0 0 0 0 0 0 0 0 0 0 0 0 0 0 0 0 
247108990 247152782 0 0 0 0 2 0 0 0 0 0 0 0 0 0 0 0 0 0 
251730044 252004530 4 1 0 0 0 0 0 1 0 0 1 0 0 0 0 0 0 0 
222730461 222523560 0 0 0 0 0 0 0 0 2 0 0 0 0 0 0 0 0 0 
235995126 236074852 0 0 0 0 0 0 0 1 0 0 0 0 0 0 0 0 0 0 
202382640 202318534 0 0 1 0 0 0 0 1 0 0 0 0 0 2 0 0 1 0 
232872393 232906586 0 0 0 0 0 0 0 0 0 0 0 0 0 0 0 0 2 0 
209818601 209925781 0 0 0 0 0 0 0 0 0 0 0 0 0 0 0 0 0 0 
247476281 247671074 0 0 0 0 0 0 0 0 0 2 0 0 0 0 0 0 1 0 
193337354 193199348 0 0 0 0 0 0 0 0 0 0 0 0 0 0 0 0 0 3 
201732950 201604500 0 0 0 8 0 0 0 0 0 0 0 0 0 0 0 0 0 0 
244838633 244783373 0 0 0 0 0 0 12 0 0 1 0 0 0 0 0 0 5 0 
245331314 245268629 0 0 0 0 0 0 1 0 0 0 0 0 0 9 6 0 3 1 
233113256 233032276 0 0 0 0 0 0 0 1 0 2 0 0 0 0 0 0 0 0 
241027872 240742632 0 0 0 0 0 0 0 0 0 3 0 0 0 0 0 0 0 0 
231583540 231510591 0 0 0 0 0 0 0 0 0 0 0 0 0 0 0 0 0 0 
207426125 207007112 0 0 0 7 3 0 1 0 0 0 0 0 0 1 0 0 0 0 
247097295 247315206 0 0 0 0 0 3 0 1 0 0 0 0 0 1 0 0 0 0 
190757141 190768316 0 0 1 0 0 0 0 0 0 0 0 0 0 0 0 0 8 2 
228473657 228775318 0 0 0 2 0 0 5 0 0 0 0 0 0 0 0 0 0 3 
213423452 213562552 0 0 0 0 0 0 1 0 0 0 0 0 2 0 0 1 0 0 
244073791 243895277 0 0 0 0 0 0 0 0 0 0 0 0 0 0 0 0 0 4 
224133619 223871297 13 0 0 0 0 0 0 0 1 0 0 0 0 0 0 0 0 0 
190299283 190157339 0 2 0 0 0 0 0 2 0 0 0 0 0 0 0 0 0 2 
210404670 210502346 0 17 0 0 0 2 0 0 2 2 0 0 0 0 0 0 0 0 
219544003 219595842 1 6 0 0 0 0 0 0 0 2 1 0 1 0 0 0 0 1 
190742448 190755404 0 0 1 0 0 0 0 0 0 0 0 0 0 0 0 0 0 0 
218683635 218405276 0 0 0 0 0 0 0 0 0 0 1 0 0 0 0 0 0 1 
202093054 202100624 27 0 0 0 0 0 0 0 0 0 0 0 0 0 0 0 0 0 
248161160 248299234 0 0 0 0 2 0 0 0 0 0 0 0 0 0 0 0 4 1 
218710807 218675171 2 0 0 0 0 0 0 0 0 0 0 0 0 0 0 0 25 0 
213926881 214066842 5 0 0 0 0 0 0 0 0 2 0 0 0 0 11 0 0 3 
248876890 248844734 0 0 0 6 1 0 0 0 0 0 0 3 0 0 0 0 0 0 
207754448 207933557 8 0 0 0 0 0 0 0 0 1 0 0 0 0 0 0 0 0 
220715106 220647184 0 0 0 0 0 2 0 0 0 0 0 0 0 0 0 0 0 1 
224058924 224233704 0 0 0 0 0 0 0 0 0 0 0 0 0 0 0 0 0 1 
230921177 230827968 0 2 0 1 0 0 0 0 0 0 0 0 0 0 0 0 0 0 
231550317 231705264 0 0 0 0 0 0 0 0 0 0 0 0 0 0 0 0 0 0 
210455399 210598519 0 0 2 0 0 0 0 0 0 1 0 0 2 0 0 0 0 0 
242240505 242215907 0 0 0 0 0 0 0 0 0 10 0 0 0 0 5 0 0 0 
208281485 208643977 0 0 0 0 0 0 2 8 0 0 0 0 0 0 0 0 0 0 
197848955 197499809 1 0 2 0 0 0 0 2 0 0 0 0 0 0 0 0 1 0 
197810110 197610098 0 0 0 0 0 1 1 0 0 6 0 0 0 0 0 0 1 3 
199153830 198834601 0 6 0 1 0 0 0 0 0 0 0 0 0 0 0 0 3 0 
245166811 245301319 0 0 0 0 0 0 0 0 0 0 0 0 0 0 0 0 0 0 
193159417 192913789 0 0 0 0 0 0 0 0 0 0 0 0 0 0 0 0 0 0 
205011484 204996569 0 0 0 0 0 0 0 0 1 0 0 0 0 0 0 0 0 0 
196053445 196134086 0 0 0 0 0 0 0 0 0 0 0 0 0 0 0 0 0 0 
195426691 195276826 0 0 0 0 0 0 0 0 0 0 0 0 0 0 0 0 0 0 
191513260 191259688 0 0 0 0 0 0 0 0 0 0 0 0 0 0 0 0 0 0 
244520867 244442294 0 0 0 0 0 0 0 0 0 0 0 0 0 0 0 0 0 0 
245107039 245083700 0 0 1 0 0 0 0 0 0 2 0 0 0 2 0 0 0 0 
251862300 252250288 0 0 5 0 0 0 0 0 3 0 0 0 0 0 0 0 0 0 
222950437 223225350 0 0 0 1 0 0 0 0 0 0 0 3 1 2 0 0 8 0 
207804597 207876904 0 0 0 0 0 0 0 0 0 0 0 0 0 0 0 0 0 0 
241463143 241384807 0 0 0 0 0 0 3 0 0 0 0 0 0 0 0 0 0 0 
225872523 226070872 0 0 0 0 0 0 0 1 0 0 0 0 0 0 7 0 0 0 
213500733 213402286 0 0 1 0 0 0 0 0 0 0 0 0 0 0 0 0 0 0 
233007594 232930713 17 0 0 0 0 0 0 0 0 0 0 0 7 0 0 0 0 0 
245346000 245305661 0 0 0 0 0 0 0 0 0 3 0 0 0 0 0 0 0 1 
229519188 229570668 0 0 0 0 0 0 0 0 0 16 0 0 0 1 0 0 0 0 
234938931 234721142 0 0 0 2 36 0 0 0 1 0 0 1 0 0 0 0 0 0 
233921094 234593150 0 0 0 0 0 2 0 0 0 0 0 0 0 0 1 0 0 0 
194473648 194817300 0 1 0 0 0 0 0 0 0 0 0 0 0 0 0 0 0 2 
232230342 232394915 0 5 0 0 0 0 0 0 2 0 0 0 0 0 0 0 0 0 
191717237 191733733 1 2 0 0 2 0 0 7 3 0 0 0 0 0 0 0 0 0 
198564953 198813415 0 11 0 0 0 0 0 0 1 0 0 0 0 0 5 0 0 0 
218031815 218030028 0 0 0 4 0 0 0 0 0 2 0 0 0 0 0 0 0 0 
232161988 232205183 0 0 0 0 0 0 0 0 0 0 0 0 0 0 0 0 5 0 
230983871 231119340 0 0 0 0 0 0 0 0 7 0 0 0 0 2 0 0 0 0 
194551086 194668507 0 0 0 0 0 0 0 0 0 0 0 0 0 0 0 0 1 0 
227236087 227255907 0 0 0 4 0 6 0 0 0 5 0 0 0 1 0 0 9 0 
221843840 221892308 0 0 0 0 0 0 0 0 0 0 0 0 0 0 2 0 1 0 
202372161 202177726 2 0 1 0 0 0 0 0 1 0 0 0 0 0 0 0 0 0 
226577668 226703094 4 0 3 0 0 0 0 14 1 0 0 0 0 0 0 0 0 0 
232240774 231984294 0 0 0 0 0 0 0 0 0 0 0 0 0 0 0 0 2 0 
197752150 197884229 0 1 0 2 0 0 0 0 4 0 0 0 0 0 0 0 21 0 
245494911 245727500 0 0 0 0 0 0 0 0 2 0 0 0 4 1 0 0 0 0 
242211215 242254713 0 0 0 1 1 0 0 0 0 0 0 0 0 0 0 0 0 0 
200836853 201132309 1 3 1 0 0 0 0 0 0 0 0 0 0 0 0 0 6 1 
213187997 213049509 0 0 0 0 0 0 0 0 0 0 0 0 0 0 0 0 0 0 
218631822 218622813 0 0 2 0 0 0 0 0 1 0 0 0 0 0 0 0 0 0 
233957589 233670676 0 0 0 0 0 21 0 0 0 0 0 0 0 0 0 0 0 2 
218050293 218031460 0 0 0 0 0 0 0 0 0 0 0 1 0 0 0 0 0 0 
226867469 226832753 0 0 0 0 0 0 0 0 0 0 0 0 0 0 0 0 0 0 
204786909 204948400 0 0 0 0 0 0 0 3 3 0 0 0 0 0 0 0 0 1 
204885319 204927779 0 0 0 0 0 0 0 0 0 0 0 0 0 0 0 0 3 0 
231035771 231022360 1 0 0 0 0 0 0 0 0 0 0 0 0 0 1 0 0 0 
201269577 201310311 0 0 6 0 0 0 0 0 0 0 0 0 0 0 0 0 0 0 
190508794 190492777 0 0 0 0 0 0 0 0 0 0 0 0 0 0 0 0 0 0 
226611587 226586490 0 1 0 0 0 0 0 0 0 0 1 0 0 1 0 0 2 2 
224341322 224816819 0 0 0 0 0 0 0 0 0 0 0 0 0 0 0 0 0 0 
234251849 234781266 0 1 0 0 0 14 0 0 60 0 4 0 0 0 0 0 0 0 
221119318 221099092 0 0 1 1 0 0 0 0 0 0 0 0 0 0 0 0 0 1 
200652320 200722319 0 0 1 0 0 0 0 0 0 6 0 0 0 0 0 0 0 1 
207459914 207328135 0 0 1 1 0 0 0 0 3 77 0 0 0 0 0 0 0 0 
245077490 245217124 0 5 0 0 0 0 0 0 0 2 0 0 0 0 3 0 0 2 
228361628 228449954 0 0 0 0 0 0 5 0 3 0 0 0 0 0 0 0 0 22 
230035042 229950693 0 0 0 0 0 0 0 0 0 0 0 0 0 0 0 0 8 0 
252914049 252817280 0 1 0 0 0 0 0 0 0 0 0 0 0 0 0 0 0 0 
249086370 248865484 6 0 0 26 0 0 0 0 0 0 0 0 0 0 0 0 0 0 
251273922 251251909 0 12 1 0 0 0 0 0 3 0 0 0 22 0 0 0 0 0 
235745841 235992445 0 1 0 0 0 0 0 0 0 0 0 0 0 0 0 0 1 0 
247491516 247547125 0 0 0 0 0 0 0 0 0 0 0 0 0 0 0 0 0 0 
194446774 194269538 0 44 9 0 5 0 0 0 0 0 0 0 0 1 3 0 0 0 
209201794 209046918 0 0 0 0 1 0 0 0 0 0 0 0 0 0 0 0 0 0 
190451977 190463623 0 0 2 0 0 0 1 4 2 0 0 0 0 0 10 0 7 0 
230472621 230317257 0 12 0 0 0 0 0 0 0 0 0 0 0 0 3 0 0 0 
246978910 246834634 0 5 0 0 0 0 2 0 0 0 0 0 0 0 0 0 1 0 
220425935 220459596 0 2 0 0 0 0 0 0 0 0 0 0 0 0 0 0 1 0 
235621275 235382933 10 0 3 0 1 0 8 0 0 0 0 0 0 0 0 0 1 0 
196013925 195827025 0 0 0 5 0 0 0 0 0 0 0 0 0 0 0 0 1 0 
190189075 190427400 0 0 0 2 0 0 0 0 0 0 0 0 0 0 0 2 0 0 
191112906 191175863 1 0 0 0 1 0 0 0 0 0 0 0 0 0 0 0 0 0 
190108884 190058500 2 0 0 0 0 0 0 0 0 0 0 0 0 0 0 0 0 0 
216220918 216179982 1 0 0 0 0 0 3 0 0 0 1 0 0 0 0 0 0 0 
231099688 231102174 0 2 5 31 0 0 0 0 0 0 0 0 0 0 0 0 0 0 
247256198 247249401 0 7 0 0 0 0 1 0 0 0 0 0 0 0 0 0 0 4 
217836680 218124909 0 0 0 1 0 0 0 0 0 0 0 0 0 1 0 0 0 0 
226680814 226736468 0 0 0 0 0 0 0 0 0 0 0 0 0 1 0 0 0 0 
215039410 215018110 0 27 0 0 0 0 0 0 1 2 0 0 0 0 0 0 0 4 
214505812 214118413 0 10 0 0 0 1 0 0 3 0 0 0 1 0 0 0 0 0 
192412287 192477012 0 4 0 0 0 3 0 0 0 0 0 0 0 0 0 0 0 1 
226643510 226487044 0 6 0 0 1 0 0 0 2 0 0 0 0 1 0 0 0 0 
206043523 206322088 0 0 0 0 0 0 0 1 0 0 0 0 0 0 0 0 0 33 
211873504 211925350 0 0 0 0 0 0 14 0 0 0 0 0 2 0 0 0 0 2 
214593505 214672609 0 0 1 0 0 0 0 0 0 0 0 0 0 1 0 1 0 0 
219672752 219792152 0 0 0 0 0 0 0 0 0 0 0 0 0 0 0 0 0 0 
237938015 237644189 0 0 1 0 0 0 0 1 0 0 0 0 0 0 0 0 0 0 
195725662 195869478 1 0 0 0 0 0 0 0 0 0 0 0 0 1 0 0 0 0 
223978714 223926484 0 0 1 0 0 0 2 0 0 0 0 5 0 0 0 0 1 0 
227559721 227620951 1 0 0 0 0 0 0 0 3 5 0 0 0 0 0 0 7 5 
238719887 238838829 0 0 0 0 0 0 0 0 0 0 0 1 0 1 0 0 0 0 
213691786 213774406 0 0 0 0 0 0 0 0 0 0 0 0 0 0 0 0 0 0 
245409424 245664203 0 0 0 0 0 0 0 0 0 0 0 0 0 0 0 0 0 0 
203151913 203124151 0 4 0 3 0 0 0 0 5 0 0 0 0 0 0 0 5 0 
248716698 248388337 0 0 0 0 0 0 0 0 0 1 0 3 0 0 0 0 0 0 
239212052 239027221 12 0 1 0 0 0 1 0 0 0 0 0 0 0 0 0 0 0 
215636912 215860162 0 0 0 0 0 8 0 0 0 0 0 0 1 0 0 0 0 0 
231991082 231688754 29 0 0 0 0 0 0 2 1 0 0 0 0 0 0 0 0 0 
214787702 214888329 0 0 0 0 0 0 0 0 5 0 0 0 0 0 0 0 1 0 
245343017 245369569 0 0 0 0 0 0 0 1 8 0 0 0 0 0 0 0 0 0 
217630377 218102549 0 0 0 0 0 0 0 0 0 0 0 0 0 0 0 0 1 5 
242260764 242454569 0 0 0 0 0 0 0 0 2 0 0 0 0 1 0 0 1 2 
214791195 214722282 1 0 0 0 0 0 0 0 0 0 0 0 0 0 0 0 0 0 
238016291 238043254 2 0 0 0 0 0 0 0 0 0 0 0 0 0 0 0 0 1 
211856105 212100651 0 0 1 0 0 0 0 0 0 0 0 0 0 0 0 0 0 0 
232307289 232120248 0 0 0 0 0 0 0 0 0 0 0 0 0 0 0 0 0 0 
245726683 245808726 0 0 0 0 0 0 0 0 0 0 1 0 0 0 0 0 0 0 
251806510 251650521 0 0 0 0 0 0 0 0 0 0 0 0 0 0 0 0 0 3 
189901197 190142868 0 0 0 0 0 0 0 2 0 0 0 0 0 0 0 1 3 0 
252901589 252781524 0 0 0 0 0 1 0 0 0 3 7 0 0 0 0 0 0 0 
193886714 193697416 11 0 0 0 0 0 0 1 0 15 0 0 0 0 0 0 0 0 
213461379 213606219 0 0 0 0 0 0 0 0 0 0 0 0 0 0 0 0 0 3 
243432317 243364863 1 1 0 0 0 0 2 0 0 1 0 0 6 0 3 0 0 0 
192012028 192146580 0 0 0 0 0 0 0 0 0 0 0 0 4 0 0 0 8 0 
215942299 216079966 14 0 0 0 0 0 0 0 0 0 0 0 0 0 2 0 0 0 
191896840 191768162 0 40 0 0 0 0 0 0 21 0 0 0 0 0 0 0 0 0 
194290343 194234595 0 0 0 0 0 0 0 0 0 0 0 0 0 0 0 0 0 0 
193010466 192862653 0 0 0 0 0 0 0 0 0 0 0 0 0 0 0 0 0 0 
214586413 214559081 0 2 0 0 0 1 0 0 0 0 0 0 0 0 0 0 0 0 
220253453 220391266 0 1 0 0 0 0 0 0 0 31 0 1 0 0 0 0 19 1 
192238866 192262045 0 0 0 1 0 0 0 0 0 0 0 0 0 0 0 0 0 0 
200231506 200084346 0 3 0 0 0 0 0 0 1 0 0 0 0 0 0 0 0 0 
241871953 241479391 2 0 0 2 0 1 0 0 1 0 0 0 0 0 0 1 0 0 
228605854 228406640 1 0 0 0 0 0 0 5 0 0 0 1 0 0 0 0 0 0 
242898488 242881017 2 0 0 2 0 0 9 2 0 0 0 0 0 0 0 0 0 0 
239439748 239765218 1 0 0 0 0 2 0 0 4 0 0 0 0 0 0 0 8 6 
235348693 235147352 0 0 0 0 0 2 0 0 0 0 0 0 0 0 0 0 0 0 
244596697 244591576 0 0 2 0 0 0 0 0 0 1 0 0 0 0 0 0 0 0 
236361716 236130665 3 0 0 0 0 0 0 0 0 0 0 0 4 0 0 0 0 0 
216539002 216244061 2 8 0 0 0 0 0 0 0 1 0 0 0 0 0 0 1 0 
245164587 244892078 0 2 0 0 0 0 0 0 0 14 0 1 0 0 0 0 0 0 
192894640 193073323 0 0 0 0 0 0 0 0 0 1 0 0 0 0 0 0 0 0 
203180522 203166291 0 1 0 0 0 0 0 0 0 0 0 0 0 0 0 0 0 3 
250008507 250083302 0 0 2 0 0 0 0 0 3 0 0 0 0 1 0 0 0 0 
250802235 250918090 0 0 0 0 0 0 0 0 0 0 0 0 0 0 0 0 0 0 
196567557 196478739 2 0 2 0 0 0 0 0 0 0 0 0 0 0 0 0 0 0 
193373065 193107400 0 0 0 2 0 0 0 0 0 0 0 0 0 0 0 0 2 1 
233531493 233415746 0 0 0 0 0 0 0 0 0 0 0 0 0 5 0 0 0 0 
230056622 230079150 0 0 0 3 0 0 0 0 0 0 0 0 0 0 0 0 0 0 
239294222 239409938 0 0 0 0 0 0 0 3 0 0 0 0 0 0 0 0 0 0 
233244104 233101685 0 0 0 4 0 0 0 0 0 5 0 0 8 0 0 0 0 4 
204045172 204087113 0 0 0 0 0 0 0 0 0 1 0 0 0 0 0 0 0 0 
194871336 194905400 0 0 0 0 0 0 0 0 0 0 1 0 0 0 0 0 0 0 
222835635 222837559 0 0 0 1 0 0 0 0 0 0 0 0 3 0 0 0 0 0 
224932409 225071852 0 0 0 0 0 0 0 0 0 0 0 0 0 0 0 19 0 0 
221710909 221689698 0 2 0 0 0 0 0 0 16 1 0 0 0 1 0 0 0 0 
213651960 213838593 1 0 0 0 0 0 0 0 0 0 0 0 0 0 0 0 0 3 
227480529 227511000 0 0 4 0 0 0 0 0 0 10 0 1 2 0 0 0 0 0 
210131762 209766384 0 0 0 3 0 0 0 0 0 0 0 0 0 0 0 0 0 0 
250291560 250181773 0 0 0 0 0 0 0 0 0 0 0 1 1 0 0 0 0 1 
224861713 224749849 0 0 0 1 0 0 0 0 2 0 0 0 0 0 0 0 1 7 
233532255 234016051 0 0 0 0 0 0 0 0 3 0 0 0 2 0 0 0 0 0 
237504273 237655710 0 0 0 0 0 0 4 0 0 0 0 0 2 0 0 0 0 0 
205539869 205441393 0 0 0 0 0 0 0 0 0 0 0 0 0 0 0 0 1 0 
251196101 250956452 0 0 0 0 0 0 0 0 2 0 0 0 0 0 0 0 0 3 
249808057 249678829 0 0 0 0 0 0 0 0 0 0 0 0 0 0 0 0 0 0 
207245690 207334131 0 0 0 1 0 0 0 0 0 1 0 0 0 0 0 0 0 0 
208182368 208242987 0 1 0 0 0 0 0 0 0 2 0 0 0 0 0 0 0 0 
192900602 193020851 0 0 0 0 0 0 0 0 1 0 0 0 0 0 0 0 0 0 
229437850 229558219 0 0 0 0 0 0 0 0 0 0 0 0 0 1 0 0 0 0 
194741538 194666685 1 0 0 1 0 0 0 0 0 12 0 0 0 0 0 0 0 3 
190558723 190432028 0 0 0 0 0 0 0 0 3 0 0 0 0 0 0 0 0 0 
196247616 196559621 0 0 0 0 0 0 0 0 0 0 0 0 0 0 0 0 3 0 
248676509 248901532 14 3 0 0 0 0 0 0 2 0 0 0 0 0 0 0 0 0 
240214672 240059092 0 1 0 0 0 0 3 0 0 0 0 0 0 0 0 0 0 0 
224832749 224809409 0 0 2 0 0 0 0 0 7 0 0 0 1 0 0 0 0 0 
203062258 203192468 1 0 0 1 0 0 0 0 0 0 0 0 0 0 0 0 0 0 
194387846 194463125 0 0 1 0 0 0 0 0 0 0 0 0 0 0 0 0 0 0 
216118030 216200229 0 0 1 0 1 4 0 0 0 0 0 0 0 0 0 0 0 0 
223018346 223137683 0 0 0 0 0 0 0 0 0 5 4 0 0 0 0 0 4 0 
204347932 204308314 0 5 0 0 0 0 0 0 0 0 0 0 0 0 0 1 0 1 
243721371 243568574 0 0 0 0 0 0 0 0 1 16 0 0 0 0 0 0 0 0 
225759270 225795795 0 0 0 0 0 0 0 0 0 2 0 0 0 0 0 0 0 0 
204266247 204210105 0 1 0 1 1 0 2 0 0 0 0 0 0 0 0 0 0 0 
209030522 209052480 1 0 8 0 0 0 5 0 0 0 0 0 0 0 0 0 2 0 
191326102 191371653 0 0 0 0 0 0 0 0 1 0 0 0 0 2 1 0 4 4 
211290454 211313993 0 0 0 0 1 0 0 0 0 0 0 0 0 0 0 0 0 0 
220259871 220222436 0 0 0 0 0 0 0 1 0 0 0 0 0 0 0 0 0 0 
244326004 244292296 0 7 0 0 0 0 0 0 0 13 0 0 0 0 0 0 0 0 
230385183 230193588 0 1 0 0 0 0 0 0 1 1 0 0 0 0 0 2 0 0 
249566897 249638303 0 0 0 0 0 0 0 0 0 0 0 0 0 0 0 1 0 0 
245419879 245485112 0 0 0 0 0 0 0 0 0 1 2 0 10 0 0 0 0 0 
200246758 200180748 0 0 0 0 0 0 0 0 6 0 0 0 0 0 0 0 0 0 
199828210 199867335 0 0 0 0 0 0 0 0 0 0 0 0 0 0 0 0 0 0 
190730319 190733647 1 0 11 0 2 0 0 0 0 0 0 0 1 0 0 54 0 0 
252399726 252288270 0 0 0 0 0 0 0 0 2 0 0 0 0 2 0 0 0 0 
191690070 191944511 0 1 0 2 0 0 0 0 0 10 0 0 0 0 0 0 0 0 
216832640 216974197 0 1 0 0 0 0 0 0 0 0 0 0 0 0 0 0 0 0 
235551087 235765734 0 0 0 0 0 0 0 0 0 2 0 0 0 0 0 0 0 0 
229531093 229297414 0 0 1 0 0 0 0 0 1 1 1 0 0 0 0 0 0 3 
242701375 242610765 2 2 0 0 0 0 0 0 0 1 0 0 0 1 0 0 2 0 
224562796 224651319 4 0 1 1 0 0 0 0 0 0 0 1 0 1 0 0 0 0 
207937800 208002302 6 4 0 2 0 0 0 0 0 0 0 0 0 0 14 1 1 0 
207767718 207703827 0 0 0 0 0 0 0 0 0 0 0 0 0 0 0 0 0 0 
221771484 221892075 0 0 0 0 0 0 0 0 0 2 0 2 0 0 0 0 0 0 
217605746 217614251 0 0 3 0 11 0 0 0 0 0 0 0 0 0 0 0 0 0 
218106850 218284398 0 0 0 0 0 0 4 0 1 0 0 0 16 0 0 0 4 0 
208600290 208511691 0 0 0 1 0 1 0 0 9 0 0 0 0 0 1 0 1 0 
247284889 247273269 0 0 0 1 0 0 0 0 0 0 0 0 0 0 0 0 1 0 
224472268 224688109 3 0 0 1 0 0 0 0 0 0 0 0 0 0 0 0 10 0 
247033539 247201703 0 0 0 0 0 0 0 0 0 0 0 0 0 0 0 0 0 0 
217242294 217281373 1 0 0 8 0 0 0 0 1 0 0 0 0 0 0 0 0 0 
213089945 212839752 0 0 0 0 0 0 1 0 0 0 0 0 0 0 1 1 25 0 
246703308 246495868 0 0 0 0 0 0 0 0 0 0 0 0 1 0 0 0 0 0 
231215183 231458006 0 0 0 0 0 0 0 0 0 0 0 0 0 0 0 0 0 2 
202310817 202206274 1 0 1 0 0 0 0 1 0 0 0 0 0 0 0 0 0 0 
225770835 225829749 0 0 0 0 0 0 0 1 0 0 0 0 0 1 0 0 0 0 
191058507 191188864 0 0 0 1 0 0 1 0 0 0 0 0 0 0 0 0 0 0 
198870233 198853663 10 1 3 0 0 3 0 0 0 0 0 0 0 0 0 0 0 0 
232217553 231921640 0 17 0 1 0 0 13 0 1 0 0 0 0 0 0 3 0 0 
228586262 228786167 0 6 1 2 0 0 0 1 0 0 0 0 0 0 0 0 0 0 
224051807 224199934 0 0 0 0 1 0 0 0 0 4 0 0 0 0 0 0 0 0 
207067658 207014131 0 6 0 0 1 0 0 0 0 2 0 0 0 0 0 0 0 0 
191684983 191224811 20 1 0 0 0 1 1 0 0 0 0 0 0 0 7 0 0 0 
197642685 197702133 0 1 0 0 0 0 0 0 0 1 0 0 0 0 0 0 0 0 
192556221 192717379 0 0 0 0 0 0 0 0 0 0 0 0 0 0 0 0 0 7 
218788106 218771618 0 0 0 0 0 0 0 0 1 0 0 0 0 0 0 0 0 0 
230166337 229974176 0 0 1 4 0 0 0 0 0 4 0 0 0 0 0 0 0 0 
212121088 211851398 0 0 0 0 0 0 0 0 0 0 1 0 0 0 0 0 3 0 
250890077 250889185 4 0 3 0 0 0 0 0 3 0 0 0 1 0 0 0 0 0 
193107983 193145451 0 0 0 0 0 0 0 0 0 0 0 0 0 0 0 0 10 0 
250903180 250729888 5 0 0 1 0 13 0 1 0 7 0 0 0 0 0 0 0 0 
208034643 207845362 0 0 0 0 0 0 0 0 0 0 1 0 0 0 0 2 2 0 
211378658 211543037 3 0 0 0 0 0 0 0 1 0 0 0 0 0 0 0 0 0 
233029178 232771139 0 2 7 0 0 0 0 0 0 3 0 0 1 0 0 0 0 0 
233828664 233266190 0 0 4 0 0 0 0 0 0 0 0 0 0 0 0 0 0 0 
215856685 215484568 0 0 0 0 11 0 0 0 0 0 0 0 0 0 0 0 0 0 
190337548 190409095 0 0 0 0 0 0 10 0 0 0 0 0 0 0 0 0 0 0 
243907716 244008011 0 0 0 0 0 0 0 0 0 0 0 0 0 0 0 0 0 0 
241724166 241832831 16 0 0 0 0 0 0 0 0 0 0 0 0 1 0 0 7 2 
213391141 213489154 2 0 0 0 0 0 0 0 0 0 0 0 0 0 0 0 0 0 
195202175 195016821 0 0 0 0 0 0 0 0 0 0 0 0 0 0 0 0 0 0 
229540525 229544868 1 0 0 0 0 0 0 0 0 0 0 1 0 0 0 0 0 5 
193636801 193492287 2 0 0 3 0 0 0 0 0 0 0 0 0 0 0 0 0 0 
222538596 222805613 0 0 0 1 0 0 0 0 0 0 0 0 0 0 0 0 0 0 
231824520 231717279 0 0 5 0 0 0 0 0 0 0 0 0 0 0 0 0 0 0 
216959930 216845255 0 0 0 0 0 0 0 0 0 0 0 0 0 0 0 0 0 0 
234768949 234713858 0 0 0 0 0 0 0 0 0 0 0 0 0 0 0 0 0 3 
194787006 194812415 0 0 0 0 0 0 0 0 0 0 0 0 1 0 0 0 2 0 
233584062 233299455 0 0 0 0 0 0 0 0 1 0 0 0 0 0 0 4 0 0 
195459635 195512751 2 3 0 0 0 0 0 0 0 0 0 0 1 0 0 0 0 0 
198881012 198746486 0 1 0 0 0 1 0 0 0 0 0 0 0 0 0 0 0 0 
243259437 243191727 0 0 1 7 0 0 0 0 0 1 0 0 0 0 0 0 0 0 
233508479 233792132 0 0 0 0 2 0 3 0 0 0 0 0 0 0 0 0 0 20 
234585559 234604406 0 0 0 0 0 3 0 0 0 0 0 0 0 0 0 0 0 0 
225983151 226498367 0 0 0 0 1 0 0 0 0 0 0 0 0 0 0 0 0 0 
225566005 225900251 0 0 0 0 1 0 0 0 1 0 0 0 0 0 0 0 0 0 
228762834 228915835 0 0 0 0 0 0 0 0 0 1 0 0 0 0 0 0 0 13 
243189242 242901802 2 0 0 0 0 0 0 0 4 0 0 0 0 0 0 0 0 0 
251010017 251060998 0 3 0 2 0 0 0 0 2 1 0 0 0 0 0 0 0 8 
194475304 194598856 0 0 0 0 1 0 0 0 0 0 0 0 0 0 0 0 0 0 
215335738 215002653 0 0 2 0 0 0 0 0 0 0 0 0 11 0 0 0 0 0 
219938038 219835028 0 0 0 0 0 0 0 0 0 0 0 0 0 0 0 0 0 0 
193520105 193358538 3 0 0 0 0 0 0 0 0 0 0 0 1 0 0 0 1 1 
246114354 246062733 0 5 1 0 0 0 0 0 0 1 0 0 0 0 0 0 0 0 
232738132 232879108 0 0 0 0 0 0 0 0 2 0 0 0 0 0 0 3 0 0 
234566684 234257846 0 0 0 0 0 0 0 0 0 1 0 0 0 0 0 0 0 0 
238933396 238915599 0 0 0 0 0 0 0 0 0 9 0 0 1 0 0 0 0 0 
195213187 195275046 0 0 0 0 0 0 0 0 0 1 0 0 0 0 0 0 0 0 
211741089 211476649 1 0 2 0 0 0 0 0 0 0 0 0 1 0 0 0 0 0 
252893166 252971250 0 0 2 1 0 0 0 1 0 2 0 0 0 0 0 0 12 0 
225338992 225490733 1 0 0 0 0 0 0 0 0 0 0 0 0 0 0 0 0 0 
190141428 190046086 0 0 0 0 0 0 1 0 0 3 0 0 0 0 0 0 0 0 
238190892 237649670 0 0 0 4 0 0 0 0 0 0 0 0 0 1 0 1 0 0 
214150219 214330415 0 0 0 0 0 0 0 2 0 1 0 0 0 0 0 0 0 0 
210861528 210751047 0 2 0 0 0 0 0 0 0 0 0 0 0 0 0 0 7 0 
251331538 251103148 1 0 0 3 0 0 0 0 0 0 4 0 5 0 0 0 0 2 
216626517 216380110 0 0 0 0 0 0 1 0 6 0 4 0 0 0 0 0 0 0 
242174041 241923942 0 0 0 0 0 0 0 0 0 1 0 0 1 0 0 0 0 0 
222698290 222842423 0 0 2 0 0 0 0 0 0 0 0 0 0 0 0 0 0 0 
204003827 204233023 0 0 0 0 0 1 0 0 0 3 0 0 0 0 0 0 2 0 
220048779 219891237 0 4 0 0 0 0 0 0 0 0 0 1 0 0 0 0 0 0 
199338175 199364149 1 0 0 0 0 1 0 0 0 0 0 0 0 0 0 0 0 2 
194582170 194369271 0 0 0 0 0 0 0 0 0 2 0 0 0 1 0 0 0 0 
190459840 190511682 0 0 0 0 0 0 0 0 0 0 0 0 0 0 0 0 0 0 
235981961 235831201 0 0 1 0 0 0 0 0 0 0 0 0 11 0 0 0 0 0 
202505196 202408233 0 0 1 0 0 0 0 1 0 0 0 0 0 0 0 0 0 0 
201034148 201096087 0 1 0 0 0 0 0 0 0 0 0 0 0 0 0 0 0 0 
216528215 216010069 0 0 0 0 0 1 0 0 0 0 0 0 0 0 0 0 0 0 
230690188 230927074 10 0 0 0 0 0 0 0 0 0 0 0 0 0 0 0 0 2 
236990235 237155353 0 0 0 2 0 0 0 0 0 0 0 0 0 0 0 0 0 14 
215460469 215173768 0 0 0 0 0 0 0 0 0 0 0 0 0 3 0 0 0 0 
227477546 227211256 1 4 0 0 0 0 0 0 0 0 0 0 0 0 0 0 0 2 
235563607 235954116 0 0 0 0 0 0 0 0 0 0 0 0 0 0 0 0 0 0 
231654076 231418932 0 0 0 0 0 0 1 0 0 0 0 0 0 0 0 0 0 3 
231442546 231294573 0 0 0 4 0 0 143 0 0 0 0 0 0 0 0 3 0 1 
211484370 211794632 0 0 0 0 0 5 0 0 0 0 0 0 0 0 0 0 88 0 
225194459 225122307 0 13 2 0 0 1 0 0 0 0 0 2 0 0 0 0 1 0 
192663557 192560150 0 2 4 0 0 0 0 0 0 0 0 0 0 0 0 0 1 0 
239826586 239832695 0 0 0 0 0 0 0 0 0 0 0 0 0 0 0 0 0 0 
211754786 211786489 0 0 0 0 0 0 9 0 0 1 0 0 0 0 0 0 0 0 
251093991 251221010 0 0 0 0 0 0 0 0 1 0 0 0 0 0 0 0 0 2 
210431613 210386578 0 0 0 2 10 0 0 0 2 1 0 0 0 0 0 0 0 0 
223807392 223690490 0 0 0 0 0 0 0 0 0 0 0 0 0 0 0 0 0 0 
208391497 208711018 0 0 0 0 0 0 0 0 2 0 0 0 0 0 0 0 0 18 
201921109 202155293 0 0 2 2 0 0 0 0 0 0 0 0 0 0 0 0 0 0 
250907608 250726027 2 0 0 0 0 0 1 0 3 1 0 0 0 0 0 0 0 0 
249865042 250363051 0 0 0 1 0 0 0 0 0 0 0 0 0 0 0 0 10 1 
194430645 194360273 0 0 1 0 0 0 0 0 0 1 0 0 0 0 0 0 0 1 
217105997 217412320 0 0 0 0 0 0 0 0 0 0 0 0 0 0 0 0 0 2 
207945254 207784612 0 0 0 0 0 0 0 1 0 0 0 1 2 0 2 0 0 0 
219817189 219576448 0 0 0 0 0 1 0 0 0 0 1 0 0 0 0 0 1 0 
243524065 243631755 0 4 0 0 0 0 0 0 6 1 0 0 0 2 0 0 0 0 
239375649 239139255 0 4 0 0 0 0 0 0 0 0 0 0 0 0 0 0 0 0 
237409069 237464579 34 0 0 0 0 0 1 0 0 0 0 0 2 0 0 0 0 0 
234534921 234343943 0 0 0 0 0 0 0 9 0 0 1 0 0 0 0 0 0 0 
239542554 239610490 5 0 0 0 1 0 0 0 4 0 0 0 0 0 0 0 2 0 
209002822 208984367 0 0 0 0 0 0 0 10 0 0 0 0 0 0 2 0 3 0 
251334784 251649873 0 0 0 3 0 0 11 0 0 0 0 0 0 0 0 0 2 0 
244108800 243644645 0 0 0 0 0 0 0 3 0 0 0 0 0 0 0 0 0 0 
231352784 231634410 2 0 0 0 0 0 0 1 0 0 0 0 0 0 0 5 0 0 
251904283 252256407 0 0 18 0 3 0 0 0 0 0 0 0 0 0 0 0 0 0 
252037336 251722707 0 1 0 0 0 0 0 0 0 1 0 1 0 0 0 0 1 0 
241640570 241660869 0 0 0 0 0 0 0 0 0 0 0 0 0 0 0 0 0 0 
250302249 250459112 0 6 0 1 0 0 1 0 0 0 0 0 0 0 0 0 0 14 
214449023 214446564 0 1 0 1 0 0 0 0 0 1 0 0 0 4 0 0 0 7 
204596186 204863337 0 0 0 0 1 0 0 0 3 7 0 0 0 0 0 0 0 0 
231478595 231463156 0 0 0 0 0 0 0 0 0 0 0 0 0 0 0 10 0 0 
190335429 190101586 2 1 0 0 0 0 0 0 1 0 0 0 0 0 0 0 0 11 
190448263 190500487 0 6 0 1 0 0 0 0 0 0 0 0 0 0 0 0 0 0 
214360675 213961175 0 0 0 0 0 0 0 0 0 0 0 0 0 0 0 0 0 0 
252144760 252289801 0 0 0 0 0 0 2 0 0 0 0 0 0 0 0 0 0 0 
195048933 194941531 3 0 0 0 0 0 0 4 0 0 0 0 0 1 0 0 5 0 
204463338 205058396 5 0 0 0 0 0 0 0 0 0 0 0 0 0 0 0 2 0 
246449222 246480540 0 0 0 0 0 0 0 0 0 0 0 0 0 1 0 0 0 0 
203858079 203841969 1 0 1 0 0 1 0 0 0 0 0 0 0 0 0 0 0 0 
190000463 190061290 0 6 3 0 0 0 6 0 0 0 0 0 0 0 0 0 0 0 
196626691 196793285 11 0 0 0 0 0 1 0 0 3 0 0 0 0 0 0 0 4 
196046393 196076951 0 0 0 10 0 0 0 0 0 0 0 0 0 0 0 0 0 0 
236250053 236376567 0 0 0 0 0 0 0 1 11 0 0 0 1 0 0 0 0 0 
239641680 239571860 0 3 0 1 0 0 0 0 0 0 0 0 0 0 0 0 0 0 
197021402 196714412 3 0 2 0 0 0 0 0 0 0 0 0 0 0 0 0 0 0 
214554626 214533162 0 0 0 3 1 1 0 0 0 0 0 0 0 0 0 0 0 2 
194105806 193819392 0 0 0 2 0 0 0 0 0 3 0 0 4 0 0 0 0 0 
199659066 199418533 0 0 0 1 8 0 0 0 0 0 0 0 0 0 0 0 0 0 
245306357 245334698 0 1 1 0 0 0 0 0 0 3 0 3 0 0 0 0 0 0 
203718048 203907829 0 0 0 1 0 0 0 0 0 3 0 0 0 0 0 0 0 0 
233960653 233886609 0 2 0 1 0 0 0 0 0 0 0 0 0 0 0 3 2 0 
244939802 245122384 0 0 5 0 0 0 5 0 0 0 0 0 0 1 0 0 0 0 
194805386 194462115 5 0 0 0 0 0 0 0 0 1 0 0 0 0 0 0 0 0 
206821522 206796518 0 8 0 0 0 0 0 0 0 0 0 0 0 0 0 0 0 0 
236192003 236313841 0 0 0 0 0 0 0 0 0 0 2 0 0 0 0 0 0 0 
219451782 219293735 0 0 0 1 0 0 0 0 0 0 0 0 0 0 0 0 0 0 
210373274 210008785 0 0 0 0 0 0 0 0 0 0 0 0 0 0 0 0 0 0 
241586932 241588668 0 2 0 0 0 0 0 0 0 0 0 0 0 0 0 0 0 0 
236846270 236861712 0 0 0 0 0 0 0 0 0 0 0 0 0 2 3 0 0 0 
235644399 235687890 0 0 1 7 0 0 0 0 0 0 0 0 0 0 0 0 0 0 
216473488 216327218 0 0 0 8 2 0 9 1 0 0 0 0 0 0 0 0 0 0 
194706514 194605238 0 0 0 0 1 0 0 2 3 0 0 0 0 0 0 0 0 0 
207173231 207401758 0 0 0 0 0 0 0 0 0 0 0 0 0 0 0 0 0 0 
243803629 243921111 0 1 0 0 0 0 0 0 0 0 0 0 0 0 0 0 0 1 
207301526 207253338 0 0 0 0 0 0 0 0 0 0 0 0 0 0 0 0 0 0 
237759153 237813197 0 0 0 0 1 0 0 23 0 5 0 0 0 2 0 0 0 0 
194000632 193950330 0 0 0 0 0 0 0 0 0 0 1 0 0 0 0 3 0 0 
241707422 241835496 0 0 0 0 0 0 0 0 27 0 0 0 0 0 0 0 0 0 
190013329 190082987 0 0 0 0 0 0 0 0 0 0 0 0 0 0 0 0 0 1 
209420878 209326581 0 0 0 0 0 0 0 0 0 0 0 0 0 0 0 0 0 0 
190575207 190449426 7 0 0 0 0 0 0 0 0 0 0 0 0 0 0 0 2 0 
193125812 192971551 0 0 0 0 0 0 2 0 0 0 0 0 0 0 0 0 0 0 
249440263 249723028 0 1 0 1 5 0 0 0 0 0 0 0 2 0 0 0 0 0 
216767922 216662750 0 3 0 0 0 0 0 0 0 0 0 0 0 0 0 0 0 1 
252354873 252398820 0 0 1 0 0 0 1 0 0 0 0 0 1 0 0 0 0 0 
233210829 233383711 11 0 0 5 0 2 0 0 2 0 0 0 2 0 0 2 0 0 
211405805 211857736 0 2 0 0 0 0 0 0 0 0 0 0 1 0 0 0 9 0 
212367236 212231454 0 0 0 0 0 1 0 0 8 0 3 0 0 0 0 0 0 0 
234934688 235066607 18 0 0 0 0 0 0 0 0 14 0 0 0 0 0 0 2 0 
226449975 226111512 0 0 0 0 0 0 0 0 0 0 0 0 0 0 0 6 0 0 
224891313 225038425 6 2 1 1 0 0 0 0 0 10 0 0 0 0 0 0 0 0 
226711242 226585064 0 1 0 1 0 0 0 0 0 0 0 0 0 0 0 0 0 0 
204934664 204815422 0 0 1 0 0 0 0 0 0 0 0 0 0 0 0 0 0 0 
205066053 204970270 0 0 0 0 0 0 0 0 0 0 0 0 0 0 0 0 0 0 
203888730 203957590 0 0 0 0 0 0 5 0 10 12 0 0 1 0 0 0 0 3 
210864887 210959044 0 0 0 0 0 0 0 4 0 0 0 0 0 0 0 0 0 0 
198543873 198771665 2 0 0 0 0 0 0 0 0 0 0 0 3 0 0 6 0 0 
204652217 204567953 0 0 0 0 0 4 0 0 0 0 0 0 0 1 0 0 0 0 
191318700 191638069 0 6 0 1 0 0 0 15 0 0 0 0 0 0 0 0 0 0 
203372663 203347536 0 2 0 3 0 0 0 1 3 0 0 0 0 1 0 0 0 0 
214054304 213801170 0 0 1 0 0 0 0 0 0 0 0 0 0 0 0 0 0 1 
198764770 198788365 0 0 1 0 0 0 0 0 0 0 0 0 0 0 0 0 0 0 
201048166 201478796 1 0 0 5 0 0 0 0 0 0 0 0 0 0 0 0 0 0 
233088947 233178311 0 1 0 0 0 0 0 0 0 0 0 0 0 0 0 0 0 0 
243932543 244196761 0 0 0 0 0 0 0 0 0 0 0 0 0 0 0 0 2 0 
233179682 233574037 12 0 0 0 0 3 0 3 0 0 0 0 0 0 0 0 0 6 
223354547 223185824 0 0 0 0 0 0 0 0 0 0 0 0 0 0 0 0 0 0 
248208511 248088475 0 0 0 1 0 0 6 0 0 0 0 0 3 0 0 0 0 0 
202286234 202560672 0 2 0 0 0 0 0 0 1 0 0 0 0 0 0 0 0 0 
216608996 216689313 0 0 0 0 0 0 0 0 0 0 0 0 0 0 0 0 0 0 
243101160 242538857 0 0 1 0 0 0 0 0 0 0 0 0 0 0 0 0 0 0 
248582682 248598557 2 0 0 0 0 0 0 0 0 0 0 0 0 0 0 2 0 0 
200153048 200473470 5 0 0 0 0 0 3 16 0 0 0 0 0 0 0 0 0 0 
200505119 200601208 0 0 0 0 0 1 0 5 0 0 0 0 0 0 0 0 1 0 
210753116 210897563 0 16 1 0 5 0 0 0 0 0 0 0 0 0 0 0 2 1 
247311685 247662275 0 0 0 0 0 0 0 0 3 0 0 0 0 0 0 0 5 0 
224559509 224443370 0 1 0 0 0 0 0 0 0 8 0 0 0 0 0 0 0 1 
218051821 218103131 0 2 0 0 0 0 12 1 0 0 0 0 0 0 0 0 2 0 
203531513 203739823 2 0 0 0 0 0 0 0 2 0 0 1 0 0 0 0 0 0 
248942509 248777366 0 0 0 1 0 0 0 0 0 2 0 0 0 0 0 0 0 0 
195928476 195846973 0 0 0 0 0 0 0 0 1 0 0 1 0 0 0 0 0 0 
230311430 230662930 0 1 0 0 2 0 0 2 0 0 0 0 0 0 0 0 0 0 
216604666 216779568 0 0 22 2 0 0 0 0 0 0 0 0 0 0 0 1 0 0 
210907205 210941085 0 0 1 0 0 0 19 0 0 0 0 0 0 0 0 0 0 0 
225986060 225900909 0 0 0 0 0 0 0 0 0 0 0 0 0 0 0 0 0 0 
241422283 241597112 2 0 0 0 0 0 0 0 0 0 1 0 3 0 0 0 1 0 
245988752 245997734 9 0 0 0 0 0 0 0 0 2 0 0 1 0 0 0 0 3 
210001584 209718546 0 0 3 0 0 2 0 0 0 1 0 0 0 0 0 0 0 0 
235980182 236121240 0 0 1 0 0 0 8 0 0 0 0 0 0 0 0 0 0 0 
248198048 248306198 0 0 0 0 0 0 0 0 1 0 0 0 0 0 0 0 0 0 
193963317 193904592 0 4 0 3 0 0 0 0 3 0 0 0 0 0 0 0 0 0 
201059780 201153033 0 0 0 3 0 0 0 0 0 0 0 0 0 0 0 0 0 0 
194813571 194987602 2 0 0 0 0 0 0 0 0 0 0 0 0 0 4 0 0 0 
216695628 216473004 0 0 0 0 0 0 0 1 0 0 0 0 0 0 0 0 0 0 
213324622 213349116 0 0 0 0 0 0 1 0 0 0 0 0 0 0 0 3 2 0 
219585045 219743466 0 6 0 0 0 0 0 0 0 0 0 0 0 0 1 0 0 1 
199433175 199528287 0 0 0 1 0 0 3 0 0 0 0 0 0 0 0 0 0 0 
221799078 221915193 0 0 5 0 0 0 0 0 0 0 0 0 0 0 0 0 0 0 
235396774 235648891 0 0 0 0 0 0 0 4 1 1 0 0 0 0 0 0 0 0 
198184780 198485499 1 1 0 0 0 0 0 0 3 0 0 0 0 0 0 0 0 3 
199581208 199036730 0 0 0 0 0 0 0 4 0 0 1 0 0 0 0 0 0 6 
192877727 192922699 0 2 0 2 0 0 0 0 0 5 0 0 0 0 0 0 0 0 
220569666 220666906 0 4 0 0 0 0 0 0 0 2 0 1 0 9 0 0 0 0 
200798935 200672641 0 0 0 1 0 0 0 0 0 4 0 0 5 0 24 0 0 0 
190326735 190189507 0 0 0 0 0 0 0 0 0 0 0 0 1 0 0 0 0 0 
199962256 200062997 1 0 0 0 0 0 0 1 0 0 0 0 0 0 0 0 0 1 
232043059 232117101 0 1 0 0 0 0 0 0 2 0 4 0 0 0 0 0 10 0 
242667983 242494808 4 0 0 0 0 0 0 0 3 0 0 0 0 0 0 0 0 3 
233268008 233218734 0 0 0 0 0 0 0 0 1 0 0 0 0 0 0 0 0 3 
192121285 191917090 0 0 0 10 0 0 0 0 0 0 0 0 0 1 0 0 0 0 
218525415 218584638 0 1 0 0 0 0 0 1 0 0 0 0 0 3 0 0 0 1 
236133610 236340775 0 0 0 0 0 0 0 0 3 0 0 0 0 0 0 0 0 1 
219804388 219961649 1 0 0 0 0 0 0 0 0 0 0 0 0 0 0 0 0 22 
250374762 250436584 1 0 0 0 0 0 0 0 1 0 0 0 0 0 0 0 0 0 
233381617 233304719 0 0 0 0 4 0 0 0 0 4 0 0 0 0 0 12 0 0 
191962356 191825415 10 0 0 0 0 0 0 0 0 0 0 0 0 0 0 0 0 0 
211295504 211404145 0 0 0 0 0 0 0 0 0 1 0 0 0 0 0 2 0 0 
231281682 231138769 8 0 0 0 0 0 0 0 1 0 0 0 0 0 0 0 0 0 
194911214 194875970 3 0 2 0 0 0 1 0 0 0 0 0 0 0 0 0 0 0 
203541257 203487908 0 0 0 0 0 4 0 0 0 0 0 0 0 0 0 0 0 0 
219378524 218698525 0 5 0 0 0 0 1 0 1 0 1 0 5 1 1 0 8 0 
204002707 203977911 0 0 2 0 0 0 0 0 0 0 0 0 0 0 0 0 0 0 
191926594 191872129 1 0 0 1 0 0 0 0 0 0 0 0 0 2 0 0 0 0 
252682102 252870643 0 0 0 0 0 0 2 0 0 0 0 0 0 2 1 0 0 0 
217714180 218024135 0 1 0 9 0 0 0 0 0 0 0 0 0 0 0 0 0 1 
250536198 250398467 0 0 1 7 0 0 0 0 0 0 1 0 0 0 0 0 0 0 
250207687 250175393 0 2 0 9 0 0 0 12 13 0 0 0 0 0 0 0 0 0 
217691144 217570844 0 0 1 0 0 1 0 3 0 2 0 0 0 2 0 0 0 1 
208198890 208287625 0 0 0 0 2 1 0 2 0 0 0 0 0 0 0 0 0 8 
225606705 226155654 0 0 0 0 0 0 0 0 1 0 0 0 0 0 0 0 0 0 
245645156 245570566 1 0 4 0 0 0 0 0 0 0 0 0 0 0 0 0 0 0 
210167767 209829806 2 0 0 0 0 0 0 3 0 0 0 0 0 0 0 0 11 0 
225238176 225065820 12 0 0 0 1 0 0 0 0 0 0 0 0 0 0 0 0 0 
224230434 224098694 0 0 0 9 0 0 0 1 0 0 0 0 0 0 0 0 0 0 
240022782 240014230 1 0 0 0 0 0 0 0 0 0 0 0 0 0 0 0 0 1 
243424252 243262627 2 0 0 0 0 0 0 4 0 0 0 0 0 0 0 1 0 0 
205342499 205488348 0 0 0 0 0 0 0 0 0 0 0 0 0 0 0 0 0 0 
191830238 191971761 0 0 0 0 0 0 0 0 4 0 0 0 2 0 0 3 0 0 
212792345 212686571 0 0 1 0 0 0 0 0 0 0 0 0 0 0 0 0 1 0 
190859228 190832341 0 0 1 0 0 0 0 0 0 0 0 2 0 2 0 0 0 0 
231855156 231767243 0 0 0 0 0 1 4 0 0 0 0 0 0 1 0 1 1 0 
245068628 244924475 0 0 0 0 0 0 0 0 0 2 0 0 1 0 0 0 0 0 
209261002 209384609 0 13 0 0 0 0 0 0 2 0 0 0 0 0 0 0 0 0 
252640520 252708022 0 0 0 0 0 11 0 0 2 0 0 0 0 0 0 1 0 3 
238565290 238295071 1 0 2 0 0 0 0 2 0 0 0 0 0 3 0 0 1 0 
213903873 213937282 0 0 3 0 0 3 0 0 0 0 0 0 0 9 0 0 0 0 
230579765 230543473 0 1 0 0 0 0 0 0 16 0 0 0 0 0 0 0 18 0 
190053417 190351931 0 0 0 0 0 0 1 0 0 0 0 0 0 0 0 0 0 0 
219867959 219961895 2 0 0 0 0 0 0 0 0 0 0 0 0 0 0 0 0 0 
238446364 238259086 0 0 0 0 0 0 0 0 0 0 0 0 4 0 0 0 1 0 
215160415 215355641 0 0 0 1 0 0 0 0 0 0 0 0 0 0 0 0 12 0 
198152537 198414865 0 0 0 0 0 0 0 0 0 1 0 0 0 0 0 0 0 0 
243458023 243779342 0 0 0 0 0 0 0 4 0 0 0 0 3 2 1 0 0 0 
216157734 215979057 0 0 0 0 0 0 0 0 0 0 0 0 0 0 0 0 0 0 
235531251 235611482 0 0 0 0 0 0 0 0 0 0 2 0 0 0 0 0 0 0 
219129782 219259954 0 79 1 0 0 0 0 0 0 0 0 0 1 1 0 0 12 0 
196313442 196473511 0 0 1 0 0 0 0 0 0 0 0 0 0 0 1 3 0 0 
234177217 234286449 0 0 0 0 0 0 1 0 0 0 0 0 0 0 0 0 0 5 
219263705 219265174 0 1 0 0 0 0 4 0 0 0 1 0 0 0 0 0 24 0 
209847133 209968045 1 0 0 3 0 0 0 0 0 0 0 0 0 0 0 0 0 0 
231661942 231727700 0 0 0 0 0 0 0 0 0 3 0 0 0 0 0 0 0 0 
241107431 240728285 0 2 0 0 0 0 0 0 0 1 0 0 0 0 0 0 2 0 
194747168 194764066 0 0 0 0 0 0 0 0 4 0 0 0 0 2 0 0 0 0 
196591712 196567654 2 0 0 0 0 0 0 0 0 1 0 0 0 0 0 0 0 1 
