175 197 0 511119722 11605055 0 0 0 0 0 0 0 0 0 0 0 0 0 0 0 
88 97 0 0 0 0 0 0 0 401536825 0 0 611 0 0 0 0 0 0 0 
19 27 0 0 0 0 0 0 0 466396708 0 0 105218 0 0 0 0 155 0 0 
0 1 5327651 0 0 102093 0 0 0 0 448 0 0 0 0 0 0 0 480883130 0 
0 1 0 0 0 0 0 0 0 0 0 0 0 0 0 0 0 0 449940313 0 
0 0 0 1617604 0 0 0 0 0 0 0 0 0 0 0 0 0 0 516994341 0 
0 0 0 175707 0 0 0 0 0 0 0 0 0 0 0 0 0 0 421872619 0 
1 1 0 0 0 0 0 0 0 0 0 1906 0 0 0 0 0 0 0 424106634 
339 318 438692637 0 0 0 0 0 0 0 0 0 0 0 0 0 0 0 0 0 
0 0 0 11890 0 0 0 0 0 0 0 0 0 0 243494195 162635829 0 0 1422177 0 
1 1 0 0 0 0 0 0 21808 0 0 4083 0 0 0 0 0 0 458406596 0 
0 2 0 0 0 163074 0 22198545 0 0 0 2213 0 0 0 0 0 107 431223550 0 
0 0 0 0 0 0 0 0 0 0 0 0 0 0 0 0 0 0 0 503735952 
0 0 0 95268192 0 1735 0 0 0 0 0 0 0 0 0 0 0 0 390966742 0 
1 0 672738 0 0 0 0 0 0 0 0 0 0 0 0 0 0 0 0 445695070 
0 0 3913768 10708255 0 0 0 0 0 0 0 0 0 0 0 0 0 0 254548477 227822822 
62 75 0 380881963 0 30867303 0 0 0 0 0 0 0 0 0 0 0 0 0 0 
0 0 0 0 0 0 0 0 0 0 0 0 0 0 0 441870127 0 13 0 0 
3 2 0 0 0 421521 0 0 10805028 0 0 0 0 0 0 0 0 30 0 465953813 
0 0 59914 0 203 0 0 118506 0 0 0 0 0 0 478868403 0 0 0 0 0 
0 1 0 0 0 0 0 0 0 143276 0 0 0 0 0 412916462 0 0 0 0 
0 0 262028 0 0 0 0 0 0 0 0 0 0 0 0 0 0 0 448476651 0 
3 5 0 0 0 189401 0 446952171 0 0 0 814 0 0 0 0 0 0 0 0 
0 0 0 0 0 0 0 0 0 0 0 0 587 0 0 0 0 0 2915927 520418391 
31 24 517476268 0 0 0 0 0 0 0 0 0 0 0 0 0 0 0 0 0 
2 1 0 0 0 0 0 0 0 0 0 0 0 0 0 0 0 0 431219615 0 
3 0 0 0 0 0 478292928 0 0 4133464 608 0 0 0 0 0 0 0 0 0 
0 0 0 0 0 0 0 0 0 0 0 0 0 0 0 419194047 0 0 38495828 0 
259 287 229824328 0 0 0 0 0 233038459 0 0 0 0 0 0 0 0 0 0 0 
0 1 0 0 0 0 0 0 0 0 0 0 0 496 0 435625763 0 0 0 0 
42 50 0 0 0 0 481896041 0 0 0 22818 0 0 313311 0 0 0 0 0 0 
0 0 0 0 0 0 0 1811754 0 0 0 0 0 0 346501131 0 0 0 92629553 0 
0 1 586996 0 0 0 0 0 0 0 0 0 0 0 0 0 0 0 367795375 45186189 
1 2 0 0 0 43799 0 105720101 0 0 0 0 0 0 0 0 0 0 297266122 0 
0 0 0 0 0 3585 0 0 0 0 0 0 0 0 0 407903148 0 0 0 93160641 
0 0 0 0 0 0 0 0 0 0 79 0 0 0 0 424488763 0 0 0 0 
550 573 472504640 0 0 0 0 0 0 0 0 78109 0 0 0 0 0 0 0 0 
2 0 0 0 0 0 0 0 0 672979 209 0 0 0 0 0 0 0 0 404375476 
2 1 40794921 0 0 0 0 0 9293572 0 0 0 0 0 0 0 33 0 392294693 0 
23 21 0 0 0 0 466702464 0 0 0 2952 0 0 0 0 0 0 0 0 0 
2 0 0 6476121 0 0 0 0 0 0 0 0 0 0 0 0 0 0 0 520441287 
474 433 0 487335584 0 0 0 0 0 0 0 0 0 0 0 0 0 0 0 0 
2 2 0 1045995 0 0 0 0 0 0 0 24 0 95 0 0 13 0 479458536 0 
13 20 15402952 0 0 0 0 0 0 0 0 0 0 0 0 0 0 0 449600473 0 
0 0 0 0 0 0 0 0 0 0 0 0 0 0 0 0 0 0 482632120 0 
1 0 0 33654013 0 0 0 0 0 6510075 0 0 0 0 0 0 0 0 364060277 0 
297 346 0 0 0 0 0 0 0 395538756 0 0 0 0 0 0 0 31802 0 0 
311 311 495197604 0 0 0 0 0 0 0 0 0 0 0 0 0 0 0 0 0 
26 26 171309844 0 0 0 249652220 0 0 0 0 0 0 0 0 0 0 0 0 0 
1 0 0 0 2731 0 0 0 0 0 0 0 0 0 352106288 0 0 0 50595469 0 
0 0 0 0 0 0 0 0 0 0 18 38 0 0 0 0 0 0 0 453795616 
2 1 0 0 0 0 0 0 0 0 0 473 0 0 0 0 0 0 436416483 0 
9 15 0 145965082 1611969 614423 0 0 318881993 0 0 8530 0 0 0 0 0 0 0 0 
3 4 0 0 0 0 0 0 8393910 0 0 0 0 0 0 0 0 0 399982043 0 
93 84 506203755 0 0 0 0 0 0 0 0 110120 0 0 0 0 0 0 0 0 
0 0 0 55 0 0 0 4873969 0 0 0 0 0 156 0 315785963 0 0 137398349 0 
0 1 550141 1659735 0 0 0 0 0 0 0 0 0 0 0 0 0 0 0 467622350 
0 0 0 0 0 0 0 0 0 0 0 0 0 0 0 0 0 0 425031681 0 
0 0 0 0 0 0 0 0 0 0 0 0 0 0 404327724 0 0 0 0 0 
10 9 67517984 0 0 0 0 0 0 423213901 0 0 0 0 0 0 0 0 0 0 
0 0 0 0 0 0 0 0 0 1017 0 0 0 0 233517629 279742637 0 0 0 0 
0 0 0 0 0 0 0 0 0 0 0 0 0 0 414537377 0 0 0 0 0 
0 0 0 0 3748 0 0 0 0 80751 0 0 0 0 514295241 0 0 0 0 0 
27 40 222924475 180655450 0 0 0 0 0 0 13496 0 0 0 0 0 0 0 0 0 
5 2 0 0 0 0 395412157 0 34987111 0 0 0 0 0 0 0 0 216 0 0 
1 0 0 0 0 0 0 0 0 0 0 0 0 0 143849949 337283596 0 0 0 0 
225 232 0 0 0 0 0 0 0 484721459 0 0 0 0 0 0 0 0 0 0 
0 0 87195 0 0 0 0 0 0 0 0 0 0 0 245313395 0 0 0 155278738 0 
2 1 0 14950719 0 25513 0 0 0 0 0 0 0 0 0 0 0 0 0 450485136 
9 7 0 0 0 33559 0 427595879 0 0 0 0 0 0 0 0 0 0 0 0 
0 1 0 0 0 0 0 0 0 0 0 0 0 0 0 0 0 0 416624470 0 
146 157 491503144 0 0 13612349 0 0 0 0 0 0 0 0 0 0 0 0 0 0 
0 1 0 0 0 0 0 0 0 0 0 0 2656 0 0 0 0 0 430144436 0 
169 198 0 501139441 0 0 0 0 0 0 332277 0 0 0 0 0 0 0 0 0 
1 5 0 476194157 17440 0 0 0 0 0 0 0 0 0 0 0 0 0 0 0 
1 0 0 0 0 0 0 8201686 0 0 0 0 0 0 432221179 0 0 0 0 0 
0 0 0 0 0 0 0 0 0 0 0 0 0 0 0 421560720 0 0 0 0 
1 1 0 0 0 0 0 0 0 0 0 0 0 0 0 0 0 0 0 417038579 
0 2 0 8534820 0 0 0 0 0 0 0 0 0 0 0 0 0 0 497534273 0 
0 0 95401 0 0 131 0 0 0 109541 0 0 0 0 0 0 4 0 467110161 16437858 
26 14 0 0 0 0 433969970 0 0 0 0 0 0 0 0 0 0 0 0 0 
251 247 0 0 0 0 0 0 348636643 88856746 0 0 0 0 0 0 0 0 0 0 
0 1 838007 0 36689 0 0 0 0 0 0 0 0 0 518499361 0 0 0 0 0 
1 0 0 0 0 0 0 0 0 0 97 0 0 0 0 283781202 0 0 114864983 0 
1 0 0 0 2636 0 2660379 0 0 20132 0 0 0 0 380754907 0 0 0 52022839 0 
0 0 0 0 0 0 0 0 2244 0 13 0 0 0 399841608 0 0 0 0 35135270 
0 0 0 0 0 0 0 0 0 0 0 0 0 0 360788085 0 0 0 0 115522059 
287 297 428151339 0 0 0 0 0 0 0 0 0 0 0 0 0 0 0 0 0 
76 74 351411934 0 994486 0 0 0 0 113656183 0 0 0 0 0 0 0 0 0 0 
22 24 0 389287580 0 0 69091232 0 0 0 0 5186 0 0 0 0 346 0 0 0 
0 0 0 0 0 0 8222990 0 0 0 0 1535 0 0 0 0 0 0 416951404 0 
8 5 0 0 0 0 401316066 0 0 0 0 0 0 0 0 0 0 0 0 0 
18 15 0 74392621 0 0 0 336607266 0 0 39158 0 0 0 0 0 0 0 0 0 
0 0 0 0 963 0 0 0 0 0 39 0 0 0 0 218299304 0 0 0 262114131 
0 0 0 0 0 0 14406186 0 0 0 503 0 0 0 0 508495638 0 0 0 0 
0 0 1109060 0 0 9290 0 0 0 0 0 0 0 0 479925589 0 0 0 0 0 
0 0 0 0 0 0 0 0 0 0 0 0 0 0 460267816 0 0 0 0 36110229 
0 1 0 0 0 0 6609456 0 0 0 0 0 0 0 0 0 0 0 0 509487157 
41 35 0 0 0 0 0 428176434 0 0 0 0 44607 0 0 0 0 0 0 0 
1 1 0 0 0 0 0 1048992 0 0 0 0 0 0 0 0 0 0 0 476251974 
0 0 0 0 0 0 0 0 0 0 0 0 0 0 495868510 0 0 0 1463259 0 
0 0 0 0 0 0 0 1995932 0 0 0 0 0 0 0 0 0 0 0 498563614 
50 30 421773834 0 0 0 0 0 0 0 0 0 0 0 0 0 0 0 0 0 
305 321 0 0 0 0 0 0 422899945 0 191280 0 0 0 0 0 0 0 0 0 
0 0 0 0 0 0 6946658 0 0 0 0 27 0 0 0 0 0 0 443256915 0 
574 543 0 0 0 0 0 0 482654423 0 0 0 0 0 0 0 0 0 0 0 
0 0 0 0 0 0 0 0 398376 0 0 2 0 0 0 0 0 0 505345109 0 
36 14 0 0 0 0 0 480528066 0 0 0 0 0 0 0 0 0 0 0 0 
0 0 1051795 449562 0 0 0 0 0 0 0 0 141 0 0 424338894 0 0 0 0 
0 0 0 0 0 0 0 0 0 0 0 0 0 0 0 420997525 0 0 0 0 
2 1 0 0 0 0 0 0 0 0 0 0 0 1335 0 0 0 0 437459594 0 
20 16 96558852 346179590 0 0 0 0 0 0 0 0 0 0 0 0 0 0 0 0 
0 1 0 0 0 0 0 0 0 0 0 0 0 0 0 0 0 0 494793416 0 
12 20 321689274 96299814 0 0 0 0 0 0 1351 0 0 0 0 0 0 0 0 0 
0 0 515672 0 0 0 0 603982 0 0 0 22 0 0 0 428373040 0 0 0 2189958 
0 0 574942 0 0 18856 0 0 0 527878 0 0 0 0 0 0 0 0 430961562 0 
1 1 0 0 0 0 0 0 0 0 0 0 0 0 0 0 0 0 434273596 0 
134 101 0 252471063 93888 0 0 0 124886083 44678871 0 0 0 0 0 0 0 0 0 0 
0 2 0 0 0 0 0 0 0 0 0 0 0 0 0 0 0 0 0 469357695 
0 0 0 0 0 0 0 0 0 0 0 0 0 0 0 484120989 0 0 0 0 
178 183 0 460584702 0 0 0 0 0 0 0 0 0 0 0 0 0 0 0 0 
287 310 0 409434848 0 0 0 0 0 0 0 0 0 0 0 0 0 0 0 0 
6 4 21397821 0 0 59211 420586169 0 0 0 0 3837 0 0 0 0 0 0 0 3227251 
17 11 0 0 0 0 462213970 0 0 0 0 10839 0 0 0 0 0 0 0 0 
0 0 0 0 0 0 0 0 0 0 0 22 0 0 0 383879908 0 0 76345108 6614098 
4 7 0 18658059 0 0 0 0 0 0 0 0 0 0 0 0 0 0 0 403450917 
1 0 2045886 0 42853 0 0 0 0 0 0 907 0 487 0 0 0 0 439463329 0 
0 0 0 0 0 0 0 0 0 0 0 0 0 0 374341273 58722461 0 0 0 6405791 
1 2 0 0 4397 0 0 0 0 0 79 0 0 8186 0 0 0 0 0 478443066 
9 9 0 219795836 0 0 0 0 0 207826211 0 0 44759 0 0 0 0 77 0 0 
9 5 0 0 0 0 0 0 0 0 0 0 0 0 0 0 0 0 498899246 0 
106 92 0 0 2328866 0 0 0 0 0 0 0 0 0 0 0 0 0 0 441190804 
22 36 0 509231165 0 0 0 0 0 5114371 0 0 0 0 0 0 0 0 0 0 
0 2 0 0 0 0 0 0 0 1057866 0 0 0 0 0 0 0 0 0 438593696 
4 3 0 0 0 209387 400515405 0 0 1158904 0 0 0 0 0 0 0 0 0 0 
0 3 21098348 0 0 35599 0 0 0 0 0 0 0 0 489516348 0 0 0 0 0 
22 16 447352187 0 0 0 0 0 0 0 9857 0 0 0 0 0 0 0 0 0 
0 0 53636 0 0 434 0 0 0 0 0 0 0 0 296252885 0 0 0 220965432 0 
0 0 0 0 0 0 0 0 0 0 0 0 0 0 0 402319768 0 0 5256133 0 
7 6 0 283634132 0 0 171854124 0 0 0 1432 2755 0 0 0 0 0 0 0 0 
440 463 420583638 0 0 0 0 0 0 0 444874 0 0 0 0 0 0 0 0 0 
0 0 0 0 0 13203 0 0 0 0 0 0 0 0 0 0 20 0 0 466950606 
83 92 423727601 0 0 0 0 0 0 0 0 0 0 0 0 0 0 0 0 0 
0 1 0 0 0 0 11135724 0 0 0 0 0 0 0 0 0 0 0 509993341 0 
7 8 422603138 0 79311 0 0 0 0 0 0 18936 0 0 0 0 0 0 0 0 
4 2 0 0 194901 0 0 0 0 0 0 0 0 0 0 0 0 0 0 435697510 
2 0 0 0 0 0 0 0 1530687 0 0 0 0 0 0 85076229 0 0 327974297 0 
1 1 0 0 0 0 0 457412289 0 0 0 0 0 0 0 0 0 0 0 0 
1 1 0 0 48635 0 0 0 0 0 0 0 0 1124 0 0 0 0 0 513596106 
471 459 0 0 0 0 0 0 413378125 0 0 0 0 0 0 0 0 0 0 0 
0 0 0 0 0 0 5270235 0 0 438465 151 0 0 0 0 0 0 4 516136234 0 
412 478 0 0 0 3712559 0 0 477063929 0 0 0 0 0 0 0 0 0 0 0 
1 2 7340815 2745299 0 0 0 0 0 0 0 0 0 0 0 0 0 0 481507771 0 
0 0 0 0 0 0 0 0 0 0 48 0 0 0 513676970 0 0 0 0 0 
0 0 0 0 0 0 0 0 0 0 0 0 0 0 41961941 482010276 0 0 0 0 
8 18 0 0 295434 0 0 85921163 0 0 0 0 0 0 0 0 0 0 434688571 0 
3 3 1261600 0 0 0 0 0 17898462 676179 0 0 0 0 0 0 0 0 447324686 0 
0 1 0 0 0 0 0 0 0 0 0 0 0 0 0 427959434 0 2 0 0 
33 40 0 0 0 4421050 0 0 0 459183081 0 6160 0 0 0 0 0 0 0 0 
0 0 29818 0 0 74 0 0 46914 0 0 0 0 0 514339791 0 0 0 3343773 0 
0 1 5842378 0 0 0 0 0 0 0 0 0 0 0 0 0 0 0 0 473893419 
14 11 0 32315905 0 0 0 366803209 0 0 0 0 0 0 0 0 0 0 0 0 
0 0 0 0 0 0 0 0 0 0 0 5 0 0 467228815 0 0 0 0 56455705 
9 12 0 0 0 0 0 350144500 0 64107537 1488 0 0 0 0 0 0 0 0 0 
0 0 4045387 0 0 0 0 0 0 0 0 0 0 0 428795634 0 0 0 0 0 
0 0 0 0 0 0 0 0 0 0 0 0 0 0 0 0 0 0 0 405356354 
0 0 0 0 369 0 0 0 0 0 25 29 0 0 305520609 64825389 0 0 0 46102350 
1 0 0 0 0 0 0 0 0 0 0 0 0 0 0 0 0 0 0 475325129 
1 1 0 0 0 0 0 0 0 847506 1702 0 0 0 0 0 0 0 0 451855462 
5 4 0 11035296 0 0 0 0 0 0 0 0 39002 0 0 0 0 0 0 390260897 
11 7 0 0 0 0 0 508350137 0 0 0 0 29959 0 0 0 202 0 0 0 
0 0 0 0 0 0 0 0 0 0 0 0 0 0 0 440984987 0 0 760311 0 
0 1 0 0 0 0 206291116 0 0 0 0 0 0 0 0 0 0 0 247496778 0 
0 0 0 0 0 0 0 0 0 0 0 227 0 0 0 248928895 0 0 0 177432986 
0 1 0 129449 12919 0 0 0 0 0 0 0 0 0 0 0 0 0 507539821 0 
0 0 0 0 0 0 0 0 864163 0 0 0 0 0 0 0 0 0 0 404695392 
8 11 0 448833276 0 0 0 0 0 0 0 0 0 0 0 0 0 0 0 0 
0 0 0 0 0 37824 0 0 0 174009 0 272 0 0 411600333 0 0 0 0 0 
0 0 0 938440 0 0 0 0 0 0 0 0 0 0 0 0 0 0 433851187 0 
0 0 0 0 0 0 0 0 0 0 0 0 0 0 0 0 0 0 496176564 0 
1 1 0 0 0 0 415988813 0 0 0 0 0 0 0 0 0 0 0 0 0 
0 0 0 0 0 0 0 0 0 0 0 0 0 0 525947064 0 0 0 0 0 
1 0 0 0 0 0 0 7785232 0 0 0 0 0 0 0 0 0 0 475684114 0 
347 347 0 0 0 0 0 0 0 431931382 0 0 194268 0 0 0 0 0 0 0 
131 144 346930 0 762979 0 0 0 486097640 0 0 60889 0 0 0 0 8135 0 0 0 
1 0 0 8732825 0 0 0 0 0 0 0 0 1485 0 0 0 0 0 513544863 0 
21 24 483108473 0 0 0 0 0 0 0 0 0 0 0 0 0 0 0 0 0 
0 0 378895 0 0 0 0 0 0 0 0 0 0 0 0 0 4 0 0 412247613 
0 0 0 0 0 0 0 0 0 0 0 0 0 0 476547509 0 0 0 43683623 0 
0 0 0 510043 0 0 0 0 0 0 0 61 137 0 0 0 0 0 434401167 0 
0 0 0 0 0 0 0 0 0 0 0 15 0 0 0 452850090 0 0 0 0 
0 1 0 0 0 144067 0 0 0 0 74 0 0 0 0 0 0 0 0 439160404 
6 9 0 319466855 0 0 0 0 118952750 0 0 0 0 0 0 0 0 0 0 0 
55 59 0 0 0 1955338 0 0 412506364 0 0 0 0 0 0 0 0 0 0 0 
0 0 0 0 33 0 0 0 0 0 0 0 0 0 473928945 0 0 0 0 0 
0 0 1239700 2799710 0 0 0 0 0 0 0 0 0 0 0 0 0 0 0 488555301 
14 11 26806705 0 0 0 441563447 0 0 0 0 0 0 0 0 0 0 0 0 0 
1 1 0 0 0 0 512229226 0 0 10997788 0 0 0 0 0 0 0 0 0 0 
240 230 0 0 0 0 0 0 508191744 0 0 0 0 0 0 0 0 0 0 0 
13 12 0 0 0 0 412638173 0 0 0 0 0 0 0 0 0 0 0 0 0 
0 0 0 0 485 0 0 0 0 0 0 0 0 0 114406960 0 0 0 396436888 0 
0 0 435385 0 0 0 0 0 0 0 0 0 0 0 0 63685215 0 0 353755414 0 
0 2 0 0 0 133325 0 0 0 0 780 0 0 0 0 398300411 0 0 0 0 
212 226 447290888 0 0 0 0 0 0 0 0 0 0 0 0 0 0 0 0 0 
0 0 276622 0 0 0 0 0 0 0 0 0 0 0 0 484235390 0 0 0 18659950 
0 0 0 0 0 0 0 0 2877026 858726 54 67 0 0 0 0 0 0 0 493802677 
0 0 112166 0 0 0 0 0 259234 0 0 0 0 0 0 0 0 0 0 429591746 
0 0 0 0 0 0 0 0 0 0 48 0 0 0 404056047 0 0 0 0 0 
10 6 0 7598910 0 0 0 446182204 0 0 0 0 0 0 0 0 0 0 0 0 
4 3 0 0 0 328272 415447223 0 0 0 0 0 0 0 0 0 0 0 0 0 
10 6 27717161 0 0 0 0 0 0 0 0 0 0 0 0 0 0 0 0 386347903 
9 8 0 0 0 63275 399295418 0 21400370 0 0 0 0 0 0 0 0 0 0 0 
11 12 48967433 0 0 103223 0 0 0 0 76 0 0 0 0 0 32 0 0 405379915 
0 0 0 0 5611 0 317697 0 0 0 0 0 0 0 365287913 0 0 0 43213358 0 
292 262 502773595 0 0 0 0 0 0 0 0 0 0 0 0 0 0 0 0 0 
0 0 1329858 119190 19368 0 0 0 0 8539828 0 0 0 0 0 0 0 0 0 465762343 
0 0 0 0 0 0 0 0 0 0 0 0 0 0 0 0 0 0 414203431 0 
0 0 0 0 0 0 0 0 0 0 0 0 0 0 491868143 0 0 0 2925044 0 
20 25 0 0 0 0 437355125 0 0 0 0 0 0 0 0 0 0 0 0 0 
0 0 0 0 0 0 0 0 0 1527901 0 0 0 0 0 417600548 0 0 0 0 
14 12 0 0 0 1807636 0 0 21943405 12256751 0 0 0 0 0 0 0 0 434898691 0 
590 531 0 495708733 0 0 0 0 0 0 165314 0 1183550 2978540 0 0 1000 0 0 0 
0 0 0 559054 0 0 0 0 0 0 0 0 0 0 0 34997189 0 0 443465883 0 
2 2 311016 0 28586 0 0 0 0 0 1550 0 0 16088 0 0 0 0 413835094 0 
28 41 0 0 0 0 519699994 0 0 0 0 0 0 0 0 0 0 0 0 0 
28 29 490686700 0 0 0 0 0 0 0 0 34026 0 0 0 0 0 0 0 0 
210 226 0 150361807 0 0 0 0 245629135 0 0 0 0 0 0 0 0 0 0 0 
49 75 394711986 0 0 0 0 0 0 0 0 0 0 0 0 0 0 0 0 0 
2 2 0 2147807 0 969 0 0 0 0 0 0 0 0 0 0 0 0 511501694 0 
5 3 0 0 0 0 0 426813273 0 0 1015 0 10536 0 0 0 0 0 0 0 
0 0 0 0 0 0 14371377 0 0 0 306 0 0 290 0 0 0 0 453851828 0 
14 16 0 0 0 0 0 0 0 3830951 0 66722 0 0 0 0 0 0 0 522380907 
0 0 0 0 6545 0 0 0 0 0 0 0 0 0 0 459131646 0 0 20257626 0 
0 0 0 22910390 0 0 0 0 0 0 0 0 0 0 0 0 0 0 0 504193198 
11 8 0 0 0 585459 462074582 0 0 0 886 0 0 0 0 0 0 0 0 0 
565 616 424484429 0 0 0 0 0 0 0 75533 0 0 0 0 0 0 0 0 0 
31 25 237983998 176893771 0 1212715 0 0 0 32701136 0 0 0 0 0 0 0 0 0 0 
13 15 0 0 0 0 185443675 212844354 0 0 0 0 0 0 0 0 0 0 0 0 
0 0 0 0 0 0 262172 0 0 0 0 7 0 0 0 0 0 0 48075789 444961214 
24 27 0 0 0 0 0 461270472 0 0 0 0 0 0 0 0 824 0 0 0 
46 39 485566275 0 0 0 0 0 0 0 80253 29717 0 0 0 0 0 0 0 0 
0 0 0 0 0 0 0 459092435 0 0 0 0 0 0 0 0 0 0 0 0 
1 2 0 40011132 35244 0 0 0 1070567 0 0 0 0 0 0 0 0 0 387117151 0 
5 10 42600425 0 0 0 367938306 0 25957833 0 375 0 0 0 0 0 0 0 0 0 
0 1 0 0 0 0 0 0 0 0 58 0 0 0 0 0 0 0 0 424041368 
1 0 0 0 3918 0 0 0 0 0 0 0 0 0 159629074 0 0 0 327179556 0 
369 337 0 0 0 0 0 0 0 427022313 458717 0 0 0 0 0 0 21051 0 0 
19 18 0 151318102 0 0 0 272943871 0 0 0 0 0 0 0 0 0 0 0 0 
0 0 0 0 12598 0 0 0 0 0 0 0 0 0 0 0 0 0 0 499353505 
0 0 0 0 0 0 0 0 0 0 0 0 0 0 429039342 0 9 0 0 77121004 
1 0 0 0 0 0 12978031 0 0 0 0 0 0 0 0 403093990 0 11 0 0 
605 615 0 376730626 0 0 0 0 0 0 0 0 0 0 0 0 0 0 0 0 
92 90 0 0 0 0 0 0 0 512185686 0 0 0 0 0 0 0 0 0 0 
1 1 1016280 0 0 0 0 0 2850717 0 0 0 0 0 0 0 0 2 511486550 0 
0 0 0 0 0 0 0 0 0 0 0 0 0 0 0 0 0 0 41250564 370131898 
50 49 511133799 0 0 0 0 0 0 0 144272 0 0 0 0 0 0 0 0 0 
106 102 427439322 0 0 0 0 0 0 0 0 0 0 0 0 0 0 0 0 0 
77 55 0 489656135 0 0 0 0 0 0 0 0 0 0 0 0 1237 0 0 0 
46 76 488267336 0 0 2724772 0 0 0 0 0 0 0 0 0 0 0 0 0 0 
0 0 0 0 0 11133 0 0 0 0 0 0 0 0 0 0 0 0 0 478233071 
1 1 2587856 2592745 58649 0 0 0 0 0 0 0 0 0 0 0 0 0 477059310 0 
16 9 0 0 0 0 285277869 0 112137490 0 0 0 0 0 0 0 0 0 0 0 
0 0 0 0 0 0 0 0 0 0 0 0 0 0 0 502632013 0 0 15335942 0 
69 76 0 425681739 0 0 0 0 0 0 0 0 0 0 0 0 0 0 0 0 
1 0 0 1241454 0 0 0 0 0 0 0 0 0 0 0 462649485 0 0 0 0 
0 0 382147 0 0 0 0 2381491 494114 35893 0 0 0 0 0 0 0 0 0 446696755 
0 0 221236 0 0 0 0 0 0 471812 0 3 207 0 288767760 0 0 0 0 119369141 
168 201 0 0 0 0 0 0 0 0 0 0 0 0 0 0 0 0 474893078 0 
19 13 0 0 1863074 0 0 254453313 0 235445807 0 0 0 0 0 0 0 0 0 0 
279 255 0 0 0 14338430 0 0 0 396461468 164112 0 0 0 0 0 0 0 0 0 
23 26 276007132 0 0 1949405 0 0 0 139258949 0 87106 0 0 0 0 0 0 0 0 
26 29 265165275 202115202 0 2039333 0 0 0 0 17375 0 0 0 0 0 0 0 0 0 
1 0 0 0 9400 0 0 0 0 0 0 0 0 0 0 0 0 0 0 452410621 
4 2 0 0 0 0 440185543 0 0 0 0 0 0 0 0 0 0 22 0 0 
0 0 0 0 0 0 0 0 0 0 0 0 0 0 0 0 0 0 455235499 0 
0 0 0 711901 0 0 0 0 0 0 0 0 0 0 0 0 0 0 0 418950219 
0 0 22253 0 0 0 0 0 0 0 0 0 0 0 0 0 0 0 475287828 0 
1 0 0 0 0 0 0 0 0 0 0 77 0 0 0 0 0 0 493094849 0 
1 4 6436604 0 0 42522 0 0 0 0 0 1917 0 0 0 0 0 0 420621108 0 
0 1 2600810 8687623 0 0 0 0 0 0 0 0 0 0 0 0 0 0 0 453074073 
0 0 0 170969 0 0 0 0 0 715075 0 0 0 0 0 422387737 0 0 0 0 
0 0 0 0 0 0 0 0 0 0 0 0 0 0 0 484880724 0 0 0 0 
0 0 642972 0 0 0 0 0 0 0 466 0 0 0 0 62763243 0 0 0 452977462 
4 3 0 0 0 160541 468230625 0 0 0 0 0 0 0 0 0 73 0 0 0 
333 334 191739845 0 0 0 0 0 243105124 0 0 0 0 0 0 0 0 0 0 0 
0 0 0 570078 0 0 0 0 0 0 0 137 0 312 43126747 0 0 0 381753126 0 
33 12 0 0 0 0 0 0 0 520808300 0 1144 0 0 0 0 0 0 0 0 
0 0 0 268356 0 0 0 0 0 342613 0 24 0 0 0 0 0 0 72497250 332027675 
7 5 0 0 0 608580 0 0 0 0 0 0 0 0 0 0 31 0 0 467927321 
0 0 0 178701 0 0 2281206 0 0 0 0 18 0 0 454409258 0 0 0 0 0 
1 1 0 0 0 35448 0 0 0 0 0 0 0 0 0 0 0 0 0 510928743 
0 0 8490 0 0 0 0 0 0 21333 0 0 0 0 468997166 0 0 0 0 0 
103 106 0 0 0 0 0 0 414601233 0 0 0 0 0 0 0 0 0 0 0 
1 3 234297 0 0 0 0 0 748463 0 0 0 0 0 0 0 0 0 0 428952027 
5 5 410444812 0 0 0 0 0 0 0 0 0 0 0 0 0 0 0 0 0 
2 4 0 0 0 0 0 0 0 0 0 0 0 0 0 0 0 50 0 423304392 
0 0 0 0 2207 0 0 0 0 0 0 0 0 0 0 454548044 0 0 0 0 
2 4 0 0 0 0 0 0 0 0 0 0 0 0 0 0 0 0 0 461968882 
0 1 0 0 0 0 0 0 0 0 0 0 0 0 0 0 7 0 443273874 0 
0 0 0 0 0 0 0 2420283 0 0 0 108 0 0 0 0 0 0 0 503362550 
10 4 6806715 0 0 0 0 416880734 0 0 0 0 0 0 0 0 0 0 0 0 
10 3 0 0 0 0 0 0 0 0 0 0 0 0 0 0 0 0 484160186 0 
5 2 56987263 0 124031 0 0 0 0 0 0 0 0 0 0 0 0 0 0 397478876 
33 32 517404176 0 0 0 0 0 0 0 0 0 0 114060 0 0 0 0 0 0 
3 0 0 87925446 1308315 0 0 0 0 0 3403 0 0 0 0 0 0 0 0 367673153 
295 324 0 0 0 16722329 0 0 0 403016231 0 0 0 0 0 0 0 0 0 0 
1 0 6092153 4114176 0 0 0 0 0 0 0 0 0 0 0 0 0 0 393980239 0 
0 3 0 0 0 0 0 0 203771 0 0 0 0 0 413115387 0 0 0 0 44199171 
0 0 20241253 0 0 0 0 0 0 3720990 0 3420 0 0 0 0 0 0 0 486883608 
0 0 0 0 0 0 0 0 0 0 533 0 0 0 0 0 0 0 0 417845108 
0 0 0 1053060 0 0 10198085 0 0 0 0 0 0 0 0 339079915 0 0 52483258 0 
0 0 103258 0 10023 0 0 0 0 0 0 14 0 0 489797653 0 0 0 0 0 
26 23 186229511 0 0 0 0 0 0 0 5500 0 0 29128 0 0 0 0 236164281 0 
0 0 0 0 0 408 0 0 16661 0 0 0 0 0 0 0 0 0 371940501 100259274 
0 0 0 0 0 3241 0 0 0 0 0 0 0 0 0 0 0 0 0 448732874 
15 8 0 0 0 0 400067766 0 0 0 0 0 29879 0 0 0 0 0 0 0 
0 0 0 0 0 0 0 0 0 0 0 0 0 0 0 0 0 0 401975876 0 
3 3 0 0 0 0 0 0 0 0 0 0 0 0 0 0 0 0 454338993 0 
0 0 0 29650 0 0 0 0 0 0 0 0 0 0 0 0 0 0 285090898 152415042 
32 39 0 151067883 0 0 0 0 0 315346849 6976 0 0 0 0 0 0 0 0 0 
21 20 0 0 0 0 417120444 0 19124347 0 0 0 0 0 0 0 0 0 0 0 
0 0 0 0 0 0 0 0 0 2647118 0 0 0 0 0 0 0 0 0 408004993 
1 2 11675058 0 13922 0 49865171 0 0 0 0 0 0 0 0 0 0 0 0 388537596 
1 1 0 0 0 0 0 0 0 0 0 0 0 0 0 0 0 0 0 441762468 
1 1 0 0 252 0 0 0 0 0 0 0 0 0 0 0 0 9 513469741 0 
82 57 0 400475094 0 0 0 0 0 0 0 50296 0 0 0 0 0 0 0 0 
106 102 0 0 0 0 0 498341747 0 0 69581 0 0 0 0 0 0 0 0 0 
6 13 0 0 0 0 427325653 0 0 0 1511 0 0 0 0 0 0 0 0 0 
0 0 2808771 0 0 0 0 0 0 0 0 0 0 0 448337345 0 0 0 0 0 
0 0 0 0 0 589 0 0 0 0 0 0 0 0 0 0 0 0 0 421778369 
0 1 0 270142 0 851 0 0 0 0 0 0 0 0 0 0 0 0 0 455508899 
1 3 1989884 0 0 0 35574311 0 0 1856259 0 0 0 0 0 0 0 0 0 408194626 
0 1 0 0 0 0 0 0 0 0 164 0 1401 0 0 0 0 0 519615542 0 
241 207 0 0 0 0 0 0 498321762 0 0 0 0 0 0 0 0 0 0 0 
53 55 0 443361613 0 0 0 0 0 0 0 0 0 0 0 0 0 0 0 0 
133 130 0 0 0 0 0 0 0 427565208 139353 0 0 0 0 0 0 0 0 0 
2 3 0 0 0 0 82185238 0 0 0 0 0 0 0 0 0 0 0 430220674 0 
0 0 1560459 0 0 0 0 0 0 0 71 787 0 0 0 0 0 0 401003482 0 
0 0 0 0 0 0 0 0 0 0 618 0 0 0 374731850 0 0 0 66632723 0 
0 0 0 0 0 0 0 0 0 0 0 0 0 0 476896880 0 0 0 0 0 
1 5 0 0 0 452038 0 0 2129473 0 0 25 0 0 0 0 0 0 0 477635681 
1 1 0 0 0 18451 0 0 0 0 0 0 0 0 0 400921554 0 0 0 0 
0 0 652354 290618 0 0 0 0 0 0 0 0 0 0 224577480 0 0 0 121513643 64558310 
493 434 431233829 0 0 0 0 0 0 0 0 0 0 0 0 0 0 0 0 0 
0 0 0 3301030 0 0 0 0 0 56136 0 8 0 0 132210616 0 0 0 294571653 0 
42 52 393702657 103897536 0 0 0 0 0 0 0 26268 0 0 0 0 0 0 0 0 
3 2 0 0 0 0 0 256463465 0 0 0 1498 0 517 0 0 0 0 253119810 0 
0 0 0 0 0 0 0 0 0 0 0 0 0 0 0 423415866 0 0 33473017 0 
1 0 0 0 4174 0 0 0 0 0 0 98 0 0 0 0 0 0 0 489133157 
114 99 0 0 0 0 0 406885047 0 0 0 0 0 0 0 0 0 0 0 0 
8 10 0 403967531 0 0 0 0 0 0 370 5418 774 0 0 0 0 0 0 0 
81 56 0 0 0 817977 0 0 478862956 0 0 0 0 0 0 0 0 0 0 0 
4 11 0 0 0 0 0 0 0 0 1637 0 0 0 0 0 0 0 0 401103419 
209 208 0 0 0 0 0 0 408059035 0 40392 0 0 0 0 0 701 0 0 0 
0 0 0 0 0 0 0 0 0 0 0 0 0 0 408533873 0 0 0 0 0 
8 6 30718345 0 0 0 436392846 0 0 0 0 0 0 0 0 0 0 0 0 0 
0 0 0 487696 0 0 0 2920250 0 0 0 22 0 0 0 0 0 0 462075639 0 
0 0 0 160421 2216 1557 0 0 49457 0 0 0 0 0 344541429 0 0 0 54314650 0 
0 0 0 0 0 6134 0 0 0 0 0 0 0 0 0 0 0 0 0 400981773 
25 33 0 0 0 0 496176779 0 0 0 0 0 0 0 0 0 0 0 0 0 
40 39 125533679 0 1615262 0 0 0 0 300641536 0 16970 122583 0 0 0 0 0 0 0 
0 0 0 0 0 0 0 0 0 0 0 0 0 0 0 426579175 0 0 0 0 
0 0 0 0 1454 0 0 0 0 0 21 2 0 0 193619626 310035824 0 0 0 0 
0 0 0 0 0 0 30954341 0 0 12333 0 0 0 0 0 0 0 0 389810225 0 
0 0 0 0 0 0 0 0 0 0 0 0 0 0 0 0 0 0 0 436320570 
123 136 0 449503264 0 0 0 0 0 0 0 0 0 0 0 0 136 0 0 0 
0 0 0 24989 0 0 0 0 0 0 24 0 0 0 0 0 0 0 421434672 0 
1 1 0 0 0 19150 0 0 0 0 0 0 0 0 0 0 0 0 0 429986900 
89 98 0 0 0 0 0 0 0 0 0 26694 0 0 0 0 0 1975 435168386 0 
1 2 931634 0 0 0 0 0 0 0 0 0 0 0 0 0 0 0 0 438745426 
0 0 0 0 0 19408 0 0 0 0 0 0 0 0 0 506372906 0 0 0 0 
0 0 0 0 0 0 0 0 0 93640 0 0 0 0 518272674 0 0 0 0 0 
257 250 0 0 0 0 0 0 457747705 0 0 0 0 0 0 0 0 0 0 0 
0 0 0 0 0 0 0 0 0 0 11 0 0 0 0 513260395 0 0 3840456 0 
7 4 0 0 0 0 0 423021562 0 3051811 0 0 0 0 0 0 0 0 0 0 
0 0 0 0 0 0 0 0 0 0 0 0 0 0 0 0 0 0 343565245 166383513 
408 431 397304844 0 0 0 0 0 0 0 0 0 0 0 0 0 0 0 0 0 
2 2 14655008 0 0 0 320029305 69878462 0 0 0 0 0 0 0 0 0 0 0 0 
27 24 499009313 0 0 0 0 0 0 0 0 0 0 0 0 0 0 0 0 0 
330 307 0 0 0 0 0 0 0 426797556 109604 0 132785 0 0 0 0 0 0 0 
1 3 0 0 0 0 521463144 0 0 0 0 0 0 0 0 0 0 0 0 0 
0 0 0 0 0 0 0 0 0 0 81 39 0 0 407935201 0 0 0 0 0 
10 7 0 419578923 0 147861 0 0 6879410 0 0 0 0 0 0 0 0 0 0 0 
5 4 0 1970014 0 0 0 0 0 0 0 0 0 0 0 0 0 0 314819543 92320611 
60 68 0 0 0 0 0 0 269900176 210060009 0 0 0 0 0 0 0 0 0 0 
304 335 0 0 23823163 0 0 0 0 373608140 0 0 0 1648839 0 0 0 15319 0 0 
251 280 456525921 0 0 0 0 0 0 0 548186 0 0 0 0 0 0 0 0 0 
1 2 0 0 0 0 0 0 0 0 0 0 0 0 0 493691417 0 4 0 0 
0 0 0 0 0 0 0 0 0 0 0 0 0 0 511204512 0 0 0 0 0 
78 77 439020873 0 2099151 0 0 0 7079413 0 99535 0 0 0 0 0 0 0 0 0 
0 0 0 0 0 0 0 0 0 0 0 0 0 0 416029436 0 0 0 23083977 0 
0 1 0 0 0 0 0 0 0 0 0 0 0 0 0 0 0 3 0 492987480 
0 0 0 0 5810 0 0 0 146628 10795 35 0 0 175 18179869 443339402 0 0 0 0 
0 0 0 0 0 0 0 0 0 0 0 0 0 0 0 493221164 0 0 0 0 
0 0 0 378165 0 0 0 0 0 0 0 0 0 0 0 0 0 0 442877597 0 
256 242 0 478715148 0 0 0 0 0 0 44724 0 0 0 0 0 0 0 0 0 
253 245 498126549 0 0 21548769 0 0 0 0 0 0 0 0 0 0 0 0 0 0 
59 60 406626347 0 0 0 0 0 0 0 0 13321 0 0 0 0 0 0 0 0 
25 36 0 0 0 583132 438916771 0 0 0 0 0 214324 0 0 0 0 0 0 0 
74 78 411267004 0 0 0 0 0 0 0 58456 0 0 0 0 0 0 0 0 0 
39 37 0 0 0 0 0 0 411005627 0 8159 0 0 0 0 0 0 0 0 0 
0 0 0 0 0 0 0 0 0 0 0 0 0 0 0 0 0 0 0 398519037 
0 1 338677 0 0 0 0 0 655031 0 0 0 0 0 0 0 0 0 470884601 0 
0 0 0 0 0 0 0 0 0 154814 611 131 0 0 358081628 0 0 0 0 44365076 
1 0 0 0 0 0 0 0 0 0 0 0 0 0 415000930 0 0 0 0 0 
0 0 0 0 0 0 0 0 1557486 67669 0 0 0 0 0 525304448 0 0 0 0 
0 0 0 0 0 0 0 0 0 0 0 0 0 0 0 0 0 0 426692204 0 
0 0 0 0 6693 11526 0 1055842 0 0 0 0 0 0 0 0 0 0 0 398866787 
113 108 0 122587516 0 0 0 0 0 398972326 0 0 0 0 0 0 0 0 0 0 
122 104 383557909 0 27014020 4737941 0 0 83890116 0 0 0 0 0 0 0 0 0 0 0 
489 504 0 0 245298883 20680579 0 0 0 0 0 1277155 0 0 0 0 0 0 0 0 
0 0 0 0 0 0 4475570 1183819 0 0 0 0 0 0 0 449183252 0 0 0 0 
3 2 0 0 0 0 0 0 0 0 1432 0 581 0 0 0 0 0 0 521009306 
25 17 0 0 0 0 447052307 0 0 50268745 0 0 0 0 0 0 0 0 0 0 
0 0 0 28582 0 0 0 0 0 151388 0 0 0 0 0 0 0 0 0 441480489 
421 381 0 442387982 0 0 0 0 0 0 0 0 0 0 0 0 0 0 0 0 
8 12 85000085 125450524 0 0 0 0 61311615 110637480 0 0 0 0 0 0 0 0 141014414 0 
0 0 0 0 0 0 0 0 0 0 0 0 0 0 392339797 0 0 0 16661340 95777245 
113 130 0 0 0 0 0 0 0 475293635 0 0 0 33778 0 0 0 0 0 0 
25 22 0 451788823 198406 0 0 0 0 0 0 48743 0 0 0 0 0 0 0 0 
24 22 0 4128616 323815 0 0 0 0 0 0 0 0 0 0 0 0 0 0 428323466 
0 0 0 0 0 0 0 0 0 0 0 0 0 0 0 441106478 0 0 0 29935569 
0 0 0 1211140 0 0 0 0 0 0 0 0 0 0 0 0 0 0 504348466 0 
1 1 0 0 0 0 0 0 0 0 0 0 0 0 0 0 314 0 0 471227601 
0 0 517944 508005 0 0 0 0 1475177 0 0 172 0 0 0 507371851 0 0 0 0 
0 0 0 0 0 0 0 0 0 0 0 0 0 0 0 0 0 0 95490539 314805431 
1 0 0 16022757 7137 0 0 0 201706 0 26 0 0 0 0 0 0 0 458449087 0 
2 2 7431779 0 0 0 487119779 0 0 0 1569 0 0 0 0 0 0 0 0 0 
0 0 0 0 0 0 0 0 0 0 0 0 0 0 0 0 2 0 0 448930142 
105 94 0 0 0 7817526 314621498 0 0 173207878 47881 0 0 0 0 0 0 0 0 0 
48 66 0 407694242 0 0 104969439 0 0 0 0 0 0 0 0 0 0 0 0 0 
0 0 0 1419333 0 0 0 0 0 0 155 0 69 0 0 0 0 0 431341570 0 
0 2 0 0 0 0 0 0 7983057 0 0 0 0 0 0 0 0 0 0 509385133 
0 3 0 0 104305 0 452840749 0 0 0 0 93 0 0 0 0 0 0 0 0 
0 0 25171650 284500 0 0 0 0 12635 0 0 0 0 0 0 481080218 0 0 0 0 
0 0 0 0 0 0 0 4591839 380570 0 300 0 0 0 0 0 0 0 291399052 152306051 
0 0 0 0 0 0 0 11541144 0 0 0 6 0 0 0 0 0 0 388073440 0 
319 355 0 0 0 0 491519217 0 0 0 0 2731634 0 0 0 0 0 0 0 0 
0 0 0 0 0 0 0 0 333708 0 0 0 0 0 0 0 0 0 0 462758039 
0 0 0 0 0 0 0 0 0 0 0 0 0 0 0 0 0 0 64131524 368996303 
0 0 2302252 4306405 24208 0 0 0 465048 0 0 0 0 0 0 0 0 0 493237538 0 
100 93 148083626 347464918 0 0 0 0 0 0 0 0 0 0 0 0 0 0 0 0 
128 141 0 0 0 0 0 0 430930849 0 0 0 0 0 0 0 0 0 0 0 
0 1 0 0 0 0 0 0 0 0 0 3259 5244 0 0 0 0 0 517335897 0 
0 0 0 0 0 0 0 0 0 0 0 0 0 142 421595087 0 0 0 3260966 0 
100 123 417806900 0 0 0 0 0 0 0 0 0 0 0 0 0 312 0 0 0 
0 0 227696 0 0 0 0 0 0 0 0 9 0 0 510309315 0 0 0 0 0 
0 0 284188 0 0 0 11341390 0 0 0 0 824 0 957 0 0 0 0 489225342 0 
5 6 0 0 0 0 0 0 0 0 0 0 0 0 0 0 0 0 0 428182755 
178 184 0 0 0 0 0 0 420532255 0 0 0 0 0 0 0 0 0 0 0 
26 29 0 0 0 0 0 0 0 404099830 0 0 0 0 0 0 0 0 0 0 
38 28 479540650 0 0 0 0 0 0 0 0 0 0 0 0 0 0 0 0 0 
0 0 16634 0 0 0 0 0 0 0 0 0 0 0 0 450693928 0 0 0 0 
1 0 0 0 0 0 0 4202719 0 59026 0 0 0 0 0 0 0 0 438472483 0 
16 24 413427683 0 2457078 0 0 0 0 0 33017 0 0 0 0 0 0 0 0 0 
0 0 0 107071 0 0 0 0 0 0 32 0 0 0 0 0 0 0 493329247 21880476 
73 89 0 0 0 0 0 0 0 502099684 0 0 0 0 0 0 0 0 0 0 
0 2 3361784 0 0 0 0 0 1323068 0 0 0 0 0 0 0 0 0 0 443553627 
2 1 3633532 0 0 0 0 0 0 0 0 0 0 0 0 0 0 0 0 517988558 
0 0 0 68553 117 720 0 378884 0 0 0 0 0 51 420424484 0 0 0 0 0 
0 0 0 0 0 0 0 0 0 0 38 12 0 0 0 0 0 0 0 498467565 
153 143 0 457908021 0 0 0 0 0 0 55452 0 0 0 0 0 0 0 0 0 
0 0 0 0 0 0 0 0 0 0 15 0 0 0 0 435056471 0 0 6760426 0 
0 2 0 0 6248 0 0 0 0 92973 228 0 0 0 0 0 0 0 0 522658385 
1 0 0 0 0 0 0 0 0 0 2012 0 0 0 480489852 0 0 0 0 0 
253 230 0 0 0 0 0 0 0 394277349 0 0 0 0 0 0 0 0 0 0 
294 241 0 0 0 14814517 0 0 411105186 0 0 0 0 0 0 0 0 0 0 0 
0 0 0 3493162 0 0 0 0 0 0 0 0 0 0 0 0 0 0 0 408650321 
0 0 0 0 0 0 0 0 962476 0 0 0 0 0 0 0 19 0 38923326 365529123 
0 0 0 0 0 0 0 0 0 0 161 0 0 0 0 0 0 0 103416958 402305271 
0 0 0 0 0 0 16754728 0 1916832 0 0 0 0 0 0 0 0 0 0 462275071 
140 138 428992066 0 0 0 0 0 0 0 12481 0 0 0 0 0 0 0 0 0 
0 0 0 246078 0 0 0 0 0 0 0 0 0 0 0 466935589 0 0 0 0 
0 0 0 1907989 0 0 0 0 0 0 0 0 0 0 476487227 0 0 0 0 0 
0 0 0 0 0 0 0 16645149 19987449 0 2355 0 0 0 0 391391908 0 0 0 0 
0 0 0 1846859 0 0 0 0 544303 0 0 0 0 0 0 0 0 0 510970134 0 
57 62 0 164386984 0 0 0 0 203410717 34779730 0 0 0 0 0 0 0 0 0 0 
45 48 0 511923097 0 0 0 0 0 0 0 0 0 0 0 0 0 0 0 0 
145 143 0 415019138 0 0 0 0 0 0 130450 0 0 0 0 0 0 0 0 0 
275 271 0 0 0 0 0 0 414864114 0 0 0 0 0 0 0 0 0 0 0 
0 0 0 0 0 0 0 0 0 0 0 0 0 26 0 0 0 0 438806671 0 
0 0 0 0 0 0 0 0 0 0 0 0 0 0 0 0 0 0 0 420949684 
0 0 0 0 0 0 0 0 0 0 0 0 0 0 0 476209922 0 0 0 9745076 
0 3 0 0 0 0 0 0 0 0 0 0 0 0 0 0 0 0 82276311 345441985 
1 0 0 0 0 0 0 0 264276 0 14 0 0 0 491404851 0 0 0 0 0 
42 34 446765249 0 0 0 0 0 17475002 50036657 0 0 0 0 0 0 0 0 0 0 
6 2 0 451161888 0 0 0 0 0 0 0 0 0 0 0 0 0 0 0 0 
30 30 155958740 242822703 0 0 0 0 0 0 112 58796 0 0 0 0 0 0 0 0 
124 122 0 443783199 0 7015227 0 0 0 0 0 0 0 157603 0 0 0 0 0 0 
346 424 0 401522618 0 0 0 0 0 0 0 0 0 0 0 0 0 0 0 0 
0 0 0 0 0 0 0 0 0 0 0 0 0 360 484738952 0 0 0 14486789 0 
21 23 0 443724523 0 0 0 0 0 0 0 0 0 0 0 0 0 0 0 0 
0 0 0 0 0 0 0 0 0 0 29 0 0 0 0 0 0 0 0 434779236 
0 0 0 0 0 0 0 0 0 0 0 0 0 0 0 0 0 0 0 444288604 
1 0 856509 0 0 0 0 0 0 72879 0 0 0 0 0 454230167 0 0 0 0 
0 1 0 69891127 0 0 0 0 0 0 0 3669 0 0 0 448408863 0 0 0 0 
0 1 0 0 0 0 0 0 0 0 0 0 0 0 460820364 0 2 0 0 0 
1 1 0 0 0 0 0 0 0 0 0 0 0 0 0 0 0 0 490609143 0 
16 16 123703967 0 0 0 398515745 0 0 0 0 0 101254 0 0 0 0 0 0 0 
1 1 0 0 0 0 0 0 0 0 0 0 0 61 0 0 0 0 428435089 0 
0 3 0 378128 0 0 0 0 0 0 0 0 0 0 0 0 0 0 507390920 0 
56 51 0 395588409 0 0 0 0 0 0 0 0 0 0 0 0 0 0 0 0 
0 0 0 0 0 14845 0 0 0 0 0 11 0 0 401631963 0 0 0 0 0 
7 12 0 0 0 0 495514933 0 0 0 0 0 0 0 0 0 0 0 0 0 
102 110 463418502 0 0 8666159 0 0 0 0 0 0 0 0 0 0 0 0 0 0 
0 0 0 0 0 0 0 0 0 0 0 0 0 0 0 0 0 0 0 432359862 
1 0 0 0 0 7225 0 0 0 153492 0 194 0 0 0 0 0 0 480144699 0 
0 1 0 0 0 0 0 0 0 0 1436 170 0 0 0 0 0 0 424159084 0 
0 1 302308 0 20687 0 0 0 0 0 0 0 0 0 0 0 0 0 415911877 0 
0 0 0 0 0 0 0 0 0 0 0 0 0 0 0 0 0 0 169593945 281745358 
26 31 0 0 0 0 399067861 0 0 0 830 0 0 0 0 0 0 0 0 0 
610 647 0 0 0 0 0 0 479630975 0 28196 0 0 0 0 0 0 0 0 0 
2 2 0 0 0 0 0 51058990 0 0 0 0 0 0 0 0 0 0 0 418738146 
1 0 0 0 0 0 0 0 0 0 0 0 0 0 0 0 0 0 407238943 0 
1 0 0 0 0 0 0 0 0 0 0 0 0 2474 0 0 0 24 0 407313660 
0 0 0 0 0 0 0 0 0 0 0 0 0 0 0 0 0 0 0 453111269 
151 152 0 154211621 0 4567912 0 0 306776114 0 0 0 0 0 0 0 0 0 0 0 
0 0 0 0 0 0 0 0 0 0 0 0 0 0 0 0 0 0 0 478193383 
0 1 0 0 0 0 0 0 0 136881 0 0 0 0 510407749 0 0 0 0 0 
2 1 0 0 31569 0 0 0 0 0 0 14 0 0 0 0 0 0 508190039 0 
0 0 0 0 16233 0 0 0 0 1047355 0 0 0 0 0 228053963 0 0 295277000 0 
378 362 0 507610898 0 6632853 0 0 0 0 0 98096 0 0 0 0 0 0 0 0 
1 1 0 0 0 0 37310967 0 0 0 0 0 0 0 0 0 0 0 469219730 0 
3 0 0 0 0 0 0 0 0 0 0 0 0 0 0 0 0 0 0 463753100 
1 1 0 0 0 0 0 0 0 4162382 2010 0 0 0 0 0 59 0 455545927 0 
23 18 0 0 0 0 0 0 0 413682603 0 0 0 0 0 0 0 0 0 0 
564 554 0 419151173 0 36723070 0 0 0 0 0 0 0 0 0 0 0 0 0 0 
182 175 0 0 0 1400903 0 0 467725641 0 0 0 0 0 0 0 0 0 0 0 
8 14 0 0 258482 0 0 398055667 0 0 0 0 0 0 0 0 0 0 0 0 
7 4 0 0 0 0 0 0 0 0 0 0 0 0 0 522423930 0 0 0 0 
21 38 0 58358562 0 0 343103821 0 0 0 0 0 0 0 0 0 0 0 0 0 
309 335 437717441 0 0 0 0 0 0 0 0 0 0 0 0 0 0 0 0 0 
0 0 0 0 0 0 0 0 0 0 0 0 0 0 271727912 0 0 0 146794938 0 
0 2 3685493 0 0 0 0 0 0 0 0 0 0 0 0 0 0 0 406600985 0 
150 137 510194484 0 0 0 0 0 0 0 2939876 0 0 0 0 0 2520 0 0 0 
2 0 0 0 61122 0 0 0 0 0 3598 0 0 0 0 0 0 0 0 421457843 
1 2 0 22539341 0 0 0 0 0 0 0 0 0 0 0 0 0 0 453829858 0 
427 435 0 0 0 0 0 0 483357634 0 0 2176970 0 0 0 0 0 0 0 0 
0 0 0 0 0 0 0 0 0 0 29 0 0 0 0 0 0 0 0 472960863 
1 1 0 0 0 0 0 0 487061 0 0 0 0 0 0 470285651 0 5 0 0 
0 0 0 257648 0 0 28904 0 0 0 0 0 0 0 297511275 112687125 0 0 0 11931177 
1 0 0 0 0 0 0 0 0 0 0 0 861 0 0 0 0 0 0 429332596 
0 3 0 0 0 0 5870124 0 0 0 0 0 0 0 0 0 0 0 406935434 0 
0 0 80529 0 3933 0 0 0 0 0 0 0 0 0 0 0 0 0 397409954 0 
0 0 0 0 0 0 521582580 0 0 0 0 0 0 0 0 0 0 0 0 0 
0 0 0 0 0 405 0 0 0 0 0 0 0 0 0 0 0 0 75195607 338929342 
131 160 0 0 12718901 0 0 0 0 383571856 0 0 0 0 0 0 0 0 0 0 
103 101 504909266 0 0 0 0 0 0 0 0 0 0 0 0 0 0 0 0 0 
0 0 0 0 0 0 5775069 0 0 0 0 0 0 0 0 0 0 0 397265115 0 
0 0 240028 0 0 0 0 0 0 0 0 0 0 0 0 0 0 0 0 433518135 
0 1 0 0 0 0 0 0 0 0 0 0 0 0 0 0 0 0 0 425846758 
0 0 0 0 0 0 0 0 0 0 0 0 0 0 397894884 0 0 0 0 0 
0 0 0 19857 0 95 661732 122606 0 0 0 0 0 0 37203322 373394102 0 0 0 6178454 
0 1 0 0 0 0 5291555 0 0 0 0 0 0 0 0 0 0 0 0 515195581 
16 14 0 9707285 0 0 0 475376018 0 0 0 0 0 0 0 0 0 0 0 0 
1 0 0 2910681 0 0 0 0 0 0 0 0 0 0 0 0 0 0 498713308 0 
4 6 0 0 0 0 0 0 0 475857 0 1311 0 0 0 0 0 0 0 519910125 
14 11 0 0 0 0 0 401723009 0 2461529 0 5805 0 0 0 0 0 0 0 0 
31 23 473091366 0 0 0 0 0 0 0 0 0 51525 0 0 0 0 0 0 0 
0 0 0 0 0 0 0 0 88992 0 0 0 0 0 405348054 0 0 0 0 0 
67 63 0 0 116643 2042169 0 0 324200195 109855309 81594 0 0 0 0 0 0 0 0 0 
1 0 0 0 0 0 38155326 0 0 0 0 703 0 0 0 0 0 0 462616518 0 
0 0 0 0 0 0 0 0 0 0 0 0 0 0 142598180 0 0 0 380474189 0 
0 2 0 0 0 0 0 0 0 0 0 0 0 0 0 0 0 0 293268616 175231312 
1 0 1876924 0 18134 0 0 0 0 0 0 0 0 0 0 467744275 0 8 0 0 
1 0 8845 0 0 0 0 0 0 0 0 0 0 0 0 0 0 0 278679569 215576646 
5 2 0 59063266 0 0 0 0 0 403310 0 0 0 0 0 0 0 0 0 337683565 
2 5 0 0 0 39234 0 0 0 0 0 0 1322 0 0 0 0 0 0 406018550 
0 0 0 0 0 0 0 0 0 0 0 0 0 0 0 0 0 0 325653198 90879275 
91 81 0 0 0 0 0 0 0 451654885 0 330017 0 0 0 0 0 0 0 0 
100 100 0 485451936 0 0 0 0 0 0 0 134910 0 0 0 0 0 0 0 0 
1 2 0 33140792 0 0 37288285 0 0 0 0 0 1688 0 0 0 74 0 394922211 0 
8 10 0 27512368 0 0 0 428083053 0 0 0 0 0 0 0 0 0 0 0 0 
0 0 0 0 0 0 0 0 0 0 0 0 0 0 343002760 0 0 0 0 170912758 
1 1 0 2202125 46584 0 0 0 0 0 0 0 0 0 0 0 0 0 0 482510165 
47 39 462106236 0 0 0 0 0 0 0 0 0 0 0 0 0 0 0 0 0 
101 101 33874062 411280083 0 0 0 0 0 0 0 0 0 0 0 0 4524 0 0 0 
192 191 403119033 0 0 0 0 0 0 0 0 0 0 0 0 0 0 0 0 0 
0 0 0 0 2683 0 0 0 0 0 0 0 0 0 403521914 0 0 0 0 0 
5 7 0 0 186921 744411 0 415053283 0 0 0 0 0 0 0 0 0 0 0 0 
0 0 0 0 0 0 18975332 0 0 0 0 0 0 0 29045553 0 0 0 0 392315357 
1 0 0 0 0 0 0 0 0 0 0 0 0 0 412037756 0 0 0 0 0 
0 1 0 0 0 9010 0 0 0 0 0 60 0 0 0 498656702 0 0 0 0 
59 48 149762957 65865795 0 0 210291906 0 16717523 0 0 0 0 0 0 0 0 0 0 0 
172 164 0 0 0 0 0 0 450271141 0 0 0 0 0 0 0 0 0 0 0 
0 0 0 0 0 14217 0 7758125 0 0 0 0 0 0 0 326247027 27 0 0 187192459 
0 0 0 0 0 0 0 0 0 0 188 0 0 0 0 0 0 0 441015275 0 
0 0 0 0 0 0 76237438 0 0 0 691 0 0 0 0 0 0 0 448272979 0 
184 206 0 0 0 0 0 0 498608853 0 0 0 0 0 0 0 0 0 0 0 
508 516 0 0 0 7129909 0 0 360375538 0 0 0 0 0 0 0 0 0 0 0 
0 0 34216 0 1689 0 0 0 0 0 0 0 0 0 0 0 36 0 42913856 403169314 
8 8 32895600 95089150 0 0 0 397667686 0 0 0 0 0 0 0 0 0 0 0 0 
113 104 517098115 0 0 2022557 0 0 0 0 7386 0 0 0 0 0 0 0 0 0 
2 1 3135456 0 0 58029 0 0 0 0 0 0 0 0 0 0 0 0 496818796 0 
0 0 0 0 0 0 0 0 0 0 0 18 0 0 0 523037862 0 0 0 2395194 
0 0 0 0 0 0 1185789 0 0 0 0 0 0 0 426333901 0 0 0 0 0 
0 0 0 0 0 0 0 0 0 0 0 0 0 0 42504084 366681316 0 0 0 0 
0 3 0 0 0 0 0 0 0 0 0 0 0 0 0 0 0 0 425897011 0 
0 0 77442 0 0 0 0 0 0 0 28 0 0 0 0 0 0 0 404240646 0 
9 12 0 449179307 0 0 0 0 0 0 0 0 0 0 0 0 0 385 0 0 
0 1 0 0 0 28429 0 0 0 372344 608 0 0 0 0 0 0 0 490195441 0 
13 27 0 0 0 0 0 403896603 0 0 0 0 0 0 0 0 0 136 0 0 
0 0 0 0 0 0 0 0 0 0 65 0 0 0 0 0 0 0 0 411070191 
0 0 0 0 0 0 0 0 623960 0 0 262 0 0 0 0 0 0 0 433209399 
1 1 0 20410567 0 327149 0 0 0 3515468 0 0 0 0 0 0 0 0 455911902 0 
2 0 0 0 0 9974 0 0 0 0 0 0 1192 0 0 0 0 0 489328535 0 
43 40 305576896 0 0 0 0 0 192006577 0 0 0 0 0 0 0 0 0 0 0 
2 1 0 0 832 0 0 0 0 0 0 0 0 0 0 0 0 269 0 525361766 
1 0 0 26416228 0 0 0 0 0 0 0 0 0 0 0 0 0 0 0 375210026 
491 502 0 0 3669589 0 0 0 465921249 0 0 3917136 0 0 0 0 1462 0 0 0 
0 1 1470239 0 0 0 0 0 233686 115631 0 0 0 0 0 0 0 0 0 508240999 
161 179 0 0 0 0 0 0 471492133 0 0 155982 0 0 0 0 0 0 0 0 
50 48 0 0 0 0 0 0 0 448646101 9112 0 0 0 0 0 0 0 0 0 
1 0 0 0 0 0 315512508 194775014 0 0 0 0 0 0 0 0 0 3 0 0 
21 23 0 502556072 0 0 0 0 0 0 0 0 0 0 0 0 231 0 0 0 
54 56 480005913 0 0 0 0 0 0 0 0 0 0 0 0 0 0 0 0 0 
0 0 1031957 2888915 0 0 0 0 0 0 0 0 0 0 0 0 0 0 466176011 0 
0 0 0 0 0 0 0 0 0 0 0 0 0 0 0 0 0 0 501375233 0 
1 0 0 0 0 0 0 0 425054 0 0 0 0 0 77947151 0 0 0 447501253 0 
10 9 0 0 0 0 456459989 0 0 0 0 0 0 0 0 0 0 0 0 0 
0 0 0 0 0 0 0 0 0 0 0 0 0 0 115225517 313577193 0 0 0 0 
148 159 412380845 0 0 0 0 0 0 0 0 0 0 0 0 0 0 0 0 0 
0 1 0 0 0 0 0 0 0 0 0 0 0 0 0 0 0 0 468544830 0 
0 0 0 0 0 0 0 0 0 0 0 17 0 0 0 0 0 0 0 495107401 
76 69 335478723 0 0 0 0 0 91517769 0 0 0 0 0 0 0 0 0 0 0 
3 4 0 0 0 0 0 0 0 0 0 0 0 0 0 0 0 0 411585309 0 
0 0 0 0 3423 0 0 0 0 0 0 12 0 0 24854942 379521146 0 0 0 0 
84 90 474758725 0 0 0 0 0 0 0 0 0 0 0 0 0 0 0 0 0 
217 193 0 0 0 4894330 459940649 0 0 0 0 0 0 0 0 0 0 0 0 0 
82 74 0 312526288 0 0 0 0 137021126 0 371619 0 0 0 0 0 0 0 0 0 
152 137 0 0 0 0 0 0 0 400582040 0 0 0 0 0 0 0 0 0 0 
0 0 0 0 0 4389 0 4549748 0 0 0 0 0 0 0 380956744 0 0 0 123042388 
0 0 0 0 0 0 0 0 0 0 0 0 0 0 464745656 0 0 0 31914488 0 
13 18 0 27730809 0 0 391054963 0 0 0 0 0 0 0 0 0 0 0 0 0 
45 39 357512064 0 0 0 0 0 45760973 0 6780 0 0 0 0 0 0 0 0 0 
0 0 781978 0 0 0 0 0 0 0 0 0 0 0 0 399924034 0 0 43248967 0 
0 0 4183370 0 10895 0 0 0 0 0 0 0 0 0 0 0 0 0 481755362 0 
42 36 0 5338977 0 0 329642248 105079857 0 0 0 16677 0 100187 0 0 0 0 0 0 
0 0 0 0 0 352 0 0 0 0 0 0 0 0 0 0 0 0 0 432321077 
16 28 0 0 0 0 434411214 0 0 0 0 0 0 0 0 0 0 0 0 0 
1 1 0 2258269 0 0 0 0 0 0 0 129 0 0 0 0 0 0 502578780 0 
2 1 0 0 0 0 0 0 0 0 0 0 0 0 496785251 0 0 0 0 0 
0 0 0 0 0 0 11212881 0 0 0 0 0 0 0 0 0 0 0 263312230 139883800 
104 111 0 0 0 0 0 0 0 425021336 0 0 0 0 0 0 0 0 0 0 
0 0 0 0 14 0 0 0 0 0 0 38 0 0 408797495 0 0 0 0 0 
0 0 0 0 0 0 0 0 0 0 0 0 0 0 0 0 0 0 404648852 0 
0 1 0 4140542 136422 0 0 0 0 0 0 0 0 0 0 0 0 0 393408517 0 
2 3 0 0 0 0 0 0 0 0 0 0 0 0 0 457327899 0 0 0 0 
0 0 0 0 0 0 0 0 0 0 0 20 0 0 0 0 0 0 0 434987366 
1 0 0 0 0 0 0 0 0 0 0 0 0 0 0 0 0 0 460335037 0 
0 0 0 0 0 0 0 0 0 0 0 356 0 0 0 0 0 0 395227658 100198911 
10 13 80660118 63239633 0 0 0 283821235 0 0 0 11858 0 0 0 0 0 0 0 0 
2 1 0 0 0 106770 0 0 0 0 0 0 0 0 0 0 9 0 473849168 0 
0 0 0 0 0 0 0 0 0 0 216 0 0 18 204639217 135970088 0 0 135402504 0 
0 0 0 0 0 0 0 0 0 0 0 0 0 0 9058761 390781902 0 0 0 72119021 
3 2 0 0 0 0 0 0 0 0 0 2169 0 0 0 0 0 105 509240049 0 
0 0 0 0 0 0 0 0 0 0 0 12 0 0 497619097 0 0 0 0 0 
5 8 0 313145579 0 0 137490363 0 0 0 0 2225 0 0 0 0 0 0 0 0 
0 0 387437 0 0 0 0 0 0 0 0 0 0 0 0 0 0 0 442676701 0 
0 0 0 0 0 0 0 0 0 0 0 0 0 0 0 490294807 0 0 0 0 
5 4 15512831 0 0 283955 0 0 32899297 0 0 0 0 0 0 0 0 0 470931041 0 
0 0 302944 0 0 4699 0 0 0 0 0 0 0 0 513178886 0 3 0 0 0 
196 202 0 444385830 0 0 0 0 0 0 0 0 0 0 0 0 0 0 0 0 
0 0 0 0 0 0 0 2024932 0 0 0 596 0 0 0 0 0 0 419745507 0 
2 0 0 0 0 141515 0 0 0 0 36 0 0 0 0 0 0 0 0 510188095 
1 4 0 0 0 0 0 0 0 0 0 0 0 0 0 0 0 0 422969134 0 
153 128 0 0 0 0 375791895 0 33233481 0 0 0 130334 0 0 0 0 0 0 0 
0 0 29121 0 0 0 0 0 0 0 0 7 0 0 0 0 0 0 0 527094841 
1 1 0 0 0 0 0 0 0 0 0 8 0 0 0 0 0 0 0 462756717 
72 72 0 0 0 0 0 0 0 503700028 0 0 0 0 0 0 0 0 0 0 
287 277 0 0 0 28111270 0 0 0 448951257 0 0 0 0 0 0 0 0 0 0 
192 216 0 481563088 0 0 0 0 0 0 0 38728 0 0 0 0 0 0 0 0 
4 5 0 33029002 0 0 0 0 0 0 0 0 0 0 0 0 0 0 0 401163706 
19 22 0 37048221 0 0 483555794 0 0 0 0 0 0 0 0 0 0 0 0 0 
1 4 0 0 0 0 428373910 0 575790 0 0 0 0 0 0 0 0 0 0 0 
0 0 0 0 324 0 0 0 0 0 0 104 0 0 0 424168401 0 0 0 0 
1 0 0 138945 0 0 0 0 0 0 0 0 0 0 344400723 71153879 0 0 0 0 
94 96 414054310 0 0 0 0 0 0 0 8325 0 0 0 0 0 0 0 0 0 
0 1 563775 0 0 0 0 0 0 0 0 54 0 0 0 464900737 0 0 0 0 
0 1 662412 0 0 0 0 0 0 0 0 0 0 0 410298429 0 11 0 0 0 
0 0 0 0 0 0 0 0 0 0 0 0 0 0 0 0 0 0 0 488909234 
0 0 0 0 0 0 0 0 0 1561 7 0 0 0 505916419 0 0 0 0 0 
159 168 478905961 0 0 0 0 0 0 0 0 0 0 0 0 0 0 0 0 0 
70 62 0 174288894 0 0 0 0 0 339322390 0 0 0 0 0 0 0 0 0 0 
0 0 0 0 0 0 0 0 0 0 0 0 0 0 0 0 0 0 0 523249242 
115 114 370668170 0 0 48730530 0 0 0 0 0 0 0 0 0 0 0 0 0 0 
124 117 0 482667952 0 0 0 0 0 0 0 0 0 0 0 0 0 0 0 0 
5 9 0 0 20365 0 0 0 0 0 900 0 0 0 444093029 0 0 0 0 0 
0 0 0 0 0 0 0 0 0 0 0 0 0 0 502368516 0 0 0 0 0 
497 476 0 0 0 0 0 0 263098001 0 0 0 0 0 0 0 0 0 0 0 
523 540 414431889 0 0 0 0 0 0 0 0 0 0 0 0 0 0 0 0 0 
0 0 3758287 0 0 0 0 0 0 0 0 0 0 0 0 0 0 0 410449302 0 
42 67 0 397052609 0 0 0 0 0 0 0 0 0 0 0 0 0 0 0 0 
0 0 0 0 0 0 0 0 34162 0 132 0 0 0 0 179997342 0 0 0 336123794 
1 0 0 0 0 0 207539115 0 0 0 0 0 0 0 0 0 0 0 0 305895616 
461 473 0 0 3257662 55349941 0 0 405465042 0 90824 0 0 0 0 0 0 0 0 0 
17 8 271794100 0 0 0 0 0 123352552 0 6380 0 0 0 0 0 0 0 0 0 
0 0 728638 2055389 0 0 0 0 0 0 0 32 0 0 0 0 24 0 455156505 0 
5 5 0 0 0 0 0 0 0 0 0 0 0 0 0 518539104 0 0 0 0 
0 0 0 0 0 360 0 0 0 0 45 49 0 0 483709382 0 0 0 0 0 
0 0 44646 0 0 0 0 0 0 0 0 0 0 0 0 337704406 0 0 58028827 16509972 
0 0 0 0 0 0 0 0 9576858 0 0 0 0 0 0 0 0 0 0 502658839 
10 12 0 0 629880 0 0 0 0 47618924 0 0 0 0 0 0 0 0 354969045 0 
0 0 0 0 0 0 0 0 0 0 0 0 0 0 408392980 0 0 0 0 0 
141 134 119677578 0 0 0 0 0 336021670 0 0 181361 0 0 0 0 0 0 0 0 
0 0 0 0 0 0 0 0 0 6405 0 0 0 0 403818446 0 0 0 19957988 0 
49 28 0 397963581 8645 0 0 0 0 0 0 0 0 0 0 0 0 0 0 0 
0 1 0 1066953 0 0 0 0 0 0 130 0 0 0 0 0 0 0 0 467087351 
0 0 0 0 0 0 0 0 0 0 0 0 0 0 0 425951472 0 0 0 0 
42 43 404304542 0 0 0 0 0 0 0 0 0 0 0 0 0 0 0 0 0 
0 0 0 0 0 0 0 0 0 0 0 0 0 0 518834131 0 0 0 5097904 0 
610 611 0 371944028 0 0 0 0 0 0 0 0 0 1906945 0 0 2679 0 0 0 
1 2 0 0 139892 32584 0 0 0 0 0 0 0 0 0 0 0 0 424710103 0 
0 0 0 0 0 0 0 0 0 0 0 0 0 0 174499723 0 0 0 0 232031794 
21 23 0 372935861 0 0 0 0 0 35342844 0 0 0 0 0 0 0 0 0 0 
