9.16016 2.33594 0 0.00100035 13385287
9.5 2.19141 0 0.000938604 17930938
9.18359 2.32812 0 0.000925009 13520815
9.16406 2.32812 0 0.000961364 13517423
9.15234 2.39844 0 0.00103889 11757029
9.25391 2.29297 0 0.00114185 14605993
9.30078 2.3125 0 0.00104919 13998847
9.28516 2.24219 0 0.00107024 16150669
9.19922 2.33203 0 0.000889515 13455270
9.16797 2.33594 0 0.000969668 13333379
9.33594 2.26953 0 0.000950747 15238148
9.17578 2.38672 0 0.000987977 12050323
9.33203 2.29297 0 0.000975809 14610259
9.28906 2.41406 0 0.000800407 11333175
9.32812 2.29688 0 0.000973889 14469488
9.21875 2.375 0 0.000907641 12282409
9.30469 2.32031 0 0.0010453 13769183
9.13281 2.37891 0 0.00107586 12235141
9.64062 2.30859 0 0.000740649 14070882
9.32422 2.30469 0 0.000977595 14262095
9.3125 2.27734 0 0.000991185 15066448
9.30469 2.3125 0 0.0010286 13943314
9.17578 2.41016 0 0.000993017 11425106
9.29688 2.26953 0 0.00102201 15260093
9.23047 2.27734 0 0.00117076 15013464
9.17969 2.35938 0 0.000981311 12746732
9.15234 2.42578 0 0.00105339 11095350
9.23828 2.36719 0 0.000858931 12546927
9.17578 2.32812 0 0.000920725 13519242
9.30469 2.32422 0 0.00106863 13721709
9.15625 2.33203 0 0.000990141 13413081
9.35547 2.28906 0 0.000908786 14705276
9.17578 2.32812 0 0.000942506 13528059
9.13672 2.40234 0 0.00107259 11680511
9.15625 2.37891 0 0.00102361 12179363
9.15234 2.36719 0 0.00103611 12464620
9.3125 2.28125 0 0.00100414 14947488
9.33203 2.28125 0 0.000964287 14933426
9.35938 2.26562 0 0.000907147 15451147
9.35156 2.3125 0 0.00093017 14017611
9.16797 2.37891 0 0.000996586 12260600
9.13281 2.35156 0 0.00108694 12928236
9.17969 2.36328 0 0.000980194 12653891
9.32422 2.26953 0 0.000961746 15331071
9.31641 2.30469 0 0.000969097 14235807
9.31641 2.31641 0 0.000988827 13931092
8.91016 2.34375 0 0.00112545 13110933
8.89844 2.37891 0 0.0011796 12208371
9.25 2.31641 0 0.00115565 13834605
9.33203 2.30469 0 0.000944372 14263535
9.16016 2.41406 0 0.00105005 11383301
8.89453 2.37109 0 0.00120625 12408333
9.29688 2.29688 0 0.00102695 14475742
9.13672 2.32812 0 0.00102458 13506120
9.12891 2.375 0 0.00109684 12288191
9.33594 2.3125 0 0.000956772 14011175
9.14062 2.36328 0 0.00105758 12639816
9.27344 2.34766 0 0.000787921 13028292
9.19922 2.36328 0 0.00096398 12581904
9.32812 2.3125 0 0.00097944 13996150
9.29688 2.29688 0 0.00104259 14461384
9.17188 2.36719 0 0.00101988 12459812
9.12891 2.37891 0 0.00110491 12199144
9.13281 2.35156 0 0.00107411 12879530
8.90234 2.38672 0 0.00117723 11973587
9.23438 2.39453 0 0.000895442 11835760
9.20703 2.36719 0 0.000935894 12487843
9.28906 2.32031 0 0.00107373 13729180
9.12891 2.36328 0 0.00109597 12643469
9.27344 2.30078 0 0.00107557 14323052
9.34766 2.27344 0 0.000925251 15109101
9.26172 2.26562 0 0.00108886 15381975
9.20312 2.39062 0 0.00092357 11880201
9.32422 2.31641 0 0.000977791 13927490
8.90625 2.36328 0 0.00116332 12558342
9.20312 2.37109 0 0.00092751 12439349
9.20312 2.26172 0 0.00126247 15498468
9.13281 2.32812 0 0.00101338 13573407
9.19531 2.35156 0 0.000944392 12967459
9.16797 2.35547 0 0.000996865 12830899
9.30469 2.23047 0 0.000977128 16543449
9.29297 2.29688 0 0.00103788 14477061
9.37891 2.32031 0 0.000888604 13712722
9.1875 2.34375 0 0.000945217 13161239
9.25781 2.375 0 0.000824203 12340674
9.23828 2.39062 0 0.00086344 11915852
9.17578 2.39062 0 0.00100319 11886543
9.34766 2.32031 0 0.000968854 13732902
9.28906 2.3125 0 0.00103985 13952813
9.23438 2.34766 0 0.000871299 12975812
9.13281 2.34375 0 0.00107835 13141717
9.09375 2.32812 0 0.00110748 13550020
9.17578 2.37109 0 0.000995249 12404948
8.81641 2.33984 0 0.00136005 13267976
9.3125 2.23047 0 0.000971113 16513913
9.26953 2.26172 0 0.00107622 15511974
9.17578 2.39844 0 0.000993431 11693503
9.19922 2.36328 0 0.00093724 12614589
9.04297 2.32812 0 0.0012346 13608516
9.19141 2.29688 0 0.00128797 14423032
9.23438 2.375 0 0.000882444 12297437
8.90234 2.38281 0 0.00116513 12094484
9.27734 2.26562 0 0.00105762 15348186
9.3125 2.30859 0 0.00100368 14158181
9.27344 2.23438 0 0.00109001 16400164
9.3125 2.29297 0 0.000999377 14514043
9.25781 2.29688 0 0.00111584 14470520
9.33203 2.27734 0 0.000934274 15089980
9.26172 2.29297 0 0.00108601 14507274
9.35938 2.25 0 0.00089599 15952762
9.16406 2.33984 0 0.001011 13201002
9.34766 2.3125 0 0.00094404 13983546
9.14062 2.34766 0 0.00106063 13004488
9.125 2.375 0 0.00109761 12304934
9.19531 2.36328 0 0.000955958 12662896
9.11719 2.35156 0 0.00109271 12941000
9.14453 2.41797 0 0.00106425 11282955
9.20703 2.35547 0 0.000926286 12768921
9.21484 2.34766 0 0.00091032 13000489
9.03516 2.32812 0 0.00128604 13509994
9.15234 2.375 0 0.0010275 12267111
9.23828 2.42969 0 0.000877956 11014762
9.23828 2.25 0 0.00115403 15863522
8.89453 2.34375 0 0.00115911 13101767
9.21484 2.30859 0 0.00123047 14128507
9.20312 2.36719 0 0.000918495 12541154
9.25 2.28125 0 0.00114892 14914630
9.26172 2.27344 0 0.00109159 15218403
9.12109 2.41406 0 0.00112924 11323550
9.125 2.34766 0 0.00109727 12984540
9.14844 2.35938 0 0.00105358 12680837
9.32422 2.3125 0 0.000985219 13947699
8.90625 2.38281 0 0.00116478 12141374
9.33984 2.25 0 0.000929286 15937422
9.30078 2.19922 0 0.00099254 17683493
9.33984 2.28516 0 0.000949082 14777843
9.20703 2.4375 0 0.000951939 10838309
9.30469 2.32422 0 0.00105187 13666178
9.13672 2.41016 0 0.00108335 11485104
9.16406 2.36719 0 0.00100452 12534664
9.35938 2.32422 0 0.000936943 13685461
9.12891 2.36328 0 0.00109103 12613899
8.85547 2.37109 0 0.00128038 12452906
9.26953 2.26562 0 0.00107013 15454711
9.12109 2.34766 0 0.00109335 13034942
9.19141 2.375 0 0.0009624 12328314
9.28906 2.23047 0 0.00103366 16621838
9.3125 2.27344 0 0.000983796 15187717
9.16797 2.35547 0 0.0010222 12772401
9.09375 2.32812 0 0.00110604 13585928
9.27344 2.31641 0 0.00109625 13930174
9.17969 2.38672 0 0.00097734 11981151
9.13281 2.35547 0 0.00106179 12803283
9.32422 2.27344 0 0.000957391 15187924
9.35156 2.28516 0 0.000917382 14854230
9.1875 2.35156 0 0.00097241 12929723
9.19141 2.36328 0 0.000954228 12662065
9.33203 2.29688 0 0.000961391 14460014
9.125 2.33594 0 0.00106491 13366544
9.30078 2.25391 0 0.00103792 15774472
8.89062 2.35938 0 0.00118472 12686878
9.09375 2.32422 0 0.00110963 13651711
9.22656 2.34375 0 0.000866256 13086522
9.18359 2.43359 0 0.000986954 10948678
9.14844 2.40234 0 0.00105521 11659446
9.3125 2.3125 0 0.000991385 13977209
9.25781 2.29297 0 0.0011186 14603179
9.20703 2.34375 0 0.000918843 13154662
9.26172 2.29297 0 0.00113283 14545168
9.17188 2.375 0 0.000998007 12339084
9.24219 2.39453 0 0.000863658 11790516
9.28125 2.32031 0 0.00109257 13787591
9.36328 2.24219 0 0.000888631 16115042
9.30078 2.31641 0 0.00102997 13933348
9.28516 2.3125 0 0.00106794 14005804
9.13672 2.32812 0 0.00103027 13554036
9.14844 2.40234 0 0.0010771 11663359
9.23047 2.33594 0 0.000847552 13364609
9.25391 2.26172 0 0.00111944 15563390
9.17578 2.37891 0 0.000994831 12248628
9.27734 2.25 0 0.00105346 15892079
9.19531 2.35547 0 0.000935165 12818217
9.08203 2.32812 0 0.00113075 13545795
9.32422 2.32031 0 0.000989745 13827229
9.30078 2.29688 0 0.00101819 14481042
9.14844 2.33984 0 0.00104173 13213592
9.32031 2.30469 0 0.000985852 14170405
9.19531 2.38281 0 0.000955457 12130554
9.125 2.36328 0 0.00109124 12639260
8.91406 2.38281 0 0.00115693 12107858
9.33203 2.24219 0 0.00094939 16134212
9.33594 2.32031 0 0.000999775 13758642
9.17578 2.33203 0 0.000933842 13473112
9.12109 2.37109 0 0.00111999 12374075
9.28906 2.3125 0 0.00106496 13971004
9.25781 2.31641 0 0.0011232 13908201
9.14062 2.35156 0 0.00107399 12927028
9.14844 2.36719 0 0.00105549 12503283
9.21094 2.38672 0 0.000923072 11999907
9.21484 2.34375 0 0.000912076 13079874
9.17969 2.37891 0 0.000973376 12238217
9.3125 2.28516 0 0.00100119 14848514
9.40625 2.32422 0 0.00087308 13618804
9.17969 2.34375 0 0.000971063 13135954
9.28125 2.29688 0 0.00106479 14404971
9.33984 2.26953 0 0.000926066 15308108
9.125 2.44531 0 0.00111744 10685448
9.27344 2.30078 0 0.00108769 14337579
9.27344 2.28125 0 0.00106445 14955054
9.23828 2.32031 0 0.00121451 13759806
9.21875 2.44922 0 0.000912711 10544018
9.09766 2.32812 0 0.00111672 13517671
9.37109 2.32031 0 0.000928572 13736782
9.1875 2.36328 0 0.000970994 12646229
9.30469 2.3125 0 0.0010173 13948913
9.14062 2.36719 0 0.00106539 12487758
9.3125 2.3125 0 0.00101325 13955537
9.3125 2.32031 0 0.00103757 13728264
9.22266 2.40625 0 0.000916118 11557862
9.37891 2.32422 0 0.000904375 13665588
9.25 2.23438 0 0.0011345 16384671
9.14453 2.39844 0 0.00106823 11735835
9.32422 2.30859 0 0.000980799 14093743
9.23047 2.375 0 0.000874756 12360656
9.15625 2.33984 0 0.00100316 13262815
9.39062 2.31641 0 0.000847066 13886824
9.16406 2.35547 0 0.00100877 12844196
9.32031 2.28906 0 0.00099494 14725146
9.35156 2.30078 0 0.000934231 14311018
9.17188 2.34766 0 0.000989815 13022187
8.91406 2.37109 0 0.00113453 12437178
9.35156 2.28125 0 0.00091383 14932136
9.25781 2.35547 0 0.000841451 12794027
9.33203 2.29297 0 0.000945697 14549000
9.32422 2.26953 0 0.000964306 15308748
9.17188 2.40234 0 0.0010007 11638714
9.13281 2.37891 0 0.00107625 12250788
9.26953 2.27734 0 0.00108867 15075891
9.3125 2.24219 0 0.000975918 16111213
9.28516 2.3125 0 0.00104995 13972032
9.63281 2.23828 0 0.000745387 16344587
9.30859 2.30078 0 0.0010202 14293188
8.90234 2.375 0 0.00115484 12285534
9.15234 2.39844 0 0.00104622 11701224
9.21094 2.33203 0 0.000871435 13456673
9.17188 2.375 0 0.00100522 12350455
9.10938 2.32812 0 0.0010862 13527027
9.35547 2.28516 0 0.000930169 14805520
9.39062 2.30469 0 0.000843378 14184727
9.625 2.23828 0 0.000747623 16259129
9.30469 2.3125 0 0.000997514 14028174
9.31641 2.30469 0 0.000988878 14198648
9.14844 2.33984 0 0.00104462 13213402
9.15625 2.33984 0 0.00104156 13207359
9.14062 2.38672 0 0.00107488 11975507
9.35547 2.28125 0 0.000897298 14969451
9.34375 2.30859 0 0.000953546 14069305
9.35938 2.32031 0 0.000920764 13814211
9.34766 2.31641 0 0.000925782 13871859
9.39844 2.32031 0 0.000856661 13735623
9.21484 2.33984 0 0.000898974 13211371
9.30469 2.32031 0 0.00104483 13784995
9.33984 2.30469 0 0.000955801 14164212
9.28906 2.37109 0 0.000766712 12466835
9.20703 2.35938 0 0.000925606 12761108
8.89844 2.375 0 0.00116955 12355843
8.88672 2.39453 0 0.00119867 11876278
9.125 2.34375 0 0.00109496 13088964
9.17578 2.39453 0 0.000995246 11847810
9.16016 2.375 0 0.00102113 12359593
9.19922 2.35156 0 0.000922512 12888194
9.21094 2.36719 0 0.000906297 12495454
9.33984 2.25781 0 0.000925564 15647304
8.88281 2.41797 0 0.00123967 11231538
9.17578 2.42188 0 0.000983962 11195827
9.16797 2.34766 0 0.000981108 13007885
9.29297 2.22656 0 0.0010345 16644792
9.23047 2.43359 0 0.000888761 10939567
9.09375 2.32812 0 0.00110779 13496493
9.25781 2.41406 0 0.000857203 11340062
9.12109 2.36328 0 0.00111804 12655727
9.17188 2.37109 0 0.000983358 12377166
9.17188 2.33984 0 0.000990024 13244773
9.32031 2.32031 0 0.000989784 13818969
9.24219 2.35938 0 0.000843406 12759752
9.09766 2.32812 0 0.00110153 13512995
9.37109 2.26172 0 0.000869826 15492248
9.27344 2.30078 0 0.00108643 14325494
9.30078 2.27734 0 0.00100537 15008250
9.21094 2.36719 0 0.000905931 12489238
9.20312 2.40234 0 0.000919368 11632468
9.25 2.28906 0 0.00114436 14685062
9.28906 2.27734 0 0.00103304 15087357
9.15234 2.41797 0 0.00107253 11301791
9.19922 2.42578 0 0.000948169 11138006
9.16406 2.39453 0 0.00103617 11863735
9.28125 2.3125 0 0.00106852 14029234
9.23828 2.33984 0 0.000856933 13287850
9.33203 2.31641 0 0.000988116 13908611
9.19531 2.38281 0 0.000946268 12161680
9.30469 2.25781 0 0.0010221 15631684
9.25391 2.28906 0 0.00110314 14668650
9.16016 2.40625 0 0.0010193 11563489
9.29297 2.26953 0 0.0010523 15261213
9.28906 2.32031 0 0.00106335 13737932
9.30469 2.26172 0 0.0010034 15523769
9.40234 2.3125 0 0.00081989 14050903
9.19531 2.40625 0 0.00095994 11544613
9.14453 2.32812 0 0.000999565 13530001
9.25 2.29297 0 0.00113419 14594325
9.19531 2.39062 0 0.000956642 11909957
9.35938 2.26562 0 0.000891095 15416197
9.19141 2.33984 0 0.000936734 13277836
9.37109 2.29688 0 0.000888963 14478486
8.875 2.34375 0 0.00123503 13091400
9.31641 2.29297 0 0.000994923 14508228
9.39844 2.30859 0 0.000843148 14126533
9.09375 2.33203 0 0.00112371 13450952
9.37891 2.29688 0 0.000887542 14414864
9.39844 2.32812 0 0.000874619 13527460
9.25391 2.28125 0 0.00111534 14968783
9.14062 2.32812 0 0.00101276 13527886
9.24219 2.36328 0 0.000856758 12587559
9.36719 2.30469 0 0.000899497 14172950
9.33594 2.31641 0 0.000982951 13870535
9.08984 2.32812 0 0.00113124 13568373
9.25391 2.28125 0 0.00113522 14929380
9.32812 2.32422 0 0.00101053 13718896
9.25781 2.40234 0 0.000829021 11691774
9.375 2.30469 0 0.000863222 14271095
9.14062 2.33203 0 0.00102545 13434851
9.23438 2.24609 0 0.00116655 15982306
9.25391 2.28125 0 0.00111264 14940789
9.14453 2.35938 0 0.00108578 12686461
9.45703 2.1875 0 0.0010272 18116700
9.40234 2.32812 0 0.000844681 13595855
9.26953 2.26172 0 0.00107918 15583672
9.36719 2.31641 0 0.000897411 13933868
9.19531 2.35156 0 0.000942496 12888269
9.33984 2.30469 0 0.000948628 14196761
9.15625 2.35938 0 0.0010394 12726892
9.39844 2.26562 0 0.000837786 15348588
9.12109 2.38281 0 0.00110687 12089175
9.30078 2.24609 0 0.00102688 16020209
9.33594 2.28125 0 0.000966675 14902294
9.1875 2.36328 0 0.000956322 12657536
9.27734 2.29688 0 0.00108258 14417265
9.33594 2.32422 0 0.000967855 13697702
9.30078 2.23047 0 0.00100168 16494863
9.26562 2.28125 0 0.00111174 14927563
9.12109 2.42188 0 0.00113271 11188318
9.15234 2.32812 0 0.000977568 13530423
9.37109 2.32812 0 0.000914123 13588784
9.17188 2.39453 0 0.00100531 11843697
9.27344 2.24609 0 0.00106874 16068310
9.17969 2.34375 0 0.000971155 13093198
9.11719 2.34375 0 0.00112178 13174842
9.17188 2.33203 0 0.000957068 13455277
9.20312 2.42578 0 0.000948003 11090248
9.28516 2.28516 0 0.00106793 14843372
9.16406 2.37891 0 0.0010133 12258579
9.13281 2.375 0 0.00106497 12320309
9.28906 2.3125 0 0.00105762 13958891
9.14453 2.35938 0 0.00105733 12727071
9.32031 2.32422 0 0.0010083 13696345
9.27344 2.27734 0 0.00105666 15037312
9.05859 2.33203 0 0.00119355 13398786
9.14453 2.35156 0 0.00103177 12869681
9.35938 2.30859 0 0.000895774 14128267
9.19141 2.39062 0 0.000963113 11970103
9.35938 2.3125 0 0.000880918 13979463
9.19531 2.34766 0 0.000927896 12984261
9.15234 2.36328 0 0.00105781 12645907
9.12891 2.37109 0 0.00107373 12409242
9.20312 2.38281 0 0.000923612 12093760
9.16016 2.35938 0 0.00101698 12737188
9.18359 2.39844 0 0.000973115 11695398
9.23438 2.37109 0 0.000867262 12369944
9.17578 2.36719 0 0.000987265 12497045
9.38672 2.26172 0 0.000830542 15500242
9.20312 2.38281 0 0.000935642 12091462
9.26953 2.28125 0 0.00108625 14977554
9.25391 2.42578 0 0.000852032 11089875
9.11719 2.375 0 0.00109145 12271107
9.27344 2.40625 0 0.00081023 11557106
9.29688 2.32031 0 0.00106128 13721943
9.34766 2.3125 0 0.000912401 13991707
9.12891 2.39453 0 0.0010838 11798224
9.13672 2.44531 0 0.00107724 10704982
9.28906 2.24609 0 0.00104052 16012552
9.17188 2.37109 0 0.000998806 12407011
9.32422 2.26953 0 0.000977457 15243769
8.89453 2.40234 0 0.00119953 11613556
9.30469 2.30469 0 0.00101674 14189117
9.25 2.25781 0 0.00113769 15640326
9.15234 2.39453 0 0.00106285 11854268
9.30859 2.27344 0 0.000996251 15184315
9.13281 2.39062 0 0.00109742 11892741
9.27344 2.26172 0 0.00109242 15593502
9.37891 2.30859 0 0.000855878 14116101
9.17969 2.375 0 0.000961179 12350149
9.30469 2.32031 0 0.00102219 13771405
9.10938 2.33594 0 0.00108012 13335125
9.34375 2.31641 0 0.000933488 13883572
9.62891 2.29297 0 0.00076786 14549730
9.15234 2.33984 0 0.000993595 13229922
9.27734 2.30859 0 0.00110024 14111151
9.21094 2.44141 0 0.00093643 10731491
8.90625 2.35938 0 0.00115403 12766233
8.91797 2.43359 0 0.00114857 10962392
9.1875 2.33203 0 0.000922119 13423194
9.35156 2.32422 0 0.000952232 13703610
9.17188 2.34375 0 0.000982939 13170241
9.23438 2.35547 0 0.000861241 12858480
9.14844 2.34766 0 0.00103899 13047389
9.29688 2.31641 0 0.00104429 13840078
8.84766 2.34375 0 0.00130568 13088142
9.19531 2.26953 0 0.00125715 15276809
9.375 2.30859 0 0.000889771 14055953
9.33203 2.28906 0 0.000944877 14698097
9.11719 2.37891 0 0.00112772 12174961
9.09375 2.32812 0 0.00111952 13575446
9.20703 2.35938 0 0.000914013 12707695
9.22266 2.29297 0 0.00121206 14597782
9.19531 2.30469 0 0.00126971 14204286
9.26172 2.29297 0 0.00112246 14533318
9.23047 2.37891 0 0.000882275 12178683
9.20312 2.33203 0 0.000896523 13480589
9.21484 2.33203 0 0.000873363 13459346
9.16797 2.36328 0 0.000994564 12574351
9.30078 2.28906 0 0.00102381 14678814
9.28125 2.29297 0 0.00105623 14532729
9.28125 2.24219 0 0.00106273 16136196
9.22266 2.41797 0 0.000923528 11274161
9.31641 2.28125 0 0.000957183 14911008
9.1875 2.39453 0 0.000972622 11807578
9.33594 2.32422 0 0.000974085 13717153
9.21484 2.26172 0 0.00120761 15496554
9.20312 2.35156 0 0.000929489 12909123
9.15625 2.33594 0 0.0010055 13344308
9.13281 2.33203 0 0.00103333 13418582
9.30859 2.3125 0 0.00100325 14006913
9.32031 2.28125 0 0.000992835 14889242
9.33594 2.26562 0 0.000943402 15352068
9.16406 2.33594 0 0.000975673 13320151
9.39453 2.32812 0 0.000893611 13547572
9.09766 2.32812 0 0.00111077 13581170
9.12109 2.37891 0 0.00112055 12204537
9.27344 2.28906 0 0.00107119 14684419
9.29297 2.28906 0 0.00104587 14727431
9.15625 2.375 0 0.00103788 12346796
9.17188 2.34766 0 0.00101227 13069409
9.14062 2.36328 0 0.0010739 12579589
9.3125 2.28906 0 0.00097843 14676933
9.28906 2.28516 0 0.00103612 14785076
9.24609 2.3125 0 0.00115328 13957530
9.14453 2.375 0 0.00104728 12353513
9.28125 2.41016 0 0.00079108 11470256
9.30859 2.32031 0 0.00101947 13787136
9.30469 2.32031 0 0.00103954 13812566
8.90234 2.36719 0 0.00116955 12466542
9.28125 2.30469 0 0.00107061 14175947
9.34375 2.26172 0 0.000938018 15544506
9.34375 2.32422 0 0.000931 13690173
9.17188 2.34375 0 0.00100525 13134706
9.30859 2.30859 0 0.00102878 14079570
9.16406 2.37109 0 0.0010305 12457811
9.17578 2.37109 0 0.00097736 12381473
9.34766 2.26172 0 0.000930608 15585823
9.36719 2.30469 0 0.000892153 14193485
9.22266 2.28516 0 0.0011613 14826518
9.39844 2.32812 0 0.000872883 13604204
9.23047 2.26562 0 0.00117374 15443948
9.09375 2.33203 0 0.0011276 13436453
9.17969 2.39844 0 0.000961257 11687397
9.32422 2.32031 0 0.00100166 13773138
9.25781 2.39453 0 0.000829923 11816985
9.16406 2.41406 0 0.00101758 11401305
8.85156 2.49609 0 0.000977369 9633278
9.11719 2.32422 0 0.00106422 13608764
9.16016 2.33203 0 0.000980513 13438378
9.35547 2.32422 0 0.000929206 13699605
9.35938 2.32422 0 0.000931705 13684421
9.39453 2.32422 0 0.000860324 13715091
9.30078 2.28516 0 0.00101353 14790286
9.12109 2.32812 0 0.00107012 13501231
9.37891 2.31641 0 0.000866524 13929559
9.14062 2.39844 0 0.00106116 11716052
9.33984 2.3125 0 0.000941657 14021704
9.20312 2.3125 0 0.00125405 14053603
9.30859 2.30469 0 0.00101292 14273317
9.22656 2.37109 0 0.000873647 12378360
9.32812 2.27344 0 0.0009509 15207118
9.31641 2.27734 0 0.000983007 15049096
9.13281 2.34766 0 0.00106935 12984107
9.12891 2.33203 0 0.00101457 13412739
9.16406 2.375 0 0.00101553 12361462
9.26172 2.21875 0 0.00111776 16983991
9.28516 2.32422 0 0.00111815 13683934
9.3125 2.3125 0 0.000987859 14005818
9.35547 2.26172 0 0.000875422 15523581
9.08594 2.33594 0 0.00118123 13348913
9.19141 2.33203 0 0.000923454 13448413
9.29688 2.3125 0 0.00104358 14036261
9.30859 2.32031 0 0.00104147 13812504
9.28906 2.30078 0 0.00107617 14306509
9.25 2.26562 0 0.00114525 15460088
9.28516 2.23047 0 0.00104773 16573505
9.27344 2.34375 0 0.000793698 13121958
9.29688 2.32031 0 0.00106127 13783281
9.35156 2.28516 0 0.000908282 14835669
9.1875 2.39453 0 0.00098482 11854503
9.3125 2.3125 0 0.000989288 14016278
9.17969 2.33984 0 0.000971643 13214587
9.36328 2.32422 0 0.000936987 13628002
9.30469 2.29688 0 0.00103107 14478433
9.35547 2.3125 0 0.000918399 13947194
9.13672 2.37891 0 0.00107495 12259930
9.34375 2.29297 0 0.000948478 14614975
9.16016 2.33594 0 0.000996603 13313101
8.89453 2.33984 0 0.00118595 13202491
9.32812 2.30859 0 0.000965543 14101700
9.16016 2.32812 0 0.000957589 13566577
9.26562 2.26562 0 0.00108295 15463644
9.24219 2.24609 0 0.00114689 16068585
9.13281 2.34375 0 0.00108854 13141013
9.04297 2.32031 0 0.00122229 13722051
9.16016 2.34375 0 0.00100906 13171751
9.30078 2.26172 0 0.00100792 15501156
9.12891 2.33594 0 0.00105442 13325505
9.13672 2.32812 0 0.00100908 13524021
9.28125 2.29688 0 0.00105683 14432488
9.18359 2.34375 0 0.000964902 13128971
9.13281 2.375 0 0.00111861 12336045
9.35547 2.28516 0 0.000905834 14810695
9.14062 2.33203 0 0.00102341 13434612
9.32422 2.25 0 0.000984258 15963200
9.31641 2.26562 0 0.000989498 15382502
9.20703 2.33594 0 0.000905604 13326238
9.3125 2.3125 0 0.00100331 14040903
9.32422 2.3125 0 0.000975493 14039222
9.23047 2.26562 0 0.00118066 15462235
9.125 2.36719 0 0.00111377 12511170
9.29688 2.23828 0 0.00101786 16300534
9.33594 2.30469 0 0.000933785 14271690
9.33594 2.32031 0 0.000961787 13775277
9.32812 2.30078 0 0.000971192 14287214
9.33984 2.30078 0 0.000942372 14377951
9.13672 2.36328 0 0.00109347 12566312
9.38281 2.29297 0 0.000853812 14610457
9.13281 2.35156 0 0.00107439 12944344
9.08203 2.33594 0 0.00117526 13345447
9.20312 2.36719 0 0.000933123 12490587
9.17188 2.35547 0 0.00098424 12788821
9.20703 2.35938 0 0.000909342 12697694
8.90234 2.35547 0 0.00117709 12810506
9.36719 2.30859 0 0.000867568 14153041
9.34766 2.30078 0 0.000939881 14387637
9.32422 2.3125 0 0.000977038 13953112
9.12891 2.38672 0 0.00110287 11975626
9.32422 2.24609 0 0.000944217 16011329
9.33594 2.30859 0 0.0009468 14051752
9.29688 2.32422 0 0.00108086 13689298
9.18359 2.39844 0 0.000967452 11704106
9.15625 2.36328 0 0.00103544 12612058
9.20703 2.41016 0 0.000929096 11435467
9.30469 2.27344 0 0.000989561 15213091
9.22656 2.39844 0 0.000901079 11779478
9.41406 2.30469 0 0.000807937 14221363
9.375 2.32812 0 0.000931584 13588299
9.26172 2.29688 0 0.00109263 14485224
9.25 2.36328 0 0.000835651 12628832
9.12109 2.34375 0 0.00109534 13118633
9.37109 2.22656 0 0.000873998 16662634
9.28125 2.21094 0 0.001047 17157579
9.125 2.37109 0 0.00107105 12363525
9.19531 2.36328 0 0.000962598 12647111
9.31641 2.27344 0 0.000982512 15120349
9.28906 2.28906 0 0.00104506 14646913
9.26172 2.26953 0 0.00108104 15334488
9.35938 2.30859 0 0.000934501 14081110
9.20703 2.37891 0 0.000931886 12251264
9.41406 2.32812 0 0.000844573 13519004
9.17578 2.42969 0 0.000997078 11002298
9.29297 2.43359 0 0.000770082 10934813
9.22656 2.3125 0 0.00120123 13974700
9.30859 2.26172 0 0.00100227 15515800
9.12891 2.32812 0 0.00102059 13593708
9.17188 2.40234 0 0.0010118 11648372
9.08203 2.32422 0 0.00116933 13632279
9.32812 2.29297 0 0.00095073 14523654
9.35156 2.32031 0 0.000939715 13747337
9.29688 2.30469 0 0.00105077 14214513
9.16016 2.41797 0 0.00103714 11287644
8.90234 2.35156 0 0.0011541 12887965
9.30859 2.30469 0 0.00100615 14235204
8.89062 2.34375 0 0.00117488 13109028
9.41797 2.32812 0 0.000818666 13549043
9.33594 2.28906 0 0.000948528 14732790
9.12891 2.33203 0 0.00105015 13456502
9.32422 2.24219 0 0.000959226 16183403
8.90234 2.39062 0 0.00115498 11900393
9.20703 2.39844 0 0.000938389 11719243
8.91016 2.38281 0 0.00112312 12080475
9.29688 2.29297 0 0.00102266 14563353
9.20312 2.38281 0 0.000937372 12076715
9.32031 2.30078 0 0.000978071 14339189
9.32031 2.25 0 0.000980104 15959987
9.28906 2.26953 0 0.00105983 15335150
9.3125 2.24219 0 0.000991395 16206363
8.91016 2.34375 0 0.00114135 13176081
9.12891 2.35547 0 0.00108512 12808345
9.30859 2.29688 0 0.00100671 14438923
9.20703 2.33594 0 0.000886512 13317824
9.16406 2.38281 0 0.00102187 12158827
9.14453 2.38672 0 0.00106873 12036419
9.1875 2.36328 0 0.000953992 12602883
9.22656 2.39062 0 0.00089182 11895145
9.19141 2.36328 0 0.000936931 12608779
9.32422 2.26562 0 0.000956578 15419036
9.19531 2.35156 0 0.000950359 12923792
9.21484 2.28516 0 0.00122077 14773375
9.20703 2.29688 0 0.00125041 14498882
9.35547 2.30469 0 0.000914522 14176678
9.13281 2.32812 0 0.000996965 13564713
9.16797 2.35547 0 0.000986899 12775715
9.24609 2.28125 0 0.00114285 14948530
9.16406 2.34375 0 0.00101224 13123372
9.24219 2.41016 0 0.000876666 11483772
9.40625 2.32812 0 0.000856019 13526504
9.13281 2.33203 0 0.00106194 13450703
8.89844 2.37891 0 0.00118621 12181613
9.22266 2.40234 0 0.000911937 11595082
9.30859 2.32031 0 0.00103022 13766138
9.1875 2.33594 0 0.000950462 13325838
9.32812 2.27344 0 0.000961527 15155902
9.36328 2.32422 0 0.000929556 13708113
8.99609 2.32031 0 0.00134738 13717531
9.01953 2.47266 0 0.00101586 10075530
9.14844 2.44141 0 0.00106914 10764513
9.125 2.42578 0 0.00110963 11135535
9.23047 2.39062 0 0.000886712 11884340
9.35547 2.26562 0 0.000894717 15397687
9.20703 2.33203 0 0.000872554 13481912
9.40625 2.23438 0 0.000797515 16403656
9.27344 2.3125 0 0.00109149 14008291
9.16406 2.34375 0 0.00101029 13132967
9.17969 2.42578 0 0.00100063 11092220
9.33203 2.31641 0 0.000981232 13854232
9.26953 2.29297 0 0.00108126 14608081
9.33203 2.32422 0 0.000990727 13705693
9.13672 2.35156 0 0.00104896 12880283
9.19922 2.38672 0 0.000938129 12045662
9.16016 2.41797 0 0.00103626 11262041
9.17969 2.42188 0 0.000994885 11145471
9.27734 2.42578 0 0.000811792 11060627
9.19531 2.36328 0 0.000966135 12572550
9.28125 2.3125 0 0.0010836 13983554
9.20312 2.34375 0 0.000921888 13154144
9.32422 2.32031 0 0.000989951 13740349
9.13281 2.33594 0 0.00105523 13297406
9.33984 2.29688 0 0.000951334 14415189
9.35547 2.26172 0 0.000921967 15557046
9.12891 2.33594 0 0.00104886 13305350
9.16406 2.38672 0 0.00101601 12059525
9.08594 2.33203 0 0.0011349 13482035
9.05078 2.33203 0 0.00123429 13484050
9.26172 2.25391 0 0.00109761 15800584
9.36719 2.29688 0 0.000885279 14492642
9.21875 2.28516 0 0.00121767 14834596
9.23828 2.35938 0 0.000865879 12693220
9.30078 2.31641 0 0.0010386 13883833
9.39062 2.3125 0 0.000836753 14011988
9.19922 2.33203 0 0.000908232 13435237
9.23438 2.23047 0 0.001141 16567811
9.1875 2.39453 0 0.00096875 11796326
9.1875 2.38672 0 0.000950642 12035242
9.08203 2.32422 0 0.00113483 13614679
9.32031 2.25 0 0.00096842 15922234
9.32422 2.25781 0 0.000976124 15593814
9.31641 2.32422 0 0.00101844 13637047
9.17188 2.37109 0 0.00100613 12438941
9.18359 2.39844 0 0.000987081 11725043
9.21094 2.42188 0 0.000923577 11148548
9.16016 2.375 0 0.00101993 12294098
9.23438 2.38281 0 0.000870484 12173180
9.13672 2.37109 0 0.00106605 12431557
9.20312 2.39062 0 0.000934607 11964066
9.21484 2.35156 0 0.000894578 12902213
9.28906 2.30078 0 0.00104854 14315870
8.90625 2.38281 0 0.00113742 12136305
9.3125 2.28906 0 0.000990009 14700783
9.1875 2.39062 0 0.000956773 11961156
9.32422 2.25391 0 0.00096046 15847069
9.31641 2.3125 0 0.000989239 13981896
9.42578 2.30078 0 0.000796951 14360890
8.86719 2.35547 0 0.00127791 12844842
9.21875 2.31641 0 0.00122355 13891719
9.25391 2.31641 0 0.00115498 13901402
9.35938 2.29297 0 0.000895851 14567043
9.25781 2.30078 0 0.0011059 14360836
9.27734 2.26172 0 0.00107492 15485363
9.29688 2.31641 0 0.00103367 13917634
9.35156 2.25 0 0.00089608 15875663
9.14062 2.37109 0 0.00108309 12449536
8.91016 2.375 0 0.00114157 12316380
9.31641 2.26172 0 0.000981315 15492851
9.29297 2.28516 0 0.00103103 14742591
9.10547 2.33984 0 0.0011166 13256867
9.31641 2.27344 0 0.000982785 15213139
9.17188 2.40234 0 0.00100086 11615672
9.24219 2.30469 0 0.00115918 14263372
9.31641 2.3125 0 0.00101524 14052566
9.33984 2.31641 0 0.000957495 13873562
9.15234 2.34766 0 0.00102902 12968316
9.15625 2.33984 0 0.00101112 13209276
9.30469 2.27734 0 0.00100262 15024577
9.28125 2.30469 0 0.00108208 14235152
9.41406 2.32812 0 0.000837815 13588928
9.32031 2.30469 0 0.000998937 14161748
9.28125 2.29688 0 0.00108025 14402935
9.30078 2.29688 0 0.00102927 14475889
9.34766 2.26953 0 0.000921025 15224498
9.27734 2.28125 0 0.00105239 14973646
9.23047 2.25781 0 0.00117149 15683478
9.17188 2.38281 0 0.000985888 12068732
9.19141 2.35938 0 0.000969384 12705649
9.19531 2.32812 0 0.000894955 13517321
9.32812 2.32422 0 0.00101446 13670075
9.24219 2.30469 0 0.00117087 14172589
9.16406 2.33203 0 0.000960257 13390784
9.27734 2.22266 0 0.00103721 16773607
9.24219 2.4375 0 0.000861244 10806639
9.25391 2.28125 0 0.00113739 14932076
9.17578 2.39844 0 0.001013 11729114
9.19141 2.35547 0 0.000939436 12872737
9.12109 2.39453 0 0.00112337 11806296
9.33203 2.27734 0 0.000957148 14992287
9.28906 2.30859 0 0.00106281 14105997
9.13672 2.35938 0 0.00107966 12730056
9.16797 2.33984 0 0.000999421 13231507
9.38281 2.32422 0 0.000906387 13651853
9.30469 2.31641 0 0.00102757 13929399
9.20312 2.39453 0 0.000951742 11823934
9.14453 2.35938 0 0.00108146 12747261
9.14844 2.37891 0 0.00105719 12224446
9.34766 2.27734 0 0.00093114 15040179
9.24219 2.36719 0 0.000862131 12522074
9.25391 2.4375 0 0.000823833 10788351
9.11719 2.34375 0 0.00111691 13111174
9.24609 2.28516 0 0.00112585 14774010
9.14453 2.35938 0 0.00104544 12747804
9.125 2.37891 0 0.00111318 12232001
8.83203 2.37109 0 0.0013614 12375675
9.30469 2.31641 0 0.00104251 13842072
9.22656 2.21094 0 0.00118426 17189798
9.28516 2.25391 0 0.00102847 15758806
9.30469 2.31641 0 0.00103437 13869774
9.3125 2.30859 0 0.00101918 14130495
9.16406 2.33594 0 0.000974297 13378638
9.15234 2.36328 0 0.00105275 12621730
9.26562 2.34766 0 0.000801813 13065447
9.16016 2.33594 0 0.000994929 13320300
9.37109 2.32422 0 0.000930609 13648634
9.31641 2.31641 0 0.00101127 13840938
9.14453 2.34375 0 0.00102496 13083799
9.29688 2.26172 0 0.00103695 15532064
9.27344 2.28516 0 0.00108416 14838262
9.17969 2.33203 0 0.000945345 13430137
9.12891 2.41797 0 0.00109904 11289578
9.19141 2.35156 0 0.000947264 12889479
9.13672 2.40234 0 0.00108297 11673827
9.35938 2.31641 0 0.000905951 13883452
9.30078 2.26562 0 0.00101463 15459514
9.32422 2.23438 0 0.000963012 16430580
9.16016 2.35547 0 0.00100334 12855260
9.22266 2.37109 0 0.000900246 12417249
9.18359 2.33203 0 0.00094478 13493682
9.33594 2.29297 0 0.000956736 14551867
9.26953 2.39453 0 0.000822467 11834148
9.32422 2.30469 0 0.000969013 14172268
9.32031 2.25781 0 0.000951812 15694235
9.33984 2.30078 0 0.000950533 14306980
9.17188 2.36719 0 0.00100334 12537852
9.29297 2.24219 0 0.00100999 16158492
9.33203 2.3125 0 0.000961857 14015651
9.25 2.21484 0 0.00110534 17020327
9.26953 2.37109 0 0.000808696 12377051
9.24219 2.25781 0 0.00116352 15626963
9.14844 2.34375 0 0.00105919 13078887
9.36719 2.32422 0 0.000910825 13655820
9.1875 2.35156 0 0.000958269 12922425
9.21484 2.35156 0 0.000931823 12970146
9.35156 2.24219 0 0.000898524 16155135
9.27344 2.24609 0 0.00107592 16079356
9.40234 2.29297 0 0.000825375 14562633
9.12891 2.32812 0 0.00104878 13584157
9.17969 2.33203 0 0.000956361 13385086
9.375 2.30859 0 0.000870111 14155445
9.12891 2.38672 0 0.00110714 12049934
9.36719 2.31641 0 0.000895276 13864190
9.14453 2.32812 0 0.00100872 13510811
9.46094 2.32422 0 0.00074679 13688224
9.28516 2.3125 0 0.0010743 13953972
9.31641 2.29297 0 0.00100105 14576536
9.21875 2.33984 0 0.000893759 13258165
9.19531 2.34375 0 0.000942397 13076036
9.13281 2.36328 0 0.0010934 12562587
8.91406 2.39453 0 0.00115205 11844446
9.30078 2.38281 0 0.00077057 12152383
8.87891 2.34766 0 0.00123307 13048706
9.30469 2.28516 0 0.0010225 14792159
9.14844 2.35156 0 0.00101798 12894684
9.11328 2.32812 0 0.00109337 13554146
9.26172 2.29297 0 0.00109969 14596526
9.26953 2.37109 0 0.000822148 12389306
9.28906 2.25781 0 0.0010498 15683641
9.11719 2.37109 0 0.00111892 12429319
9.15234 2.38281 0 0.00104287 12151141
9.34766 2.28125 0 0.000927973 14944989
9.33203 2.28516 0 0.000935819 14772712
9.13281 2.33594 0 0.00105196 13359605
9.18359 2.34766 0 0.000952315 13043398
9.17188 2.42969 0 0.000990271 10985220
9.17188 2.32812 0 0.000948279 13544767
9.19922 2.39062 0 0.00096566 11949316
9.21875 2.35938 0 0.000906145 12738514
9.33594 2.30859 0 0.000945978 14129457
9.125 2.35156 0 0.00111262 12960929
9.10547 2.33203 0 0.00112698 13395615
9.24609 2.42188 0 0.0008581 11165231
9.08594 2.32422 0 0.00111659 13654523
9.32031 2.28516 0 0.000971547 14754417
9.10547 2.33203 0 0.00109272 13431494
9.16797 2.34375 0 0.00102005 13163602
9.32031 2.28125 0 0.000962067 14879435
9.16797 2.33594 0 0.000974846 13308808
9.29688 2.36328 0 0.000764846 12581906
8.85938 2.48047 0 0.000971841 9875977
9.28125 2.32031 0 0.00110787 13751139
9.21484 2.36328 0 0.000915412 12599091
9.30859 2.21875 0 0.000973118 16886190
9.29297 2.3125 0 0.00104718 13972595
9.24609 2.33984 0 0.000836168 13261670
9.35156 2.25781 0 0.000908975 15632370
9.12891 2.35938 0 0.00108626 12698052
9.12109 2.33203 0 0.0010407 13399841
9.17188 2.40625 0 0.00100183 11584308
9.19531 2.40234 0 0.000951016 11668957
9.22656 2.26953 0 0.00121543 15217106
9.18359 2.35938 0 0.000954842 12667234
9.17578 2.37891 0 0.000992674 12197410
9.08984 2.33984 0 0.0011824 13240524
9.31641 2.3125 0 0.00099412 13942553
9.37109 2.26953 0 0.000886138 15283367
9.34375 2.29297 0 0.000937232 14548454
9.30469 2.29297 0 0.00101269 14543907
9.375 2.25 0 0.000872901 15920232
9.30859 2.30078 0 0.00103574 14372005
9.18359 2.34375 0 0.000964823 13095458
9.18359 2.33984 0 0.000958255 13190210
9.33594 2.32031 0 0.000972342 13749079
9.33203 2.30469 0 0.000967595 14241934
9.13281 2.38281 0 0.0011176 12099626
9.21094 2.37891 0 0.000908192 12207011
9.30469 2.23828 0 0.00100259 16299182
9.1875 2.37109 0 0.000975335 12392904
9.19531 2.44531 0 0.000974006 10664918
9.1875 2.35547 0 0.000940694 12770354
9.13672 2.41406 0 0.00109907 11370941
9.30469 2.25391 0 0.00100641 15729945
9.04297 2.32422 0 0.0012259 13662941
8.90234 2.35156 0 0.00114956 12959721
9.16797 2.36719 0 0.00101787 12496722
9.27734 2.26562 0 0.00107191 15391888
8.91016 2.38281 0 0.00115206 12089677
9.14062 2.35547 0 0.00105695 12789987
9.20312 2.33984 0 0.000920304 13201092
9.33594 2.3125 0 0.000919177 14028468
9.1875 2.37891 0 0.000957553 12167081
9.12109 2.35156 0 0.00110817 12895601
9.3125 2.27344 0 0.000971121 15109717
9.34766 2.31641 0 0.000957862 13832237
9.21875 2.34375 0 0.000921318 13084029
9.25391 2.31641 0 0.00115098 13859613
9.1875 2.39062 0 0.000972216 11929267
9.125 2.36719 0 0.00108274 12461622
9.33984 2.29688 0 0.000965249 14433646
9.22266 2.35938 0 0.000900031 12680895
9.14062 2.33203 0 0.0010221 13425710
9.16016 2.375 0 0.00102604 12335430
9.23828 2.39062 0 0.000885866 11883951
9.32812 2.25391 0 0.000975122 15811549
9.16797 2.32812 0 0.000969114 13553847
9.34766 2.28125 0 0.000944872 14929901
9.17188 2.35547 0 0.00100524 12807326
9.125 2.33203 0 0.00103958 13481586
9.25781 2.24219 0 0.00109023 16172266
9.16016 2.38672 0 0.00102489 11992514
9.14062 2.34375 0 0.00107317 13147782
9.14844 2.35156 0 0.00103832 12874438
9.3125 2.29688 0 0.00101881 14491042
9.29688 2.3125 0 0.00103737 13945562
9.36328 2.28516 0 0.000889058 14777117
9.30859 2.21094 0 0.000967635 17213924
9.11719 2.35938 0 0.00112384 12731438
9.20312 2.39062 0 0.000931976 11901813
9.26562 2.30859 0 0.00109842 14109849
9.25 2.26172 0 0.00111634 15489898
9.15625 2.34375 0 0.00101506 13092475
9.30469 2.3125 0 0.00101966 14021610
9.19141 2.36719 0 0.000947742 12512952
9.32812 2.31641 0 0.000999043 13838789
9.15625 2.36719 0 0.0010209 12538977
9.1875 2.38281 0 0.00096921 12129090
9.33984 2.25781 0 0.000916357 15608947
9.3125 2.30078 0 0.000987819 14283908
8.86719 2.34766 0 0.00125296 13051208
9.14062 2.35938 0 0.00108532 12728643
9.28516 2.30078 0 0.00105994 14357927
9.32812 2.30859 0 0.000968689 14083770
8.90625 2.34375 0 0.00113701 13126933
9.33594 2.30859 0 0.000948015 14073029
9.24609 2.375 0 0.0008627 12350072
9.30859 2.23828 0 0.000998693 16310173
8.91406 2.34766 0 0.00112467 13006928
9.30859 2.3125 0 0.00101778 13969038
9.15234 2.33203 0 0.00102081 13434985
9.19922 2.35156 0 0.000936269 12936847
9.3125 2.30859 0 0.000996757 14078499
9.19922 2.38672 0 0.000965362 11993065
9.25391 2.23438 0 0.00109536 16410794
8.90234 2.41406 0 0.00116829 11397189
9.19141 2.39844 0 0.000975362 11765821
9.19531 2.36328 0 0.000958957 12605161
9.32031 2.30078 0 0.000962852 14370693
9.28516 2.28125 0 0.00105542 14871027
9.17969 2.33984 0 0.000997969 13206139
9.14062 2.35938 0 0.0010789 12751080
9.13281 2.34766 0 0.00106395 13014630
9.21875 2.375 0 0.000914154 12269056
9.12891 2.32812 0 0.00104366 13499121
9.12891 2.34766 0 0.00107974 13008356
9.24609 2.45703 0 0.00088598 10428181
9.30469 2.19531 0 0.000990774 17739358
9.33594 2.26953 0 0.000936692 15230756
9.20703 2.36328 0 0.000930826 12577249
9.21094 2.33594 0 0.000925746 13297302
9.35156 2.30078 0 0.000917122 14301453
9.32031 2.23047 0 0.000960263 16613584
8.90234 2.34375 0 0.00114904 13079454
9.33594 2.28516 0 0.000940518 14745532
9.12109 2.37891 0 0.00111447 12197966
9.26172 2.31641 0 0.00112786 13823265
9.1875 2.40625 0 0.000965699 11565737
9.20703 2.33984 0 0.000941873 13196514
9.19141 2.37109 0 0.000961288 12452679
9.28125 2.30859 0 0.00105593 14108019
9.30078 2.27344 0 0.00100958 15112346
9.28125 2.28906 0 0.00105584 14627922
9.26562 2.27344 0 0.00110399 15117870
9.30859 2.29297 0 0.00100549 14599352
9.33594 2.27734 0 0.000954109 14983614
9.20312 2.40625 0 0.000931705 11556759
9.17578 2.39453 0 0.0010155 11848894
9.15234 2.37109 0 0.00104756 12403849
9.33203 2.25 0 0.000968982 15883427
9.26562 2.30859 0 0.00110539 14042185
9.3125 2.29688 0 0.00100006 14479840
9.37109 2.32812 0 0.000911521 13586816
9.28516 2.25391 0 0.00105744 15787657
9.15234 2.34375 0 0.00102291 13151317
9.25781 2.39062 0 0.000826612 11908265
9.12891 2.36328 0 0.00111191 12632949
9.1875 2.35156 0 0.00093887 12881640
9.32031 2.29688 0 0.000979467 14442572
9.14453 2.37891 0 0.00107102 12241788
9.33203 2.30078 0 0.000958593 14359216
9.25781 2.28516 0 0.0011254 14755797
9.28906 2.27344 0 0.0010587 15140863
9.21484 2.28125 0 0.00123719 14957687
8.88672 2.34766 0 0.00118885 12997343
9.37891 2.32031 0 0.000884043 13827545
9.35156 2.24609 0 0.000911775 16064131
9.17578 2.375 0 0.000992072 12319191
9.30859 2.32422 0 0.00104212 13648952
9.3125 2.27734 0 0.000987717 15090748
9.29688 2.30078 0 0.00104407 14305133
9.3125 2.28516 0 0.000996883 14800812
9.10938 2.33203 0 0.00109484 13440366
9.17578 2.42188 0 0.00100301 11207954
9.25781 2.28516 0 0.00114429 14789131
9.30078 2.30078 0 0.00103947 14299237
9.13281 2.38281 0 0.0010842 12109471
9.19141 2.39453 0 0.000960503 11784670
9.17969 2.38672 0 0.000979744 11984705
9.17188 2.34375 0 0.000979873 13097751
9.30859 2.23438 0 0.000965563 16395645
9.26562 2.26562 0 0.0010887 15374219
9.40234 2.32031 0 0.00085832 13725486
