2.8e-09 1.82812 2.39062 0 221617297 3 5 221506722 0 3
2.8e-09 2.35938 2.92188 0 204252674 0 0 204112304 1 0
2.8e-09 1.8125 2.39062 0 222085996 0 0 222140851 2 1
2.8e-09 2.40625 2.96875 0 249800808 1 0 250105615 1 0
2.8e-09 2.07812 2.48438 0 248213226 6 0 248349127 7 3
2.8e-09 1.85938 2.4375 0 206358052 0 0 206309871 0 0
2.8e-09 2.09375 2.5 0 244676898 0 4 244958375 0 2
2.8e-09 2.17188 2.75 0 210543914 2 1 210860141 2 0
2.8e-09 1.76562 2.34375 0 242723085 2 0 242874698 8 3
2.8e-09 2.25 2.82812 0 244766335 1 0 245015385 3 0
2.8e-09 1.59375 2 0 247468719 0 0 247657391 2 0
2.8e-09 2.6875 3.26562 0 266321121 4 5 266050967 1 0
2.8e-09 1.71875 2.29688 0 261747459 1 0 261859225 3 0
2.8e-09 1.78125 2.34375 0 238714382 1 2 238817713 6 4
2.8e-09 2.15625 2.5625 0 217361904 0 3 217318536 2 0
2.8e-09 1.71875 2.28125 0 201307332 0 25 201328319 0 0
2.8e-09 1.59375 2 0 248245081 4 0 248287592 0 0
2.8e-09 1.79688 2.375 0 230023884 4 5 230008079 4 1
2.8e-09 1.76562 2.32812 0 243976176 2 0 244253294 0 0
2.8e-09 2.28125 2.85938 0 229475065 0 0 229248678 2 3
2.8e-09 2.09375 2.51562 0 239691566 2 11 239784214 4 0
2.8e-09 2.32812 2.89062 0 214963653 8 27 215196289 4 5
2.8e-09 1.79688 2.375 0 230313120 2 1 230471613 2 0
2.8e-09 2.40625 2.96875 0 249175915 3 0 249205335 5 0
2.8e-09 1.625 2.03125 0 232052106 4 2 232052561 0 4
2.8e-09 2.39062 2.95312 0 255076646 0 0 255059900 0 0
2.8e-09 2.3125 2.875 0 222036173 1 0 222037591 7 3
2.8e-09 2.625 3.03125 0 224014710 1 0 223927915 2 3
2.8e-09 1.73438 2.3125 0 257181151 3 2 257217052 0 0
2.8e-09 1.60938 2.01562 0 243762234 6 5 243777312 2 1
2.8e-09 1.82812 2.40625 0 218272091 1 0 218155227 5 4
2.8e-09 2.0625 2.46875 0 258640132 1 0 258604464 2 0
2.8e-09 2.57812 2.98438 0 245292637 0 0 245268648 0 0
2.8e-09 2.32812 2.89062 0 214634009 2 6 214693477 1 31
2.8e-09 1.64062 2.04688 0 230314172 0 0 230034910 0 0
2.8e-09 1.625 2.03125 0 234900626 1 0 234881141 1 0
2.8e-09 1.625 2.03125 0 232078484 6 32 232009145 0 5
2.8e-09 1.71875 2.28125 0 201205513 3 5 201269298 2 13
2.8e-09 1.875 2.4375 0 201252639 1 0 201380450 1 16
2.8e-09 1.60938 2.01562 0 240755904 6 2 240755493 0 10
2.8e-09 2.1875 2.75 0 207757468 1 0 207696805 9 6
2.8e-09 2.65625 3.0625 0 215464582 0 0 215580234 6 6
2.8e-09 2.32812 2.89062 0 214094458 1 0 214127385 1 6
2.8e-09 1.6875 2.26562 0 208150313 1 0 208196618 4 0
2.8e-09 1.57812 1.98438 0 252464827 0 2 252397886 2 6
2.8e-09 2.10938 2.51562 0 236185741 1 0 236068516 1 0
2.8e-09 1.82812 2.39062 0 220127142 2 11 220060108 6 20
2.8e-09 1.89062 2.46875 0 260289781 6 11 260315242 0 0
2.8e-09 2.3125 2.89062 0 217202728 4 8 216996692 3 0
2.8e-09 2.10938 2.51562 0 237390373 5 2 237298322 0 0
2.8e-09 1.6875 2.26562 0 208420034 2 7 208472000 3 2
2.8e-09 1.59375 2 0 248556524 7 8 248518700 5 28
2.8e-09 2.60938 3.01562 0 231960664 1 0 232077426 1 0
2.8e-09 1.64062 2.04688 0 229999299 0 4 230237892 1 0
2.8e-09 1.64062 2.21875 0 225297822 2 0 225430507 0 0
2.8e-09 1.625 2.03125 0 233483613 3 2 233606167 0 0
2.8e-09 1.73438 2.3125 0 257207427 6 2 257080938 1 0
2.8e-09 1.71875 2.29688 0 262321093 0 0 262601376 5 4
2.8e-09 1.75 2.3125 0 253258366 1 1 253123216 1 0
2.8e-09 1.67188 2.25 0 213821519 0 12 213759688 2 0
2.8e-09 2.3125 2.89062 0 217914543 0 5 217690990 0 0
2.8e-09 2.20312 2.76562 0 201560089 3 1 201422870 1 7
2.8e-09 1.76562 2.32812 0 247061158 0 0 247110481 0 0
2.8e-09 2.125 2.53125 0 230842097 0 0 230489632 2 30
2.8e-09 2.10938 2.53125 0 232885108 13 77 233062362 3 1
2.8e-09 1.875 2.45312 0 264695975 2 0 264736495 2 0
2.8e-09 1.78125 2.34375 0 238655028 4 0 238588750 1 8
2.8e-09 2.0625 2.48438 0 253286200 3 3 253091714 4 25
2.8e-09 2.14062 2.54688 0 225906368 3 1 225951966 8 14
2.8e-09 2.25 2.82812 0 242584015 1 0 242680801 7 1
2.8e-09 1.82812 2.39062 0 220972068 1 0 221031424 3 7
2.8e-09 2.09375 2.51562 0 239638413 1 1 239936065 0 1
2.8e-09 2.64062 3.04688 0 218356983 3 1 218514673 2 4
2.8e-09 2.59375 3 0 235733036 3 1 235732268 0 0
2.8e-09 2.39062 2.95312 0 258150544 1 3 258254582 5 2
2.8e-09 1.60938 2.01562 0 238858814 4 5 238967865 0 0
2.8e-09 1.64062 2.04688 0 227581276 1 21 227474346 2 0
2.8e-09 1.64062 2.04688 0 229843416 0 0 229750451 7 5
2.8e-09 2.0625 2.46875 0 254635475 1 0 254515377 0 0
2.8e-09 2.625 3.03125 0 224986407 11 47 225025945 0 0
2.8e-09 1.875 2.45312 0 267822275 2 0 267743244 0 7
2.8e-09 1.78125 2.34375 0 239685332 2 7 239885623 5 0
2.8e-09 1.67188 2.25 0 213352791 3 2 213624249 0 0
2.8e-09 2.07812 2.48438 0 251348063 1 0 251270446 1 0
2.8e-09 1.64062 2.04688 0 227293205 2 0 227238232 0 0
2.8e-09 2.17188 2.75 0 209849111 3 3 209844708 1 4
2.8e-09 1.76562 2.34375 0 243864152 2 0 243596413 0 4
2.8e-09 2.10938 2.51562 0 234899110 3 1 234947242 0 0
2.8e-09 1.71875 2.29688 0 264229856 4 1 264422296 4 1
2.8e-09 2.375 2.9375 0 264510150 2 96 264417572 1 0
2.8e-09 1.79688 2.35938 0 231933003 0 0 232110902 1 0
2.8e-09 2.0625 2.46875 0 256601050 17 10 256623385 0 3
2.8e-09 1.70312 2.26562 0 206108252 0 0 206127667 1 0
2.8e-09 2.0625 2.46875 0 259175743 0 0 259215078 0 0
2.8e-09 1.64062 2.04688 0 226742566 2 12 226732191 6 2
2.8e-09 2.10938 2.51562 0 233526393 3 5 233530963 3 11
2.8e-09 1.85938 2.4375 0 205483460 0 0 205607738 0 1
2.8e-09 1.85938 2.42188 0 207578980 2 0 207465537 8 11
2.8e-09 1.73438 2.3125 0 256787664 0 0 257004431 3 14
2.8e-09 1.78125 2.35938 0 235877679 0 0 235643848 3 2
2.8e-09 1.6875 2.26562 0 209545573 1 1 209516093 0 0
2.8e-09 1.82812 2.39062 0 219199532 2 1 219194073 2 3
2.8e-09 2.29688 2.85938 0 228146231 0 0 228214569 3 2
2.8e-09 1.57812 1.98438 0 252626882 0 8 252419284 4 1
2.8e-09 2.625 3.03125 0 226175325 1 0 226335065 0 1
2.8e-09 1.76562 2.34375 0 243350614 0 0 243263832 2 1
2.8e-09 2.20312 2.78125 0 263108954 4 19 263293742 2 5
2.8e-09 1.73438 2.29688 0 260343034 2 0 260712538 0 0
2.8e-09 2.32812 2.90625 0 211811179 1 0 211445570 1 7
2.8e-09 1.875 2.4375 0 203058194 1 7 203138341 3 5
2.8e-09 1.75 2.32812 0 249839912 6 5 249883136 0 8
2.8e-09 1.625 2.03125 0 233112795 2 2 233020910 0 2
2.8e-09 1.71875 2.29688 0 263840440 0 0 263631249 0 0
2.8e-09 1.67188 2.23438 0 218582804 11 23 218633039 0 3
2.8e-09 2.3125 2.875 0 222086838 7 9 222103845 1 0
2.8e-09 1.85938 2.4375 0 204491494 1 2 204508308 1 6
2.8e-09 1.59375 2 0 249893379 5 3 249899095 0 0
2.8e-09 1.70312 2.26562 0 206491713 0 0 206464789 0 0
2.8e-09 1.73438 2.3125 0 254855078 0 0 254966802 3 3
2.8e-09 1.79688 2.35938 0 233794168 2 2 233981128 9 20
2.8e-09 1.85938 2.42188 0 208774155 1 4 208751006 0 0
2.8e-09 1.875 2.4375 0 204059938 2 0 203890509 0 0
2.8e-09 1.60938 2.01562 0 239728013 0 0 239533308 0 0
2.8e-09 1.8125 2.375 0 225229734 0 0 224971117 5 2
2.8e-09 2.32812 2.90625 0 212344965 1 0 212587070 5 2
2.8e-09 1.79688 2.375 0 229796818 1 0 229993971 4 28
2.8e-09 1.625 2.03125 0 237952956 4 4 237757730 2 0
2.8e-09 2.625 3.03125 0 223913168 4 2 223879968 5 9
2.8e-09 1.60938 2.01562 0 240300313 0 0 240259512 9 3
2.8e-09 1.73438 2.3125 0 255389230 1 0 255488938 0 0
2.8e-09 2.28125 2.84375 0 234671782 0 7 234735025 4 11
2.8e-09 2.0625 2.46875 0 256308749 0 0 256521808 1 1
2.8e-09 1.625 2.03125 0 232030127 1 0 232113605 5 0
2.8e-09 2.23438 2.79688 0 255856689 15 8 255879710 2 8
2.8e-09 1.65625 2.23438 0 219328962 0 0 219420046 0 0
2.8e-09 2.15625 2.5625 0 215617087 5 0 215761065 0 0
2.8e-09 1.70312 2.28125 0 203431312 2 0 203545500 3 3
2.8e-09 1.64062 2.04688 0 230709031 0 0 230599242 1 0
2.8e-09 1.67188 2.23438 0 217379348 0 1 217380707 5 0
2.8e-09 1.79688 2.35938 0 233146178 1 0 233167529 2 1
2.8e-09 1.73438 2.29688 0 259303286 1 1 259168881 2 0
2.8e-09 2.67188 3.07812 0 205952514 2 7 205800367 0 0
2.8e-09 1.84375 2.40625 0 213908524 0 0 213802970 5 28
2.8e-09 1.60938 2.01562 0 244326705 0 3 244335937 0 0
2.8e-09 2.29688 2.85938 0 227171342 7 1 227334582 1 1
2.8e-09 2.375 2.9375 0 262619108 0 0 262619185 3 0
2.8e-09 2.25 2.8125 0 247827162 2 1 247756403 0 0
2.8e-09 2.0625 2.46875 0 257677713 7 19 257418619 2 1
2.8e-09 1.64062 2.04688 0 226361047 0 0 226382475 1 0
2.8e-09 2.07812 2.48438 0 248047152 5 1 248159927 1 0
2.8e-09 1.64062 2.04688 0 229960642 5 3 229952720 2 3
2.8e-09 1.64062 2.04688 0 225996843 1 13 226116705 0 0
2.8e-09 1.625 2.03125 0 235829957 3 0 235863713 0 0
2.8e-09 1.8125 2.39062 0 223166047 3 6 223050286 0 0
2.8e-09 2.57812 2.98438 0 246249514 2 3 246293856 4 0
2.8e-09 2.17188 2.75 0 209830764 2 4 209871917 3 0
2.8e-09 1.875 2.4375 0 202300106 0 20 202373168 1 8
2.8e-09 2.375 2.9375 0 262687611 13 20 262432544 2 0
2.8e-09 1.59375 2 0 250686542 2 0 250856014 0 0
2.8e-09 2.35938 2.92188 0 202936810 0 0 202965321 0 0
2.8e-09 1.64062 2.04688 0 229137244 2 0 229254093 1 6
2.8e-09 1.76562 2.34375 0 241129165 1 0 240938457 2 5
2.8e-09 2.64062 3.04688 0 218583473 0 0 218749335 4 9
2.8e-09 2.20312 2.78125 0 265291946 0 0 265379005 1 0
2.8e-09 1.82812 2.39062 0 221053047 1 0 221002470 4 3
2.8e-09 1.75 2.3125 0 251847807 0 7 252177758 1 0
2.8e-09 1.59375 2 0 248435743 0 0 248317800 0 9
2.8e-09 1.6875 2.25 0 212270603 1 0 212210666 0 2
2.8e-09 1.78125 2.35938 0 234575351 0 0 234647316 1 1
2.8e-09 1.6875 2.25 0 212393920 3 0 212455978 0 0
2.8e-09 2.09375 2.51562 0 239648381 3 0 239603975 0 0
2.8e-09 1.59375 2 0 249632888 0 0 249548886 0 0
2.8e-09 1.60938 2.01562 0 241871462 0 0 241908743 0 1
2.8e-09 1.84375 2.40625 0 215393334 0 0 215352623 0 2
2.8e-09 2.3125 2.89062 0 219460846 4 1 219541279 1 0
2.8e-09 1.79688 2.375 0 227996547 1 0 227688309 2 8
2.8e-09 2.60938 3.01562 0 228355439 0 7 228645738 0 1
2.8e-09 1.71875 2.28125 0 265323819 3 3 265491534 0 0
2.8e-09 1.78125 2.35938 0 235277219 2 0 235185966 1 2
2.8e-09 1.64062 2.04688 0 230776645 4 1 230822500 5 4
2.8e-09 1.625 2.03125 0 233322712 1 2 233480784 2 0
2.8e-09 1.75 2.3125 0 254163956 0 0 254340879 0 0
2.8e-09 1.89062 2.45312 0 263715793 3 10 263701299 1 2
2.8e-09 1.625 2.03125 0 234557220 1 3 234684166 1 5
2.8e-09 1.79688 2.375 0 227973650 4 7 228081233 2 6
2.8e-09 2.0625 2.46875 0 257500379 5 8 257626107 0 1
2.8e-09 2.25 2.82812 0 244726035 0 0 244936455 8 2
2.8e-09 2.14062 2.54688 0 223668778 1 0 223560759 0 2
2.8e-09 1.71875 2.28125 0 201275575 7 15 201333275 0 12
2.8e-09 2.15625 2.73438 0 214604019 0 0 214811362 0 9
2.8e-09 1.78125 2.34375 0 238357498 7 6 238276598 1 2
2.8e-09 2.10938 2.53125 0 233208507 0 5 232870107 0 0
2.8e-09 2.20312 2.76562 0 201595736 1 1 201492773 1 0
2.8e-09 1.875 2.45312 0 267438921 1 3 267587555 0 0
2.8e-09 2.07812 2.48438 0 251647548 2 0 251582294 7 1
2.8e-09 1.79688 2.35938 0 233257643 6 7 233330749 0 67
2.8e-09 1.85938 2.4375 0 204586673 3 0 204522336 0 0
2.8e-09 1.73438 2.29688 0 260211843 7 3 260070645 1 0
2.8e-09 2.21875 2.78125 0 262264017 2 9 262424109 2 3
2.8e-09 2.07812 2.48438 0 250923432 1 5 251124228 1 9
2.8e-09 1.79688 2.375 0 229829867 0 0 229812423 1 1
2.8e-09 1.65625 2.21875 0 225051062 1 2 224979398 5 8
2.8e-09 1.59375 2 0 245910702 1 0 246173602 0 0
2.8e-09 1.64062 2.04688 0 230641266 2 0 230545688 9 1
2.8e-09 1.67188 2.25 0 213479253 1 1 213489859 4 3
2.8e-09 1.59375 2 0 249562175 0 0 249571615 6 5
2.8e-09 2.35938 2.92188 0 203898036 1 0 204051890 10 15
2.8e-09 2.09375 2.5 0 243191389 1 2 243388603 2 0
2.8e-09 2.625 3.03125 0 227611879 2 0 227614025 9 0
2.8e-09 2.64062 3.04688 0 220794583 2 3 220543883 1 2
2.8e-09 1.6875 2.25 0 210631276 3 5 210369621 5 4
2.8e-09 2.625 3.03125 0 227814245 4 0 227827571 2 3
2.8e-09 2.34375 2.92188 0 205186697 5 1 205156784 2 9
2.8e-09 1.84375 2.40625 0 213669374 0 3 213400167 3 14
2.8e-09 1.76562 2.34375 0 243499506 0 0 243340458 3 2
2.8e-09 2.35938 2.92188 0 202260463 1 2 202130151 3 0
2.8e-09 1.75 2.3125 0 252691949 2 43 252747883 0 0
2.8e-09 2.21875 2.79688 0 258709091 1 0 258596679 0 0
2.8e-09 1.64062 2.21875 0 225336469 3 4 225523287 1 0
2.8e-09 1.625 2.03125 0 232689069 1 0 232647715 0 2
2.8e-09 2.35938 2.9375 0 201498549 0 4 201264925 0 0
2.8e-09 1.70312 2.28125 0 203619578 5 2 203628929 0 0
2.8e-09 1.85938 2.42188 0 209046819 3 3 209176974 1 37
2.8e-09 1.79688 2.35938 0 233738740 0 0 233736707 0 0
2.8e-09 1.64062 2.04688 0 229624154 1 3 229713627 2 0
2.8e-09 2.15625 2.5625 0 216528478 6 7 216270613 1 0
2.8e-09 2.10938 2.51562 0 235150424 7 2 235067821 2 0
2.8e-09 1.73438 2.29688 0 258341623 0 0 258227640 3 0
2.8e-09 2.07812 2.48438 0 251182422 0 0 251130862 7 14
2.8e-09 1.84375 2.42188 0 211562991 0 0 211645506 3 4
2.8e-09 1.59375 2 0 251231186 3 0 251356446 0 0
2.8e-09 1.59375 2 0 249302919 0 4 249416031 1 13
2.8e-09 1.73438 2.29688 0 257945613 0 0 257888243 1 0
2.8e-09 1.79688 2.35938 0 231193461 0 0 231346428 0 0
2.8e-09 1.57812 1.98438 0 252416385 0 0 252234114 6 8
2.8e-09 2.25 2.8125 0 247018846 0 0 246776834 0 2
2.8e-09 1.78125 2.34375 0 237678192 0 2 237673845 1 0
2.8e-09 1.75 2.32812 0 247827481 2 12 247528219 10 16
2.8e-09 1.60938 2.01562 0 238546656 2 0 238440495 1 0
2.8e-09 1.78125 2.35938 0 237186016 2 0 237147541 1 2
2.8e-09 1.625 2.03125 0 237530903 4 0 237476968 3 1
2.8e-09 1.82812 2.39062 0 219821711 5 3 220035125 1 0
2.8e-09 1.70312 2.28125 0 201718366 6 2 201815780 5 8
2.8e-09 1.85938 2.42188 0 206537692 2 5 206629718 1 0
2.8e-09 2.32812 2.90625 0 211202240 0 0 211204457 2 0
2.8e-09 2.65625 3.0625 0 215325234 1 1 215240836 4 4
2.8e-09 1.78125 2.34375 0 240303684 0 0 240217214 1 0
2.8e-09 1.71875 2.29688 0 264451361 0 0 264524278 10 10
2.8e-09 1.73438 2.3125 0 256057968 1 7 256109845 0 0
2.8e-09 2.625 3.03125 0 222236290 4 1 222144664 4 2
2.8e-09 1.8125 2.375 0 225787434 3 0 225705806 0 0
2.8e-09 2.20312 2.78125 0 263362196 3 0 263550116 6 9
2.8e-09 1.875 2.45312 0 265756688 1 1 265841144 0 0
2.8e-09 2.15625 2.5625 0 216660791 4 0 216647338 4 0
2.8e-09 1.79688 2.35938 0 233924094 2 2 233801509 3 4
2.8e-09 2.07812 2.48438 0 250397916 5 2 250159875 6 9
2.8e-09 2.14062 2.54688 0 224970576 2 0 224549217 3 11
2.8e-09 2.07812 2.48438 0 246881773 0 7 246905269 4 22
2.8e-09 2.34375 2.92188 0 206557410 1 0 206500614 1 0
2.8e-09 2.09375 2.5 0 244791150 1 0 244646798 1 0
2.8e-09 1.60938 2.01562 0 241207781 6 71 241262616 2 1
2.8e-09 1.75 2.3125 0 253982919 2 1 253841151 10 19
2.8e-09 1.67188 2.25 0 214828832 2 0 214778990 8 0
2.8e-09 1.64062 2.04688 0 225992830 0 1 226134462 1 0
2.8e-09 1.875 2.45312 0 267696327 3 2 267768257 8 15
2.8e-09 1.71875 2.29688 0 263527717 1 1 263750224 4 0
2.8e-09 2.39062 2.95312 0 256835274 0 0 257115504 2 0
2.8e-09 1.79688 2.35938 0 233703108 0 0 233790986 0 0
2.8e-09 1.60938 2.01562 0 242496933 1 0 242660773 1 0
2.8e-09 1.60938 2.01562 0 243396998 10 20 243417005 0 0
2.8e-09 1.67188 2.23438 0 216772547 1 0 216699449 5 0
2.8e-09 1.82812 2.40625 0 216164058 7 3 216152875 2 0
2.8e-09 1.85938 2.4375 0 205162104 0 0 205194633 6 2
2.8e-09 1.89062 2.45312 0 260764004 2 1 260570682 1 0
2.8e-09 1.65625 2.21875 0 222398400 1 0 222504885 0 3
2.8e-09 2.3125 2.89062 0 219621177 3 7 219313501 3 1
2.8e-09 1.73438 2.3125 0 255429630 1 0 255623754 2 0
2.8e-09 2.1875 2.75 0 208076129 0 0 208096076 0 0
2.8e-09 2.125 2.53125 0 228278126 1 2 228408565 2 24
2.8e-09 1.73438 2.29688 0 258259452 7 45 258282714 0 0
2.8e-09 2.23438 2.8125 0 250692228 0 1 250561251 1 0
2.8e-09 2.17188 2.73438 0 213763410 6 2 213909457 7 4
2.8e-09 2.15625 2.5625 0 219290034 0 12 219375142 0 0
2.8e-09 2.6875 3.25 0 201162812 1 0 201459703 2 0
2.8e-09 1.89062 2.45312 0 262484062 4 4 262456916 2 14
2.8e-09 2.3125 2.875 0 222727956 0 0 222585234 3 0
2.8e-09 2.09375 2.5 0 243478502 1 0 243393964 1 1
2.8e-09 2.35938 2.9375 0 201261180 1 0 201217183 1 0
2.8e-09 1.75 2.32812 0 249965248 0 0 250361362 3 21
2.8e-09 1.70312 2.26562 0 205251248 1 0 205213163 0 2
2.8e-09 1.78125 2.34375 0 238155748 0 0 238106248 0 0
2.8e-09 2.57812 2.98438 0 247330586 1 0 247259187 2 0
2.8e-09 2.67188 3.07812 0 208005581 1 0 207809505 1 0
2.8e-09 2.125 2.53125 0 230421771 2 6 230415719 0 7
2.8e-09 1.6875 2.25 0 211200940 0 1 211080621 1 1
2.8e-09 1.85938 2.4375 0 204676456 1 16 204842184 0 0
2.8e-09 1.82812 2.39062 0 221276052 10 37 221296247 0 1
2.8e-09 1.6875 2.25 0 211661782 6 2 211799245 1 0
2.8e-09 2.0625 2.46875 0 256414002 1 2 256378557 0 0
2.8e-09 1.60938 2.01562 0 240915349 0 8 241146408 1 0
2.8e-09 2.10938 2.51562 0 236520920 1 2 236547557 2 2
2.8e-09 1.64062 2.04688 0 230682909 3 1 230878480 0 0
2.8e-09 1.59375 2 0 248219880 3 2 248312479 4 14
2.8e-09 2.1875 2.76562 0 204479551 1 0 204429609 0 0
2.8e-09 1.73438 2.29688 0 260313682 2 12 260347913 0 0
2.8e-09 1.71875 2.29688 0 263624305 8 17 263571946 1 0
2.8e-09 2.23438 2.8125 0 249184311 0 0 249287574 5 2
2.8e-09 2.10938 2.51562 0 233774894 1 0 233591185 0 4
2.8e-09 2.60938 3.01562 0 231827407 2 2 231944316 1 1
2.8e-09 1.79688 2.35938 0 232151921 1 16 232144967 0 0
2.8e-09 2.1875 2.76562 0 205063845 0 0 204987639 2 28
2.8e-09 2.0625 2.46875 0 254916963 9 1 255066236 0 0
2.8e-09 2.25 2.8125 0 247351796 0 0 247066668 1 5
2.8e-09 2.09375 2.5 0 244850893 1 1 244846274 0 0
2.8e-09 1.73438 2.3125 0 255907198 12 23 256136906 0 0
2.8e-09 1.67188 2.23438 0 217491886 0 0 217472120 0 0
2.8e-09 2.28125 2.84375 0 234863626 0 0 234887990 3 14
2.8e-09 1.71875 2.29688 0 264270190 2 2 263987271 7 3
2.8e-09 2.65625 3.0625 0 214545692 1 0 214837127 2 2
2.8e-09 1.79688 2.375 0 229269059 1 0 229091401 0 7
2.8e-09 2.09375 2.51562 0 239636424 3 8 239479428 0 0
2.8e-09 1.73438 2.3125 0 256232998 5 1 256284322 0 0
2.8e-09 1.71875 2.29688 0 263401548 1 21 263348840 11 3
2.8e-09 1.64062 2.04688 0 226533210 1 0 226437603 0 0
2.8e-09 1.875 2.45312 0 265507180 2 1 265573083 0 0
2.8e-09 1.875 2.4375 0 203245049 0 0 203216290 0 0
2.8e-09 2.125 2.53125 0 228736453 1 0 228369940 1 5
2.8e-09 1.59375 2 0 251109976 8 20 251117926 2 0
2.8e-09 1.64062 2.04688 0 227374514 1 0 227377953 1 0
2.8e-09 1.76562 2.34375 0 243719138 5 1 243628892 1 2
2.8e-09 2.17188 2.75 0 208901065 0 0 209030424 3 3
2.8e-09 1.67188 2.23438 0 217333065 0 0 217339803 1 0
2.8e-09 1.78125 2.34375 0 239898766 0 0 239956742 0 3
2.8e-09 1.64062 2.04688 0 228484041 1 1 228466272 0 0
2.8e-09 2.0625 2.46875 0 254194858 0 0 254116898 1 0
2.8e-09 1.78125 2.34375 0 238925990 3 1 239042449 0 0
2.8e-09 2.15625 2.5625 0 217386926 0 0 217271459 0 0
2.8e-09 2.21875 2.78125 0 262683756 0 0 263027873 3 0
2.8e-09 1.85938 2.4375 0 205520365 0 12 205298558 0 0
2.8e-09 2.625 3.03125 0 223797008 4 1 223632290 0 0
2.8e-09 2.125 2.53125 0 227283991 1 21 227484454 4 1
2.8e-09 1.59375 2 0 249138608 3 5 249287405 0 0
2.8e-09 2.28125 2.84375 0 233512833 0 0 233382261 0 2
2.8e-09 1.59375 2 0 249635337 0 0 249707573 7 5
2.8e-09 2.23438 2.79688 0 253089972 1 9 253113044 0 35
2.8e-09 1.60938 2.01562 0 243226609 0 31 243416833 21 16
2.8e-09 2.21875 2.79688 0 256280928 2 1 256073611 0 0
2.8e-09 1.75 2.32812 0 250022690 2 1 249907514 3 1
2.8e-09 1.67188 2.25 0 215213950 16 8 215390695 0 0
2.8e-09 1.59375 2 0 250699249 1 2 250767984 0 0
2.8e-09 1.73438 2.29688 0 260232805 3 0 260404633 2 0
2.8e-09 2.29688 2.85938 0 228414232 0 0 228433082 0 0
2.8e-09 2.35938 2.92188 0 203031497 0 1 202757894 9 4
2.8e-09 1.875 2.4375 0 203042997 6 1 202963587 2 4
2.8e-09 1.625 2.03125 0 236811671 3 1 236840095 0 3
2.8e-09 1.76562 2.32812 0 245408855 1 0 245340066 0 4
2.8e-09 2.34375 2.92188 0 207375063 8 3 207115047 9 41
2.8e-09 2.25 2.8125 0 246081591 2 4 246324031 4 41
2.8e-09 1.60938 2.01562 0 244317311 3 0 244090899 4 12
2.8e-09 1.57812 1.98438 0 252108280 1 0 252132083 1 26
2.8e-09 1.71875 2.29688 0 264847658 1 0 264991154 12 23
2.8e-09 1.75 2.3125 0 251858940 0 0 251898767 2 17
2.8e-09 1.79688 2.35938 0 232736641 0 0 232422098 4 0
2.8e-09 2.32812 2.90625 0 213120269 1 11 213227943 0 0
2.8e-09 2.625 3.03125 0 227432750 2 1 227623799 0 0
2.8e-09 2.17188 2.73438 0 213406814 3 0 213289120 4 6
2.8e-09 2.32812 2.90625 0 212856583 4 9 212636930 1 1
2.8e-09 2.57812 3 0 240996086 5 0 240892865 2 1
2.8e-09 1.64062 2.04688 0 228780116 5 2 228789490 0 0
2.8e-09 1.75 2.3125 0 252081762 1 0 251896632 1 0
2.8e-09 2.15625 2.5625 0 215651026 1 1 215554143 1 1
2.8e-09 2.34375 2.90625 0 209034265 10 27 209169561 0 0
2.8e-09 1.71875 2.29688 0 261783155 5 0 261944851 1 0
2.8e-09 1.82812 2.40625 0 217366526 1 0 217298890 3 0
2.8e-09 2.39062 2.96875 0 254216463 1 0 253908738 1 0
2.8e-09 1.60938 2.01562 0 244569354 1 35 244622352 0 1
2.8e-09 2.0625 2.46875 0 259717573 11 156 259577151 6 4
2.8e-09 1.71875 2.28125 0 265757499 5 0 265913123 4 5
2.8e-09 1.625 2.03125 0 232884613 1 4 232699045 1 0
2.8e-09 1.8125 2.39062 0 222363905 0 0 222543221 0 0
2.8e-09 1.76562 2.32812 0 244031089 5 0 244114975 0 0
2.8e-09 1.60938 2.01562 0 242438428 0 0 242335342 0 0
2.8e-09 1.76562 2.32812 0 244139796 1 21 244211137 2 2
2.8e-09 1.6875 2.26562 0 209150167 0 7 209117554 5 7
2.8e-09 1.625 2.03125 0 232945437 1 0 232848801 0 0
2.8e-09 1.89062 2.45312 0 262165403 2 6 262224643 0 0
2.8e-09 2.65625 3.0625 0 210117877 2 0 210400186 0 0
2.8e-09 1.78125 2.34375 0 238705969 0 0 238509678 0 0
2.8e-09 2.0625 2.46875 0 257065947 3 4 257189986 0 1
2.8e-09 1.8125 2.375 0 227340237 1 0 227311837 1 0
2.8e-09 2.32812 2.89062 0 216462880 3 0 216541047 0 0
2.8e-09 1.59375 2 0 248249853 3 0 248210054 0 0
2.8e-09 2.14062 2.54688 0 220991903 0 0 221030318 0 5
2.8e-09 1.76562 2.32812 0 245542589 7 6 245423328 0 0
2.8e-09 1.73438 2.3125 0 256112487 1 6 256239190 1 1
2.8e-09 1.82812 2.40625 0 216713327 0 0 216839877 5 1
2.8e-09 2.375 2.9375 0 265849001 2 0 265841230 1 8
2.8e-09 2.35938 2.92188 0 203406835 1 7 203450058 2 1
2.8e-09 1.85938 2.42188 0 207316770 8 9 207419770 0 0
2.8e-09 2.20312 2.76562 0 266617630 2 17 266812254 8 18
2.8e-09 1.75 2.3125 0 252434134 2 3 252396321 0 0
2.8e-09 1.60938 2.01562 0 240601506 1 0 240560290 10 15
2.8e-09 1.65625 2.23438 0 221940819 4 5 221940143 0 1
2.8e-09 1.75 2.32812 0 250866978 0 0 250723912 1 0
2.8e-09 2.17188 2.75 0 209743945 1 1 209727906 0 0
2.8e-09 1.64062 2.04688 0 227988680 3 2 227994002 0 0
2.8e-09 2.1875 2.76562 0 203980987 9 0 203995821 3 25
2.8e-09 2.64062 3.04688 0 216650323 2 0 216640411 2 1
2.8e-09 2.0625 2.46875 0 256316423 0 10 256343107 6 8
2.8e-09 1.60938 2.01562 0 241099725 0 0 241063164 0 0
2.8e-09 1.78125 2.35938 0 236074820 2 1 235953188 0 0
2.8e-09 1.89062 2.45312 0 264317615 5 4 264239011 0 0
2.8e-09 1.73438 2.29688 0 260898221 4 32 260999997 17 50
2.8e-09 2.15625 2.5625 0 218724922 6 2 218689508 2 1
2.8e-09 2.6875 3.25 0 203692199 0 4 203703236 6 1
2.8e-09 1.78125 2.35938 0 234832715 7 14 235072630 1 3
2.8e-09 2.20312 2.76562 0 267871908 0 11 267927981 3 6
2.8e-09 1.70312 2.26562 0 204466363 0 0 204476532 1 2
2.8e-09 2.14062 2.54688 0 223751992 19 51 223693698 0 4
2.8e-09 2.375 2.9375 0 263983745 0 4 264188367 1 16
2.8e-09 1.84375 2.40625 0 212366986 0 0 212431921 1 0
2.8e-09 1.8125 2.39062 0 222459451 0 3 222554930 0 0
2.8e-09 1.78125 2.34375 0 237649318 1 1 237564785 2 6
2.8e-09 2.375 2.9375 0 265362004 1 0 265407874 1 0
2.8e-09 1.75 2.32812 0 249231408 2 0 249231498 2 2
2.8e-09 1.78125 2.35938 0 237053943 3 0 237069476 1 6
2.8e-09 1.875 2.45312 0 267810794 2 0 267680211 5 16
2.8e-09 2.57812 2.98438 0 246366607 5 0 246266923 2 0
2.8e-09 1.70312 2.26562 0 204833235 0 0 204931811 1 21
2.8e-09 2.28125 2.84375 0 234097304 5 13 234166510 6 2
2.8e-09 1.59375 2 0 251187991 2 6 251228378 0 0
2.8e-09 1.65625 2.21875 0 223970444 1 0 223882258 8 2
2.8e-09 2.09375 2.5 0 242978838 0 1 242933863 1 0
2.8e-09 2.35938 2.92188 0 204523789 0 0 204609043 0 0
2.8e-09 2.07812 2.48438 0 250646683 5 3 250421741 4 35
2.8e-09 2.65625 3.0625 0 214609847 3 0 214640070 0 0
2.8e-09 2.09375 2.5 0 241749669 0 0 241731467 12 4
2.8e-09 1.75 2.32812 0 249872249 0 2 249706975 2 0
2.8e-09 2.28125 2.84375 0 235411775 0 0 235539193 4 0
2.8e-09 1.625 2.03125 0 234942643 0 0 234953905 0 0
2.8e-09 2.59375 3 0 239229246 1 0 239189876 3 5
2.8e-09 1.75 2.32812 0 249591555 4 9 249529422 2 9
2.8e-09 1.75 2.3125 0 253308013 1 0 253118062 1 0
2.8e-09 1.84375 2.40625 0 214086585 8 2 214408963 1 8
2.8e-09 2.57812 2.98438 0 246776225 6 4 246750156 2 6
2.8e-09 1.73438 2.29688 0 259279991 5 8 259233557 1 1
2.8e-09 2.09375 2.5 0 241075959 1 0 240801933 7 12
2.8e-09 2.07812 2.48438 0 251234048 4 9 251304907 12 123
2.8e-09 1.64062 2.04688 0 229042004 1 3 229192421 8 0
2.8e-09 2.07812 2.48438 0 247139666 2 0 247141909 1 0
2.8e-09 1.71875 2.29688 0 263385196 1 1 263408398 0 0
2.8e-09 1.65625 2.21875 0 225150041 0 0 225143735 0 0
2.8e-09 2.10938 2.51562 0 235009936 3 5 234912027 3 1
2.8e-09 1.875 2.45312 0 266987793 0 3 266996400 4 0
2.8e-09 1.60938 2.01562 0 239818087 4 5 239762094 7 5
2.8e-09 1.67188 2.23438 0 218181059 7 2 218092459 1 4
2.8e-09 1.79688 2.375 0 228995360 0 0 228694185 4 0
2.8e-09 1.59375 2 0 249262238 0 0 249180816 1 26
2.8e-09 1.71875 2.28125 0 268225753 0 0 268147221 1 1
2.8e-09 2.07812 2.48438 0 252123550 10 17 252019603 1 2
2.8e-09 2.17188 2.73438 0 214336542 1 0 214048625 0 0
2.8e-09 2.64062 3.04688 0 218270910 5 2 218277473 0 0
2.8e-09 1.76562 2.32812 0 247135541 1 0 247203653 6 9
2.8e-09 2.34375 2.92188 0 205579113 0 0 205267052 0 10
2.8e-09 2.3125 2.875 0 219814673 17 16 219623115 2 1
2.8e-09 2.28125 2.84375 0 232372046 0 0 232363303 0 0
2.8e-09 1.76562 2.32812 0 244954213 0 0 244880514 4 0
2.8e-09 1.64062 2.04688 0 227435491 3 1 227415580 0 10
2.8e-09 2.09375 2.5 0 242285280 7 3 242253483 1 1
2.8e-09 1.79688 2.35938 0 233616348 0 1 233601629 1 9
2.8e-09 2.34375 2.90625 0 209939799 0 17 209555850 1 0
2.8e-09 2.28125 2.85938 0 231975935 0 0 231927622 0 5
2.8e-09 1.85938 2.4375 0 205367854 0 5 205267443 1 0
2.8e-09 1.73438 2.29688 0 257857260 0 1 257860275 0 0
2.8e-09 2.35938 2.92188 0 203350611 0 0 203319965 0 0
2.8e-09 1.89062 2.45312 0 261835987 5 10 261846276 2 3
2.8e-09 1.71875 2.29688 0 263843843 0 0 263701242 6 3
2.8e-09 1.625 2.03125 0 235886620 4 0 235733216 0 2
2.8e-09 2.625 3.03125 0 222477489 8 0 222609334 4 5
2.8e-09 2.20312 2.78125 0 265130138 6 0 264895887 1 0
2.8e-09 2.28125 2.85938 0 230072327 2 1 229852087 1 16
2.8e-09 1.71875 2.28125 0 268058794 5 9 267961851 4 1
2.8e-09 2.1875 2.75 0 205893151 0 24 206068153 6 12
2.8e-09 1.73438 2.29688 0 259885717 0 0 259961048 1 1
2.8e-09 1.85938 2.4375 0 206583576 4 1 206591105 6 1
2.8e-09 2.625 3.03125 0 222300146 1 0 222247088 4 0
2.8e-09 2.0625 2.46875 0 257479905 1 26 257623179 2 10
2.8e-09 2.125 2.53125 0 231531489 1 4 231514664 0 0
2.8e-09 1.75 2.32812 0 249346498 9 21 249611976 0 0
2.8e-09 1.76562 2.32812 0 244545393 4 1 244412535 0 0
2.8e-09 2.10938 2.51562 0 236800092 8 2 236795093 0 0
2.8e-09 2.40625 2.96875 0 249729345 2 10 249536539 2 0
2.8e-09 2.60938 3.01562 0 230997192 0 0 230721683 4 3
2.8e-09 1.82812 2.40625 0 215991442 0 0 216057211 0 0
2.8e-09 1.79688 2.375 0 228570360 3 0 228421956 3 0
2.8e-09 1.60938 2.01562 0 241049196 16 19 241021346 4 3
2.8e-09 2.34375 2.90625 0 210720805 6 1 210967279 2 0
2.8e-09 2.20312 2.76562 0 201554234 0 0 201456146 1 1
2.8e-09 1.84375 2.40625 0 212902405 12 4 212847387 5 4
2.8e-09 1.6875 2.25 0 212639060 0 7 212554194 2 1
2.8e-09 2.34375 2.90625 0 209611204 2 1 209475229 0 0
2.8e-09 2.1875 2.76562 0 204143634 2 0 204128718 0 0
2.8e-09 2.125 2.53125 0 231447813 3 2 231466681 3 4
2.8e-09 1.75 2.32812 0 248107035 2 5 247930137 4 3
2.8e-09 1.625 2.03125 0 236938956 4 3 236961003 2 0
2.8e-09 1.60938 2.01562 0 243648297 3 0 243565124 2 1
2.8e-09 2.34375 2.92188 0 206582753 2 0 206690117 0 0
2.8e-09 2.20312 2.78125 0 264663538 1 0 264909908 0 0
2.8e-09 2.60938 3.01562 0 232012576 1 2 231997045 8 5
2.8e-09 2.07812 2.48438 0 250117976 0 15 250019714 3 0
2.8e-09 1.65625 2.21875 0 223584617 1 1 223435281 1 0
2.8e-09 1.82812 2.39062 0 218519373 1 0 218651799 9 11
2.8e-09 1.64062 2.04688 0 229501046 1 0 229540857 0 1
2.8e-09 1.64062 2.04688 0 226695687 0 0 226610619 6 3
2.8e-09 1.65625 2.23438 0 221031606 0 1 221024939 0 0
2.8e-09 2.29688 2.85938 0 226873020 0 0 226799570 1 0
2.8e-09 1.67188 2.25 0 214448860 1 0 214601802 1 0
2.8e-09 2.65625 3.0625 0 210680800 1 0 210616398 0 0
2.8e-09 1.78125 2.34375 0 238478035 5 2 238625218 0 0
2.8e-09 1.625 2.03125 0 235059825 5 0 235066044 0 0
2.8e-09 1.73438 2.29688 0 260933822 0 0 261024213 3 1
2.8e-09 1.8125 2.375 0 226027110 0 0 226055487 1 1
2.8e-09 1.76562 2.32812 0 245900550 0 5 246114751 0 3
2.8e-09 1.73438 2.29688 0 258394922 0 8 258331667 0 0
2.8e-09 1.73438 2.29688 0 260582400 1 0 260580446 2 0
2.8e-09 1.85938 2.42188 0 206915512 1 1 207038741 0 1
2.8e-09 1.85938 2.4375 0 205430627 3 2 205746004 1 2
2.8e-09 2.09375 2.5 0 244765999 4 0 244839149 0 2
2.8e-09 1.59375 2 0 250309407 0 0 250477771 0 0
2.8e-09 1.84375 2.42188 0 210452052 5 0 210646214 0 0
2.8e-09 2.67188 3.07812 0 207988385 1 0 207948287 0 0
2.8e-09 2.64062 3.04688 0 220035342 1 0 220128085 0 0
2.8e-09 2.07812 2.48438 0 248063208 0 0 247977780 0 0
2.8e-09 2.28125 2.84375 0 232284366 3 0 232365787 3 2
2.8e-09 1.71875 2.28125 0 265938221 0 0 265940252 0 0
2.8e-09 2.26562 2.82812 0 241580275 0 0 241831669 1 4
2.8e-09 1.79688 2.35938 0 232694668 0 0 232557905 4 1
2.8e-09 1.64062 2.04688 0 229115867 4 7 229103060 2 1
2.8e-09 1.875 2.4375 0 202427252 5 0 202565911 0 0
2.8e-09 2.25 2.82812 0 244115776 5 29 244343217 0 0
2.8e-09 2.67188 3.07812 0 207559980 2 0 207557901 3 9
2.8e-09 2.17188 2.73438 0 214436501 2 18 214241378 11 31
2.8e-09 1.59375 2 0 248280349 2 58 248317099 1 0
2.8e-09 1.89062 2.46875 0 260758663 0 0 260390883 8 1
2.8e-09 1.70312 2.28125 0 204300521 2 0 204315190 9 2
2.8e-09 2.21875 2.79688 0 259046742 3 0 259045889 0 6
2.8e-09 1.60938 2.01562 0 242115154 3 6 242032510 0 0
2.8e-09 1.65625 2.23438 0 221014153 2 22 221330977 5 10
2.8e-09 1.65625 2.23438 0 221238129 1 0 221220439 0 4
2.8e-09 1.67188 2.23438 0 216024935 1 0 215881390 1 0
2.8e-09 1.78125 2.35938 0 235768590 8 7 235778334 6 4
2.8e-09 1.625 2.03125 0 236636664 7 15 236723986 0 6
2.8e-09 1.64062 2.04688 0 227515536 6 10 227642128 2 1
2.8e-09 1.78125 2.35938 0 237100227 2 23 236949672 0 0
2.8e-09 1.67188 2.23438 0 218362645 0 0 218401532 0 0
2.8e-09 1.60938 2.01562 0 239239750 7 12 239210600 7 2
2.8e-09 1.79688 2.375 0 228159006 0 0 228208101 0 0
2.8e-09 2.67188 3.07812 0 206796518 7 10 207135691 0 0
2.8e-09 1.6875 2.25 0 212548199 1 0 212686614 5 6
2.8e-09 1.75 2.3125 0 253291830 8 17 253227122 0 6
2.8e-09 2.21875 2.78125 0 261838420 0 3 261859415 0 0
2.8e-09 1.67188 2.23438 0 219224399 1 3 219026493 1 0
2.8e-09 1.75 2.32812 0 249447404 6 14 249672745 6 21
2.8e-09 1.6875 2.25 0 211909423 6 3 211908662 0 15
2.8e-09 1.70312 2.28125 0 203961709 3 0 204035859 2 0
2.8e-09 1.64062 2.04688 0 227979176 0 2 228066314 7 3
2.8e-09 1.82812 2.40625 0 215906146 2 0 216046400 0 0
2.8e-09 1.70312 2.26562 0 206406997 0 2 206605311 1 0
2.8e-09 2.26562 2.82812 0 239126468 8 0 239128755 0 0
2.8e-09 1.70312 2.26562 0 205700936 1 1 205800532 0 0
2.8e-09 2.1875 2.75 0 206598726 0 0 206562079 8 7
2.8e-09 1.875 2.45312 0 265664978 1 0 265487770 1 2
2.8e-09 1.89062 2.45312 0 262396621 1 0 262387635 0 0
2.8e-09 1.85938 2.42188 0 209166645 4 0 209246632 4 1
2.8e-09 1.625 2.03125 0 235050065 1 0 235128902 0 0
2.8e-09 2.10938 2.51562 0 235883027 12 10 236045194 5 4
2.8e-09 2.39062 2.95312 0 256654390 0 6 256568503 5 1
2.8e-09 1.71875 2.28125 0 266382048 3 1 266287977 0 1
2.8e-09 1.85938 2.4375 0 205363350 1 0 205325560 0 0
2.8e-09 2.23438 2.8125 0 250554405 2 0 250345698 2 0
2.8e-09 2.32812 2.89062 0 216288035 0 0 216007693 1 0
2.8e-09 2.32812 2.90625 0 211283603 1 0 211255405 11 3
2.8e-09 2.10938 2.51562 0 239290710 3 1 239544853 2 0
2.8e-09 1.64062 2.04688 0 226144252 0 0 226128448 4 0
2.8e-09 2.25 2.8125 0 247991040 4 0 247756268 3 8
2.8e-09 1.85938 2.4375 0 205388051 0 0 205218355 3 10
2.8e-09 2.07812 2.48438 0 247529572 0 11 247700267 0 0
2.8e-09 1.65625 2.21875 0 224473666 11 10 224496565 0 21
2.8e-09 1.67188 2.25 0 213582924 3 4 213503475 2 2
2.8e-09 2.15625 2.5625 0 219842679 0 0 219887775 1 10
2.8e-09 1.67188 2.25 0 213338612 5 0 213349482 2 13
2.8e-09 1.875 2.45312 0 266483438 2 4 266387026 0 0
2.8e-09 2.67188 3.25 0 204276470 0 18 204080444 4 11
2.8e-09 1.6875 2.25 0 211032790 3 0 211152856 1 4
2.8e-09 2.15625 2.5625 0 215093120 1 1 215096546 0 1
2.8e-09 1.84375 2.42188 0 212275023 2 1 212411879 0 2
2.8e-09 1.75 2.3125 0 253116230 0 0 253141960 2 0
2.8e-09 1.59375 2 0 251145003 8 1 251267604 2 0
2.8e-09 1.82812 2.39062 0 219865287 0 0 220121282 1 5
2.8e-09 1.75 2.3125 0 253075918 0 0 253051779 1 0
2.8e-09 2.40625 2.96875 0 250326736 0 0 250051882 7 3
2.8e-09 1.71875 2.28125 0 266656391 1 4 266877433 0 0
2.8e-09 2.64062 3.04688 0 218571380 0 0 218737342 0 1
2.8e-09 2.26562 2.84375 0 237414360 1 1 237700751 1 0
2.8e-09 2.15625 2.73438 0 214585536 2 4 214669146 0 0
2.8e-09 1.71875 2.29688 0 263178813 6 27 263276913 3 11
2.8e-09 2.0625 2.46875 0 256447733 1 0 256397074 0 4
2.8e-09 2.625 3.03125 0 222422163 1 0 222587458 0 5
2.8e-09 1.85938 2.42188 0 207148481 2 8 207113693 7 2
2.8e-09 1.60938 2.01562 0 243174112 0 7 243247035 3 0
2.8e-09 1.73438 2.29688 0 258581650 1 0 258354424 0 0
2.8e-09 1.75 2.32812 0 249935768 15 12 249836527 2 0
2.8e-09 2.375 2.95312 0 260036644 1 6 260066710 3 1
2.8e-09 1.8125 2.375 0 226058480 2 0 226095198 5 1
2.8e-09 1.78125 2.34375 0 237866615 2 3 238002224 1 2
2.8e-09 1.85938 2.4375 0 206404853 0 1 206557146 0 0
2.8e-09 1.71875 2.29688 0 263817050 0 0 263757640 3 5
2.8e-09 1.60938 2.01562 0 242021005 1 0 241881830 0 9
2.8e-09 1.8125 2.39062 0 221594512 0 0 221893466 1 0
2.8e-09 2.15625 2.73438 0 214571545 1 0 214564429 1 0
2.8e-09 2.60938 3.01562 0 231262124 1 0 231335072 1 8
2.8e-09 2.34375 2.90625 0 208829256 1 0 208994183 1 0
2.8e-09 2.20312 2.76562 0 201778889 1 0 201853747 8 3
2.8e-09 1.65625 2.21875 0 224751387 0 0 224713193 9 5
2.8e-09 1.625 2.03125 0 233148515 1 0 233234345 1 0
2.8e-09 1.76562 2.32812 0 245578302 0 0 245570537 1 0
2.8e-09 1.8125 2.39062 0 222641359 3 4 222509078 4 8
2.8e-09 1.75 2.3125 0 254010181 2 1 254104605 0 20
2.8e-09 2.65625 3.0625 0 210298220 0 54 210207433 0 0
2.8e-09 2.40625 2.96875 0 251117497 0 0 251459728 2 2
2.8e-09 1.6875 2.25 0 211844046 0 0 211766692 0 0
2.8e-09 1.79688 2.375 0 228365309 1 9 228218393 0 0
2.8e-09 2.23438 2.79688 0 253651426 1 28 253780784 4 1
2.8e-09 1.59375 2 0 249444662 6 5 249724549 3 2
2.8e-09 1.70312 2.28125 0 202757920 3 3 202677967 0 0
2.8e-09 2.10938 2.51562 0 238507057 1 3 238230300 3 0
2.8e-09 1.85938 2.42188 0 207148560 0 0 207085849 1 0
2.8e-09 2.15625 2.73438 0 214419887 2 1 214483682 2 2
2.8e-09 1.60938 2.01562 0 238527137 3 0 238557513 9 0
2.8e-09 1.625 2.04688 0 231878426 1 1 231952102 0 0
2.8e-09 1.75 2.32812 0 248936316 3 5 248998178 0 0
2.8e-09 1.6875 2.25 0 211320648 0 37 211214492 0 0
2.8e-09 2.07812 2.5 0 246487126 1 0 246579768 4 14
2.8e-09 2.23438 2.8125 0 251321748 0 0 251364861 0 0
2.8e-09 2.65625 3.0625 0 210729618 2 0 210701311 3 0
2.8e-09 2.125 2.53125 0 230438301 4 5 230490599 3 7
2.8e-09 1.59375 2 0 247473094 3 3 247494774 0 0
2.8e-09 1.78125 2.34375 0 239891932 9 8 239690218 2 0
2.8e-09 1.70312 2.28125 0 201944782 1 0 202028906 0 0
2.8e-09 2.375 2.9375 0 264490858 2 15 264667371 0 0
2.8e-09 1.65625 2.23438 0 220416585 6 6 220405853 5 27
2.8e-09 1.8125 2.39062 0 223040749 4 0 222866387 0 0
2.8e-09 1.57812 1.98438 0 252138616 2 7 252097228 1 2
2.8e-09 2.3125 2.875 0 222475088 10 4 222422332 0 5
2.8e-09 1.70312 2.26562 0 205301562 0 0 205354626 0 0
2.8e-09 2.0625 2.48438 0 253207921 3 1 253333995 3 1
2.8e-09 2.07812 2.48438 0 251940639 1 0 252100627 0 4
2.8e-09 2.25 2.82812 0 245083293 5 2 244801119 2 9
2.8e-09 1.82812 2.39062 0 221095100 13 4 221037742 3 0
2.8e-09 2.17188 2.75 0 211024955 0 3 210809736 1 3
2.8e-09 1.60938 2.01562 0 239587090 0 7 239750991 0 0
2.8e-09 1.6875 2.26562 0 209746613 0 0 209634228 2 0
2.8e-09 1.8125 2.375 0 225234160 3 12 225394832 0 0
2.8e-09 1.79688 2.375 0 230560866 0 2 230587953 0 0
2.8e-09 2.64062 3.04688 0 218640834 0 0 218483649 1 2
2.8e-09 2.21875 2.79688 0 256712271 1 0 256730600 1 0
2.8e-09 1.60938 2.01562 0 238705647 0 0 238784402 0 2
2.8e-09 2.07812 2.48438 0 249690317 0 0 249970186 1 0
2.8e-09 1.70312 2.26562 0 206667176 1 5 206490902 7 5
2.8e-09 2.07812 2.48438 0 252158791 0 0 252240289 1 2
2.8e-09 2.39062 2.95312 0 255697477 5 0 255675378 2 1
2.8e-09 2.0625 2.46875 0 256077783 2 0 256089448 1 1
2.8e-09 2.1875 2.76562 0 203691597 1 3 203897371 5 3
2.8e-09 1.71875 2.28125 0 266080350 7 14 266143322 1 29
2.8e-09 2.10938 2.51562 0 235844865 0 0 235797967 0 0
2.8e-09 2.39062 2.95312 0 255093256 1 0 255120949 0 0
2.8e-09 1.625 2.03125 0 233821233 1 0 234137579 0 0
2.8e-09 1.73438 2.29688 0 259329070 2 0 259244428 2 13
2.8e-09 1.57812 1.98438 0 252250951 2 0 252281721 7 7
2.8e-09 2.125 2.53125 0 228586183 1 5 228636353 1 1
2.8e-09 2.64062 3.04688 0 219642577 1 0 219534853 2 0
2.8e-09 1.65625 2.21875 0 224490434 2 0 224665218 0 0
2.8e-09 2.59375 3 0 240732604 10 9 240716314 6 9
2.8e-09 2.15625 2.5625 0 219382170 1 0 219217546 5 3
2.8e-09 1.60938 2.01562 0 241559511 0 0 241494030 0 0
2.8e-09 1.70312 2.26562 0 206742082 1 0 206528566 0 0
2.8e-09 2.14062 2.54688 0 222823861 6 1 222757134 3 3
2.8e-09 1.73438 2.29688 0 258016934 3 2 258027296 9 5
2.8e-09 2.39062 2.95312 0 257651853 2 0 257474112 1 2
2.8e-09 2.125 2.53125 0 231999954 7 8 232061998 0 24
2.8e-09 1.71875 2.28125 0 268010051 0 5 268132068 4 36
2.8e-09 2.65625 3.0625 0 212808621 2 1 212912545 4 4
2.8e-09 1.84375 2.40625 0 213057637 0 12 213003622 0 0
2.8e-09 1.73438 2.3125 0 254461241 0 5 254765375 2 9
2.8e-09 1.65625 2.23438 0 219551254 0 0 219643565 0 2
2.8e-09 1.64062 2.04688 0 229610321 3 6 229673443 1 0
2.8e-09 2.25 2.82812 0 244381814 1 0 244420417 1 4
2.8e-09 2.125 2.53125 0 231066599 3 2 231006742 2 0
2.8e-09 2.6875 3.25 0 201869078 5 0 202030290 0 0
2.8e-09 1.65625 2.21875 0 222387166 2 2 222306486 7 16
2.8e-09 2.25 2.8125 0 246876030 4 8 246730001 3 4
2.8e-09 1.64062 2.04688 0 227596191 2 42 227588496 3 2
2.8e-09 2.07812 2.48438 0 251962745 1 13 252013904 1 0
2.8e-09 2.3125 2.875 0 222692375 1 0 222696180 7 0
2.8e-09 2.20312 2.78125 0 265021181 0 0 264788853 1 0
2.8e-09 1.875 2.4375 0 203372928 5 0 203336407 2 0
2.8e-09 1.67188 2.23438 0 216588595 3 0 216671573 0 2
2.8e-09 2.29688 2.875 0 224940998 2 2 224681386 0 0
2.8e-09 2.20312 2.78125 0 264118050 3 0 264321798 3 1
2.8e-09 1.6875 2.25 0 213031135 3 8 213193025 0 3
2.8e-09 2.21875 2.79688 0 257596377 1 2 257616923 2 3
2.8e-09 1.6875 2.25 0 211501829 1 0 211395979 1 4
2.8e-09 1.59375 2 0 250596947 4 2 250680038 2 1
2.8e-09 2.29688 2.875 0 224233998 5 5 223987538 0 0
2.8e-09 1.76562 2.32812 0 245993048 0 0 245936607 4 16
2.8e-09 1.71875 2.29688 0 264071992 2 0 264257569 0 0
2.8e-09 1.875 2.4375 0 203252347 3 0 203434322 0 0
2.8e-09 2.20312 2.78125 0 264373341 0 0 264244313 1 0
2.8e-09 2.29688 2.875 0 224877374 3 1 224695403 3 0
2.8e-09 1.75 2.32812 0 248524818 4 34 248545999 1 0
2.8e-09 2.67188 3.07812 0 204772857 0 1 204634610 1 0
2.8e-09 1.64062 2.04688 0 228283078 1 20 228044931 7 9
2.8e-09 1.625 2.03125 0 235091381 2 9 235139253 5 38
2.8e-09 1.67188 2.23438 0 216553992 1 0 216854679 0 0
2.8e-09 1.64062 2.04688 0 227909133 2 3 228060409 5 3
2.8e-09 1.71875 2.28125 0 265716915 7 0 265720305 2 3
2.8e-09 1.60938 2.01562 0 243529695 2 0 243397529 0 8
2.8e-09 1.57812 2 0 252001429 1 7 251932753 4 24
2.8e-09 2.35938 2.9375 0 267075081 0 0 266872360 0 0
2.8e-09 1.78125 2.34375 0 237629634 1 0 237553312 0 8
2.8e-09 2.20312 2.76562 0 267177354 2 2 267189205 0 0
2.8e-09 1.78125 2.34375 0 238592649 6 10 238603053 4 2
2.8e-09 2.60938 3.01562 0 229117647 0 0 229169360 1 0
2.8e-09 1.67188 2.23438 0 216579906 1 0 216590103 0 4
2.8e-09 1.625 2.03125 0 234487983 1 0 234357112 4 5
2.8e-09 2.26562 2.82812 0 241287820 1 0 241031212 3 1
2.8e-09 1.73438 2.3125 0 255341553 0 0 255309077 2 0
2.8e-09 1.71875 2.29688 0 264466830 3 9 264561358 1 3
2.8e-09 1.76562 2.34375 0 242267802 1 0 242462639 0 0
2.8e-09 2.28125 2.84375 0 233552181 0 0 233464672 1 1
2.8e-09 2.34375 2.90625 0 210785214 1 8 210655801 1 0
2.8e-09 1.75 2.3125 0 252902260 0 0 252961525 3 0
2.8e-09 2.34375 2.90625 0 209929978 4 30 209716999 10 6
2.8e-09 2.20312 2.78125 0 265625774 3 15 265975003 0 0
2.8e-09 1.65625 2.23438 0 221936962 0 0 221881912 0 0
2.8e-09 2.57812 2.98438 0 242672096 0 7 242773441 5 4
2.8e-09 1.8125 2.39062 0 224048076 0 3 223964375 1 5
2.8e-09 2.64062 3.04688 0 216879708 0 0 216893275 1 3
2.8e-09 1.79688 2.375 0 229567871 1 8 229196269 4 9
2.8e-09 1.60938 2.01562 0 239798813 10 4 239802037 2 6
2.8e-09 1.64062 2.04688 0 229292737 0 0 229290655 3 15
2.8e-09 2.07812 2.48438 0 247308391 0 0 247522504 0 0
2.8e-09 1.75 2.3125 0 252979690 3 1 252756534 6 1
2.8e-09 2.07812 2.48438 0 247104623 1 0 246954679 3 0
2.8e-09 1.70312 2.26562 0 205400738 4 0 205372809 0 0
2.8e-09 1.73438 2.3125 0 257594554 2 0 257608244 4 9
2.8e-09 2.59375 3 0 240209223 0 0 240211741 0 1
2.8e-09 2.64062 3.04688 0 219789406 1 0 219613474 1 0
2.8e-09 2.59375 3 0 237800503 3 0 237792990 2 3
2.8e-09 2.65625 3.0625 0 212004436 6 3 211821995 4 1
2.8e-09 2.28125 2.85938 0 231496752 5 0 231381930 0 0
2.8e-09 1.79688 2.35938 0 231762937 4 14 231718786 7 1
2.8e-09 2.21875 2.79688 0 256813646 14 68 257013734 1 0
2.8e-09 1.59375 2 0 249241184 2 0 249097420 0 0
2.8e-09 2.21875 2.79688 0 258926047 8 1 258777982 11 31
2.8e-09 2.17188 2.73438 0 214151656 1 5 214463250 1 0
2.8e-09 1.59375 2 0 250765816 0 0 250751158 1 0
2.8e-09 1.70312 2.28125 0 202695033 0 8 202571874 5 0
2.8e-09 1.84375 2.42188 0 210619349 0 0 210373670 0 0
2.8e-09 1.76562 2.34375 0 242426134 0 0 242446107 5 5
2.8e-09 1.875 2.45312 0 265337355 0 0 265458084 0 2
2.8e-09 1.6875 2.26562 0 207403405 1 0 207455400 0 6
2.8e-09 1.67188 2.25 0 214249715 0 0 214219600 0 0
2.8e-09 1.60938 2.01562 0 244496832 7 14 244438027 4 8
2.8e-09 2.17188 2.73438 0 212236807 1 2 212292722 1 3
2.8e-09 1.84375 2.40625 0 213203184 1 4 213328962 1 0
2.8e-09 1.60938 2.03125 0 238172540 5 22 238108954 3 5
2.8e-09 1.84375 2.42188 0 211494435 3 0 211484618 1 0
2.8e-09 1.60938 2.01562 0 242723483 4 1 242643432 0 0
2.8e-09 2.07812 2.48438 0 249039287 2 2 249078233 1 1
2.8e-09 2.14062 2.54688 0 223077635 1 1 223259394 4 2
2.8e-09 1.82812 2.40625 0 217380535 2 23 217255681 0 0
2.8e-09 2.14062 2.54688 0 226088394 4 3 226046061 2 4
2.8e-09 1.71875 2.28125 0 265855064 2 22 265734056 3 1
2.8e-09 2.14062 2.54688 0 223269821 0 0 223098842 2 1
2.8e-09 2.1875 2.75 0 207709552 0 0 207869232 1 2
2.8e-09 1.67188 2.23438 0 216749728 4 2 216817403 0 0
2.8e-09 1.65625 2.21875 0 222843242 2 10 222878127 5 6
2.8e-09 1.78125 2.34375 0 240281364 0 0 240274928 2 0
2.8e-09 1.625 2.03125 0 232956496 6 3 232935416 1 0
2.8e-09 2.1875 2.75 0 206514854 0 0 206657772 11 0
2.8e-09 2.23438 2.79688 0 253179435 7 9 253264947 0 0
2.8e-09 1.85938 2.4375 0 206287514 2 1 206191574 6 4
2.8e-09 1.60938 2.01562 0 243856395 0 6 243916826 2 0
2.8e-09 2.20312 2.76562 0 201315610 5 10 201415289 0 0
2.8e-09 2.34375 2.90625 0 208246272 4 0 208250674 3 1
2.8e-09 1.625 2.03125 0 236535000 0 2 236398625 1 0
2.8e-09 1.79688 2.375 0 230160632 0 7 230365773 0 0
2.8e-09 2.32812 2.89062 0 216470155 1 0 216213804 0 0
2.8e-09 1.89062 2.45312 0 262467986 2 1 262541321 0 0
2.8e-09 1.76562 2.32812 0 247115134 5 7 247153761 1 0
2.8e-09 2.125 2.53125 0 228642720 3 4 228626896 2 1
2.8e-09 2.6875 3.26562 0 266498354 0 0 266279708 7 1
2.8e-09 2.6875 3.25 0 202999494 1 0 202937987 0 0
2.8e-09 2.15625 2.5625 0 216437864 0 0 216308614 0 1
2.8e-09 1.75 2.32812 0 250088144 4 18 249689410 1 0
2.8e-09 2.67188 3.07812 0 204547179 0 0 204581183 2 1
2.8e-09 1.82812 2.40625 0 217187136 1 0 217030079 0 0
2.8e-09 2.09375 2.5 0 243825206 0 1 244108808 1 0
2.8e-09 1.60938 2.03125 0 238399622 6 14 238554749 3 9
2.8e-09 1.59375 2 0 249511982 0 0 249615815 5 7
2.8e-09 1.78125 2.35938 0 236855197 0 0 236797840 1 0
2.8e-09 1.6875 2.25 0 211371507 2 0 211474041 4 6
2.8e-09 2.26562 2.82812 0 239258793 8 12 239524529 1 0
2.8e-09 1.71875 2.28125 0 201378320 1 2 201282811 0 0
2.8e-09 1.60938 2.01562 0 244748881 3 1 244659179 0 23
2.8e-09 1.85938 2.4375 0 206413520 0 0 206424399 1 0
2.8e-09 1.84375 2.40625 0 215078632 3 1 215002970 1 0
2.8e-09 2.23438 2.79688 0 254850467 7 2 255017202 0 5
2.8e-09 2.29688 2.85938 0 227938637 0 0 227985131 1 0
2.8e-09 1.8125 2.375 0 227454423 4 4 227319802 3 1
2.8e-09 1.625 2.03125 0 232069007 7 7 232079187 0 1
2.8e-09 2.20312 2.78125 0 265802729 0 0 266147422 0 2
2.8e-09 1.70312 2.26562 0 205487607 3 0 205526041 1 0
2.8e-09 2.34375 2.90625 0 210085728 1 0 210073957 6 3
2.8e-09 1.79688 2.35938 0 232684715 2 1 232548487 3 0
2.8e-09 2.10938 2.51562 0 235362588 2 4 235025410 5 2
2.8e-09 2.25 2.8125 0 246955263 1 2 247075677 4 0
2.8e-09 1.76562 2.32812 0 245495044 0 1 245548056 2 10
2.8e-09 2.29688 2.85938 0 227956417 1 0 227951938 2 0
2.8e-09 2.60938 3.01562 0 229053546 1 0 229168227 4 0
2.8e-09 2.07812 2.48438 0 248156348 1 0 248271312 0 0
2.8e-09 1.67188 2.25 0 215533344 4 0 215555156 1 5
2.8e-09 1.60938 2.01562 0 244122790 0 0 244232914 8 24
2.8e-09 2.34375 2.92188 0 206671851 9 0 206936296 5 0
2.8e-09 1.76562 2.32812 0 245976939 0 0 245814839 7 0
2.8e-09 2.125 2.53125 0 229593671 0 0 229550315 1 0
2.8e-09 2.15625 2.5625 0 215278930 0 0 215220867 0 0
2.8e-09 1.64062 2.04688 0 230246093 2 0 230271439 7 1
2.8e-09 1.6875 2.26562 0 209594700 10 11 209480503 2 0
2.8e-09 2.39062 2.95312 0 258419824 1 0 258381747 1 0
2.8e-09 1.75 2.32812 0 247948748 3 3 248109493 1 4
2.8e-09 2.26562 2.82812 0 240202539 6 5 240250953 1 4
2.8e-09 1.78125 2.34375 0 239092051 3 2 239084204 0 0
2.8e-09 1.85938 2.4375 0 206060783 4 4 206106450 0 0
2.8e-09 2.125 2.53125 0 229314375 0 0 229134907 1 29
2.8e-09 1.71875 2.28125 0 267050445 3 3 266951200 3 2
2.8e-09 1.59375 2 0 247478142 2 0 247318901 4 0
2.8e-09 1.60938 2.01562 0 239437152 3 0 239512028 0 6
2.8e-09 1.59375 2 0 250358586 0 0 250245257 4 38
2.8e-09 2.07812 2.48438 0 246981744 2 10 247223517 3 4
2.8e-09 1.67188 2.23438 0 216722441 0 0 216789358 0 13
2.8e-09 2.40625 2.96875 0 251103559 2 10 251205241 9 27
2.8e-09 1.71875 2.29688 0 263038682 3 76 263177376 0 0
2.8e-09 2.375 2.95312 0 261911547 0 0 262063432 1 1
2.8e-09 1.76562 2.32812 0 246478763 3 11 246425502 2 3
2.8e-09 2.3125 2.89062 0 218104856 2 3 218308920 8 1
2.8e-09 1.65625 2.23438 0 222019953 1 7 221916107 4 0
2.8e-09 2.15625 2.5625 0 218248291 7 7 218353887 1 0
2.8e-09 1.70312 2.26562 0 207197990 8 48 207120885 2 4
2.8e-09 2.39062 2.95312 0 257100494 0 0 257159245 0 0
2.8e-09 1.75 2.32812 0 250638164 5 21 250401677 3 31
2.8e-09 1.64062 2.04688 0 226506116 1 0 226525585 0 0
2.8e-09 1.71875 2.29688 0 264230359 4 3 264280027 1 11
2.8e-09 1.85938 2.42188 0 208907753 1 2 209032767 1 3
2.8e-09 2.1875 2.75 0 206539333 0 0 206609640 0 3
2.8e-09 1.67188 2.25 0 215863365 1 1 215862185 1 9
2.8e-09 1.71875 2.28125 0 265258587 3 2 265253763 1 0
2.8e-09 1.875 2.4375 0 201507764 0 0 201580076 1 1
2.8e-09 1.65625 2.21875 0 222683152 0 0 222648709 1 3
2.8e-09 2.10938 2.51562 0 234983538 0 2 234807935 0 0
2.8e-09 1.70312 2.28125 0 202391893 0 0 202532313 6 3
2.8e-09 2.10938 2.51562 0 235227296 0 0 235211982 0 0
2.8e-09 1.67188 2.25 0 215527840 1 0 215822182 4 1
2.8e-09 2.28125 2.84375 0 234231008 1 4 234597048 1 2
2.8e-09 1.73438 2.29688 0 257828129 11 13 257898319 5 1
2.8e-09 2.39062 2.95312 0 257928936 1 2 257860185 9 3
2.8e-09 2.26562 2.82812 0 239638607 0 0 239762190 0 0
2.8e-09 2.34375 2.90625 0 209862871 0 5 210092052 0 0
2.8e-09 2.57812 2.98438 0 241750945 1 0 241887215 3 0
2.8e-09 1.59375 2 0 248525171 4 0 248466702 1 0
2.8e-09 2.23438 2.8125 0 249717730 6 0 249615214 4 9
2.8e-09 1.89062 2.45312 0 261067754 4 5 260885573 1 0
2.8e-09 2.09375 2.5 0 242053583 1 1 242157077 2 1
2.8e-09 2.23438 2.8125 0 251633369 0 0 251682091 1 8
2.8e-09 1.625 2.03125 0 237304751 1 0 237346724 2 0
2.8e-09 1.65625 2.23438 0 219219857 3 0 219240069 0 0
2.8e-09 2.09375 2.5 0 241625308 4 1 241459778 0 0
2.8e-09 1.60938 2.01562 0 243804829 6 3 243892143 1 2
2.8e-09 1.79688 2.375 0 229099319 2 7 229205654 0 0
2.8e-09 2.29688 2.85938 0 227901326 3 2 227862114 2 10
2.8e-09 2.15625 2.5625 0 218186527 0 92 218329230 1 2
2.8e-09 1.79688 2.375 0 228002553 1 0 228197021 2 0
2.8e-09 1.75 2.3125 0 251776963 0 5 251923863 1 25
2.8e-09 1.85938 2.4375 0 206360263 2 3 206173873 4 2
2.8e-09 2.625 3.03125 0 223882538 3 36 223827387 3 1
2.8e-09 1.60938 2.01562 0 242376528 0 0 242407094 4 1
2.8e-09 2.57812 2.98438 0 244772945 7 0 244892466 0 3
2.8e-09 1.8125 2.39062 0 223811411 1 1 223918932 3 8
2.8e-09 2.25 2.8125 0 247778744 4 3 247866318 3 0
2.8e-09 2.10938 2.51562 0 236299182 7 31 236432017 0 0
2.8e-09 2.59375 3 0 235772189 0 0 235676572 0 0
2.8e-09 2.17188 2.75 0 209075548 2 0 209047955 0 0
2.8e-09 1.6875 2.25 0 211649996 1 0 211833160 2 6
2.8e-09 2.3125 2.89062 0 218907848 2 4 218985190 0 0
2.8e-09 2.32812 2.89062 0 214598660 1 2 214500027 0 0
2.8e-09 1.85938 2.42188 0 209555658 2 1 209618041 3 0
2.8e-09 1.79688 2.35938 0 233345538 0 33 233336785 2 0
2.8e-09 2.0625 2.46875 0 255862193 1 0 255795751 2 0
2.8e-09 1.875 2.4375 0 203008745 0 0 203152590 1 0
2.8e-09 1.6875 2.26562 0 207544616 2 0 207419544 1 0
2.8e-09 2.07812 2.48438 0 249430315 1 5 249317132 3 11
2.8e-09 1.78125 2.34375 0 237279191 0 1 237242982 1 2
2.8e-09 2.20312 2.76562 0 268141603 1 1 268156940 0 0
2.8e-09 1.82812 2.40625 0 217431188 4 16 217355217 5 12
2.8e-09 1.60938 2.01562 0 240090510 2 14 240237399 0 0
2.8e-09 2.10938 2.51562 0 235060184 2 0 235227264 12 7
2.8e-09 2.25 2.8125 0 247753617 1 0 247575046 1 6
2.8e-09 1.8125 2.39062 0 223121083 2 28 222953730 2 1
2.8e-09 1.84375 2.40625 0 213803314 0 0 213902739 2 0
2.8e-09 2.0625 2.48438 0 253280987 2 0 253076494 0 15
2.8e-09 1.8125 2.375 0 225192041 3 0 225115293 1 3
2.8e-09 1.84375 2.40625 0 214593379 3 0 214520428 3 3
2.8e-09 2.59375 3 0 239402694 0 5 239202682 3 0
2.8e-09 1.59375 2 0 249511036 0 0 249404578 0 0
2.8e-09 2.125 2.53125 0 230159056 2 2 230432765 3 0
2.8e-09 2.09375 2.5 0 244679334 0 0 244708741 0 0
2.8e-09 1.73438 2.29688 0 257862955 0 0 257892714 3 2
2.8e-09 1.85938 2.4375 0 204269973 3 4 204278023 1 2
2.8e-09 1.625 2.03125 0 234514409 3 19 234442732 0 9
2.8e-09 2.10938 2.51562 0 236872280 1 0 236785431 1 0
2.8e-09 2.09375 2.51562 0 239505173 1 0 239373324 3 0
2.8e-09 1.70312 2.28125 0 202904017 0 0 202951948 3 19
2.8e-09 2.28125 2.85938 0 231798217 0 0 231649907 3 5
2.8e-09 1.67188 2.25 0 215936116 0 0 215881080 1 1
2.8e-09 2.15625 2.5625 0 215323839 0 0 215349253 4 1
2.8e-09 1.75 2.32812 0 249134654 1 0 249421831 0 0
2.8e-09 1.76562 2.34375 0 242065190 2 4 241849542 0 16
2.8e-09 1.65625 2.23438 0 221839389 2 3 221808963 2 1
2.8e-09 2.35938 2.9375 0 266243364 0 0 266044289 2 0
2.8e-09 1.73438 2.29688 0 260501958 3 6 260360026 5 0
2.8e-09 1.70312 2.26562 0 206757102 2 0 206701943 2 3
2.8e-09 2.09375 2.5 0 245833893 2 8 245837284 7 1
2.8e-09 1.73438 2.29688 0 261224428 2 0 261229287 1 0
2.8e-09 1.65625 2.23438 0 220228754 0 7 220096136 1 0
2.8e-09 1.59375 2 0 249941987 3 7 250050331 1 8
2.8e-09 2.15625 2.5625 0 217739251 2 2 217637460 1 0
2.8e-09 1.82812 2.40625 0 217573833 0 0 217764965 2 10
2.8e-09 2.17188 2.73438 0 212676590 1 0 212485658 0 5
2.8e-09 2.25 2.8125 0 245823688 8 5 246004304 5 5
2.8e-09 1.8125 2.375 0 226658590 1 0 226701621 4 1
2.8e-09 1.75 2.32812 0 249184954 3 0 249343488 1 1
2.8e-09 1.59375 2 0 248833454 1 0 248879142 1 0
2.8e-09 2.07812 2.48438 0 249153383 0 1 248991780 0 4
2.8e-09 1.59375 2 0 251575465 4 3 251627453 0 0
2.8e-09 2.125 2.53125 0 228160021 0 0 227879345 0 0
2.8e-09 1.89062 2.45312 0 263384159 3 2 263205630 2 21
2.8e-09 1.6875 2.25 0 212429191 5 14 212346365 1 10
2.8e-09 1.625 2.03125 0 233620003 0 0 233491372 0 0
2.8e-09 2.09375 2.5 0 241640308 1 0 241740929 2 3
2.8e-09 1.60938 2.03125 0 238118688 8 1 238185921 0 0
2.8e-09 1.85938 2.42188 0 208180431 0 0 208080531 4 4
2.8e-09 1.70312 2.26562 0 205349387 1 0 205292648 1 0
2.8e-09 1.84375 2.42188 0 210524294 0 0 210659211 0 0
2.8e-09 1.875 2.45312 0 266988106 0 0 266992142 5 10
2.8e-09 1.71875 2.29688 0 263709103 2 0 263701974 1 1
2.8e-09 1.67188 2.23438 0 217827309 1 6 217772528 8 7
2.8e-09 2.07812 2.48438 0 250755592 0 0 250699743 1 1
2.8e-09 2.625 3.03125 0 225962390 12 8 225987742 2 3
2.8e-09 1.84375 2.42188 0 209610515 0 0 209725163 0 0
2.8e-09 2.0625 2.46875 0 258070680 0 0 257908152 1 0
2.8e-09 1.73438 2.3125 0 256599443 10 5 256633163 1 1
2.8e-09 2.14062 2.54688 0 224745844 0 0 224254470 10 8
2.8e-09 1.6875 2.26562 0 209199852 0 1 209122357 0 0
2.8e-09 2.0625 2.46875 0 259963405 2 0 260118633 1 3
2.8e-09 1.73438 2.29688 0 258260568 0 0 258244214 1 0
2.8e-09 1.71875 2.28125 0 266164577 2 0 266210356 1 0
2.8e-09 1.60938 2.01562 0 240223086 3 6 240285671 0 11
2.8e-09 2.34375 2.90625 0 209694607 3 6 209790304 0 0
2.8e-09 1.78125 2.35938 0 236281171 4 11 236190933 7 4
2.8e-09 2.21875 2.78125 0 260341545 5 2 260222843 1 0
2.8e-09 2.3125 2.89062 0 219397013 7 66 219263854 5 4
2.8e-09 2.23438 2.8125 0 249644927 2 0 249788933 0 0
2.8e-09 2.60938 3.01562 0 228619476 1 4 228503652 5 5
2.8e-09 1.59375 2 0 247259755 5 13 247410913 0 1
2.8e-09 2.6875 3.25 0 202049810 3 6 202181769 0 0
2.8e-09 1.79688 2.375 0 229178002 0 0 229075954 0 0
2.8e-09 1.625 2.03125 0 235700785 0 0 235567048 0 2
2.8e-09 2.0625 2.48438 0 253415419 0 0 253369044 1 0
2.8e-09 1.6875 2.26562 0 208553193 2 2 208461746 0 0
2.8e-09 2.1875 2.76562 0 205247461 0 0 205235902 5 8
2.8e-09 2.375 2.95312 0 260037950 3 35 259932922 6 1
2.8e-09 1.64062 2.04688 0 228400294 1 0 228259489 0 0
2.8e-09 1.60938 2.01562 0 241736159 0 0 241748328 7 3
2.8e-09 1.67188 2.25 0 215932007 4 0 215849196 0 0
2.8e-09 1.625 2.03125 0 236334219 5 0 236305543 0 0
2.8e-09 2.21875 2.79688 0 257231358 0 0 257130612 1 0
2.8e-09 1.625 2.03125 0 234537519 6 0 234624179 0 0
2.8e-09 1.59375 2 0 249879054 3 14 249772337 0 9
2.8e-09 1.71875 2.28125 0 201234310 0 0 201413457 1 0
