2.8e-09 2.0625 2.46875 0 243229630 4 0 243148825 0 0
2.8e-09 1.875 2.4375 0 259602832 5 21 259673103 2 1
2.8e-09 1.75 2.3125 0 243781254 1 0 243829760 2 3
2.8e-09 2.125 2.51562 0 222939944 5 3 222613138 2 11
2.8e-09 2.65625 3.0625 0 201629952 8 7 201628633 1 0
2.8e-09 2.64062 3.04688 0 207583442 1 0 207681415 0 0
2.8e-09 1.79688 2.35938 0 223594254 0 0 223858505 2 5
2.8e-09 2.64062 3.04688 0 207413181 0 0 207194341 0 0
2.8e-09 2.75 3.3125 0 227169285 1 0 226971392 1 0
2.8e-09 1.82812 2.39062 0 208706482 5 0 208713656 0 0
2.8e-09 2.35938 2.92188 0 257757548 0 12 257916327 0 19
2.8e-09 2.1875 2.75 0 196896770 1 1 196971374 8 8
2.8e-09 1.8125 2.375 0 216819479 2 0 216973782 0 0
2.8e-09 2.73438 3.29688 0 232592293 0 0 232487807 0 0
2.8e-09 2.125 2.51562 0 223102275 0 0 223063700 3 9
2.8e-09 2.35938 2.92188 0 254000811 2 3 253957928 0 3
2.8e-09 1.6875 2.25 0 204364342 1 1 204615968 0 0
2.8e-09 1.79688 2.35938 0 223628705 0 0 223390216 9 6
2.8e-09 2.09375 2.5 0 232450496 4 16 232177673 1 0
2.8e-09 1.875 2.4375 0 259484532 0 0 259409681 6 0
2.8e-09 2.07812 2.48438 0 239467870 0 0 239495179 4 22
2.8e-09 1.6875 2.25 0 204634699 0 2 204621012 0 0
2.8e-09 2.34375 2.90625 0 199188806 2 2 199421075 0 0
2.8e-09 2.57812 2.98438 0 230958116 0 0 230871107 0 0
2.8e-09 1.78125 2.34375 0 229572886 1 0 229648562 7 13
2.8e-09 1.82812 2.39062 0 208470302 0 0 208420776 1 1
2.8e-09 2.1875 2.75 0 260060707 4 5 260168458 0 0
2.8e-09 2.09375 2.5 0 233761691 3 5 233833710 0 0
2.8e-09 2.25 2.8125 0 235188945 0 0 235120419 1 4
2.8e-09 1.75 2.3125 0 244796224 0 0 244832123 3 2
2.8e-09 1.73438 2.29688 0 250701408 0 0 250796473 2 1
2.8e-09 1.73438 2.29688 0 251497871 0 0 251573530 0 0
2.8e-09 2.75 3.3125 0 225694400 5 0 225453628 0 0
2.8e-09 1.8125 2.375 0 217474518 0 0 217365942 4 0
2.8e-09 1.75 2.3125 0 243643933 2 0 243876259 3 4
2.8e-09 2.20312 2.76562 0 252453832 0 2 252501542 2 5
2.8e-09 2.25 2.8125 0 236710702 4 0 236831750 0 0
2.8e-09 1.71875 2.28125 0 257466124 1 2 257385673 6 0
2.8e-09 2.15625 2.5625 0 209081512 0 26 208884321 6 9
2.8e-09 2.28125 2.84375 0 224333403 0 0 224044628 2 20
2.8e-09 1.76562 2.32812 0 237756735 0 0 237890595 2 8
2.8e-09 2.1875 2.75 0 199149241 3 3 199103678 0 0
2.8e-09 1.82812 2.39062 0 211761838 5 15 211900475 0 0
2.8e-09 2.10938 2.51562 0 226341567 1 10 226226614 1 0
2.8e-09 1.79688 2.35938 0 220250127 0 0 220136177 4 3
2.8e-09 2.57812 2.98438 0 231029965 0 0 230995934 3 14
2.8e-09 2.57812 2.98438 0 232451874 0 0 232321842 2 15
2.8e-09 2.35938 2.92188 0 258829699 0 8 258533272 0 0
2.8e-09 2.35938 2.92188 0 259214498 3 7 259480921 0 0
2.8e-09 2.26562 2.82812 0 230774061 0 0 230694059 1 38
2.8e-09 2.25 2.8125 0 235883707 8 0 236015117 5 0
2.8e-09 2.20312 2.76562 0 253296971 6 5 253109839 6 14
2.8e-09 2.10938 2.51562 0 227562256 0 0 227344145 0 0
2.8e-09 2.14062 2.53125 0 216522576 1 8 216596914 3 9
2.8e-09 1.8125 2.375 0 216648266 1 1 216806833 9 6
2.8e-09 1.6875 2.25 0 205030727 0 0 204912679 0 2
2.8e-09 2.23438 2.79688 0 241196355 8 2 241464200 2 30
2.8e-09 2.70312 3.26562 0 243390475 2 1 243634930 0 0
2.8e-09 2.57812 2.98438 0 229528418 1 0 229486908 2 35
2.8e-09 2.3125 2.875 0 206586289 5 0 206729575 0 0
2.8e-09 2.67188 3.07812 0 257508551 9 5 257488554 1 0
2.8e-09 1.6875 2.23438 0 206377014 0 27 206470530 2 0
2.8e-09 2.35938 2.92188 0 258090744 1 2 257757877 4 11
2.8e-09 1.79688 2.35938 0 220324993 4 2 220289978 2 2
2.8e-09 2.15625 2.5625 0 205288181 0 0 204979265 0 0
2.8e-09 1.76562 2.32812 0 238496348 0 0 238619457 1 0
2.8e-09 1.84375 2.39062 0 207849689 1 0 207860286 5 4
2.8e-09 1.89062 2.45312 0 254165862 1 7 254345698 1 0
2.8e-09 1.89062 2.45312 0 249824177 1 0 250048712 3 9
2.8e-09 2.21875 2.78125 0 245176005 0 0 244831008 0 14
2.8e-09 1.76562 2.32812 0 239059836 2 1 238931973 7 4
2.8e-09 2.09375 2.48438 0 235229224 2 3 235254209 3 8
2.8e-09 1.71875 2.28125 0 258972665 1 0 259162577 2 29
2.8e-09 2.70312 3.26562 0 245626021 4 1 245506088 0 5
2.8e-09 1.79688 2.35938 0 225295089 0 0 225122938 1 2
2.8e-09 2.125 2.53125 0 220045380 3 0 220300193 0 1
2.8e-09 1.76562 2.32812 0 234186366 0 2 234200477 0 9
2.8e-09 2.29688 2.85938 0 213864856 2 0 214005350 4 1
2.8e-09 1.78125 2.34375 0 227129818 3 10 227181927 1 8
2.8e-09 1.89062 2.45312 0 253495447 6 1 253463183 12 2
2.8e-09 1.79688 2.35938 0 220234229 0 0 220287448 3 0
2.8e-09 2.21875 2.78125 0 245951505 1 0 245907467 0 6
2.8e-09 1.73438 2.29688 0 247403019 1 0 247309594 3 13
2.8e-09 1.79688 2.35938 0 220558366 0 2 220679900 0 0
2.8e-09 2.23438 2.79688 0 238673522 1 0 238175213 0 0
2.8e-09 2.07812 2.46875 0 241206352 0 16 240943723 13 2
2.8e-09 1.82812 2.39062 0 213020681 1 3 212819801 1 0
2.8e-09 1.70312 2.26562 0 199668896 9 3 199717766 0 0
2.8e-09 2.14062 2.53125 0 215586909 0 0 215595586 0 0
2.8e-09 1.78125 2.34375 0 227374292 7 5 227536865 6 7
2.8e-09 1.89062 2.45312 0 252434546 5 4 252492512 1 8
2.8e-09 1.8125 2.375 0 217184437 2 4 217121741 1 3
2.8e-09 2.59375 2.98438 0 227956515 2 0 227841416 7 15
2.8e-09 1.75 2.3125 0 243759751 2 11 243903497 3 4
2.8e-09 1.6875 2.25 0 203321057 3 4 203338899 1 3
2.8e-09 1.875 2.4375 0 256991069 1 7 257002756 4 12
2.8e-09 1.875 2.4375 0 258796374 0 3 258627196 1 0
2.8e-09 1.78125 2.34375 0 226619183 0 0 226552303 5 0
2.8e-09 2.125 2.53125 0 217985349 0 0 217959850 2 19
2.8e-09 2.10938 2.51562 0 224489753 3 3 224121920 1 2
2.8e-09 2.34375 2.90625 0 261927832 0 0 262011620 1 8
2.8e-09 2.28125 2.84375 0 219638798 0 0 219758171 0 0
2.8e-09 1.85938 2.42188 0 199294938 2 1 199288397 2 0
2.8e-09 1.84375 2.40625 0 202585505 0 0 202433616 1 0
2.8e-09 2.0625 2.46875 0 242875252 1 0 243122103 0 0
2.8e-09 2.125 2.53125 0 220442758 2 0 220541545 4 0
2.8e-09 2.15625 2.5625 0 208600494 2 2 208527768 3 4
2.8e-09 2.3125 2.875 0 208309529 6 14 208412985 9 3
2.8e-09 2.57812 2.98438 0 231964892 2 1 231745526 1 0
2.8e-09 1.71875 2.28125 0 253212274 0 0 253663804 1 2
2.8e-09 1.8125 2.375 0 216039296 3 1 215955627 0 0
2.8e-09 1.73438 2.29688 0 246429797 1 8 246381677 5 7
2.8e-09 1.8125 2.375 0 219664281 1 9 219599840 0 59
2.8e-09 2.67188 3.0625 0 197443726 1 0 197474591 3 2
2.8e-09 2.20312 2.76562 0 257277227 0 4 257337667 0 0
2.8e-09 2.21875 2.78125 0 247379607 0 0 247308640 0 0
2.8e-09 1.79688 2.34375 0 226125140 1 0 226068831 5 2
2.8e-09 2.40625 2.96875 0 236463433 2 1 236485849 1 0
2.8e-09 1.78125 2.34375 0 229971201 0 40 229829871 0 27
2.8e-09 2.6875 3.25 0 254606063 4 3 254223322 2 2
2.8e-09 2.23438 2.79688 0 241140793 3 0 240916617 0 0
2.8e-09 1.70312 2.26562 0 199679886 0 0 199548797 0 0
2.8e-09 1.85938 2.42188 0 197467147 0 0 197381061 4 4
2.8e-09 2.32812 2.89062 0 201884197 0 0 201995373 2 0
2.8e-09 2.59375 2.98438 0 226920169 1 2 226758214 1 0
2.8e-09 2.26562 2.82812 0 228819969 0 0 229100324 5 8
2.8e-09 1.70312 2.26562 0 261294470 2 0 261310137 5 1
2.8e-09 1.76562 2.32812 0 233596140 0 0 233758963 0 0
2.8e-09 2.15625 2.5625 0 206382181 2 51 206319426 0 7
2.8e-09 2.15625 2.54688 0 209184753 1 3 209362406 0 7
2.8e-09 2.14062 2.53125 0 216569547 0 0 216578875 2 2
2.8e-09 2.57812 2.98438 0 230206439 0 0 230461724 8 17
2.8e-09 1.6875 2.25 0 206047714 4 8 206088823 1 0
2.8e-09 1.71875 2.28125 0 259292224 4 1 259263276 3 9
2.8e-09 2.57812 2.98438 0 231137293 1 0 231136513 0 12
2.8e-09 2.09375 2.5 0 231522579 1 1 231369818 0 0
2.8e-09 1.75 2.3125 0 240487891 0 0 240688629 3 1
2.8e-09 1.6875 2.25 0 205686343 2 5 205729575 3 2
2.8e-09 2.20312 2.76562 0 254675401 8 6 254774150 4 9
2.8e-09 2.0625 2.46875 0 246747908 0 0 246869990 1 0
2.8e-09 1.79688 2.35938 0 222270388 0 0 222603204 1 14
2.8e-09 2.32812 2.89062 0 206042842 1 0 205982117 0 0
2.8e-09 1.79688 2.35938 0 225589696 0 0 225635497 9 7
2.8e-09 1.84375 2.40625 0 207331181 1 0 207322415 1 0
2.8e-09 1.78125 2.34375 0 230839970 2 25 230548982 1 1
2.8e-09 2.60938 3.01562 0 217575851 4 2 217725270 0 1
2.8e-09 2.71875 3.28125 0 238719712 1 7 238781805 0 0
2.8e-09 2.23438 2.79688 0 238825331 0 0 238704012 4 0
2.8e-09 1.89062 2.45312 0 252106608 11 6 252204621 0 2
2.8e-09 1.84375 2.40625 0 205076998 1 0 205147385 0 0
2.8e-09 2.71875 3.28125 0 240306080 1 0 240213602 0 3
2.8e-09 2.40625 2.96875 0 235968093 8 10 235583833 1 0
2.8e-09 2.28125 2.84375 0 218636930 2 4 218699584 3 0
2.8e-09 2.26562 2.82812 0 229702594 1 27 229504615 3 20
2.8e-09 1.82812 2.39062 0 211908523 0 0 211685919 0 0
2.8e-09 1.79688 2.35938 0 225583094 0 2 225780004 0 0
2.8e-09 1.6875 2.25 0 201724364 1 2 201536758 1 0
2.8e-09 1.79688 2.35938 0 220169943 0 0 220161413 5 0
2.8e-09 1.6875 2.25 0 204082105 0 0 204250063 4 6
2.8e-09 2.09375 2.48438 0 234986195 2 1 234797973 9 2
2.8e-09 2.59375 3 0 222543206 4 5 222616136 1 0
2.8e-09 1.70312 2.26562 0 199263149 2 1 199172201 1 0
2.8e-09 2.29688 2.85938 0 213220241 0 0 213328840 0 0
2.8e-09 2.3125 2.875 0 211540661 2 0 211525595 0 0
2.8e-09 2.64062 3.04688 0 205513191 2 2 205101418 0 0
2.8e-09 1.85938 2.42188 0 197520130 1 4 197320546 2 0
2.8e-09 2.35938 2.92188 0 257010262 0 0 257058406 1 2
2.8e-09 2.29688 2.84375 0 218300128 0 0 218405572 0 0
2.8e-09 2.57812 2.98438 0 228114689 0 0 228246756 1 0
2.8e-09 1.71875 2.28125 0 258752585 4 1 258517469 2 0
2.8e-09 1.71875 2.28125 0 253341410 5 1 253450398 6 0
2.8e-09 1.6875 2.25 0 201957665 1 1 202066348 0 3
2.8e-09 1.6875 2.25 0 203415599 0 21 203386401 1 7
2.8e-09 2.73438 3.29688 0 233005083 1 0 232946617 1 0
2.8e-09 1.78125 2.34375 0 231760685 1 1 231839810 0 3
2.8e-09 1.70312 2.26562 0 197609273 0 0 197795521 0 0
2.8e-09 2.76562 3.32812 0 219331464 2 0 219490453 0 2
2.8e-09 1.79688 2.35938 0 223892705 2 9 223892262 2 0
2.8e-09 1.70312 2.26562 0 196778544 5 0 196905998 0 0
2.8e-09 1.6875 2.25 0 201722880 2 0 201818158 5 5
2.8e-09 1.75 2.3125 0 242233681 4 1 242225245 1 2
2.8e-09 2.10938 2.5 0 227925263 1 1 228097226 1 0
2.8e-09 2.17188 2.5625 0 203695262 0 0 203794232 4 0
2.8e-09 2.67188 3.0625 0 196624761 0 0 196844342 1 0
2.8e-09 1.71875 2.28125 0 254640825 5 3 254793073 2 1
2.8e-09 2.23438 2.79688 0 241013048 0 0 240844938 0 0
2.8e-09 1.79688 2.35938 0 222897017 3 6 223020516 2 1
2.8e-09 1.70312 2.26562 0 198989503 5 2 198731382 3 0
2.8e-09 1.6875 2.25 0 201419964 4 3 201364112 4 9
2.8e-09 2.57812 2.98438 0 228836471 0 7 228819896 4 67
2.8e-09 1.70312 2.26562 0 200491913 2 2 200243225 5 2
2.8e-09 1.73438 2.29688 0 250845985 2 2 250450484 3 1
2.8e-09 1.73438 2.29688 0 247399707 0 0 247503957 2 0
2.8e-09 2.375 2.9375 0 249900494 2 0 250179274 1 0
2.8e-09 2.40625 2.96875 0 237775906 1 0 237655139 0 0
2.8e-09 2.0625 2.46875 0 244239785 1 0 244156744 4 7
2.8e-09 1.78125 2.34375 0 228264749 1 8 228078698 3 33
2.8e-09 2.57812 2.96875 0 233643359 2 0 233785050 0 0
2.8e-09 2.35938 2.92188 0 259242078 1 0 259546701 3 17
2.8e-09 1.73438 2.29688 0 251226250 2 0 251133361 0 0
2.8e-09 1.89062 2.45312 0 252355345 1 1 252300143 1 0
2.8e-09 1.71875 2.28125 0 256730334 0 0 256777357 1 5
2.8e-09 1.67188 2.23438 0 206680005 1 0 206626982 0 1
2.8e-09 1.70312 2.26562 0 199039151 1 3 199187202 0 0
2.8e-09 2.09375 2.5 0 233232685 1 5 233138468 1 14
2.8e-09 2.60938 3.01562 0 217961888 3 0 218007466 0 0
2.8e-09 2.39062 2.95312 0 244145408 1 0 243806897 2 0
2.8e-09 1.84375 2.40625 0 206742249 0 0 206839004 1 0
2.8e-09 2.34375 2.90625 0 199799098 0 0 200156364 2 0
2.8e-09 1.82812 2.39062 0 210407263 4 12 210299730 0 0
2.8e-09 1.79688 2.35938 0 222769049 1 0 222498729 1 0
2.8e-09 2.15625 2.5625 0 208686553 1 0 208764319 1 7
2.8e-09 2.14062 2.54688 0 213484739 0 1 213547298 1 0
2.8e-09 2.28125 2.84375 0 219989568 10 62 219793533 0 0
2.8e-09 2.26562 2.82812 0 229996376 1 0 230304462 3 0
2.8e-09 2.125 2.53125 0 219654284 1 0 219592987 2 0
2.8e-09 1.73438 2.29688 0 246604744 0 0 246466346 2 0
2.8e-09 2.23438 2.79688 0 243606774 1 0 244077630 2 52
2.8e-09 2.32812 2.89062 0 203066956 2 1 202891183 0 0
2.8e-09 1.75 2.29688 0 245967068 2 0 245926991 0 0
2.8e-09 1.76562 2.32812 0 233525502 0 0 233657680 9 3
2.8e-09 2.59375 3 0 225167218 11 10 225213169 1 33
2.8e-09 1.875 2.4375 0 259462396 2 0 259127983 2 2
2.8e-09 2.6875 3.25 0 254681209 0 0 254720948 1 0
2.8e-09 2.1875 2.75 0 259043393 4 10 258908155 0 0
2.8e-09 1.79688 2.35938 0 223869683 1 11 223751720 1 0
2.8e-09 2.75 3.3125 0 225373489 4 0 225169211 4 13
2.8e-09 2.14062 2.54688 0 212386285 1 1 212366284 2 32
2.8e-09 1.82812 2.39062 0 211609827 7 1 211542246 0 0
2.8e-09 1.85938 2.42188 0 199114944 0 9 199212370 1 6
2.8e-09 2.34375 2.90625 0 198010377 5 0 198215935 0 0
2.8e-09 1.6875 2.25 0 205983193 1 9 205951762 8 13
2.8e-09 1.6875 2.25 0 204564487 0 2 204551719 3 5
2.8e-09 2.28125 2.84375 0 222680306 2 3 222653265 1 0
2.8e-09 2.3125 2.875 0 206950870 2 0 206899120 2 3
2.8e-09 1.875 2.4375 0 260190573 0 2 260255428 10 3
2.8e-09 1.875 2.4375 0 257292986 1 0 257351696 0 0
2.8e-09 1.875 2.42188 0 262038528 0 0 262132769 0 6
2.8e-09 2.20312 2.76562 0 254158294 11 0 254120899 1 3
2.8e-09 2.35938 2.92188 0 258576251 1 0 258521156 0 0
2.8e-09 1.8125 2.375 0 216666054 3 43 216702035 9 15
2.8e-09 1.75 2.3125 0 241831331 3 26 242126261 1 13
2.8e-09 1.73438 2.29688 0 249951392 0 2 250049953 1 0
2.8e-09 2.26562 2.82812 0 228353320 3 0 228502627 0 1
2.8e-09 2.07812 2.46875 0 241836406 0 0 241580963 0 7
2.8e-09 2.26562 2.82812 0 225702364 2 0 225758189 0 0
2.8e-09 1.82812 2.39062 0 208714044 2 0 208820124 0 0
2.8e-09 2.1875 2.75 0 198538511 0 0 198483023 1 1
2.8e-09 2.125 2.53125 0 217157995 5 5 217197858 0 0
2.8e-09 1.75 2.3125 0 243265177 4 0 243158622 1 3
2.8e-09 1.76562 2.32812 0 235822841 2 1 235934456 2 0
2.8e-09 2.14062 2.54688 0 212186405 0 3 212318627 0 0
2.8e-09 1.71875 2.28125 0 257284854 0 0 257233366 1 0
2.8e-09 2.32812 2.89062 0 204493054 0 0 204426468 0 1
2.8e-09 1.70312 2.26562 0 197465821 6 4 197297249 1 0
2.8e-09 2.35938 2.92188 0 255253359 3 4 254880639 3 1
2.8e-09 2.20312 2.76562 0 254319739 4 0 254054844 3 11
2.8e-09 1.82812 2.39062 0 209886920 0 1 209949327 5 0
2.8e-09 1.70312 2.26562 0 260632434 5 5 260935692 1 2
2.8e-09 1.73438 2.29688 0 246875632 1 0 247115727 2 2
2.8e-09 2.70312 3.26562 0 245720896 3 0 245627033 0 0
2.8e-09 2.6875 3.07812 0 255809974 6 0 255232214 5 10
2.8e-09 2.125 2.51562 0 222353383 1 0 222249603 0 0
2.8e-09 2.23438 2.79688 0 242731410 4 2 242935094 3 2
2.8e-09 2.1875 2.75 0 261109007 1 10 261148398 0 13
2.8e-09 2.60938 3 0 219835614 0 0 219843834 1 0
2.8e-09 1.6875 2.25 0 205675573 2 0 205779038 1 0
2.8e-09 2.0625 2.45312 0 248300807 1 0 248328177 0 2
2.8e-09 2.71875 3.28125 0 241517900 0 0 241356895 2 3
2.8e-09 2.35938 2.90625 0 260051021 2 0 260090686 2 1
2.8e-09 2.59375 3 0 223598663 2 6 223444421 0 2
2.8e-09 1.71875 2.28125 0 256425575 2 0 256462117 2 0
2.8e-09 1.82812 2.39062 0 213061550 10 1 212886214 0 5
2.8e-09 1.89062 2.45312 0 253574949 5 1 253744858 0 0
2.8e-09 2.125 2.53125 0 220775565 0 0 220753101 2 1
2.8e-09 1.70312 2.26562 0 196993716 9 11 197195106 0 0
2.8e-09 2.32812 2.89062 0 201515729 5 5 201700645 1 1
2.8e-09 2.59375 3 0 224110553 5 4 224097917 0 0
2.8e-09 1.85938 2.40625 0 202033511 0 5 201968297 1 0
2.8e-09 2.65625 3.0625 0 198256108 0 0 198076390 1 0
2.8e-09 1.84375 2.40625 0 205370880 0 0 205291728 0 0
2.8e-09 2.29688 2.85938 0 213672268 4 5 213706334 0 0
2.8e-09 2.59375 3 0 222915141 5 10 222714252 3 4
2.8e-09 1.67188 2.23438 0 206829171 1 0 206871232 0 0
2.8e-09 2.26562 2.82812 0 229996077 0 0 230010462 6 0
2.8e-09 1.73438 2.29688 0 250139158 0 2 250211997 3 0
2.8e-09 2.625 3.01562 0 214629870 4 8 214772403 3 0
2.8e-09 2.15625 2.54688 0 210916946 2 2 210854179 0 0
2.8e-09 2.32812 2.89062 0 205722169 0 0 205842824 0 0
2.8e-09 1.78125 2.34375 0 229601877 0 0 229743388 2 0
2.8e-09 1.78125 2.34375 0 227907183 1 0 227831141 0 0
2.8e-09 1.70312 2.26562 0 261625297 0 18 261554346 2 0
2.8e-09 1.89062 2.45312 0 252717378 0 0 252980311 3 1
2.8e-09 2.29688 2.85938 0 217495412 0 0 217712920 1 0
2.8e-09 1.75 2.3125 0 243323333 1 2 243286410 3 3
2.8e-09 2.21875 2.78125 0 246661692 2 0 246932377 0 0
2.8e-09 2.10938 2.51562 0 225473500 3 2 225327118 1 1
2.8e-09 1.84375 2.40625 0 205823446 1 2 205953756 4 0
2.8e-09 2.09375 2.5 0 233420284 2 0 233309295 0 3
2.8e-09 1.78125 2.34375 0 232116843 11 15 232127316 0 0
2.8e-09 2.07812 2.48438 0 238875047 2 2 238889920 0 0
2.8e-09 2.07812 2.46875 0 241006188 2 36 240976892 0 0
2.8e-09 2.07812 2.48438 0 238450951 0 1 238438844 0 0
2.8e-09 2.25 2.8125 0 233484457 2 0 233463133 0 0
2.8e-09 1.76562 2.32812 0 232725805 0 0 232716429 7 6
2.8e-09 2.34375 2.90625 0 199910799 4 0 199725565 0 0
2.8e-09 1.71875 2.28125 0 255674956 1 3 255573611 1 0
2.8e-09 1.85938 2.42188 0 197966938 2 25 197821372 1 0
2.8e-09 2.29688 2.85938 0 217008340 3 0 216891361 1 0
2.8e-09 1.6875 2.25 0 206296892 0 0 206225375 0 0
2.8e-09 1.875 2.4375 0 255369549 4 3 255251059 0 0
2.8e-09 2.26562 2.82812 0 227782697 0 1 227802451 2 3
2.8e-09 2.21875 2.76562 0 251257810 0 0 251191670 4 4
2.8e-09 1.70312 2.26562 0 261397330 1 0 261319099 5 2
2.8e-09 2.15625 2.5625 0 206629578 2 4 206622701 1 0
2.8e-09 1.75 2.3125 0 240894565 3 16 240868286 0 0
2.8e-09 1.76562 2.32812 0 235112067 0 11 235079643 11 2
2.8e-09 1.82812 2.39062 0 213413828 1 0 213416811 0 0
2.8e-09 1.79688 2.35938 0 223763630 5 2 223950838 1 3
2.8e-09 2.07812 2.48438 0 239223612 0 0 239101373 8 7
2.8e-09 2.625 3.03125 0 212507702 0 0 212701975 0 0
2.8e-09 1.8125 2.35938 0 219941921 0 8 219789294 2 0
2.8e-09 1.875 2.4375 0 260247319 0 0 260314266 0 1
2.8e-09 1.71875 2.28125 0 259715226 0 0 259433240 0 0
2.8e-09 2.29688 2.85938 0 215306753 2 0 215290397 3 2
2.8e-09 2.1875 2.75 0 258548433 2 0 258640611 0 0
2.8e-09 2.26562 2.82812 0 227286789 0 0 227658992 4 12
2.8e-09 2.28125 2.84375 0 219012951 2 0 219126708 2 11
2.8e-09 2.29688 2.85938 0 213701027 2 0 213816275 1 0
2.8e-09 1.82812 2.39062 0 210436424 2 2 210395266 0 0
2.8e-09 2.0625 2.46875 0 245510111 6 5 245468997 6 3
2.8e-09 2.57812 2.96875 0 232775067 2 4 232843812 1 0
2.8e-09 1.84375 2.40625 0 205421716 2 2 205158810 0 0
2.8e-09 2.14062 2.54688 0 211126155 0 0 211008662 0 0
2.8e-09 2.28125 2.84375 0 219076772 3 0 219133244 0 0
2.8e-09 2.09375 2.5 0 231226087 1 21 231014895 9 0
2.8e-09 2.32812 2.89062 0 205973308 0 29 206004743 0 0
2.8e-09 1.6875 2.25 0 201285132 0 0 201253290 1 5
2.8e-09 1.78125 2.34375 0 231058175 1 5 230968100 9 2
2.8e-09 1.75 2.3125 0 242587145 0 0 242575454 7 22
2.8e-09 1.875 2.4375 0 259259204 0 0 259014462 1 0
2.8e-09 1.76562 2.32812 0 236309594 0 6 235985248 4 23
2.8e-09 2.17188 2.5625 0 203813170 3 3 203653057 2 0
2.8e-09 2.32812 2.89062 0 204059311 1 0 204112279 0 1
2.8e-09 1.82812 2.39062 0 209423675 0 1 209483053 0 0
2.8e-09 1.82812 2.39062 0 212486842 4 3 212602929 0 1
2.8e-09 1.73438 2.29688 0 246310344 4 10 246366574 0 4
2.8e-09 1.71875 2.28125 0 259703189 5 3 259678753 0 0
2.8e-09 1.6875 2.25 0 205338264 0 2 205332812 0 0
2.8e-09 2.15625 2.5625 0 207645870 0 0 207831847 1 2
2.8e-09 1.70312 2.26562 0 197160918 6 2 197259619 1 1
2.8e-09 2.0625 2.46875 0 243206934 1 2 243566123 4 2
2.8e-09 1.67188 2.23438 0 206722495 2 3 206797100 4 0
2.8e-09 2.25 2.8125 0 234422794 0 0 234348701 6 3
2.8e-09 2.3125 2.875 0 209660039 0 0 209546967 3 7
2.8e-09 1.67188 2.23438 0 207584064 0 2 207596387 7 3
2.8e-09 1.75 2.3125 0 241017918 2 10 240803524 0 0
2.8e-09 2.39062 2.95312 0 241171903 1 2 241358134 5 20
2.8e-09 2.34375 2.89062 0 200774385 0 0 200872064 1 1
2.8e-09 2.32812 2.89062 0 201993524 1 2 202011215 0 0
2.8e-09 1.79688 2.35938 0 223711181 1 1 223836954 2 0
2.8e-09 1.6875 2.25 0 205521134 8 2 205459280 7 5
2.8e-09 2.57812 2.98438 0 230895530 0 0 230784120 0 5
2.8e-09 2.3125 2.875 0 207834450 0 0 207896602 0 0
2.8e-09 1.82812 2.39062 0 208715789 1 9 208734772 6 12
2.8e-09 2.23438 2.79688 0 242830168 0 0 242762788 6 4
2.8e-09 2.1875 2.75 0 197865958 0 2 197887782 0 0
2.8e-09 2.29688 2.85938 0 213794393 0 5 213856162 0 0
2.8e-09 2.6875 3.07812 0 256638890 1 12 256578272 3 0
2.8e-09 1.84375 2.40625 0 206580615 0 0 206502714 5 13
2.8e-09 2.32812 2.89062 0 205450954 0 0 205658649 4 19
2.8e-09 2.20312 2.76562 0 258084649 0 0 257938786 3 7
2.8e-09 2.40625 2.96875 0 238161097 4 6 238370269 0 0
2.8e-09 1.73438 2.29688 0 250027233 2 12 250068714 1 0
2.8e-09 1.79688 2.35938 0 222104268 0 2 222104018 3 1
2.8e-09 1.85938 2.42188 0 200022509 9 2 200093115 0 0
2.8e-09 1.875 2.4375 0 255238998 4 19 255176284 0 0
2.8e-09 1.71875 2.28125 0 255038579 7 11 254992694 3 20
2.8e-09 1.67188 2.23438 0 206950901 0 12 206855501 2 10
2.8e-09 1.73438 2.29688 0 247758046 0 0 247713483 1 0
2.8e-09 1.71875 2.28125 0 256076603 3 5 256097731 6 1
2.8e-09 1.70312 2.26562 0 199671116 1 0 199595393 2 0
2.8e-09 1.76562 2.32812 0 234152324 1 1 234151628 2 4
2.8e-09 1.75 2.3125 0 245079502 3 4 245153961 11 14
2.8e-09 2.28125 2.84375 0 221970972 0 3 221958565 0 0
2.8e-09 1.84375 2.40625 0 207118204 1 2 207018374 0 0
2.8e-09 2.70312 3.26562 0 245130208 6 4 244883345 3 0
2.8e-09 2.23438 2.79688 0 243455161 0 0 243581433 1 2
2.8e-09 2.32812 2.89062 0 205412997 0 5 205635551 2 0
2.8e-09 1.82812 2.39062 0 209072465 9 3 209072176 2 3
2.8e-09 2.625 3.03125 0 210887518 1 0 211142164 2 0
2.8e-09 2.64062 3.03125 0 208531872 1 23 208569743 3 0
2.8e-09 1.75 2.3125 0 243105869 2 0 243242671 0 0
2.8e-09 2.375 2.9375 0 252580681 5 1 252239519 0 0
2.8e-09 1.73438 2.28125 0 253011033 5 1 253111402 0 0
2.8e-09 1.71875 2.28125 0 256624237 0 14 256767992 2 0
2.8e-09 2.625 3.03125 0 211099454 0 8 211288682 0 0
2.8e-09 1.73438 2.29688 0 246631540 3 2 246716847 0 0
2.8e-09 2.17188 2.5625 0 204570599 0 0 204594290 0 0
2.8e-09 2.23438 2.79688 0 242852648 6 1 242749787 10 15
2.8e-09 2.59375 3 0 225330558 2 0 225170226 5 1
2.8e-09 1.85938 2.42188 0 199117766 0 0 199074536 4 2
2.8e-09 2.10938 2.51562 0 225591252 1 0 225655985 2 0
2.8e-09 1.76562 2.32812 0 233388225 1 0 233388796 0 5
2.8e-09 1.84375 2.40625 0 202880577 8 8 202710808 0 0
2.8e-09 1.79688 2.35938 0 224448407 0 8 224307412 2 9
2.8e-09 1.76562 2.32812 0 234433123 1 0 234548128 2 2
2.8e-09 1.84375 2.39062 0 207750404 1 0 207654601 0 4
2.8e-09 1.78125 2.34375 0 228607752 1 7 228453568 1 0
2.8e-09 1.82812 2.39062 0 211228347 3 0 211398444 5 0
2.8e-09 1.8125 2.375 0 214148961 2 0 213948537 2 5
2.8e-09 2.32812 2.89062 0 201646264 0 0 201444579 0 0
2.8e-09 1.85938 2.42188 0 197898287 0 10 197558251 0 0
2.8e-09 1.8125 2.375 0 217718963 0 0 217546143 0 0
2.8e-09 1.71875 2.28125 0 255083469 0 2 255110426 0 3
2.8e-09 1.6875 2.25 0 205461003 0 0 205482779 3 6
2.8e-09 2.64062 3.03125 0 207730275 2 0 207792135 1 7
2.8e-09 1.84375 2.40625 0 205162209 3 0 205018010 7 6
2.8e-09 1.79688 2.35938 0 225769544 0 0 225745060 1 2
2.8e-09 2.15625 2.5625 0 208834474 1 1 208979959 3 14
2.8e-09 1.79688 2.35938 0 222918479 3 1 223112935 1 0
2.8e-09 1.71875 2.28125 0 256885355 0 0 256910502 5 29
2.8e-09 1.70312 2.26562 0 199245824 4 0 199238285 1 18
2.8e-09 2.07812 2.48438 0 239879873 0 3 239828839 4 15
2.8e-09 1.6875 2.25 0 203312774 0 0 203394529 9 4
2.8e-09 2.39062 2.9375 0 245994101 0 0 245838523 8 21
2.8e-09 2.29688 2.85938 0 214087311 2 9 213892224 1 0
2.8e-09 2.14062 2.54688 0 214697526 1 0 214760884 4 1
2.8e-09 1.8125 2.375 0 214073242 0 1 214291655 2 0
2.8e-09 2.09375 2.48438 0 235505618 0 1 235535916 2 2
2.8e-09 1.78125 2.34375 0 228993545 0 0 228933374 4 2
2.8e-09 2.21875 2.78125 0 245879513 1 0 245885542 4 0
2.8e-09 2.10938 2.5 0 227646958 0 0 227566362 0 0
2.8e-09 1.67188 2.23438 0 207166112 5 0 207124521 0 2
2.8e-09 1.875 2.4375 0 255349930 2 2 255438572 4 1
2.8e-09 1.73438 2.28125 0 252833227 1 0 252877161 1 12
2.8e-09 2.09375 2.5 0 231808625 4 3 232023320 1 0
2.8e-09 2.0625 2.46875 0 245950452 1 0 246100952 1 0
2.8e-09 2.25 2.8125 0 234367848 2 0 234324423 2 0
2.8e-09 1.82812 2.39062 0 209149340 0 0 209232225 4 14
2.8e-09 2.35938 2.92188 0 257608615 0 1 257455207 2 0
2.8e-09 1.70312 2.26562 0 261253589 0 0 261388967 7 1
2.8e-09 2.07812 2.48438 0 240155689 0 9 240242295 3 0
2.8e-09 1.84375 2.40625 0 206627547 0 0 206695782 0 14
2.8e-09 2.375 2.9375 0 250307603 5 9 250231368 2 21
2.8e-09 2.26562 2.82812 0 228995036 4 0 229110032 3 5
2.8e-09 2.15625 2.5625 0 208870069 0 0 208867717 4 4
2.8e-09 1.78125 2.34375 0 230605788 0 11 230721408 5 0
2.8e-09 2.17188 2.73438 0 202396087 0 4 202206120 1 1
2.8e-09 2.17188 2.73438 0 201819755 0 0 201737530 0 0
2.8e-09 2.59375 3 0 223004603 7 6 222858818 8 30
2.8e-09 1.75 2.3125 0 245480984 4 5 245418486 1 0
2.8e-09 1.78125 2.34375 0 226879178 1 2 226861367 0 0
2.8e-09 1.8125 2.375 0 213920111 3 1 214017225 2 10
2.8e-09 1.78125 2.34375 0 229762210 1 0 229587758 2 12
2.8e-09 2.625 3.03125 0 209845090 2 0 209565128 7 5
2.8e-09 2.25 2.8125 0 236071101 6 3 236190158 1 0
2.8e-09 2.09375 2.5 0 233762591 6 6 233557874 0 0
2.8e-09 2.25 2.8125 0 232491869 0 0 232519978 1 0
2.8e-09 1.71875 2.28125 0 256434494 4 0 256289281 3 2
2.8e-09 2.1875 2.75 0 197917529 4 7 197953686 2 5
2.8e-09 2.73438 3.29688 0 232568231 5 10 232740801 1 2
2.8e-09 2.625 3.03125 0 211625860 0 0 211742670 0 0
2.8e-09 2.07812 2.46875 0 240860754 1 0 240753124 0 3
2.8e-09 1.6875 2.23438 0 206469654 1 18 206456898 2 3
2.8e-09 2.20312 2.76562 0 257027988 4 1 257078966 2 1
2.8e-09 2.125 2.53125 0 219006486 0 0 219034557 2 0
2.8e-09 1.71875 2.28125 0 259483018 0 0 259507743 4 2
2.8e-09 2.34375 2.90625 0 197276890 1 2 197236037 1 5
2.8e-09 1.875 2.4375 0 255405856 1 0 255528672 0 3
2.8e-09 2.20312 2.76562 0 257980157 0 0 257894508 2 1
2.8e-09 2.0625 2.45312 0 249569752 0 0 249398020 2 1
2.8e-09 1.6875 2.25 0 203184892 2 0 203090724 0 0
2.8e-09 2.32812 2.89062 0 206042923 0 0 205841987 8 18
2.8e-09 2.10938 2.51562 0 225412307 2 0 225607666 3 0
2.8e-09 2.17188 2.5625 0 204653726 3 7 204588237 1 3
2.8e-09 1.78125 2.34375 0 231061388 1 0 230886199 3 2
2.8e-09 2.25 2.8125 0 233050077 0 0 232848884 2 3
2.8e-09 2.3125 2.875 0 211659252 5 5 211749007 2 4
2.8e-09 2.60938 3.01562 0 219339930 1 0 219323069 6 1
2.8e-09 2.14062 2.54688 0 213858191 1 0 213946383 1 21
2.8e-09 2.0625 2.45312 0 248092137 7 11 248116033 2 1
2.8e-09 2.35938 2.90625 0 260158016 4 0 260553401 3 3
2.8e-09 1.75 2.3125 0 242844309 1 0 242867679 10 4
2.8e-09 2.25 2.79688 0 237661892 0 0 237648436 5 51
2.8e-09 2.59375 3 0 224734223 5 1 224998947 0 0
2.8e-09 1.8125 2.375 0 217527467 1 10 217523143 1 0
2.8e-09 1.75 2.3125 0 243685979 1 0 243524247 3 1
2.8e-09 2.15625 2.5625 0 206029286 4 3 205841781 2 0
2.8e-09 2.14062 2.54688 0 214419131 4 0 214333114 1 4
2.8e-09 1.6875 2.25 0 201778549 0 0 201931068 7 19
2.8e-09 1.71875 2.28125 0 256236558 1 14 255982664 5 2
2.8e-09 2.1875 2.75 0 260490310 2 0 260391180 4 0
2.8e-09 1.76562 2.32812 0 236777846 5 9 236651128 0 0
2.8e-09 2.23438 2.79688 0 239645151 0 0 239612333 4 2
2.8e-09 2.10938 2.51562 0 226374928 1 0 226566761 0 0
2.8e-09 2.25 2.8125 0 232980174 0 0 232535046 9 2
2.8e-09 2.65625 3.04688 0 203519730 4 15 203510867 2 3
2.8e-09 1.75 2.3125 0 239785724 3 14 240046476 5 1
2.8e-09 2.625 3.03125 0 211501733 3 1 211343394 1 6
2.8e-09 2.10938 2.51562 0 224909343 2 3 225004575 10 13
2.8e-09 2.64062 3.04688 0 205725614 0 0 205737741 0 25
2.8e-09 2.15625 2.5625 0 207008006 0 5 206906868 4 2
2.8e-09 2.32812 2.89062 0 201944837 10 14 201697893 0 0
2.8e-09 1.79688 2.35938 0 220749990 1 0 220849499 2 2
2.8e-09 2.25 2.8125 0 234582524 17 22 234586104 0 2
2.8e-09 2.1875 2.75 0 198602681 6 2 199031869 0 0
2.8e-09 2.1875 2.75 0 260839765 0 0 260701870 3 33
2.8e-09 2.25 2.8125 0 233660555 2 1 233548729 0 0
2.8e-09 2.20312 2.76562 0 257721162 2 1 257933495 0 6
2.8e-09 2.57812 2.98438 0 229740088 0 0 229872538 6 2
2.8e-09 1.70312 2.26562 0 199610708 0 0 199703325 0 0
2.8e-09 2.6875 3.07812 0 256265421 1 0 256208184 0 0
2.8e-09 1.76562 2.32812 0 233210600 2 0 233247842 2 11
2.8e-09 2.625 3.03125 0 209918951 1 0 210239836 0 0
2.8e-09 1.76562 2.32812 0 238658491 2 3 238745907 3 4
2.8e-09 1.76562 2.32812 0 234450901 0 1 234484459 0 0
2.8e-09 2.09375 2.48438 0 235500258 2 1 235335584 0 0
2.8e-09 1.875 2.4375 0 260925977 1 0 260883523 6 4
2.8e-09 2.28125 2.84375 0 223196863 3 3 223308549 0 0
2.8e-09 2.17188 2.73438 0 200707054 2 0 200949826 0 0
2.8e-09 1.70312 2.26562 0 260452078 4 2 260494327 1 39
2.8e-09 2.21875 2.78125 0 246876201 2 0 246964770 0 0
2.8e-09 1.78125 2.34375 0 228797146 0 2 228918099 2 0
2.8e-09 1.71875 2.28125 0 259743375 0 0 259890591 1 24
2.8e-09 2.26562 2.82812 0 230595508 7 19 230431806 2 2
2.8e-09 2.23438 2.79688 0 239442326 5 0 239672548 6 1
2.8e-09 2.25 2.79688 0 237528178 0 0 237488634 5 0
2.8e-09 2.07812 2.48438 0 239650618 5 21 239606021 0 0
2.8e-09 2.29688 2.85938 0 218107667 1 0 218258712 0 1
2.8e-09 2.1875 2.75 0 259874621 3 0 259729078 0 0
2.8e-09 1.89062 2.45312 0 249873035 0 0 249900713 0 0
2.8e-09 2.67188 3.07812 0 256871808 1 6 256953948 8 3
2.8e-09 1.79688 2.35938 0 220191241 0 13 220022934 1 0
2.8e-09 1.6875 2.25 0 203140920 0 0 203335845 2 7
2.8e-09 1.78125 2.34375 0 230269281 0 5 230099518 1 1
2.8e-09 2.14062 2.54688 0 211580038 1 0 211710372 2 1
2.8e-09 2.375 2.9375 0 251871770 2 2 251817222 0 9
2.8e-09 2.625 3.03125 0 209688565 2 0 209738340 0 6
2.8e-09 2.57812 2.98438 0 229621008 0 0 229769680 11 12
2.8e-09 1.89062 2.45312 0 250474151 3 1 250321874 8 4
2.8e-09 2.1875 2.75 0 198585221 3 1 198718467 4 0
2.8e-09 1.75 2.3125 0 239474052 0 0 239391011 0 0
2.8e-09 1.70312 2.26562 0 200388630 4 1 200467193 4 4
2.8e-09 1.85938 2.42188 0 200609938 0 0 200596433 3 6
2.8e-09 1.79688 2.35938 0 221132388 2 1 220879429 2 0
2.8e-09 1.8125 2.375 0 215103215 5 6 215049103 0 0
2.8e-09 2.14062 2.54688 0 212047632 0 0 212370177 0 0
2.8e-09 1.73438 2.28125 0 252988914 1 0 252869735 2 3
2.8e-09 1.875 2.4375 0 258072873 0 1 257806974 1 0
2.8e-09 2.73438 3.28125 0 235931918 2 3 235966679 4 0
2.8e-09 2.39062 2.95312 0 242762430 2 12 242592624 6 2
2.8e-09 2.29688 2.85938 0 216757164 4 3 216891326 2 0
2.8e-09 2.3125 2.875 0 207232022 1 0 207254213 0 0
2.8e-09 2.20312 2.76562 0 255273151 0 0 255345975 8 6
2.8e-09 2.28125 2.84375 0 221123724 0 1 221184708 6 8
2.8e-09 1.875 2.4375 0 256334162 1 3 256201048 0 0
2.8e-09 2.125 2.53125 0 219391717 0 6 219232390 0 7
2.8e-09 2.375 2.9375 0 249241792 0 0 249184893 0 0
2.8e-09 2.29688 2.85938 0 217829968 0 0 217777549 2 13
2.8e-09 1.76562 2.32812 0 236221544 0 0 236216289 5 2
2.8e-09 2.09375 2.48438 0 234387150 2 1 234320409 2 3
2.8e-09 2.625 3.03125 0 210555743 20 9 210337765 0 0
2.8e-09 2.70312 3.26562 0 248232681 5 10 248654549 0 0
2.8e-09 2.0625 2.46875 0 247104746 1 2 247183989 4 1
2.8e-09 1.8125 2.375 0 218297956 1 0 218221006 4 9
2.8e-09 2.75 3.3125 0 226285123 5 2 226265562 3 1
2.8e-09 1.73438 2.29688 0 250671027 4 10 250903432 2 0
2.8e-09 2.07812 2.46875 0 242586066 6 21 242646283 4 5
2.8e-09 1.70312 2.26562 0 260808609 3 0 260626354 2 0
2.8e-09 2.15625 2.5625 0 207978187 0 0 208028230 1 0
2.8e-09 1.70312 2.26562 0 262045952 0 0 262085713 1 0
2.8e-09 2.09375 2.5 0 230290093 5 1 230378956 1 8
2.8e-09 2.3125 2.85938 0 212182050 0 1 212295521 0 1
2.8e-09 1.85938 2.42188 0 198027494 3 0 197986923 0 0
2.8e-09 2.57812 2.98438 0 231950922 4 0 232234977 0 0
2.8e-09 1.8125 2.375 0 214655288 3 1 214615097 1 0
2.8e-09 2.07812 2.48438 0 239854959 0 0 239875057 1 0
2.8e-09 2.21875 2.78125 0 250090851 0 0 250280473 5 0
2.8e-09 2.25 2.8125 0 236480209 0 0 236539062 0 0
2.8e-09 1.6875 2.23438 0 206557402 0 3 206538684 3 13
2.8e-09 1.875 2.4375 0 257924389 0 0 257949313 0 4
2.8e-09 1.73438 2.29688 0 248929565 2 0 249087310 0 0
2.8e-09 2.70312 3.26562 0 245116305 3 0 245513055 0 0
2.8e-09 2.26562 2.82812 0 230428178 1 3 230178072 3 11
2.8e-09 1.70312 2.26562 0 199947883 2 0 199896839 1 6
2.8e-09 2.20312 2.76562 0 254418003 0 4 254256423 8 1
2.8e-09 1.79688 2.35938 0 225236654 3 0 225386996 0 0
2.8e-09 1.70312 2.26562 0 198698152 0 9 198584564 1 0
2.8e-09 2.29688 2.85938 0 218074858 4 0 217993351 1 0
2.8e-09 2.64062 3.04688 0 206877363 0 0 206783124 2 0
2.8e-09 1.78125 2.34375 0 229623508 0 0 229681578 1 0
2.8e-09 1.79688 2.35938 0 222977642 1 0 222916628 0 0
2.8e-09 1.84375 2.40625 0 203284720 1 7 203301127 8 2
2.8e-09 1.8125 2.375 0 217872018 0 0 217881184 4 28
2.8e-09 1.70312 2.26562 0 198866632 9 12 198765619 2 1
2.8e-09 2.17188 2.5625 0 204532991 0 0 204388972 2 5
2.8e-09 2.17188 2.73438 0 202910853 0 0 202897395 1 3
2.8e-09 1.70312 2.26562 0 199718207 0 0 199663914 1 2
2.8e-09 2.59375 2.98438 0 226900145 0 3 226927900 0 1
2.8e-09 1.67188 2.23438 0 206456273 1 12 206558228 0 0
2.8e-09 2.1875 2.75 0 259010426 0 0 258839138 1 8
2.8e-09 2.0625 2.46875 0 243689951 0 0 243662619 7 1
2.8e-09 2.14062 2.54688 0 214194707 1 0 214244272 0 0
2.8e-09 2.35938 2.92188 0 254357435 2 0 254345626 2 1
2.8e-09 2.57812 2.98438 0 228324970 4 49 228706242 2 0
2.8e-09 2.29688 2.85938 0 214063613 2 3 214076917 2 7
2.8e-09 2.375 2.9375 0 251358461 1 0 251230020 5 0
2.8e-09 1.82812 2.39062 0 208890637 0 3 208808099 7 29
2.8e-09 2.26562 2.82812 0 225082903 0 0 225287832 3 1
2.8e-09 2.57812 2.98438 0 231155617 5 2 231031133 3 3
2.8e-09 1.85938 2.42188 0 200864500 0 0 200854601 3 7
2.8e-09 2.64062 3.04688 0 207509918 0 13 207455627 0 0
2.8e-09 1.78125 2.34375 0 231215944 3 3 231175622 1 0
2.8e-09 2.28125 2.84375 0 222017729 0 28 221966185 1 17
2.8e-09 2.3125 2.875 0 209445195 1 3 209290835 1 0
2.8e-09 1.71875 2.28125 0 254187644 0 0 253999387 1 0
2.8e-09 1.6875 2.25 0 202217768 4 17 202333211 0 1
2.8e-09 2.3125 2.875 0 211045574 4 0 211065971 5 45
2.8e-09 2.20312 2.76562 0 255199001 1 1 255337630 3 4
2.8e-09 2.57812 2.96875 0 234173594 1 8 234447115 8 7
2.8e-09 1.71875 2.28125 0 253173253 0 1 253217878 1 0
2.8e-09 2.25 2.8125 0 236680594 0 3 236706828 6 15
2.8e-09 2.125 2.53125 0 217522229 0 4 217678242 0 0
2.8e-09 1.84375 2.40625 0 205460250 1 5 205426011 0 0
2.8e-09 2.0625 2.46875 0 242963070 6 0 243002593 1 0
2.8e-09 2.65625 3.0625 0 200330564 1 1 200470176 0 0
2.8e-09 2.25 2.79688 0 237590468 0 9 237502452 6 27
2.8e-09 2.07812 2.48438 0 239465541 3 12 239238872 2 0
2.8e-09 2.35938 2.92188 0 258985172 0 0 259344007 0 0
2.8e-09 1.67188 2.23438 0 207750666 2 3 207781586 1 3
2.8e-09 1.89062 2.45312 0 250147326 2 3 250009925 1 1
2.8e-09 2.15625 2.54688 0 210101413 1 0 210017671 1 0
2.8e-09 2.10938 2.51562 0 225845354 1 0 225680489 1 4
2.8e-09 2.0625 2.46875 0 243969161 0 0 244139256 0 6
2.8e-09 1.89062 2.45312 0 250036478 5 9 250036556 1 7
2.8e-09 2.17188 2.73438 0 200728958 0 0 200668821 2 2
2.8e-09 2.6875 3.07812 0 256159266 0 0 256283016 0 0
2.8e-09 1.79688 2.35938 0 225324995 1 1 225411116 1 8
2.8e-09 2.17188 2.73438 0 201143111 0 0 201252418 3 0
2.8e-09 2.57812 2.98438 0 228321136 2 0 228422540 5 0
2.8e-09 1.76562 2.32812 0 233777977 4 0 233834730 2 0
2.8e-09 1.75 2.3125 0 242334297 1 1 242486073 5 0
2.8e-09 1.76562 2.32812 0 236760686 1 0 236807518 2 36
2.8e-09 1.75 2.3125 0 245597798 0 29 245663376 4 1
2.8e-09 1.6875 2.25 0 203574113 0 0 203594076 2 0
2.8e-09 2.17188 2.73438 0 203003787 0 0 203071175 0 2
2.8e-09 2.57812 2.98438 0 229865740 4 0 229795103 0 0
2.8e-09 2.17188 2.73438 0 200091510 0 0 200223753 1 0
2.8e-09 1.70312 2.26562 0 261683872 2 5 261681686 0 0
2.8e-09 2.0625 2.46875 0 245234029 11 4 245485075 0 19
2.8e-09 2.73438 3.29688 0 233507886 3 1 233544235 1 0
2.8e-09 1.82812 2.39062 0 210575701 0 0 210599387 0 0
2.8e-09 2.23438 2.79688 0 244151457 8 8 243972581 0 4
2.8e-09 2.71875 3.28125 0 238635135 0 3 238792419 0 0
2.8e-09 2.0625 2.45312 0 249472943 0 0 249493364 0 1
2.8e-09 1.6875 2.25 0 202098689 0 0 202257089 0 0
2.8e-09 2.20312 2.76562 0 252214497 3 0 252341669 0 1
2.8e-09 1.6875 2.25 0 206153400 2 0 206098225 8 26
2.8e-09 1.84375 2.40625 0 205724891 1 0 205607457 2 5
2.8e-09 2.60938 3 0 221587843 0 2 221504089 0 4
2.8e-09 2.28125 2.84375 0 223774000 3 10 223732341 0 0
2.8e-09 2.09375 2.5 0 233497803 6 28 233703211 4 2
2.8e-09 1.875 2.4375 0 255391030 0 1 255443778 4 1
2.8e-09 2.60938 3 0 220637953 0 0 220636599 0 7
2.8e-09 2.3125 2.875 0 210479613 0 9 210532178 5 12
2.8e-09 2.40625 2.96875 0 235693754 5 1 235453812 0 0
2.8e-09 2.6875 3.25 0 251950470 4 0 252055785 0 0
2.8e-09 1.8125 2.375 0 216577241 1 3 216850635 2 0
2.8e-09 2.17188 2.5625 0 204815222 2 0 204808478 1 0
2.8e-09 1.8125 2.375 0 217649066 1 2 217500738 0 0
2.8e-09 2.71875 3.28125 0 241637002 2 0 241450740 2 0
2.8e-09 2.20312 2.76562 0 251726874 0 0 251721480 2 4
2.8e-09 1.75 2.3125 0 244717021 2 1 244538556 4 8
2.8e-09 2.1875 2.75 0 196983669 2 58 197090449 1 2
2.8e-09 1.78125 2.34375 0 230140490 0 1 230007652 2 10
2.8e-09 1.75 2.3125 0 241659005 0 0 241638312 4 1
2.8e-09 2.0625 2.46875 0 245600947 6 2 245686669 0 0
2.8e-09 1.85938 2.42188 0 197777127 8 2 197621753 0 0
2.8e-09 2.29688 2.85938 0 215458404 10 35 215317758 0 0
2.8e-09 1.79688 2.35938 0 222553179 1 0 222469711 0 3
2.8e-09 1.875 2.4375 0 256089404 0 8 256167623 0 11
2.8e-09 2.64062 3.04688 0 206994628 2 2 206918472 1 1
2.8e-09 1.70312 2.26562 0 197252593 0 0 197505396 1 1
2.8e-09 2.35938 2.92188 0 255668615 3 25 255844637 1 0
2.8e-09 2.15625 2.54688 0 210810061 0 0 210957201 8 0
2.8e-09 2.17188 2.73438 0 202026771 5 2 201965023 0 0
2.8e-09 2.15625 2.5625 0 208437557 2 2 208644363 1 0
2.8e-09 2.0625 2.46875 0 243404484 0 2 243499733 1 0
2.8e-09 1.84375 2.40625 0 202789217 0 0 202813413 1 0
2.8e-09 1.89062 2.45312 0 253174916 12 5 253083157 4 4
2.8e-09 2.26562 2.82812 0 226747334 3 1 226799728 1 5
2.8e-09 1.84375 2.40625 0 205393986 1 2 205343339 8 0
2.8e-09 2.0625 2.45312 0 247937186 2 2 247651898 0 0
2.8e-09 2.14062 2.54688 0 213154247 0 14 213381986 3 0
2.8e-09 1.875 2.4375 0 255904918 0 55 255465337 0 2
2.8e-09 2.60938 3.01562 0 216618092 0 0 216757674 16 53
2.8e-09 1.8125 2.375 0 215878916 2 0 215872494 5 9
2.8e-09 2.25 2.8125 0 232206513 1 2 231985921 3 6
2.8e-09 2.29688 2.85938 0 217232024 0 0 217233625 2 0
2.8e-09 2.73438 3.29688 0 231941407 1 6 231863221 0 0
2.8e-09 1.84375 2.40625 0 202521862 7 17 202455925 0 0
2.8e-09 1.875 2.4375 0 260129858 17 24 260077540 6 6
2.8e-09 2.57812 2.96875 0 232605277 0 0 232439115 1 0
2.8e-09 1.84375 2.40625 0 206962246 1 1 206917217 3 0
2.8e-09 2.39062 2.95312 0 240393805 2 2 240238653 0 0
2.8e-09 1.75 2.3125 0 245081014 1 0 245315719 4 2
2.8e-09 2.29688 2.85938 0 217178658 0 0 217159005 1 0
2.8e-09 2.35938 2.92188 0 254728102 0 0 254584879 0 0
2.8e-09 1.875 2.4375 0 260018025 1 0 259991328 3 0
2.8e-09 2.375 2.9375 0 251394256 4 1 251888449 0 0
2.8e-09 2.125 2.51562 0 222561931 5 0 222766602 0 4
2.8e-09 2.32812 2.89062 0 202968048 1 25 203148305 0 18
2.8e-09 1.85938 2.42188 0 198088283 2 3 198438646 2 5
2.8e-09 2.125 2.51562 0 221444834 3 10 221370831 0 0
2.8e-09 1.89062 2.45312 0 250790756 2 0 251042482 1 1
2.8e-09 1.875 2.4375 0 260332056 0 0 260467579 1 2
2.8e-09 1.67188 2.23438 0 206940952 1 0 206905374 2 0
2.8e-09 1.875 2.4375 0 258428283 8 17 258672533 1 6
2.8e-09 1.8125 2.375 0 217074945 1 0 217081977 1 1
2.8e-09 2.17188 2.73438 0 200839393 0 3 200920468 2 6
2.8e-09 2.20312 2.76562 0 252412392 1 4 252692564 2 0
2.8e-09 2.26562 2.82812 0 227227962 4 0 227343186 16 26
2.8e-09 1.875 2.4375 0 256382024 3 1 256461871 3 0
2.8e-09 2.25 2.8125 0 235366935 1 0 235411157 0 20
2.8e-09 1.6875 2.25 0 204988514 2 0 204957648 0 0
2.8e-09 1.70312 2.26562 0 198204853 1 0 197994628 1 0
2.8e-09 1.76562 2.32812 0 237487049 0 2 237567276 0 0
2.8e-09 2.65625 3.0625 0 199898258 2 0 200169803 1 5
2.8e-09 2.23438 2.79688 0 238582596 2 0 238516000 1 1
2.8e-09 2.3125 2.875 0 206840694 2 4 206664820 7 5
2.8e-09 1.75 2.3125 0 242608109 2 1 242329880 0 1
2.8e-09 2.67188 3.07812 0 260258212 1 0 260240252 1 8
2.8e-09 2.10938 2.51562 0 226260760 4 3 226092386 0 2
2.8e-09 2.17188 2.73438 0 201744978 0 0 201974936 0 2
2.8e-09 1.84375 2.40625 0 203175742 1 1 203027365 4 2
2.8e-09 2.17188 2.73438 0 203184137 0 0 203179961 0 0
2.8e-09 2.29688 2.85938 0 217100975 3 1 216954622 0 14
2.8e-09 2.6875 3.07812 0 256766943 1 2 256630029 0 0
2.8e-09 1.75 2.3125 0 239464196 4 3 239499547 1 0
2.8e-09 2.20312 2.76562 0 256366237 1 0 256113106 2 0
2.8e-09 1.84375 2.40625 0 202427120 0 0 202620980 0 0
2.8e-09 2.6875 3.25 0 252631528 0 0 252585602 8 4
2.8e-09 2.29688 2.85938 0 215087178 5 2 215124922 2 0
2.8e-09 2.125 2.53125 0 219246625 3 0 219167622 6 4
2.8e-09 1.79688 2.35938 0 225564006 2 0 225684711 4 1
2.8e-09 2.28125 2.84375 0 220324565 1 1 220523316 1 0
2.8e-09 2.17188 2.73438 0 203161665 6 4 203030262 4 20
2.8e-09 1.71875 2.28125 0 256306239 0 0 256113724 0 0
2.8e-09 2.60938 3.01562 0 216360169 1 0 216214512 13 36
2.8e-09 2.73438 3.29688 0 235736428 1 5 235596741 2 0
2.8e-09 1.75 2.3125 0 239439536 1 3 239434592 5 31
2.8e-09 2.14062 2.54688 0 214780506 4 1 214771186 2 10
2.8e-09 1.84375 2.40625 0 207395619 0 0 207462790 4 6
2.8e-09 1.73438 2.29688 0 247907213 1 9 248004239 0 0
2.8e-09 1.6875 2.25 0 204862383 3 0 204751186 0 0
2.8e-09 1.70312 2.26562 0 199213633 6 9 199326765 4 0
2.8e-09 2.57812 2.96875 0 233983937 1 0 234005018 0 0
2.8e-09 2.23438 2.79688 0 238713003 1 0 238576538 0 0
2.8e-09 1.79688 2.35938 0 224886259 3 1 224959208 1 2
2.8e-09 2.60938 3.01562 0 216306056 5 8 216379471 0 0
2.8e-09 1.73438 2.29688 0 250315202 0 1 250384954 16 2
2.8e-09 2.17188 2.73438 0 203007965 1 2 202878188 5 9
2.8e-09 2.14062 2.54688 0 214269002 2 0 214150040 2 2
2.8e-09 1.76562 2.32812 0 238308565 0 0 238093580 0 0
2.8e-09 1.78125 2.34375 0 227613538 2 14 227176080 1 2
2.8e-09 2.28125 2.84375 0 220513963 0 0 220733732 4 9
2.8e-09 2.32812 2.89062 0 205832599 0 0 205667392 0 0
2.8e-09 1.73438 2.29688 0 249740366 4 5 249645179 0 0
2.8e-09 2.28125 2.82812 0 224401791 0 2 224547126 2 6
2.8e-09 2.26562 2.82812 0 224775293 3 0 224664394 0 0
2.8e-09 2.07812 2.48438 0 236677350 0 0 236648963 1 1
2.8e-09 2.20312 2.76562 0 255800382 0 0 255543843 1 0
2.8e-09 2.20312 2.76562 0 257099432 3 4 257377232 0 0
2.8e-09 2.09375 2.48438 0 235399222 0 0 235526082 0 0
2.8e-09 2.25 2.8125 0 231755711 1 0 231606364 1 0
2.8e-09 2.07812 2.46875 0 242373838 3 1 242580869 2 0
2.8e-09 2.60938 3.01562 0 218501343 0 0 218691093 6 2
2.8e-09 1.70312 2.26562 0 199162474 0 0 199132266 0 0
2.8e-09 1.85938 2.42188 0 201268018 0 0 201310987 1 0
2.8e-09 2.20312 2.76562 0 257728835 1 2 257590875 0 0
2.8e-09 2.35938 2.92188 0 254116990 0 7 254168270 0 0
2.8e-09 1.82812 2.39062 0 209521552 2 3 209503295 2 0
2.8e-09 2.14062 2.54688 0 213903861 1 0 214097120 3 4
2.8e-09 2.09375 2.5 0 232389557 0 34 232531078 0 0
2.8e-09 2.14062 2.54688 0 212048860 4 9 211899417 0 0
2.8e-09 1.8125 2.375 0 217748601 1 7 217818782 0 0
2.8e-09 2.64062 3.04688 0 204205119 3 4 204548316 2 1
2.8e-09 2.23438 2.79688 0 241641785 0 0 241688207 2 0
2.8e-09 1.70312 2.26562 0 199360375 3 0 199365584 10 24
2.8e-09 1.8125 2.375 0 218110506 0 0 217932977 0 0
2.8e-09 1.82812 2.39062 0 213472951 0 0 213469461 2 0
2.8e-09 1.76562 2.32812 0 238349027 1 0 238001369 6 3
2.8e-09 2.35938 2.92188 0 257268444 1 0 257094080 0 0
2.8e-09 1.78125 2.34375 0 230000702 0 6 230112435 12 14
2.8e-09 2.625 3.03125 0 210178738 3 2 209900439 0 0
2.8e-09 1.85938 2.42188 0 201512870 1 1 201377473 1 1
2.8e-09 1.6875 2.25 0 201902252 2 6 201997770 0 0
2.8e-09 2.0625 2.46875 0 243535265 4 0 243703832 3 1
2.8e-09 1.73438 2.29688 0 246491953 0 0 246440050 0 0
2.8e-09 1.6875 2.25 0 202963477 0 11 202980082 0 0
2.8e-09 2.0625 2.46875 0 244655533 1 0 244735352 2 0
2.8e-09 2.07812 2.48438 0 239393788 3 1 239432157 0 0
2.8e-09 1.89062 2.45312 0 251585836 4 6 251575909 2 0
2.8e-09 1.84375 2.40625 0 205534238 0 1 205275502 3 2
2.8e-09 2.0625 2.45312 0 249127338 0 6 249348722 4 29
2.8e-09 1.73438 2.29688 0 250056643 7 5 250093124 0 0
2.8e-09 2.125 2.51562 0 222752027 1 0 222642402 2 18
2.8e-09 2.21875 2.78125 0 246891199 0 12 246752856 1 0
2.8e-09 1.8125 2.375 0 218353878 3 0 218320000 2 0
2.8e-09 2.14062 2.53125 0 216049051 0 0 216084877 3 5
2.8e-09 2.07812 2.46875 0 241996338 3 1 241925117 4 0
2.8e-09 1.78125 2.34375 0 227214034 1 2 227053284 0 16
2.8e-09 2.26562 2.82812 0 229429979 0 7 229587905 2 1
2.8e-09 2.6875 3.25 0 250618559 0 0 250986091 0 0
2.8e-09 2.39062 2.95312 0 242242240 1 6 242234174 5 0
2.8e-09 2.67188 3.0625 0 197960358 0 0 197771975 0 0
2.8e-09 1.78125 2.34375 0 226837885 0 2 226658232 0 5
2.8e-09 2.1875 2.75 0 196787486 2 0 196644354 0 10
2.8e-09 2.6875 3.25 0 252006878 2 4 251944773 10 36
2.8e-09 2.39062 2.95312 0 240613722 1 0 240518490 7 2
2.8e-09 1.67188 2.23438 0 206780052 1 6 206948893 0 0
2.8e-09 1.73438 2.29688 0 246961419 0 0 247204605 3 4
2.8e-09 2.125 2.53125 0 218315844 0 0 218217877 1 1
2.8e-09 2.625 3.03125 0 212803188 0 0 212738212 2 2
2.8e-09 1.67188 2.23438 0 206510369 1 5 206561879 0 2
2.8e-09 2.15625 2.5625 0 205569343 1 1 205602095 2 42
2.8e-09 2.125 2.53125 0 221034657 1 1 221024517 3 4
2.8e-09 1.78125 2.34375 0 230803170 7 0 230638720 3 12
2.8e-09 1.73438 2.29688 0 252682085 0 0 252685573 0 0
2.8e-09 2.17188 2.5625 0 204437668 0 0 204533981 0 8
2.8e-09 1.84375 2.40625 0 203141290 0 0 202907454 1 0
2.8e-09 2.14062 2.54688 0 214659838 0 0 214780968 1 5
2.8e-09 2.14062 2.54688 0 214333636 3 0 214331400 0 0
2.8e-09 1.73438 2.29688 0 246248873 0 3 246586489 0 0
2.8e-09 1.71875 2.28125 0 259187111 0 0 259244727 6 0
2.8e-09 2.26562 2.82812 0 226444245 2 0 226517145 6 27
2.8e-09 2.57812 2.98438 0 230493316 0 0 230593070 1 3
2.8e-09 1.70312 2.26562 0 198710853 0 0 198823163 6 0
2.8e-09 2.1875 2.75 0 261263687 1 0 260917329 2 0
2.8e-09 2.76562 3.32812 0 220627046 4 5 220664040 8 1
2.8e-09 1.84375 2.40625 0 205910277 0 3 205806916 2 0
2.8e-09 1.82812 2.39062 0 208610378 1 0 208689234 0 5
2.8e-09 1.75 2.3125 0 242470651 0 0 242622317 0 0
2.8e-09 1.71875 2.28125 0 255319366 1 0 255427718 0 4
2.8e-09 1.84375 2.40625 0 204036125 1 0 204018078 1 5
2.8e-09 1.78125 2.34375 0 226270404 6 5 226146319 1 2
2.8e-09 2.40625 2.96875 0 234518490 0 0 234719996 0 0
2.8e-09 1.6875 2.23438 0 206258638 4 3 206232600 1 0
2.8e-09 2.65625 3.0625 0 198377848 11 20 198317028 1 0
2.8e-09 2.39062 2.95312 0 239530343 0 0 239786346 1 0
2.8e-09 1.73438 2.29688 0 251219612 2 6 251205154 0 0
2.8e-09 2.21875 2.78125 0 250301834 0 0 250159405 0 9
2.8e-09 2.59375 3 0 223671865 1 0 223804577 0 0
2.8e-09 1.8125 2.375 0 217847303 2 0 217728722 0 9
2.8e-09 2.28125 2.82812 0 224511150 0 0 224530976 5 8
2.8e-09 2.6875 3.25 0 252994263 7 89 252915235 1 0
2.8e-09 2.32812 2.89062 0 201214537 0 4 201042808 7 11
2.8e-09 2.29688 2.85938 0 214103074 2 1 213906341 3 12
2.8e-09 2.73438 3.29688 0 233099457 2 6 232736360 2 3
2.8e-09 1.79688 2.35938 0 221366477 0 0 221424149 3 4
2.8e-09 2.07812 2.48438 0 238281922 1 0 238384606 3 2
2.8e-09 1.78125 2.34375 0 229556562 4 3 229610158 2 2
2.8e-09 1.82812 2.39062 0 211419156 3 1 211681112 10 7
2.8e-09 1.8125 2.375 0 218074848 3 4 218251591 6 3
2.8e-09 2.59375 3 0 221642465 0 0 221879742 1 0
2.8e-09 2.07812 2.48438 0 236572775 0 0 236743485 7 80
2.8e-09 2.09375 2.5 0 233018639 2 4 233018595 0 0
2.8e-09 1.78125 2.34375 0 229676692 4 1 229683958 0 6
2.8e-09 2.3125 2.875 0 212083767 1 0 212120317 2 0
2.8e-09 1.79688 2.35938 0 221151221 0 0 221372062 1 16
2.8e-09 2.21875 2.78125 0 247971456 0 0 248096108 1 0
2.8e-09 1.8125 2.375 0 218128826 3 5 218027486 1 5
2.8e-09 2.15625 2.54688 0 210354042 0 5 210427791 0 1
2.8e-09 2.0625 2.46875 0 247330233 0 0 247090316 10 11
2.8e-09 1.79688 2.35938 0 222038460 2 0 222177604 1 0
2.8e-09 1.89062 2.45312 0 250151204 0 0 250268227 3 9
2.8e-09 1.75 2.3125 0 240037552 0 4 240160436 0 0
2.8e-09 2.23438 2.79688 0 239195350 0 3 239162476 0 0
2.8e-09 2.28125 2.84375 0 220202696 1 0 220236854 0 0
2.8e-09 2.375 2.9375 0 249562316 0 0 249613880 4 3
2.8e-09 2.39062 2.95312 0 243034106 3 1 243420581 7 4
2.8e-09 1.78125 2.34375 0 228024124 2 13 227894173 0 0
2.8e-09 2.64062 3.03125 0 208531729 0 0 208314624 0 0
2.8e-09 1.875 2.4375 0 257217904 3 38 257221044 0 0
2.8e-09 1.73438 2.29688 0 248449154 18 16 248184907 1 0
2.8e-09 1.75 2.3125 0 244671439 5 0 244735180 0 0
2.8e-09 2.6875 3.25 0 252184086 1 12 252075701 0 1
2.8e-09 2.29688 2.85938 0 217659280 3 3 217749375 2 0
2.8e-09 1.73438 2.28125 0 252749598 4 13 252730575 1 0
2.8e-09 2.09375 2.5 0 231639111 0 0 231697647 0 4
2.8e-09 2.14062 2.53125 0 216247683 5 3 216254974 9 52
2.8e-09 1.78125 2.34375 0 226353063 2 1 226342312 1 0
2.8e-09 1.70312 2.26562 0 261087336 4 2 261090012 0 0
2.8e-09 2.6875 3.07812 0 255318004 0 0 255613771 0 0
2.8e-09 1.6875 2.25 0 202838036 1 4 202728755 1 7
2.8e-09 2.57812 2.98438 0 232387971 0 0 232374392 4 2
2.8e-09 1.6875 2.25 0 203626098 2 0 203617509 2 2
2.8e-09 2.28125 2.84375 0 222117601 9 0 222150545 0 3
2.8e-09 1.73438 2.29688 0 248782598 3 0 248694130 0 0
2.8e-09 2.26562 2.82812 0 229765429 1 0 229784011 1 0
2.8e-09 2.09375 2.5 0 231275417 1 1 231323567 4 13
2.8e-09 2.34375 2.90625 0 197282707 3 3 197243893 0 0
2.8e-09 1.70312 2.26562 0 199071189 3 0 198952651 4 14
2.8e-09 2.125 2.51562 0 222324362 0 0 222352809 1 3
2.8e-09 1.8125 2.375 0 216505525 0 0 216490841 1 3
2.8e-09 2.15625 2.5625 0 207639385 0 1 207655203 0 0
2.8e-09 1.78125 2.34375 0 229448803 8 0 229398271 11 16
2.8e-09 2.09375 2.5 0 229894431 1 0 230026478 0 0
2.8e-09 2.07812 2.48438 0 238006055 0 0 237965362 1 3
2.8e-09 1.89062 2.45312 0 254050968 4 4 254180964 2 1
2.8e-09 2.09375 2.5 0 232535832 2 2 232501241 1 0
2.8e-09 2.32812 2.89062 0 201181769 1 0 201371108 4 3
2.8e-09 2.0625 2.46875 0 243956984 0 0 244101085 2 0
2.8e-09 1.75 2.3125 0 241028835 0 0 240963333 4 6
2.8e-09 2.125 2.53125 0 218441045 1 1 218638139 2 1
2.8e-09 2.75 3.3125 0 227991099 5 22 228204055 0 10
2.8e-09 2.20312 2.76562 0 258234656 1 9 258141538 0 0
2.8e-09 2.10938 2.51562 0 224156276 2 9 224239218 0 0
2.8e-09 1.8125 2.375 0 216567647 0 0 216424427 1 0
2.8e-09 1.89062 2.4375 0 254508753 1 1 254623147 11 1
2.8e-09 1.89062 2.45312 0 253872377 6 17 254041744 0 0
2.8e-09 2.26562 2.82812 0 230472270 3 1 230527768 2 4
2.8e-09 2.39062 2.9375 0 245918342 0 0 245872906 1 0
2.8e-09 2.21875 2.78125 0 249888869 0 5 249855309 3 4
2.8e-09 1.78125 2.34375 0 230078389 0 3 230132323 0 0
2.8e-09 1.76562 2.32812 0 236789352 1 1 236512143 3 1
2.8e-09 1.84375 2.40625 0 205185094 4 3 205386763 4 5
2.8e-09 1.79688 2.35938 0 222789069 16 22 222877194 4 1
2.8e-09 1.6875 2.25 0 202770209 2 6 202867071 2 0
2.8e-09 2.15625 2.5625 0 209167995 7 6 209145160 0 0
2.8e-09 2.09375 2.5 0 233670562 0 1 233541776 3 5
2.8e-09 1.6875 2.25 0 204844902 4 1 204925133 5 5
2.8e-09 2.28125 2.84375 0 224057546 2 0 224212581 1 0
2.8e-09 2.125 2.53125 0 217683992 0 0 217593996 0 9
2.8e-09 2.14062 2.54688 0 212001069 0 0 211969099 4 0
2.8e-09 1.6875 2.25 0 205637949 0 1 205601826 24 14
2.8e-09 1.85938 2.42188 0 201910990 5 2 201789124 3 0
2.8e-09 1.75 2.3125 0 245469584 1 0 245415589 0 0
2.8e-09 2.21875 2.78125 0 249594843 1 0 249598904 4 0
2.8e-09 1.70312 2.26562 0 196876129 0 0 196734376 3 1
2.8e-09 1.89062 2.45312 0 253443753 0 0 253644132 0 0
2.8e-09 2.32812 2.875 0 206464338 1 0 206397682 0 0
2.8e-09 2.70312 3.26562 0 249083050 5 21 248924411 0 0
2.8e-09 2.40625 2.95312 0 239249506 2 0 239395158 0 16
2.8e-09 2.60938 3.01562 0 215790601 1 1 215655432 0 6
2.8e-09 1.71875 2.28125 0 259721303 7 127 259490244 1 0
2.8e-09 2.1875 2.75 0 199191217 0 0 199075285 4 14
2.8e-09 2.09375 2.5 0 231614809 3 1 231631876 0 4
2.8e-09 2.35938 2.92188 0 258429103 0 0 258790669 0 0
2.8e-09 1.82812 2.39062 0 209526272 1 1 209455853 5 7
2.8e-09 1.76562 2.32812 0 235237222 2 10 235317750 1 39
2.8e-09 2.34375 2.90625 0 197627045 1 2 197520732 4 2
2.8e-09 2.375 2.9375 0 248465703 0 0 248339553 0 0
2.8e-09 1.82812 2.39062 0 211429912 0 0 211396234 3 0
2.8e-09 2.6875 3.25 0 250803913 2 0 250903554 1 0
2.8e-09 1.78125 2.34375 0 226830244 3 19 226800897 0 0
2.8e-09 2.23438 2.79688 0 242419224 5 4 242456160 1 0
2.8e-09 1.78125 2.34375 0 228089735 1 2 228216706 0 0
2.8e-09 1.76562 2.32812 0 238343715 0 0 238210373 0 0
2.8e-09 2.20312 2.76562 0 257877516 1 3 258072656 3 0
2.8e-09 2.26562 2.82812 0 228048917 0 0 228499184 0 0
2.8e-09 2.1875 2.75 0 262295920 3 4 261984611 0 6
2.8e-09 2.67188 3.07812 0 261207509 0 0 261644255 2 3
2.8e-09 2.09375 2.5 0 232771595 0 0 232617577 2 6
2.8e-09 2.65625 3.0625 0 201545552 0 0 201594760 5 1
2.8e-09 1.6875 2.25 0 202893079 0 0 202927974 0 1
2.8e-09 1.73438 2.29688 0 250947645 1 0 250704302 1 0
2.8e-09 2.17188 2.5625 0 204191447 4 3 204393918 3 1
2.8e-09 1.76562 2.32812 0 236162172 0 0 236218742 1 0
2.8e-09 2.125 2.51562 0 222912983 2 0 223248323 1 6
2.8e-09 2.35938 2.92188 0 256142696 0 1 256057502 1 0
2.8e-09 1.85938 2.42188 0 199466694 2 5 199445356 0 0
2.8e-09 1.76562 2.32812 0 232802473 2 1 232897872 2 5
2.8e-09 1.71875 2.28125 0 254462773 4 1 254008884 4 33
2.8e-09 1.75 2.3125 0 245486755 0 0 245352442 0 0
2.8e-09 1.6875 2.25 0 206299267 2 0 206024259 0 7
2.8e-09 2.125 2.53125 0 220798734 0 0 220718462 3 3
2.8e-09 1.79688 2.34375 0 226058304 0 0 225933017 4 0
2.8e-09 1.82812 2.39062 0 208629353 3 8 208604122 0 0
2.8e-09 2.07812 2.46875 0 242456860 12 3 242303585 0 7
2.8e-09 1.78125 2.34375 0 229938247 5 2 229799317 2 0
2.8e-09 2.29688 2.85938 0 216826310 0 13 216687656 1 0
2.8e-09 2.625 3.01562 0 214419026 0 1 214322416 3 1
2.8e-09 1.84375 2.40625 0 207044421 1 1 206996277 1 1
2.8e-09 2.0625 2.46875 0 246758874 0 0 246795343 3 2
2.8e-09 2.26562 2.82812 0 224959770 1 1 224991236 2 4
2.8e-09 2.15625 2.54688 0 210138519 0 0 210141477 6 8
2.8e-09 2.125 2.53125 0 218336046 2 18 218345631 1 1
2.8e-09 2.28125 2.84375 0 222658813 0 0 222716298 5 21
2.8e-09 1.70312 2.26562 0 197995369 0 0 197867331 0 0
2.8e-09 2.76562 3.32812 0 221699590 0 0 221722383 2 1
2.8e-09 1.875 2.4375 0 257279814 1 0 257127849 4 1
2.8e-09 1.71875 2.28125 0 257878023 1 34 257720938 0 0
2.8e-09 2.15625 2.5625 0 207866591 2 6 207862497 1 8
2.8e-09 2.35938 2.92188 0 259398846 10 2 259395398 0 0
2.8e-09 1.78125 2.34375 0 227480352 5 1 227630126 0 9
2.8e-09 1.75 2.3125 0 239405603 0 0 239606719 1 6
2.8e-09 2.125 2.53125 0 217920927 0 5 218092425 6 1
2.8e-09 2.09375 2.5 0 231714792 2 5 231512860 0 0
