2.8e-09 2.29688 2.85938 0 251946815 0 0 251856168 0 0
2.8e-09 2.28125 2.84375 0 257430364 10 17 257621580 1 5
2.8e-09 2.59375 3 0 259950161 0 0 260508937 1 0
2.8e-09 2.10938 2.5 0 266598971 8 1 266724190 1 0
2.8e-09 2.85938 3.42188 0 218837162 1 0 219026337 1 13
2.8e-09 2.09375 2.5 0 201519071 2 0 201598670 1 0
2.8e-09 2.59375 3 0 261641211 1 2 261921235 0 0
2.8e-09 2.17188 2.73438 0 232706515 0 0 232789090 3 2
2.8e-09 2.39062 2.95312 0 213148482 2 0 213189683 0 1
2.8e-09 2.32812 2.89062 0 237384639 1 0 237651598 2 3
2.8e-09 2.59375 3 0 260004405 13 34 260014703 0 0
2.8e-09 2.32812 2.89062 0 235696792 0 1 235759546 0 1
2.8e-09 2.84375 3.40625 0 222102027 0 0 222077363 0 0
2.8e-09 2.28125 2.82812 0 261458177 7 12 261632156 9 7
2.8e-09 2.15625 2.5625 0 242718850 9 8 242630578 4 11
2.8e-09 2.82812 3.39062 0 227842995 0 13 228112645 1 14
2.8e-09 2.125 2.51562 0 259407673 1 0 259411341 2 0
2.8e-09 2.76562 3.32812 0 255264600 4 0 255508865 0 6
2.8e-09 2.3125 2.875 0 244248848 0 0 244510061 2 1
2.8e-09 2.57812 2.98438 0 202164596 1 0 201988762 2 0
2.8e-09 2.20312 2.76562 0 221588474 1 1 221565285 0 0
2.8e-09 2.17188 2.73438 0 234716475 0 0 234587321 0 0
2.8e-09 2.76562 3.32812 0 253705466 3 2 253846156 2 6
2.8e-09 2.125 2.53125 0 254109118 0 0 254197375 2 1
2.8e-09 2.64062 3.03125 0 243727220 1 3 243561810 2 0
2.8e-09 2.73438 3.29688 0 203694092 1 21 203772830 3 0
2.8e-09 2.21875 2.78125 0 218762702 4 1 218659646 2 28
2.8e-09 2.375 2.9375 0 218377585 0 0 218437057 0 0
2.8e-09 2.35938 2.92188 0 223334213 3 5 223750347 2 7
2.8e-09 2.73438 3.29688 0 201182948 2 0 201113256 0 0
2.8e-09 2.15625 2.5625 0 241160527 1 12 241103593 0 11
2.8e-09 2.3125 2.875 0 242303059 16 44 242691082 12 15
2.8e-09 2.84375 3.40625 0 225143045 3 1 225247077 0 5
2.8e-09 2.21875 2.78125 0 217278373 0 0 217198805 7 1
2.8e-09 2.39062 2.95312 0 212868011 1 0 212859246 3 0
2.8e-09 2.17188 2.73438 0 236413203 0 0 236606879 0 11
2.8e-09 2.10938 2.51562 0 261112916 2 0 261199872 3 3
2.8e-09 2.29688 2.85938 0 249784923 0 0 249614459 0 3
2.8e-09 2.92188 3.48438 0 259646809 2 2 259096132 1 0
2.8e-09 2.21875 2.78125 0 217764626 0 0 217551692 0 0
2.8e-09 2.35938 2.90625 0 227283858 1 1 227293624 5 8
2.8e-09 2.125 2.53125 0 252863987 6 6 253150472 1 1
2.8e-09 2.60938 3.01562 0 251020640 0 0 250798449 6 4
2.8e-09 2.3125 2.875 0 243541135 0 0 243653592 1 0
2.8e-09 2.125 2.51562 0 257925744 0 1 257860514 2 0
2.8e-09 2.625 3.03125 0 246948898 4 1 246976272 1 25
2.8e-09 2.6875 3.07812 0 223993520 3 13 223871155 2 1
2.8e-09 2.6875 3.25 0 219142442 1 5 219372321 4 4
2.8e-09 2.25 2.8125 0 203027276 1 2 203243399 0 0
2.8e-09 2.1875 2.75 0 228019779 0 0 228111507 0 0
2.8e-09 3.10938 3.51562 0 244050158 0 0 244519462 2 1
2.8e-09 2.8125 3.375 0 232162800 2 0 232031975 1 1
2.8e-09 2.40625 2.96875 0 205675668 0 1 205826267 2 15
2.8e-09 2.375 2.9375 0 220025880 1 2 220098475 0 0
2.8e-09 2.125 2.53125 0 256169622 0 0 256171121 2 0
2.8e-09 2.14062 2.53125 0 251239556 8 8 251076849 1 0
2.8e-09 2.39062 2.95312 0 214384924 0 4 214530522 1 0
2.8e-09 2.14062 2.54688 0 247949795 1 0 247980753 0 0
2.8e-09 2.14062 2.54688 0 246712320 1 0 246610491 3 34
2.8e-09 2.875 3.4375 0 208708971 4 4 208709050 2 0
2.8e-09 2.15625 2.5625 0 239543097 1 0 239474604 1 4
2.8e-09 2.3125 2.875 0 243973979 6 3 244017543 2 0
2.8e-09 2.29688 2.85938 0 248348138 4 1 248286460 0 0
2.8e-09 2.10938 2.51562 0 262560491 5 1 262507784 0 74
2.8e-09 2.10938 2.51562 0 264128077 3 1 264056337 4 1
2.8e-09 2.79688 3.35938 0 241298439 3 1 241024906 0 0
2.8e-09 2.65625 3.0625 0 233413389 4 7 233410621 1 2
2.8e-09 2.39062 2.95312 0 211653459 3 0 211531113 1 0
2.8e-09 2.20312 2.76562 0 223887507 1 0 223645489 1 0
2.8e-09 2.25 2.8125 0 204229285 2 33 204403199 0 0
2.8e-09 2.25 2.8125 0 202445346 3 1 202363415 8 19
2.8e-09 2.85938 3.42188 0 214066906 0 8 213758088 0 0
2.8e-09 2.32812 2.875 0 240219297 1 5 240232391 8 0
2.8e-09 2.26562 2.8125 0 201500471 2 2 201277034 3 1
2.8e-09 2.23438 2.79688 0 212595033 4 0 212619017 0 4
2.8e-09 2.39062 2.95312 0 209951641 2 3 209930881 0 5
2.8e-09 2.78125 3.34375 0 245894016 3 0 245920478 0 4
2.8e-09 2.25 2.8125 0 202108756 3 1 202164604 7 6
2.8e-09 3.09375 3.5 0 251720450 3 0 251529881 12 11
2.8e-09 2.57812 2.98438 0 266288556 1 3 266330823 1 0
2.8e-09 2.39062 2.95312 0 212984556 0 0 213170344 0 0
2.8e-09 2.17188 2.5625 0 238376172 0 4 238365824 0 0
2.8e-09 2.07812 2.48438 0 209086826 0 3 209125684 2 1
2.8e-09 2.07812 2.48438 0 208784887 1 3 208642091 0 1
2.8e-09 2.125 2.53125 0 255234090 1 7 255236633 1 2
2.8e-09 2.89062 3.45312 0 202492784 9 13 202446434 2 4
2.8e-09 2.0625 2.46875 0 214572246 6 5 214494474 2 14
2.8e-09 2.79688 3.34375 0 245322644 0 0 245015558 0 0
2.8e-09 2.57812 2.98438 0 201637202 2 0 201807550 1 3
2.8e-09 2.375 2.9375 0 220452573 0 0 220800110 0 26
2.8e-09 2.23438 2.79688 0 210134636 1 2 210333898 1 0
2.8e-09 2.09375 2.5 0 203267370 6 6 203373240 0 0
2.8e-09 2.57812 2.96875 0 204570329 1 9 204296972 0 2
2.8e-09 2.375 2.9375 0 219399149 0 8 219468827 0 0
2.8e-09 2.14062 2.54688 0 248513929 1 0 248641753 4 8
2.8e-09 2.21875 2.78125 0 218276208 4 2 218108684 0 0
2.8e-09 2.1875 2.75 0 227837033 3 1 227845673 2 1
2.8e-09 2.23438 2.79688 0 212385905 0 6 212256212 2 4
2.8e-09 2.1875 2.75 0 226706095 0 0 226624990 0 0
2.8e-09 2.26562 2.82812 0 267618222 1 23 267455448 0 0
2.8e-09 2.32812 2.89062 0 236786920 2 0 236695986 3 9
2.8e-09 2.28125 2.82812 0 261255964 1 0 261259250 1 8
2.8e-09 2.26562 2.82812 0 267691856 0 32 267684506 1 0
2.8e-09 2.0625 2.46875 0 214562476 0 0 214590174 3 1
2.8e-09 2.1875 2.75 0 226507063 5 11 226496774 1 2
2.8e-09 2.10938 2.5 0 266417086 3 5 266398791 5 8
2.8e-09 2.71875 3.28125 0 206243183 8 4 206285820 0 0
2.8e-09 2.14062 2.53125 0 250584499 0 8 250530280 3 8
2.8e-09 2.75 3.3125 0 260196130 1 9 260308759 6 10
2.8e-09 2.17188 2.73438 0 236430473 1 2 236706879 1 0
2.8e-09 2.20312 2.76562 0 220088194 0 0 220037763 1 1
2.8e-09 2.6875 3.07812 0 223935095 1 0 223844230 5 5
2.8e-09 2.09375 2.5 0 201079810 1 3 201309307 3 9
2.8e-09 2.67188 3.07812 0 228369334 15 11 228225306 1 6
2.8e-09 2.1875 2.75 0 231489300 1 1 231147897 5 5
2.8e-09 2.40625 2.96875 0 205380604 2 7 205652625 0 38
2.8e-09 2.10938 2.51562 0 261890394 1 0 261824611 3 0
2.8e-09 2.14062 2.53125 0 250609459 1 1 250892205 2 6
2.8e-09 2.625 3.03125 0 246736452 1 0 246753302 2 0
2.8e-09 2.35938 2.92188 0 222699038 6 4 222633801 1 0
2.8e-09 2.57812 2.98438 0 202031846 2 0 202058449 3 0
2.8e-09 2.70312 3.26562 0 212311165 2 2 212309199 5 3
2.8e-09 2.32812 2.875 0 240203813 2 1 240184571 3 1
2.8e-09 2.28125 2.84375 0 257961359 0 1 258109662 1 6
2.8e-09 2.64062 3.03125 0 242178231 5 4 242228545 1 0
2.8e-09 2.28125 2.84375 0 258849423 0 0 258836355 0 0
2.8e-09 2.71875 3.28125 0 210231289 5 3 210254369 3 4
2.8e-09 2.875 3.4375 0 212660594 1 2 212604140 0 0
2.8e-09 2.3125 2.875 0 246685432 0 0 246703368 1 0
2.8e-09 2.14062 2.54688 0 248474653 0 0 248375487 0 0
2.8e-09 2.20312 2.76562 0 221685482 1 0 221811753 1 3
2.8e-09 2.14062 2.54688 0 248197835 0 1 248122938 3 4
2.8e-09 2.21875 2.78125 0 217357209 0 0 217073076 0 0
2.8e-09 2.70312 3.26562 0 212605671 2 0 212773874 0 0
2.8e-09 2.1875 2.75 0 230110645 1 0 230334110 0 0
2.8e-09 2.125 2.53125 0 253295097 2 0 253386328 0 0
2.8e-09 3.09375 3.48438 0 253901404 6 9 253940117 2 1
2.8e-09 2.76562 3.32812 0 258318396 0 0 258258835 2 0
2.8e-09 2.25 2.8125 0 201783634 2 0 201855144 1 1
2.8e-09 2.0625 2.46875 0 213345251 3 1 213460560 1 6
2.8e-09 2.40625 2.96875 0 208051951 0 0 208128393 2 16
2.8e-09 2.26562 2.82812 0 263482741 3 2 263637021 3 0
2.8e-09 3.10938 3.51562 0 242135858 1 30 241976426 3 4
2.8e-09 2.15625 2.5625 0 239589128 1 0 239621352 3 0
2.8e-09 2.84375 3.39062 0 225362959 0 7 225478261 0 0
2.8e-09 2.09375 2.5 0 203544502 0 7 203466851 0 1
2.8e-09 2.15625 2.5625 0 240950169 1 0 241353358 2 1
2.8e-09 2.79688 3.35938 0 244771661 1 1 244986864 0 0
2.8e-09 2.28125 2.82812 0 261039914 0 0 261184545 3 1
2.8e-09 2.15625 2.5625 0 241965772 1 6 241997274 0 0
2.8e-09 2.10938 2.51562 0 262492541 0 0 262491997 1 1
2.8e-09 2.09375 2.5 0 201197351 1 0 201270489 4 0
2.8e-09 2.1875 2.75 0 227103063 9 23 227109845 2 0
2.8e-09 2.20312 2.75 0 225448135 2 0 225495962 0 0
2.8e-09 2.625 3.01562 0 248652136 0 0 248990011 0 0
2.8e-09 2.09375 2.5 0 201814394 1 0 201920755 5 1
2.8e-09 2.71875 3.28125 0 210319737 1 1 209980777 3 1
2.8e-09 2.60938 3.01562 0 251222025 1 2 251106720 0 0
2.8e-09 2.14062 2.54688 0 248775072 1 5 248816572 5 1
2.8e-09 3.10938 3.51562 0 244925215 1 2 244871811 1 0
2.8e-09 3.125 3.53125 0 239145488 2 0 238896086 2 6
2.8e-09 2.20312 2.76562 0 224719607 1 0 225002123 1 4
2.8e-09 2.20312 2.76562 0 219742771 1 29 219792894 1 0
2.8e-09 2.57812 2.98438 0 266620912 2 2 266474476 3 0
2.8e-09 2.3125 2.875 0 243246071 1 0 243079264 1 1
2.8e-09 2.23438 2.79688 0 207730089 0 0 207745657 1 2
2.8e-09 2.15625 2.5625 0 240540280 4 17 240733681 2 0
2.8e-09 2.125 2.53125 0 254239382 0 0 254306670 0 0
2.8e-09 2.17188 2.73438 0 235023886 1 0 234880002 10 17
2.8e-09 2.375 2.9375 0 219427447 1 3 219529203 0 0
2.8e-09 2.125 2.51562 0 257413408 4 7 257495383 2 0
2.8e-09 2.89062 3.45312 0 201868961 1 23 201905597 1 0
2.8e-09 2.23438 2.79688 0 209726569 5 0 209741282 1 1
2.8e-09 2.79688 3.35938 0 244776134 1 6 245103881 3 1
2.8e-09 2.25 2.8125 0 203140574 10 15 203055381 0 0
2.8e-09 2.10938 2.51562 0 260970321 0 2 261063978 1 0
2.8e-09 2.60938 3.01562 0 252259902 1 0 252058139 1 0
2.8e-09 2.85938 3.42188 0 215497239 0 0 215565635 1 0
2.8e-09 2.82812 3.39062 0 229016438 0 0 229048970 0 0
2.8e-09 2.92188 3.48438 0 256525517 0 0 256517985 1 0
2.8e-09 2.65625 3.0625 0 231630847 2 0 231487162 3 0
2.8e-09 2.15625 2.5625 0 240818960 3 0 240746497 0 0
2.8e-09 2.76562 3.32812 0 258669792 1 7 258692596 7 7
2.8e-09 2.25 2.8125 0 202064463 3 1 202105526 1 20
2.8e-09 2.125 2.53125 0 256471385 0 0 256488990 3 2
2.8e-09 3.10938 3.5 0 248062357 3 0 248051001 5 2
2.8e-09 2.3125 2.875 0 245161402 2 5 245207652 0 2
2.8e-09 2.8125 3.375 0 234382591 1 0 234253257 0 0
2.8e-09 2.6875 3.25 0 220432347 0 0 220571715 1 0
2.8e-09 2.25 2.8125 0 204494524 0 0 204641919 2 12
2.8e-09 2.6875 3.25 0 220569250 0 1 220376942 3 3
2.8e-09 2.71875 3.28125 0 210199124 3 5 210090273 6 20
2.8e-09 2.0625 2.46875 0 215019947 3 0 215069700 0 0
2.8e-09 2.375 2.9375 0 218779443 1 6 218524163 3 13
2.8e-09 2.14062 2.54688 0 246877645 6 6 246825663 4 1
2.8e-09 2.15625 2.5625 0 239327354 0 2 239358243 1 0
2.8e-09 2.40625 2.96875 0 205244199 4 45 205169936 5 1
2.8e-09 2.0625 2.46875 0 214741431 1 0 214642710 3 16
2.8e-09 2.59375 3 0 261823721 8 10 261681444 0 0
2.8e-09 2.23438 2.79688 0 211025739 11 8 211152031 1 1
2.8e-09 2.90625 3.46875 0 263554378 2 0 263303153 1 0
2.8e-09 2.76562 3.32812 0 257767338 4 14 257977414 0 0
2.8e-09 2.3125 2.875 0 240688499 0 0 240748048 0 0
2.8e-09 2.07812 2.46875 0 211448860 3 4 211537007 1 7
2.8e-09 2.59375 3 0 259507852 2 0 259494232 5 6
2.8e-09 2.60938 3.01562 0 254132020 0 0 253995820 0 0
2.8e-09 2.64062 3.04688 0 237103214 7 18 237225548 0 37
2.8e-09 2.6875 3.07812 0 223517014 5 7 223569279 0 0
2.8e-09 2.65625 3.0625 0 234499159 4 0 234502170 2 1
2.8e-09 2.79688 3.35938 0 241797969 0 0 241755313 0 0
2.8e-09 2.84375 3.40625 0 219506848 2 5 219383952 1 0
2.8e-09 2.14062 2.54688 0 248142373 3 2 248472671 0 1
2.8e-09 2.65625 3.0625 0 230847645 0 0 230921807 3 1
2.8e-09 2.125 2.53125 0 253893124 3 0 253450477 5 16
2.8e-09 2.65625 3.04688 0 236410122 1 0 236213590 5 3
2.8e-09 2.0625 2.46875 0 214409883 1 0 214305044 4 6
2.8e-09 2.15625 2.5625 0 242370802 4 6 242525020 1 0
2.8e-09 2.84375 3.40625 0 220835942 0 0 220848095 2 2
2.8e-09 2.40625 2.96875 0 205708460 2 0 205730306 0 0
2.8e-09 2.76562 3.32812 0 255398384 1 0 255659915 8 23
2.8e-09 2.20312 2.76562 0 220541205 0 0 220581834 1 5
2.8e-09 2.14062 2.53125 0 251899106 0 1 251631609 2 0
2.8e-09 2.29688 2.85938 0 250908728 3 0 250826155 0 7
2.8e-09 3.10938 3.5 0 247134541 5 2 246976515 2 2
2.8e-09 2.10938 2.51562 0 261024442 1 1 261197230 3 2
2.8e-09 2.875 3.42188 0 213212766 1 0 213375637 0 0
2.8e-09 2.34375 2.90625 0 229942192 1 3 229878506 0 20
2.8e-09 2.64062 3.03125 0 242668312 1 0 242658082 4 1
2.8e-09 2.15625 2.5625 0 241887801 1 0 242052119 0 0
2.8e-09 2.79688 3.35938 0 239493024 3 1 239269759 0 0
2.8e-09 2.21875 2.78125 0 216868743 0 0 216957440 0 0
2.8e-09 2.78125 3.34375 0 249892556 0 3 249242789 1 0
2.8e-09 2.60938 3.01562 0 252904819 0 0 252967999 2 1
2.8e-09 2.10938 2.5 0 265620610 9 15 265706570 1 1
2.8e-09 2.79688 3.35938 0 238699938 1 6 238896310 0 0
2.8e-09 2.26562 2.82812 0 262790961 2 3 262474181 7 3
2.8e-09 2.26562 2.82812 0 263950090 7 17 263686542 2 0
2.8e-09 2.25 2.8125 0 204397618 2 0 204479490 4 1
2.8e-09 2.78125 3.34375 0 246296902 0 0 246450802 4 13
2.8e-09 2.60938 3.01562 0 254342215 1 1 254094414 2 3
2.8e-09 2.34375 2.90625 0 230026489 6 10 229969353 0 4
2.8e-09 2.8125 3.375 0 236006922 3 1 235876704 15 75
2.8e-09 2.07812 2.46875 0 210802664 1 0 211027956 1 0
2.8e-09 2.14062 2.53125 0 251608540 1 4 251580643 1 1
2.8e-09 2.17188 2.73438 0 232680973 2 0 232858819 3 0
2.8e-09 2.625 3.03125 0 246720091 5 6 246273453 1 1
2.8e-09 2.84375 3.40625 0 225077145 0 0 225158827 0 0
2.8e-09 2.07812 2.48438 0 209468493 0 0 209369160 1 5
2.8e-09 2.17188 2.73438 0 232444793 0 7 232317147 0 0
2.8e-09 3.125 3.51562 0 240540953 12 3 240594757 2 0
2.8e-09 2.76562 3.32812 0 254102139 0 10 254103150 0 0
2.8e-09 2.79688 3.35938 0 240281633 4 0 240461751 3 0
2.8e-09 2.32812 2.89062 0 239369854 2 0 239427655 0 0
2.8e-09 2.89062 3.45312 0 206477696 2 0 206288053 1 1
2.8e-09 2.35938 2.92188 0 224048212 4 11 224189743 1 0
2.8e-09 2.34375 2.89062 0 233409488 1 25 233651953 0 0
2.8e-09 2.1875 2.75 0 229889409 1 0 229611632 10 15
2.8e-09 2.60938 3 0 256526160 2 3 256458511 1 0
2.8e-09 2.15625 2.54688 0 244504896 1 5 244385195 1 21
2.8e-09 2.70312 3.26562 0 217311446 3 2 217428135 1 0
2.8e-09 2.35938 2.92188 0 226413103 1 14 226388353 0 0
2.8e-09 2.14062 2.54688 0 246992537 2 1 247211104 9 5
2.8e-09 2.23438 2.79688 0 209500218 1 0 209374892 1 25
2.8e-09 2.09375 2.5 0 268033165 9 36 267765998 1 5
2.8e-09 2.35938 2.92188 0 224974514 1 0 225026474 0 0
2.8e-09 2.15625 2.5625 0 241321794 0 0 241120152 0 13
2.8e-09 2.21875 2.78125 0 216483283 0 0 216652890 1 14
2.8e-09 2.1875 2.73438 0 231636960 1 0 231816485 0 3
2.8e-09 2.57812 2.98438 0 202416956 1 25 202641837 1 8
2.8e-09 2.57812 2.98438 0 266665900 1 2 266571259 1 5
2.8e-09 2.14062 2.54688 0 249384177 0 0 249408372 0 0
2.8e-09 2.78125 3.34375 0 251150498 0 1 251085228 6 2
2.8e-09 2.70312 3.26562 0 216902756 3 0 216766219 1 0
2.8e-09 2.1875 2.75 0 231733683 1 0 231550436 0 3
2.8e-09 2.10938 2.5 0 267139614 6 4 267170521 8 7
2.8e-09 2.21875 2.78125 0 218071593 1 5 218023884 7 23
2.8e-09 2.23438 2.79688 0 208903573 3 3 208690833 5 16
2.8e-09 2.35938 2.92188 0 226520701 0 0 226531707 1 0
2.8e-09 2.70312 3.26562 0 213630263 12 6 213525851 5 5
2.8e-09 2.17188 2.73438 0 234576842 3 5 234860174 0 0
2.8e-09 2.375 2.92188 0 220752491 2 10 221075194 2 13
2.8e-09 2.07812 2.48438 0 209944824 0 0 210136327 1 4
2.8e-09 2.67188 3.07812 0 224486096 6 2 224168506 1 0
2.8e-09 2.07812 2.48438 0 209410513 1 2 209491773 1 0
2.8e-09 3.10938 3.51562 0 244578144 3 0 244592168 3 3
2.8e-09 2.09375 2.5 0 202876874 0 0 202706170 2 0
2.8e-09 2.57812 2.98438 0 201791844 4 7 201803245 3 1
2.8e-09 2.35938 2.92188 0 223858552 7 21 223998963 0 0
2.8e-09 2.09375 2.48438 0 206002423 4 1 206049007 2 6
2.8e-09 2.875 3.4375 0 208772555 0 0 208943640 5 5
2.8e-09 3.10938 3.51562 0 246063639 1 0 246595507 0 0
2.8e-09 2.39062 2.95312 0 210249422 6 7 210189938 5 0
2.8e-09 2.20312 2.76562 0 220119535 1 0 219884342 2 6
2.8e-09 2.15625 2.54688 0 244305100 4 1 244432129 9 5
2.8e-09 2.14062 2.53125 0 252252410 1 2 252419334 0 0
2.8e-09 2.85938 3.40625 0 218853335 2 0 219406241 0 0
2.8e-09 2.28125 2.84375 0 257219893 0 3 256855902 0 0
2.8e-09 3.10938 3.51562 0 245403867 0 0 245567345 0 0
2.8e-09 2.17188 2.73438 0 235503004 1 3 235632248 0 0
2.8e-09 2.07812 2.46875 0 210860461 0 6 210778881 2 10
2.8e-09 2.71875 3.28125 0 210390127 1 30 210491528 0 3
2.8e-09 2.07812 2.46875 0 211962508 0 0 211697354 0 5
2.8e-09 2.07812 2.48438 0 206345182 2 1 206359802 5 25
2.8e-09 2.60938 3 0 256009354 1 0 255981808 2 0
2.8e-09 2.85938 3.42188 0 217403136 0 1 217286240 5 0
2.8e-09 2.89062 3.45312 0 203574721 3 1 203903965 0 1
2.8e-09 2.21875 2.78125 0 215162246 0 0 215257237 5 6
2.8e-09 2.0625 2.46875 0 213312056 2 0 213291018 1 0
2.8e-09 2.0625 2.46875 0 213952566 0 0 213942478 0 0
2.8e-09 2.625 3.03125 0 247225177 1 0 246953416 0 1
2.8e-09 2.35938 2.92188 0 225192250 0 0 225436735 2 2
2.8e-09 2.07812 2.46875 0 210052106 1 4 210250256 0 0
2.8e-09 2.09375 2.5 0 202870894 9 1 203023384 0 0
2.8e-09 2.34375 2.90625 0 230711171 4 8 230504101 2 6
2.8e-09 2.39062 2.95312 0 213889106 0 3 214177810 2 0
2.8e-09 2.09375 2.5 0 203746580 2 2 203896190 1 8
2.8e-09 2.78125 3.34375 0 246984016 0 0 247255524 3 1
2.8e-09 2.84375 3.40625 0 223440895 3 62 223700770 6 3
2.8e-09 2.26562 2.82812 0 261928338 1 0 261687008 8 0
2.8e-09 2.09375 2.5 0 202896577 0 0 202996738 0 0
2.8e-09 3.125 3.53125 0 238230412 3 3 238450543 0 0
2.8e-09 2.21875 2.78125 0 213841352 3 3 213837317 0 0
2.8e-09 2.1875 2.75 0 230290145 0 0 230154784 9 4
2.8e-09 2.39062 2.95312 0 209979154 0 0 209825438 0 0
2.8e-09 2.40625 2.96875 0 206429542 3 9 206483774 5 1
2.8e-09 2.59375 2.98438 0 263996678 2 0 264078877 2 22
2.8e-09 2.25 2.8125 0 204141897 2 0 204017258 3 0
2.8e-09 2.125 2.51562 0 258053819 6 0 258182813 8 2
2.8e-09 2.8125 3.375 0 235250368 1 0 235456524 3 8
2.8e-09 2.625 3.03125 0 247412439 0 0 247266436 3 0
2.8e-09 2.29688 2.85938 0 249960265 0 0 250044683 2 0
2.8e-09 2.21875 2.78125 0 217210560 2 4 217243192 0 0
2.8e-09 2.28125 2.84375 0 258013918 1 4 257965444 0 0
2.8e-09 2.14062 2.54688 0 246958409 1 2 246526863 2 0
2.8e-09 2.64062 3.04688 0 239376913 2 0 238936043 0 0
2.8e-09 3.125 3.51562 0 240626320 5 8 240684750 0 0
2.8e-09 2.09375 2.5 0 201813578 0 20 201831130 0 0
2.8e-09 2.76562 3.32812 0 253580561 1 0 254023998 8 24
2.8e-09 2.29688 2.85938 0 252761962 0 2 252691949 0 0
2.8e-09 2.21875 2.78125 0 217154244 0 3 217422801 8 1
2.8e-09 2.23438 2.79688 0 210622120 0 0 210505146 2 0
2.8e-09 2.32812 2.89062 0 238440060 4 2 238607949 0 51
2.8e-09 2.28125 2.82812 0 261534683 6 0 261569896 1 0
2.8e-09 2.375 2.9375 0 215596553 0 0 215720851 3 5
2.8e-09 2.67188 3.07812 0 225879593 0 0 225973969 4 3
2.8e-09 2.35938 2.92188 0 225994416 1 2 226102309 2 7
2.8e-09 2.0625 2.46875 0 212565874 0 0 212401655 4 3
2.8e-09 2.15625 2.54688 0 244371382 1 18 244370899 6 19
2.8e-09 2.71875 3.28125 0 209176236 1 1 209481471 0 0
2.8e-09 2.90625 3.46875 0 261804207 0 0 262034976 3 0
2.8e-09 2.40625 2.96875 0 205094311 5 0 204873346 4 0
2.8e-09 2.35938 2.92188 0 224570599 0 7 224531076 1 19
2.8e-09 2.07812 2.48438 0 209463471 2 4 209659729 1 0
2.8e-09 2.1875 2.75 0 227441245 3 8 227478296 1 2
2.8e-09 2.6875 3.25 0 221756337 1 0 222500226 5 1
2.8e-09 2.375 2.9375 0 220397902 3 0 220455733 0 0
2.8e-09 2.57812 2.98438 0 201501272 0 0 201282454 2 2
2.8e-09 2.70312 3.26562 0 211981342 0 0 212177595 0 1
2.8e-09 2.26562 2.82812 0 266607308 4 8 266392874 0 0
2.8e-09 2.29688 2.85938 0 253443589 0 0 253467765 2 26
2.8e-09 2.125 2.53125 0 252714099 0 4 252910405 0 0
2.8e-09 2.0625 2.46875 0 214740148 5 2 214736580 0 0
2.8e-09 2.125 2.51562 0 257995363 0 18 258020189 6 1
2.8e-09 2.29688 2.85938 0 251653644 6 10 251611217 0 0
2.8e-09 2.875 3.4375 0 208225323 4 6 208008543 2 0
2.8e-09 3.10938 3.51562 0 242303073 1 0 242542751 2 4
2.8e-09 2.59375 3 0 262583304 12 43 262558527 0 0
2.8e-09 2.375 2.9375 0 219650041 0 1 219776852 3 4
2.8e-09 2.09375 2.5 0 202719337 0 0 202747715 0 0
2.8e-09 2.23438 2.79688 0 207659452 5 4 207842685 4 7
2.8e-09 2.14062 2.54688 0 249774816 3 17 249886971 2 0
2.8e-09 2.28125 2.84375 0 256590745 4 13 256113724 5 0
2.8e-09 2.65625 3.0625 0 232362373 2 0 232097761 0 0
2.8e-09 2.76562 3.32812 0 255706337 4 0 255741676 2 1
2.8e-09 2.29688 2.85938 0 248018260 0 0 248118691 0 0
2.8e-09 2.26562 2.82812 0 266314526 1 5 266505099 2 0
2.8e-09 2.40625 2.96875 0 207154209 4 6 207264952 0 1
2.8e-09 2.3125 2.875 0 241896415 0 0 241999334 0 1
2.8e-09 2.84375 3.40625 0 222779817 2 6 222820965 3 5
2.8e-09 3.125 3.53125 0 238464435 0 5 238281708 2 0
2.8e-09 2.10938 2.51562 0 264515992 1 0 264285194 0 41
2.8e-09 2.29688 2.85938 0 248214193 0 0 248451946 0 0
2.8e-09 2.14062 2.54688 0 245799460 11 21 245935516 3 0
2.8e-09 2.125 2.53125 0 255442791 3 7 255426008 0 0
2.8e-09 2.07812 2.48438 0 207249106 0 0 207218264 2 0
2.8e-09 2.34375 2.90625 0 228872048 3 2 228841869 13 14
2.8e-09 2.125 2.53125 0 254436434 0 0 254579307 5 6
2.8e-09 2.15625 2.5625 0 241063555 1 0 241163409 0 6
2.8e-09 2.15625 2.54688 0 244626532 2 2 244849474 0 5
2.8e-09 2.90625 3.46875 0 262328274 1 2 262586741 0 0
2.8e-09 2.59375 3 0 260755095 0 0 260495196 0 0
2.8e-09 2.32812 2.875 0 239986136 0 0 240073163 2 0
2.8e-09 2.28125 2.84375 0 256093130 0 0 255873017 1 0
2.8e-09 3.14062 3.53125 0 234742824 2 1 234743690 5 13
2.8e-09 2.10938 2.51562 0 260970562 11 6 261058255 3 0
2.8e-09 2.125 2.53125 0 253356237 1 0 253125463 6 4
2.8e-09 2.8125 3.375 0 234428625 1 0 234554250 0 0
2.8e-09 2.29688 2.85938 0 253512740 0 23 253743818 5 1
2.8e-09 2.75 3.3125 0 260689237 4 0 260919522 0 0
2.8e-09 2.875 3.4375 0 212199041 3 0 212002777 0 0
2.8e-09 2.875 3.4375 0 207676329 0 0 207821613 0 8
2.8e-09 2.3125 2.875 0 245984329 0 2 246024729 3 30
2.8e-09 2.32812 2.89062 0 236171916 2 1 236144994 3 7
2.8e-09 2.35938 2.92188 0 221319872 3 2 221377326 1 0
2.8e-09 2.89062 3.45312 0 204816830 0 0 205245478 1 1
2.8e-09 2.0625 2.46875 0 212271545 3 4 212259903 0 0
2.8e-09 2.73438 3.29688 0 202144545 0 1 202283944 0 0
2.8e-09 2.25 2.8125 0 202256983 1 0 202099339 1 1
2.8e-09 2.1875 2.75 0 228534032 0 3 228401562 8 2
2.8e-09 2.32812 2.89062 0 234396420 0 0 234459398 1 1
2.8e-09 2.10938 2.51562 0 263326033 0 0 263035642 1 1
2.8e-09 2.125 2.53125 0 257175693 20 29 256913978 1 39
2.8e-09 2.57812 2.98438 0 201277495 0 1 201255706 1 0
2.8e-09 2.29688 2.85938 0 249730318 0 9 249437636 0 0
2.8e-09 2.09375 2.48438 0 205719344 3 5 205505483 0 21
2.8e-09 2.85938 3.42188 0 216427288 1 0 216378912 0 1
2.8e-09 2.71875 3.28125 0 210526435 0 8 210262125 1 4
2.8e-09 2.90625 3.46875 0 266028470 2 0 265739610 8 15
2.8e-09 2.70312 3.26562 0 215414903 1 25 215345584 2 2
2.8e-09 2.29688 2.85938 0 247711691 8 8 248085959 1 1
2.8e-09 2.73438 3.29688 0 203066252 1 0 203143878 0 0
2.8e-09 2.64062 3.04688 0 238521800 5 12 238504254 0 0
2.8e-09 2.59375 3 0 260396703 0 0 260250750 1 0
2.8e-09 2.65625 3.0625 0 234053465 0 13 234354700 3 3
2.8e-09 2.10938 2.51562 0 262932166 3 0 263076208 3 0
2.8e-09 2.92188 3.48438 0 256662691 3 1 256831285 0 9
2.8e-09 2.70312 3.26562 0 215208862 0 1 215044129 0 0
2.8e-09 2.92188 3.48438 0 257824518 0 0 257620951 3 3
2.8e-09 2.84375 3.40625 0 222258247 0 0 221999793 2 6
2.8e-09 2.25 2.8125 0 203274011 3 0 203446524 0 3
2.8e-09 2.84375 3.40625 0 221143226 0 22 221039662 0 0
2.8e-09 2.70312 3.26562 0 213865246 3 7 213642884 7 30
2.8e-09 2.70312 3.26562 0 212773957 0 0 212655050 5 2
2.8e-09 2.39062 2.95312 0 212718487 1 0 212525391 2 0
2.8e-09 2.0625 2.46875 0 213076307 0 1 213154885 8 1
2.8e-09 2.29688 2.85938 0 248826625 0 0 248988974 6 6
2.8e-09 2.10938 2.51562 0 260922496 2 15 260737309 1 7
2.8e-09 2.35938 2.92188 0 221675811 3 10 221713361 1 3
2.8e-09 2.17188 2.73438 0 233038245 1 1 232886849 5 3
2.8e-09 2.10938 2.51562 0 264035465 1 1 263917677 0 20
2.8e-09 2.17188 2.73438 0 236418664 1 14 236429639 2 0
2.8e-09 2.75 3.3125 0 266256383 3 3 266283421 2 13
2.8e-09 2.09375 2.5 0 267778696 7 25 267904447 4 7
2.8e-09 2.89062 3.45312 0 204524326 2 5 204665629 2 0
2.8e-09 2.90625 3.46875 0 261960158 0 0 262281081 1 4
2.8e-09 2.17188 2.73438 0 234865450 5 9 235188718 6 7
2.8e-09 2.28125 2.84375 0 259189844 0 18 259185829 2 0
2.8e-09 2.625 3.03125 0 247112223 0 0 247043737 0 5
2.8e-09 2.28125 2.84375 0 257411839 2 1 257403315 4 7
2.8e-09 2.625 3.03125 0 248066211 0 0 248108123 6 0
2.8e-09 2.8125 3.375 0 233114823 3 1 233413473 6 6
2.8e-09 2.6875 3.07812 0 222241923 5 4 222112544 0 0
2.8e-09 2.17188 2.5625 0 238229388 4 21 238509308 0 0
2.8e-09 2.14062 2.54688 0 250428857 0 0 250237246 3 3
2.8e-09 2.57812 2.98438 0 202286275 5 0 202182484 0 1
2.8e-09 2.29688 2.84375 0 254237309 4 6 254169371 1 2
2.8e-09 2.20312 2.76562 0 220328112 0 0 220270741 5 53
2.8e-09 2.28125 2.84375 0 255392710 9 1 255426813 1 6
2.8e-09 2.0625 2.46875 0 213275201 0 0 213340798 4 0
2.8e-09 2.79688 3.35938 0 241756360 1 10 241987419 3 8
2.8e-09 2.73438 3.28125 0 205612874 0 0 206043642 1 0
2.8e-09 2.0625 2.46875 0 214725117 4 2 214858775 0 4
2.8e-09 2.0625 2.46875 0 213821955 3 11 213720169 1 0
2.8e-09 2.29688 2.85938 0 248519696 2 0 248015874 0 0
2.8e-09 2.65625 3.04688 0 235621253 0 2 235359575 1 0
2.8e-09 2.10938 2.51562 0 264572621 3 24 264446342 3 0
2.8e-09 2.28125 2.84375 0 255698485 0 0 255880237 5 4
2.8e-09 2.35938 2.92188 0 226631457 0 0 226735227 1 0
2.8e-09 2.67188 3.07812 0 228558367 0 3 228200268 0 0
2.8e-09 2.73438 3.29688 0 201858405 2 3 201579483 4 3
2.8e-09 2.89062 3.45312 0 206090104 1 2 206061888 2 2
2.8e-09 2.14062 2.54688 0 249066519 2 1 248964598 6 1
2.8e-09 3.14062 3.54688 0 232800327 3 1 232555465 2 2
2.8e-09 2.26562 2.82812 0 264776376 4 0 265102181 3 35
2.8e-09 2.15625 2.5625 0 241129847 1 0 241225637 0 0
2.8e-09 2.57812 2.96875 0 203573479 1 0 203560809 0 0
2.8e-09 2.71875 3.28125 0 207328669 1 0 207444752 0 0
2.8e-09 2.375 2.9375 0 218296457 0 0 218282109 1 0
2.8e-09 2.70312 3.26562 0 214769851 2 0 214756490 0 25
2.8e-09 2.59375 3 0 260887994 2 0 260980781 1 1
2.8e-09 2.67188 3.0625 0 230113179 0 0 229667515 0 1
2.8e-09 2.84375 3.40625 0 223667439 2 6 223888486 0 2
2.8e-09 2.32812 2.89062 0 238791383 2 5 239006749 6 2
2.8e-09 2.0625 2.46875 0 214347118 1 0 214318972 2 11
2.8e-09 2.20312 2.76562 0 220134794 4 0 219851616 7 2
2.8e-09 2.10938 2.51562 0 264267958 8 14 264365205 3 2
2.8e-09 2.23438 2.79688 0 210602691 6 0 210350519 0 0
2.8e-09 2.82812 3.39062 0 230875140 1 3 230750832 4 1
2.8e-09 2.8125 3.375 0 236504944 0 1 236591952 8 15
2.8e-09 2.15625 2.5625 0 241187377 3 0 240799789 4 1
2.8e-09 2.90625 3.46875 0 264141001 1 0 264549598 0 1
2.8e-09 2.79688 3.35938 0 243662431 2 3 243793892 5 14
2.8e-09 2.34375 2.90625 0 231357868 0 0 231417641 0 3
2.8e-09 2.09375 2.48438 0 204434174 0 0 204611328 6 15
2.8e-09 2.10938 2.51562 0 261880729 2 7 261852767 4 8
2.8e-09 2.375 2.9375 0 218427300 2 3 218770180 1 0
2.8e-09 2.26562 2.82812 0 265091304 4 1 265217814 0 0
2.8e-09 2.20312 2.76562 0 219316055 0 0 219667160 1 0
2.8e-09 2.39062 2.95312 0 211422143 2 4 210997981 0 9
2.8e-09 2.29688 2.85938 0 249284396 1 0 249446928 3 0
2.8e-09 2.0625 2.46875 0 212717727 0 0 212805768 3 1
2.8e-09 2.76562 3.32812 0 253586953 2 0 253493061 0 0
2.8e-09 2.07812 2.48438 0 209960343 1 0 209982524 1 1
2.8e-09 2.39062 2.95312 0 212800726 1 16 212962906 0 5
2.8e-09 3.09375 3.48438 0 254201613 3 1 254268146 0 0
2.8e-09 2.1875 2.73438 0 231805284 1 12 231823310 2 9
2.8e-09 2.20312 2.76562 0 224658579 0 0 224498851 0 0
2.8e-09 2.17188 2.5625 0 236923731 1 0 236773565 2 0
2.8e-09 2.375 2.9375 0 215826264 7 21 215916946 0 0
2.8e-09 2.15625 2.54688 0 243884550 4 2 244233928 0 39
2.8e-09 2.6875 3.07812 0 222550793 1 10 222562776 3 0
2.8e-09 2.35938 2.92188 0 222067264 1 1 221842859 2 4
2.8e-09 2.07812 2.48438 0 207594172 2 10 207388815 3 16
2.8e-09 2.40625 2.96875 0 208397003 2 2 208503806 0 0
2.8e-09 2.75 3.29688 0 267077175 6 2 266643474 3 0
2.8e-09 2.23438 2.79688 0 207767638 8 4 207617091 0 2
2.8e-09 2.125 2.51562 0 258852366 1 32 258743667 2 0
2.8e-09 2.67188 3.0625 0 228690558 3 0 228633850 0 0
2.8e-09 2.85938 3.42188 0 216095338 4 3 216137003 8 3
2.8e-09 2.375 2.9375 0 215949235 0 0 216397595 0 0
2.8e-09 2.40625 2.95312 0 208909520 0 1 208732277 2 0
2.8e-09 2.10938 2.51562 0 262944365 2 2 262991240 0 1
2.8e-09 2.375 2.9375 0 218044834 4 4 217918873 4 9
2.8e-09 2.3125 2.875 0 244069496 3 53 244003892 0 0
2.8e-09 2.70312 3.26562 0 217276231 5 0 217415891 4 3
2.8e-09 2.60938 3 0 256825746 6 0 256875659 0 0
2.8e-09 2.07812 2.48438 0 209250932 0 0 209207852 0 0
2.8e-09 2.40625 2.96875 0 204773821 4 2 204789506 0 0
2.8e-09 2.65625 3.04688 0 236377392 1 8 236260787 3 1
2.8e-09 2.15625 2.5625 0 242792079 1 20 242837625 4 0
2.8e-09 2.82812 3.39062 0 226635240 0 0 226413855 0 0
2.8e-09 2.20312 2.76562 0 223453330 2 1 223340046 0 0
2.8e-09 3.10938 3.51562 0 244302554 1 8 244098337 4 3
2.8e-09 2.39062 2.95312 0 213336300 4 16 213690063 0 0
2.8e-09 2.64062 3.04688 0 238245496 5 3 238125116 0 0
2.8e-09 2.07812 2.48438 0 207585674 2 0 207741344 0 0
2.8e-09 2.82812 3.39062 0 226206442 0 0 225856349 1 0
2.8e-09 2.26562 2.82812 0 267542338 1 0 267494397 1 0
2.8e-09 2.28125 2.84375 0 256378169 2 11 256740441 2 1
2.8e-09 2.17188 2.5625 0 238029342 2 0 238394350 11 12
2.8e-09 2.375 2.9375 0 217735554 0 0 218120470 0 0
2.8e-09 2.26562 2.82812 0 201133818 1 26 201209690 2 0
2.8e-09 2.78125 3.34375 0 249282688 1 0 249218870 1 0
2.8e-09 2.60938 3.01562 0 252468785 1 3 252194749 0 0
2.8e-09 2.15625 2.5625 0 240782786 0 0 240852835 1 2
2.8e-09 2.78125 3.34375 0 251341997 6 29 251720292 0 0
2.8e-09 2.125 2.53125 0 254484577 3 1 254475346 3 10
2.8e-09 2.59375 3 0 261604964 0 1 261163385 15 22
2.8e-09 2.85938 3.42188 0 216737287 0 0 216787480 0 0
2.8e-09 2.32812 2.89062 0 238499941 1 0 238509313 0 19
2.8e-09 2.70312 3.26562 0 211848704 3 12 211937514 0 0
2.8e-09 2.39062 2.95312 0 211233623 0 0 211185905 0 0
2.8e-09 2.1875 2.75 0 230670526 0 0 230558604 4 0
2.8e-09 2.32812 2.89062 0 239067864 3 2 238913752 10 8
2.8e-09 2.375 2.92188 0 220924927 0 0 220818231 1 0
2.8e-09 2.14062 2.54688 0 245744241 2 7 245773621 0 0
2.8e-09 2.17188 2.73438 0 234940666 2 1 235108920 4 1
2.8e-09 2.21875 2.78125 0 218518336 3 0 218498055 2 0
2.8e-09 2.6875 3.07812 0 222720256 1 2 223004606 1 0
2.8e-09 2.21875 2.78125 0 213544130 0 0 213372717 9 5
2.8e-09 2.15625 2.54688 0 243743454 7 15 243734286 1 0
2.8e-09 2.375 2.9375 0 217440095 0 6 217364662 1 0
2.8e-09 2.75 3.3125 0 262238172 6 72 262228656 1 4
2.8e-09 2.65625 3.0625 0 231856207 1 4 232034296 2 2
2.8e-09 2.64062 3.03125 0 241959649 8 11 241772730 2 32
2.8e-09 2.79688 3.35938 0 241788404 4 10 241305181 2 0
2.8e-09 2.10938 2.51562 0 260229290 0 0 260309141 4 6
2.8e-09 3.09375 3.5 0 253304677 0 0 253224298 0 0
2.8e-09 2.875 3.4375 0 208115923 1 2 208055815 4 0
2.8e-09 2.40625 2.96875 0 207997072 1 3 207973927 3 1
2.8e-09 2.07812 2.48438 0 209680516 5 7 209824970 3 0
2.8e-09 2.67188 3.07812 0 224518584 0 0 224827611 0 0
2.8e-09 2.21875 2.78125 0 216906491 1 0 217004790 2 0
2.8e-09 2.10938 2.51562 0 259841751 4 0 260483441 1 2
2.8e-09 2.57812 2.98438 0 201540978 0 0 201616883 1 5
2.8e-09 2.35938 2.92188 0 221408693 2 2 221525095 2 11
2.8e-09 2.15625 2.5625 0 242690624 0 0 242616652 4 2
2.8e-09 2.1875 2.75 0 229248353 0 0 229394320 0 0
2.8e-09 2.10938 2.51562 0 263768161 9 1 263591233 0 0
2.8e-09 2.70312 3.26562 0 215966333 2 1 215862816 1 0
2.8e-09 2.29688 2.85938 0 249054521 10 7 249184303 0 1
2.8e-09 2.20312 2.76562 0 224352584 2 5 224270565 6 0
2.8e-09 2.07812 2.46875 0 210817499 1 3 210931288 1 1
2.8e-09 2.14062 2.54688 0 248809480 6 2 248868823 1 0
2.8e-09 2.57812 2.96875 0 203565795 6 0 203675139 5 5
2.8e-09 2.23438 2.79688 0 209308253 0 3 209170078 0 0
2.8e-09 2.32812 2.89062 0 239065717 0 0 238854985 1 0
2.8e-09 2.92188 3.48438 0 257910127 2 1 257398597 0 0
2.8e-09 2.625 3.03125 0 244112399 0 0 243983750 0 0
2.8e-09 2.25 2.8125 0 204239343 0 0 204240590 1 2
2.8e-09 2.375 2.9375 0 217339814 0 0 217542519 4 2
2.8e-09 2.07812 2.48438 0 207789178 2 0 207628567 2 9
2.8e-09 2.35938 2.92188 0 221055566 0 1 221257402 1 0
2.8e-09 2.84375 3.40625 0 224886627 2 7 225034017 9 2
2.8e-09 2.17188 2.73438 0 233706370 5 0 233555745 0 11
2.8e-09 2.67188 3.07812 0 226294076 0 0 226379285 4 0
2.8e-09 2.375 2.9375 0 218483086 1 0 218435521 2 0
2.8e-09 3.10938 3.5 0 248315072 0 2 248281062 0 0
2.8e-09 2.73438 3.29688 0 205369632 0 0 205216852 0 0
2.8e-09 2.35938 2.92188 0 223920881 2 0 223829332 4 4
2.8e-09 2.625 3.03125 0 244107882 0 0 244155493 4 0
2.8e-09 3.125 3.53125 0 237213743 0 13 237654956 0 0
2.8e-09 3.15625 3.54688 0 227256781 5 11 226887213 6 0
2.8e-09 2.09375 2.48438 0 205679917 0 0 205626605 0 0
2.8e-09 2.20312 2.75 0 225444645 1 14 225457664 1 1
2.8e-09 2.21875 2.78125 0 213862049 6 1 213766170 0 0
2.8e-09 3.09375 3.5 0 251672031 2 4 251137089 2 0
2.8e-09 2.6875 3.25 0 218627244 1 0 218605778 1 0
2.8e-09 2.35938 2.92188 0 223440122 3 2 223721503 0 1
2.8e-09 2.10938 2.51562 0 264622509 5 1 264509849 1 3
2.8e-09 2.14062 2.53125 0 251412053 1 0 251519536 1 3
2.8e-09 2.0625 2.46875 0 213054772 0 0 213073471 0 0
2.8e-09 2.64062 3.03125 0 242186921 0 4 242457977 1 6
2.8e-09 2.125 2.53125 0 256796892 2 2 256884914 2 0
2.8e-09 2.875 3.4375 0 211374374 14 19 211322888 0 0
2.8e-09 2.1875 2.75 0 227734218 0 0 227699299 2 0
2.8e-09 2.14062 2.54688 0 245769051 0 0 245862501 0 0
2.8e-09 2.71875 3.28125 0 211463320 2 0 211253415 0 0
2.8e-09 2.23438 2.79688 0 211893025 1 0 211757054 0 0
2.8e-09 2.71875 3.28125 0 210955685 5 6 211089136 2 0
2.8e-09 2.07812 2.48438 0 206461774 1 0 206450489 1 1
2.8e-09 2.71875 3.28125 0 210112880 2 0 210069680 0 0
2.8e-09 2.82812 3.39062 0 228535316 2 0 228406714 0 1
2.8e-09 2.71875 3.28125 0 209969723 4 0 209896518 0 0
2.8e-09 2.20312 2.76562 0 221609193 1 6 221571719 0 2
2.8e-09 2.15625 2.5625 0 241939654 3 2 242211209 5 37
2.8e-09 2.14062 2.54688 0 248766460 7 10 248773079 0 0
2.8e-09 2.29688 2.85938 0 250821866 2 0 250857180 2 55
2.8e-09 2.70312 3.26562 0 213938065 0 0 213697000 2 2
2.8e-09 2.35938 2.92188 0 221988138 10 110 221723796 3 0
2.8e-09 3.10938 3.5 0 248311553 3 0 248592029 0 0
2.8e-09 2.65625 3.0625 0 232897028 0 0 232642040 1 0
2.8e-09 2.15625 2.5625 0 240659319 4 1 240393748 4 0
2.8e-09 2.23438 2.78125 0 213564196 0 0 213240005 3 2
2.8e-09 2.1875 2.75 0 226798360 0 0 226791787 0 0
2.8e-09 2.8125 3.375 0 237270351 1 0 237295831 6 8
2.8e-09 2.75 3.3125 0 260333789 4 2 260189609 4 2
2.8e-09 2.10938 2.5 0 266949673 1 20 266879735 1 0
2.8e-09 2.34375 2.90625 0 231481362 5 0 231364860 3 0
2.8e-09 2.70312 3.26562 0 215224427 3 16 215214566 5 15
2.8e-09 2.15625 2.5625 0 243377429 5 8 243384958 0 0
2.8e-09 2.09375 2.48438 0 204577141 0 0 204545794 1 1
2.8e-09 2.67188 3.07812 0 225583844 0 0 225938327 0 10
2.8e-09 2.40625 2.96875 0 205459072 0 0 205480890 1 0
2.8e-09 2.375 2.9375 0 216473454 2 1 216563897 0 13
2.8e-09 2.28125 2.84375 0 255285148 4 2 255225200 3 5
2.8e-09 2.14062 2.54688 0 248519282 3 2 248608676 1 0
2.8e-09 2.40625 2.96875 0 207142691 0 0 207098628 1 0
2.8e-09 2.60938 3.01562 0 251024511 7 0 251009014 1 16
2.8e-09 2.09375 2.48438 0 205531663 1 6 205576108 1 0
2.8e-09 2.25 2.8125 0 202495275 0 0 202249792 6 1
2.8e-09 2.28125 2.84375 0 254915296 4 21 255025412 10 0
2.8e-09 2.17188 2.73438 0 233789452 0 0 233580998 1 0
2.8e-09 2.73438 3.29688 0 201668219 0 0 201703964 4 2
2.8e-09 2.32812 2.89062 0 235917976 3 0 235885671 0 0
2.8e-09 2.375 2.9375 0 218461284 3 46 218689302 0 0
2.8e-09 2.20312 2.75 0 225577531 0 0 225528135 2 2
2.8e-09 2.3125 2.875 0 246107859 1 0 246049032 0 0
2.8e-09 2.21875 2.76562 0 219473821 0 0 219328470 1 6
2.8e-09 2.1875 2.75 0 225593420 2 4 225903508 1 33
2.8e-09 2.21875 2.78125 0 217716787 2 2 217700444 0 0
2.8e-09 2.65625 3.0625 0 230583048 0 0 230303713 3 3
2.8e-09 2.26562 2.82812 0 265219104 1 0 265232424 0 0
2.8e-09 3.15625 3.54688 0 228599976 0 0 228736760 1 20
2.8e-09 2.10938 2.51562 0 261215580 0 0 261063220 2 0
2.8e-09 2.70312 3.26562 0 214660001 0 0 214798963 0 0
2.8e-09 2.20312 2.76562 0 225255343 0 5 225196722 3 0
2.8e-09 2.84375 3.40625 0 223652788 2 6 223509175 0 0
2.8e-09 2.14062 2.54688 0 249984970 6 1 249863141 2 0
2.8e-09 2.1875 2.73438 0 231954802 1 0 232198752 0 0
2.8e-09 2.82812 3.39062 0 226193175 0 0 226186368 1 0
2.8e-09 2.15625 2.5625 0 243268943 3 0 243236775 1 3
2.8e-09 2.375 2.9375 0 217502943 1 0 217485669 0 0
2.8e-09 2.59375 2.98438 0 264752024 0 0 264480692 0 0
2.8e-09 2.10938 2.51562 0 264443662 0 0 264624261 2 9
2.8e-09 2.76562 3.32812 0 255091478 3 1 255200610 6 0
2.8e-09 2.10938 2.51562 0 261654094 1 0 261652723 1 2
2.8e-09 2.29688 2.85938 0 252169580 5 2 252186167 6 6
2.8e-09 2.89062 3.4375 0 207669222 0 3 207015598 0 9
2.8e-09 2.32812 2.89062 0 234948280 2 0 235089453 2 0
2.8e-09 2.29688 2.85938 0 251724679 1 0 251806951 0 0
2.8e-09 2.64062 3.04688 0 239168799 2 0 239714180 0 1
2.8e-09 3.10938 3.5 0 247720816 3 4 247890073 4 5
2.8e-09 2.07812 2.48438 0 206416462 1 0 206389229 2 0
2.8e-09 2.09375 2.5 0 201086329 3 4 201102397 0 2
2.8e-09 2.3125 2.875 0 243943386 3 1 243787559 0 1
2.8e-09 2.67188 3.07812 0 227104533 5 5 227130678 0 0
2.8e-09 2.8125 3.375 0 232162310 0 0 232237689 2 0
2.8e-09 2.90625 3.46875 0 201221159 10 1 200948133 0 0
2.8e-09 2.0625 2.46875 0 215055396 0 2 215243808 7 2
2.8e-09 2.25 2.8125 0 205466023 7 10 205291082 4 0
2.8e-09 2.14062 2.54688 0 248413139 0 0 248294899 0 1
2.8e-09 2.21875 2.78125 0 213400150 0 0 213563436 5 5
2.8e-09 2.07812 2.48438 0 210027725 2 5 209939867 1 5
2.8e-09 2.07812 2.48438 0 206654283 1 1 206938876 1 0
2.8e-09 2.26562 2.82812 0 262630659 0 0 262607727 0 3
2.8e-09 2.20312 2.76562 0 223658205 0 13 223515331 0 15
2.8e-09 2.17188 2.73438 0 234722905 4 10 234808539 0 2
2.8e-09 2.32812 2.89062 0 235019069 4 0 235204965 3 0
2.8e-09 2.21875 2.78125 0 216614305 3 1 216588076 1 1
2.8e-09 2.07812 2.48438 0 207535265 1 0 207391769 0 0
2.8e-09 2.90625 3.46875 0 266921664 1 2 267327639 1 0
2.8e-09 2.60938 3 0 255705432 2 0 255830335 8 28
2.8e-09 2.375 2.9375 0 215964814 0 0 216029038 2 3
2.8e-09 2.14062 2.53125 0 252447169 1 0 252341920 1 0
2.8e-09 2.79688 3.35938 0 241052579 1 1 241208381 12 10
2.8e-09 2.32812 2.89062 0 239659698 3 2 239591599 4 7
2.8e-09 2.60938 3.01562 0 253223436 1 51 253542645 0 0
2.8e-09 2.1875 2.75 0 228566012 2 1 228484873 3 2
2.8e-09 2.07812 2.48438 0 209241823 5 4 209356644 0 0
2.8e-09 3.14062 3.54688 0 233021393 1 0 232750978 1 2
2.8e-09 2.57812 2.96875 0 203301505 2 4 203297204 1 0
2.8e-09 2.17188 2.73438 0 234118448 4 2 233823038 1 1
2.8e-09 2.75 3.3125 0 262174926 1 6 261727855 0 0
2.8e-09 2.89062 3.45312 0 205519511 1 0 205700018 2 1
2.8e-09 2.26562 2.82812 0 262815730 1 0 262715347 0 8
2.8e-09 2.07812 2.48438 0 206759346 9 30 206858927 0 0
2.8e-09 2.17188 2.73438 0 234101430 1 0 233763152 0 0
2.8e-09 2.17188 2.73438 0 234311903 0 6 234349553 15 19
2.8e-09 2.70312 3.26562 0 216722985 0 0 216587156 0 1
2.8e-09 2.21875 2.78125 0 213534489 1 0 213562890 0 0
2.8e-09 2.84375 3.40625 0 224308242 2 9 224243388 1 1
2.8e-09 2.60938 3.01562 0 253799310 2 0 254054773 0 4
2.8e-09 2.07812 2.46875 0 210468853 0 1 210548962 0 0
2.8e-09 2.78125 3.34375 0 245900901 5 2 246260507 2 2
2.8e-09 2.28125 2.84375 0 258266333 5 12 258283032 0 0
2.8e-09 2.71875 3.28125 0 210777715 2 238 210966957 5 0
2.8e-09 2.17188 2.73438 0 235971616 10 4 235616857 6 21
2.8e-09 2.09375 2.48438 0 204713773 0 0 204584169 8 5
2.8e-09 2.35938 2.92188 0 223226610 1 1 223239053 0 0
2.8e-09 2.73438 3.29688 0 201400662 1 0 201332224 5 3
2.8e-09 2.79688 3.35938 0 240969309 1 0 241219841 1 1
2.8e-09 2.21875 2.78125 0 214292029 1 1 214289914 4 2
2.8e-09 2.71875 3.28125 0 209970955 5 2 209838894 1 0
2.8e-09 2.17188 2.73438 0 233746923 0 16 233708522 5 11
2.8e-09 2.14062 2.53125 0 250965504 5 0 250960139 2 20
2.8e-09 2.14062 2.54688 0 248418081 6 30 248405016 3 1
2.8e-09 2.29688 2.85938 0 249622450 2 22 249250624 7 1
2.8e-09 2.29688 2.85938 0 248636488 1 0 248559886 0 0
2.8e-09 3.125 3.51562 0 241000910 8 3 240743014 1 0
2.8e-09 2.60938 3 0 256104465 0 0 256010621 1 1
2.8e-09 2.67188 3.0625 0 228875005 0 0 228858821 1 0
2.8e-09 2.3125 2.875 0 244281950 1 0 244269160 0 0
2.8e-09 2.14062 2.54688 0 248084966 1 0 247947535 1 0
2.8e-09 2.0625 2.46875 0 214470324 0 0 214417037 1 3
2.8e-09 2.375 2.9375 0 219963387 0 0 220006439 0 2
2.8e-09 2.1875 2.75 0 227275200 0 0 227388640 0 3
2.8e-09 2.0625 2.46875 0 212684011 3 1 212485452 1 16
2.8e-09 2.125 2.53125 0 255874553 2 0 255826126 0 0
2.8e-09 2.35938 2.92188 0 226009726 0 0 225883344 0 0
2.8e-09 2.3125 2.875 0 240783642 1 0 240681798 2 0
2.8e-09 2.59375 3 0 259054510 19 41 258880570 3 16
2.8e-09 2.89062 3.45312 0 206550194 0 0 206478699 2 0
2.8e-09 2.25 2.8125 0 204700829 1 2 204557946 1 1
2.8e-09 2.20312 2.75 0 225602004 1 0 225724100 1 0
2.8e-09 2.29688 2.85938 0 248953953 0 14 249102363 3 19
2.8e-09 2.28125 2.84375 0 258407031 7 1 258183391 8 0
2.8e-09 2.64062 3.03125 0 242938970 1 0 242684368 6 0
2.8e-09 2.32812 2.89062 0 237437763 4 6 237306807 1 0
2.8e-09 3.14062 3.53125 0 235072468 3 1 235134638 1 6
2.8e-09 2.39062 2.95312 0 211350411 0 2 211326591 1 0
2.8e-09 2.57812 2.98438 0 267378768 0 0 267633912 0 0
2.8e-09 2.75 3.3125 0 259846736 1 0 259954323 1 1
2.8e-09 2.8125 3.375 0 237489193 0 0 237326729 0 0
2.8e-09 2.14062 2.54688 0 248164394 0 6 248298692 0 3
2.8e-09 2.89062 3.45312 0 202095843 1 0 201850757 0 0
2.8e-09 2.0625 2.46875 0 212309938 3 0 212238072 3 31
2.8e-09 2.73438 3.29688 0 204511311 1 1 204754334 0 0
2.8e-09 2.20312 2.76562 0 225176031 1 0 225250574 0 0
2.8e-09 2.39062 2.95312 0 210171762 1 0 210405347 1 5
2.8e-09 2.09375 2.48438 0 204853074 1 0 204962811 2 6
2.8e-09 2.40625 2.96875 0 207255552 4 1 207212452 7 5
2.8e-09 2.125 2.51562 0 259442204 1 2 259731470 13 14
2.8e-09 2.28125 2.84375 0 260016467 5 4 259881557 5 1
2.8e-09 2.09375 2.48438 0 204955620 0 8 205023063 2 1
2.8e-09 2.85938 3.42188 0 214663516 0 0 214888348 0 0
2.8e-09 2.65625 3.04688 0 235694742 3 5 235834371 1 1
2.8e-09 2.64062 3.04688 0 240194656 0 0 240396152 3 0
2.8e-09 2.14062 2.54688 0 249084973 0 0 249258194 0 4
2.8e-09 2.17188 2.73438 0 235050120 0 0 234830437 2 0
2.8e-09 2.21875 2.78125 0 215388549 0 0 215366583 2 4
2.8e-09 2.15625 2.5625 0 241317658 2 0 241393522 0 0
2.8e-09 3.125 3.53125 0 237077044 0 0 237231817 0 0
2.8e-09 2.09375 2.5 0 203176230 0 0 203445977 0 0
2.8e-09 2.125 2.53125 0 256077458 1 5 256275334 0 0
2.8e-09 2.10938 2.51562 0 264825224 0 2 264744993 1 0
2.8e-09 2.21875 2.78125 0 213850488 0 0 213801892 3 0
2.8e-09 2.26562 2.82812 0 263297505 6 18 263599116 0 0
2.8e-09 2.1875 2.75 0 231223158 3 8 231238641 6 20
2.8e-09 2.6875 3.25 0 219952733 3 1 220035423 0 4
2.8e-09 2.23438 2.79688 0 212204751 0 0 212253718 0 0
2.8e-09 2.14062 2.53125 0 250451811 1 0 250666234 0 0
2.8e-09 2.28125 2.84375 0 259237212 2 3 259058946 7 4
2.8e-09 2.21875 2.78125 0 216992064 7 0 217206955 1 0
2.8e-09 2.8125 3.375 0 236611509 0 0 236525491 5 0
2.8e-09 2.17188 2.73438 0 234151477 0 12 234306528 0 0
2.8e-09 2.70312 3.26562 0 214197550 0 10 214304879 4 3
2.8e-09 2.6875 3.07812 0 223783092 1 1 223628881 0 14
2.8e-09 2.25 2.8125 0 206665702 1 0 206636185 2 1
2.8e-09 2.70312 3.26562 0 212957664 1 1 212972479 0 0
2.8e-09 2.32812 2.89062 0 238019807 1 4 238183046 2 1
2.8e-09 2.71875 3.28125 0 208191029 1 0 208133765 1 1
2.8e-09 2.25 2.8125 0 206381789 5 15 206350641 2 0
2.8e-09 2.25 2.8125 0 204534251 0 0 204498402 4 13
2.8e-09 2.71875 3.28125 0 206387913 5 4 206475376 0 0
2.8e-09 3.10938 3.51562 0 242459502 2 0 242356115 3 3
2.8e-09 2.23438 2.79688 0 212659590 5 1 212728323 4 10
2.8e-09 2.14062 2.54688 0 249407817 10 15 249416608 3 2
2.8e-09 2.3125 2.875 0 244038859 0 0 244289752 1 14
2.8e-09 2.23438 2.79688 0 210710692 1 5 210922714 1 12
2.8e-09 2.26562 2.82812 0 262469758 4 0 262553679 1 0
2.8e-09 2.6875 3.25 0 219534663 0 27 219748697 1 0
2.8e-09 2.25 2.8125 0 203975464 0 6 204051513 4 0
2.8e-09 2.23438 2.79688 0 212332765 0 0 212180663 1 0
2.8e-09 2.3125 2.875 0 243888586 1 15 243963903 1 0
2.8e-09 2.14062 2.53125 0 251233782 0 0 251089789 6 6
2.8e-09 2.6875 3.25 0 217929815 3 12 217910742 2 0
2.8e-09 2.23438 2.79688 0 210178801 0 2 210215054 0 0
2.8e-09 2.29688 2.85938 0 253446463 5 23 253264098 2 0
2.8e-09 2.65625 3.0625 0 231737991 5 0 231621068 2 0
2.8e-09 2.29688 2.85938 0 251755730 4 11 251697073 0 0
2.8e-09 2.70312 3.26562 0 214387229 0 1 214257041 1 0
2.8e-09 3.09375 3.5 0 253449604 6 2 253351061 0 0
2.8e-09 2.25 2.8125 0 205186415 0 0 204934497 3 0
2.8e-09 2.76562 3.32812 0 257172841 0 0 257499733 0 6
2.8e-09 3.10938 3.51562 0 242122619 7 7 242251575 1 0
2.8e-09 2.25 2.8125 0 204414131 0 0 204254225 0 0
2.8e-09 2.10938 2.5 0 266334660 1 35 266314317 2 1
2.8e-09 2.89062 3.45312 0 202849804 1 0 203048259 1 10
2.8e-09 2.73438 3.29688 0 201460452 0 0 201340303 0 0
2.8e-09 2.09375 2.5 0 201743850 3 0 201639798 2 1
2.8e-09 2.25 2.8125 0 204136249 5 2 204394623 1 0
2.8e-09 2.75 3.3125 0 264882001 3 1 264801770 9 63
2.8e-09 2.1875 2.75 0 231482413 2 2 231643463 3 0
2.8e-09 2.40625 2.96875 0 206684371 0 4 206760816 1 3
2.8e-09 2.3125 2.875 0 244274042 7 16 244268345 1 0
2.8e-09 2.375 2.9375 0 214976624 0 0 214882204 8 7
2.8e-09 2.6875 3.07812 0 223913620 0 2 223888800 1 4
2.8e-09 2.15625 2.5625 0 239842427 0 5 240052362 0 5
2.8e-09 2.78125 3.34375 0 247690069 2 15 247705155 1 0
2.8e-09 2.29688 2.85938 0 253327348 1 0 253257501 0 0
2.8e-09 2.57812 2.96875 0 203181658 1 8 203099782 6 3
2.8e-09 2.09375 2.5 0 201104896 2 2 201081920 1 0
2.8e-09 2.57812 2.96875 0 203063933 0 13 203279202 2 1
2.8e-09 2.10938 2.51562 0 260865472 4 0 261063065 3 0
2.8e-09 2.65625 3.0625 0 231923853 3 2 231907242 7 10
2.8e-09 2.82812 3.39062 0 230118258 2 0 230247618 5 13
2.8e-09 2.09375 2.48438 0 205188308 3 4 205030560 0 0
2.8e-09 2.25 2.8125 0 203900041 0 0 203471873 0 8
2.8e-09 2.89062 3.45312 0 204266426 2 3 204332651 0 0
2.8e-09 2.17188 2.5625 0 237454505 0 0 237727148 0 0
2.8e-09 2.23438 2.78125 0 213103942 0 1 213180731 3 0
2.8e-09 2.35938 2.92188 0 221639215 0 0 221516250 1 0
2.8e-09 3.15625 3.54688 0 228192921 5 1 227900934 2 1
2.8e-09 2.35938 2.92188 0 223617887 1 0 223494928 1 0
2.8e-09 2.90625 3.46875 0 265563464 7 12 265507025 1 0
2.8e-09 2.17188 2.73438 0 233761776 0 0 233818774 4 7
2.8e-09 2.71875 3.28125 0 208429069 0 0 208128369 0 0
2.8e-09 2.23438 2.79688 0 210254804 0 2 210046798 0 5
2.8e-09 2.70312 3.26562 0 214033817 2 6 214438097 1 6
2.8e-09 2.75 3.3125 0 262056672 1 4 261589114 0 0
2.8e-09 2.17188 2.73438 0 235540245 1 0 235631404 8 3
2.8e-09 2.71875 3.28125 0 207771345 0 0 207743621 0 0
2.8e-09 2.28125 2.84375 0 260335929 7 2 260373456 5 8
2.8e-09 2.29688 2.85938 0 247684250 3 34 247509427 4 1
2.8e-09 2.17188 2.73438 0 233299740 3 25 233374768 0 0
2.8e-09 2.25 2.8125 0 202693057 3 1 202775936 0 0
2.8e-09 2.20312 2.76562 0 225100509 0 0 225156473 2 0
2.8e-09 2.625 3.03125 0 244423028 2 0 244365703 1 0
2.8e-09 2.35938 2.92188 0 222248216 3 3 222322544 2 0
2.8e-09 2.79688 3.35938 0 244111892 4 69 244235926 1 1
2.8e-09 2.28125 2.84375 0 258184363 0 0 257951677 4 11
2.8e-09 3.14062 3.54688 0 229396510 0 0 229316038 2 1
2.8e-09 2.10938 2.51562 0 264623250 0 0 264476666 1 0
2.8e-09 2.79688 3.35938 0 243190914 9 6 243667758 0 4
2.8e-09 2.40625 2.95312 0 209015733 4 68 208888133 0 0
2.8e-09 2.15625 2.5625 0 239600432 1 0 239456982 2 0
2.8e-09 2.23438 2.79688 0 208416555 0 0 208172151 1 1
2.8e-09 3.14062 3.53125 0 233248637 6 0 233380610 6 7
2.8e-09 2.15625 2.5625 0 240645624 2 0 240738844 1 0
2.8e-09 2.60938 3.01562 0 252600611 1 0 252512584 7 6
2.8e-09 2.26562 2.82812 0 263408818 5 4 263355429 9 4
2.8e-09 2.07812 2.48438 0 209966627 0 8 209802215 1 4
2.8e-09 2.3125 2.875 0 246280762 0 0 246705701 0 0
2.8e-09 2.85938 3.42188 0 215633979 0 0 215561403 2 0
2.8e-09 3.10938 3.51562 0 245353363 0 0 244914853 12 6
2.8e-09 2.21875 2.78125 0 217083460 0 0 217128878 2 1
2.8e-09 2.29688 2.85938 0 251934228 5 3 252177673 3 0
2.8e-09 2.07812 2.48438 0 208608350 0 0 208637228 0 0
2.8e-09 2.15625 2.5625 0 242163130 0 0 242227689 0 0
2.8e-09 2.1875 2.75 0 231742423 1 1 231652840 1 0
2.8e-09 2.65625 3.0625 0 232868692 3 2 232654268 1 0
2.8e-09 2.57812 2.98438 0 267297339 1 8 267260643 8 17
2.8e-09 2.76562 3.32812 0 252662343 0 0 253195486 0 0
2.8e-09 2.21875 2.78125 0 218042361 1 0 217899434 0 0
2.8e-09 2.15625 2.5625 0 239739085 1 1 239736959 4 17
2.8e-09 2.64062 3.04688 0 237015298 2 0 237111521 4 0
2.8e-09 2.35938 2.92188 0 225896616 0 0 225548161 2 13
2.8e-09 2.14062 2.53125 0 250571335 5 1 250440620 0 0
2.8e-09 2.125 2.53125 0 256902930 1 2 256724798 0 1
2.8e-09 2.26562 2.82812 0 265146264 3 0 265207691 4 1
2.8e-09 2.1875 2.73438 0 232036120 2 2 231677052 1 0
2.8e-09 2.09375 2.5 0 200987000 0 0 201222782 2 12
2.8e-09 2.65625 3.0625 0 233889198 1 0 233733519 0 0
2.8e-09 2.14062 2.53125 0 252403779 0 0 252663112 0 0
2.8e-09 2.60938 3.01562 0 252906952 1 1 252987302 2 0
2.8e-09 2.875 3.4375 0 212149362 1 0 212259788 0 0
2.8e-09 2.35938 2.90625 0 227036862 1 0 227103093 1 0
2.8e-09 2.40625 2.96875 0 208487320 4 16 208376536 2 2
2.8e-09 2.78125 3.32812 0 252103590 0 0 252010302 3 0
2.8e-09 2.57812 2.96875 0 204042301 0 0 203918140 2 0
2.8e-09 2.75 3.3125 0 264049936 4 1 264200026 1 0
2.8e-09 2.84375 3.40625 0 225195204 3 27 225195970 4 6
2.8e-09 2.21875 2.78125 0 215080524 2 4 214983185 7 50
2.8e-09 2.84375 3.40625 0 221407584 0 0 221279321 9 77
2.8e-09 2.0625 2.46875 0 214718036 1 0 214585652 7 5
2.8e-09 2.79688 3.35938 0 240047516 0 2 240063822 2 2
2.8e-09 2.15625 2.5625 0 243300251 0 0 243423867 0 0
2.8e-09 2.375 2.9375 0 217061427 5 2 217004167 0 0
2.8e-09 2.35938 2.92188 0 226905711 2 4 226788092 0 0
2.8e-09 2.67188 3.0625 0 228643798 3 3 228427005 1 0
2.8e-09 2.07812 2.46875 0 211106958 0 0 211041240 7 0
2.8e-09 2.875 3.42188 0 213261032 0 0 213185089 1 11
2.8e-09 2.21875 2.78125 0 216078524 0 5 216140226 4 73
2.8e-09 2.0625 2.46875 0 212100874 0 0 211920527 0 4
2.8e-09 2.625 3.03125 0 247183047 0 15 247017741 4 11
2.8e-09 2.15625 2.54688 0 244448450 0 3 244295845 0 0
2.8e-09 2.20312 2.76562 0 222253182 0 0 222440054 0 1
2.8e-09 2.10938 2.5 0 265707725 4 2 265876050 0 36
2.8e-09 2.23438 2.79688 0 212624350 1 0 212491780 1 0
2.8e-09 2.8125 3.375 0 234483920 1 0 234208608 0 4
2.8e-09 2.14062 2.53125 0 251452170 3 7 251391515 10 0
2.8e-09 2.625 3.03125 0 247410349 0 7 247280121 0 0
2.8e-09 2.875 3.42188 0 213044866 3 1 213207860 2 0
2.8e-09 2.6875 3.25 0 218797567 0 0 218881604 2 0
2.8e-09 2.125 2.51562 0 259482911 3 3 259499221 0 0
2.8e-09 2.10938 2.51562 0 264787975 7 28 264759059 8 4
2.8e-09 2.59375 3 0 261541329 6 1 261516939 1 0
2.8e-09 2.375 2.9375 0 216479321 3 2 216637078 0 0
2.8e-09 2.23438 2.79688 0 210429255 0 1 210331838 1 3
2.8e-09 2.09375 2.48438 0 204243710 2 1 204423255 9 31
2.8e-09 2.40625 2.96875 0 204650854 0 0 204592788 1 1
2.8e-09 3.15625 3.5625 0 226824765 0 1 226676838 0 0
2.8e-09 2.39062 2.95312 0 209519473 1 0 209561873 0 0
2.8e-09 2.14062 2.53125 0 250707882 0 0 251010160 1 10
2.8e-09 2.85938 3.42188 0 218561700 2 4 218577840 1 1
2.8e-09 2.625 3.03125 0 244120170 2 1 243614871 1 0
2.8e-09 2.59375 2.98438 0 263958030 18 2 263925213 2 0
2.8e-09 2.90625 3.46875 0 267075722 0 1 267083216 1 1
2.8e-09 2.71875 3.28125 0 207202056 0 0 206940490 2 0
2.8e-09 2.21875 2.78125 0 217523357 0 0 217741222 3 0
2.8e-09 2.73438 3.29688 0 267179856 9 3 267748604 2 1
2.8e-09 2.21875 2.78125 0 217172663 3 0 217188915 0 0
2.8e-09 2.57812 2.98438 0 266359365 1 1 266514632 3 0
2.8e-09 2.07812 2.48438 0 208599174 0 0 208737816 2 16
2.8e-09 2.09375 2.48438 0 204954203 0 12 205037749 3 0
2.8e-09 2.84375 3.40625 0 220159463 1 0 220049783 6 2
2.8e-09 2.20312 2.76562 0 220131585 0 0 220017236 1 0
2.8e-09 2.09375 2.5 0 201865630 0 7 201968883 2 2
2.8e-09 2.28125 2.84375 0 255065822 1 3 255388317 1 7
2.8e-09 2.89062 3.45312 0 205357329 0 0 205018270 1 0
2.8e-09 2.67188 3.07812 0 226824427 0 2 226653361 8 11
2.8e-09 2.35938 2.92188 0 221416664 3 5 221657377 1 0
2.8e-09 2.59375 3 0 258926438 7 146 259311919 0 0
2.8e-09 2.07812 2.48438 0 207070479 0 0 206919857 3 0
2.8e-09 2.09375 2.48438 0 205516463 0 0 205633348 0 9
2.8e-09 2.6875 3.25 0 218003910 0 1 218288333 1 0
2.8e-09 2.82812 3.39062 0 227914123 1 0 227394887 0 0
2.8e-09 3.14062 3.54688 0 233192560 0 0 233138775 0 1
2.8e-09 2.21875 2.78125 0 217360511 1 1 217394588 1 0
2.8e-09 2.07812 2.48438 0 208693900 0 2 208788691 5 1
2.8e-09 2.73438 3.29688 0 202161385 1 1 202272150 1 0
2.8e-09 2.39062 2.95312 0 209446970 3 4 209405045 0 7
2.8e-09 2.07812 2.48438 0 209991285 4 0 209796942 1 0
2.8e-09 2.64062 3.03125 0 243455556 0 0 243709725 8 27
2.8e-09 2.20312 2.76562 0 223594277 3 2 223554715 2 1
2.8e-09 2.17188 2.73438 0 233914214 0 3 234234164 1 0
2.8e-09 2.20312 2.76562 0 222400180 0 0 222437629 0 0
2.8e-09 2.35938 2.92188 0 222627848 1 0 222527210 2 0
2.8e-09 2.15625 2.5625 0 242802508 6 3 242986956 6 5
2.8e-09 2.28125 2.84375 0 254530013 0 0 254626131 1 1
2.8e-09 2.39062 2.95312 0 213949521 0 0 213681594 0 0
2.8e-09 2.14062 2.54688 0 246156947 1 3 246136811 3 14
2.8e-09 2.14062 2.53125 0 250493779 0 0 250456187 3 2
2.8e-09 2.34375 2.90625 0 231283688 3 0 231478033 2 17
2.8e-09 2.3125 2.875 0 240670854 2 2 240738569 2 0
2.8e-09 2.28125 2.84375 0 254707446 7 1 254712713 9 17
2.8e-09 2.26562 2.82812 0 262896223 8 2 263111760 2 0
2.8e-09 2.67188 3.0625 0 229068995 5 47 229088748 0 3
2.8e-09 2.21875 2.78125 0 218599279 5 3 218442246 0 0
2.8e-09 2.6875 3.25 0 221994627 2 10 221752229 3 0
2.8e-09 2.09375 2.5 0 201147102 1 34 201159073 1 0
2.8e-09 2.125 2.53125 0 255833323 4 81 255835853 1 0
2.8e-09 2.3125 2.875 0 240573097 4 5 240692233 3 1
2.8e-09 2.23438 2.79688 0 210593954 0 0 210654336 7 6
2.8e-09 2.60938 3.01562 0 252409840 2 8 252081067 1 15
2.8e-09 2.32812 2.89062 0 238994208 0 0 239145961 7 17
2.8e-09 2.0625 2.46875 0 213020921 0 0 213011859 1 0
2.8e-09 2.07812 2.48438 0 208326052 4 1 208395986 1 13
2.8e-09 2.625 3.03125 0 245801284 1 12 246083950 1 0
