2.8e-09 infty 2.84375 9.5625 656 0 0 638 0 30670249
2.8e-09 infty 2.9375 9.48438 557 0 0 568 0 0
2.8e-09 infty 2.5 9.5625 636 0 33655686 660 0 0
2.8e-09 infty 3.03125 9.57812 643 0 0 669 0 0
2.8e-09 infty 2.8125 9.53125 678 0 7186785 668 0 118914384
2.8e-09 infty 3.26562 9.46875 563 0 136031 569 0 0
2.8e-09 19.9531 2.78125 9.5 0 0 389144718 0 0 0
2.8e-09 infty 2.79688 9.51562 697 0 1609556 713 0 0
2.8e-09 19.5156 3.35938 9.5625 0 0 420029143 0 0 0
2.8e-09 infty 2.98438 9.54688 687 0 0 659 0 0
2.8e-09 infty 2.51562 9.57812 620 0 0 612 0 0
2.8e-09 infty 2.875 9.60938 619 0 0 611 0 0
2.8e-09 infty 3.53125 9.5625 623 0 0 618 0 0
2.8e-09 infty 3.26562 9.46875 553 0 0 558 0 4409669
2.8e-09 25.4531 3.4375 9.46875 71 0 274924428 78 0 226326580
2.8e-09 22.1719 2.82812 9.54688 1 0 404388886 1 0 0
2.8e-09 infty 3.28125 9.48438 578 0 0 536 0 2302230
2.8e-09 23.75 2.89062 9.60938 5 0 409899714 4 0 74212
2.8e-09 infty 2.45312 9.51562 673 0 3092307 675 0 0
2.8e-09 27.9062 2.89062 9.60938 613 0 0 630 0 471208063
2.8e-09 28.5312 2.48438 9.5625 737 0 235135573 691 0 29021852
2.8e-09 infty 2.89062 9.60938 635 0 124997340 586 0 0
2.8e-09 20.8438 2.54688 9.45312 0 0 415195053 0 0 0
2.8e-09 23.4844 2.4375 9.5 2 0 478750716 7 0 0
2.8e-09 infty 2.98438 9.53125 676 0 0 644 0 33188106
2.8e-09 24.8281 3.375 9.57812 19 0 1413126 15 0 506958374
2.8e-09 infty 3.42188 9.45312 579 0 230163 604 0 0
2.8e-09 24.6094 2.875 9.59375 13 0 14115800 24 0 423656681
2.8e-09 20.9531 2.4375 9.5 0 0 0 0 0 419341674
2.8e-09 27.2188 2.54688 9.60938 265 0 405347450 239 0 0
2.8e-09 infty 2.5625 9.45312 571 0 0 606 0 0
2.8e-09 25.7031 3.42188 9.45312 100 0 464109155 107 0 0
2.8e-09 infty 3.5625 9.59375 660 0 0 594 0 742999
2.8e-09 infty 2.84375 9.57812 684 0 0 645 0 2309211
2.8e-09 infty 2.79688 9.51562 723 0 0 681 0 0
2.8e-09 infty 3.5625 9.60938 637 0 13831 632 0 102754565
2.8e-09 25.8594 2.875 9.59375 90 0 498680107 121 0 0
2.8e-09 23.0781 2.45312 9.53125 1 0 1180 0 0 395571385
2.8e-09 infty 2.46875 9.53125 686 0 45981 694 0 3504
2.8e-09 23.0938 2.46875 9.53125 6 0 447724264 11 0 0
2.8e-09 23.75 2.53125 9.59375 16 0 510837922 9 0 0
2.8e-09 19.9688 2.96875 9.51562 0 0 280390528 0 0 228104841
2.8e-09 infty 2.53125 9.59375 623 0 0 601 0 0
2.8e-09 26.1562 2.48438 9.54688 118 0 0 108 0 395287248
2.8e-09 24.0625 3.45312 9.48438 22 0 482900688 20 0 0
2.8e-09 23.7188 2.95312 9.5 25 0 0 26 0 494382246
2.8e-09 25.7656 2.79688 9.51562 132 0 359337288 101 0 149834263
2.8e-09 19.1875 2.5 9.5625 0 0 418155666 0 0 0
2.8e-09 infty 2.875 9.59375 645 0 0 640 0 289083
2.8e-09 infty 2.89062 9.60938 564 0 0 607 0 0
2.8e-09 26.6406 2.45312 9.51562 164 0 387695769 159 0 0
2.8e-09 26.2344 2.98438 9.53125 149 0 443207408 150 0 67291936
2.8e-09 20.1406 2.46875 9.53125 0 0 504030153 0 0 73001
2.8e-09 20.625 2.46875 9.53125 0 0 360419010 0 0 44184889
2.8e-09 23.5156 3.3125 9.51562 8 0 0 7 0 459478973
2.8e-09 22.9688 3.45312 9.48438 2 0 0 1 0 469468062
2.8e-09 27.6094 3.28125 9.48438 418 0 404757041 395 0 0
2.8e-09 infty 2.98438 9.53125 712 0 0 667 0 0
2.8e-09 23.625 3.46875 9.5 3 0 0 12 0 472469311
2.8e-09 25.1094 3.57812 9.60938 30 0 0 33 0 492599839
2.8e-09 infty 2.53125 9.59375 591 0 0 663 0 0
2.8e-09 20.4844 3.4375 9.46875 0 0 431820789 0 0 0
2.8e-09 infty 3.57812 9.60938 615 0 0 583 0 0
2.8e-09 24.6094 3.42188 9.45312 37 0 0 28 0 391683605
2.8e-09 infty 2.84375 9.57812 623 0 0 671 0 0
2.8e-09 21.6719 2.79688 9.51562 1 0 23693135 2 0 478046305
2.8e-09 infty 3.3125 9.51562 696 0 0 663 0 0
2.8e-09 20.4062 2.78125 9.5 0 0 371756918 0 0 142037762
2.8e-09 infty 2.75 9.46875 571 0 0 623 0 400431
2.8e-09 infty 2.92188 9.46875 531 0 60759556 598 0 0
2.8e-09 infty 2.8125 9.53125 674 0 0 664 0 0
2.8e-09 26.2344 2.90625 9.45312 198 0 474448785 193 0 0
2.8e-09 infty 3.46875 9.5 540 0 0 541 0 0
2.8e-09 27.2812 3.46875 9.51562 386 0 238615 439 0 476645724
2.8e-09 infty 3.4375 9.46875 618 0 0 585 0 0
2.8e-09 24.2188 2.48438 9.54688 19 0 425278249 15 0 0
2.8e-09 infty 2.875 9.59375 609 0 0 601 0 0
2.8e-09 infty 2.4375 9.5 545 0 61477764 542 0 0
2.8e-09 infty 2.82812 9.5625 661 0 0 648 0 0
2.8e-09 infty 3.03125 9.57812 629 0 0 661 0 0
2.8e-09 infty 3.34375 9.54688 666 0 0 664 0 203379447
2.8e-09 infty 3.53125 9.5625 664 0 0 645 0 0
2.8e-09 infty 3.5 9.53125 655 0 4017045 674 0 0
2.8e-09 infty 3.54688 9.57812 630 0 0 606 0 0
2.8e-09 27.2812 3.28125 9.48438 421 0 29134 433 0 496174298
2.8e-09 21.1094 2.9375 9.48438 0 0 431517209 0 0 0
2.8e-09 infty 2.5 9.5625 699 0 1603102 613 0 0
2.8e-09 21.0469 2.8125 9.53125 0 0 477044252 1 0 0
2.8e-09 23.2812 3.53125 9.5625 4 0 505957691 2 0 0
2.8e-09 24.5781 2.98438 9.53125 10 0 2308 11 0 441903779
2.8e-09 21.9688 2.85938 9.59375 0 0 0 0 0 436009970
2.8e-09 23.2812 2.875 9.59375 4 0 480521536 0 0 2944801
2.8e-09 23.25 3.34375 9.54688 11 0 243306667 10 0 183013067
2.8e-09 infty 2.5625 9.45312 605 0 0 607 0 0
2.8e-09 infty 2.4375 9.51562 680 0 2674239 743 0 0
2.8e-09 infty 3.42188 9.45312 639 0 0 565 0 0
2.8e-09 27.2031 3.04688 9.59375 265 0 8042769 265 0 387794544
2.8e-09 infty 2.54688 9.60938 577 0 0 581 0 11760
2.8e-09 22.6719 2.82812 9.54688 1 0 1853160 2 0 424985544
2.8e-09 19.5938 2.95312 9.5 0 0 395298144 0 0 0
2.8e-09 24.125 3 9.54688 11 0 513827353 12 0 0
2.8e-09 25.1719 2.76562 9.5 80 0 0 62 0 486873532
2.8e-09 20.6562 3.54688 9.57812 0 0 0 1 0 424102184
2.8e-09 infty 3.35938 9.5625 633 0 26760343 660 0 0
2.8e-09 22.6719 2.45312 9.51562 0 0 0 1 0 404334566
2.8e-09 24.0625 3 9.54688 22 0 439007203 23 0 37390826
2.8e-09 infty 2.9375 9.48438 560 0 2657131 621 0 0
2.8e-09 20.9062 2.98438 9.53125 0 0 454669636 0 0 3252371
2.8e-09 infty 2.85938 9.57812 654 0 0 596 0 0
2.8e-09 22.9844 2.4375 9.5 4 0 388661045 7 0 0
2.8e-09 infty 2.48438 9.54688 684 0 0 659 0 244943
2.8e-09 infty 2.75 9.48438 531 0 0 592 0 0
2.8e-09 25.1562 3.0625 9.60938 45 0 58485705 65 0 371553534
2.8e-09 22.0938 3.375 9.57812 2 0 0 1 0 478026608
2.8e-09 26.0625 2.9375 9.48438 141 0 73179 123 0 454027792
2.8e-09 infty 3.57812 9.60938 653 0 0 571 0 0
2.8e-09 infty 2.5 9.5625 677 0 0 658 0 0
2.8e-09 infty 3.53125 9.5625 607 0 0 676 0 281097
2.8e-09 infty 2.875 9.60938 629 0 0 624 0 0
2.8e-09 infty 2.8125 9.53125 671 0 12507005 637 0 398507
2.8e-09 infty 3.54688 9.57812 654 0 8175759 618 0 9696843
2.8e-09 infty 2.9375 9.48438 558 0 0 558 0 0
2.8e-09 infty 3.35938 9.5625 670 0 0 657 0 3940676
2.8e-09 infty 2.85938 9.57812 659 0 0 664 0 226250571
2.8e-09 infty 2.48438 9.5625 661 0 61784175 651 0 0
2.8e-09 infty 2.5625 9.45312 609 0 176 570 0 0
2.8e-09 24.6094 2.75 9.48438 34 0 809 27 0 407061563
2.8e-09 22 2.5625 9.45312 0 0 421888013 1 0 0
2.8e-09 22.875 2.5625 9.45312 3 0 0 3 0 418207053
2.8e-09 25.0156 2.46875 9.53125 39 0 455342162 58 0 0
2.8e-09 23.1094 2.95312 9.5 3 0 433345098 1 0 0
2.8e-09 infty 2.98438 9.53125 739 0 0 678 0 0
2.8e-09 20.0156 2.48438 9.54688 0 0 469847526 0 0 120241
2.8e-09 25.2344 3.48438 9.51562 95 0 51779 67 0 507834321
2.8e-09 21.875 2.9375 9.48438 1 0 509147132 2 0 825970
2.8e-09 infty 3.40625 9.60938 623 0 0 607 0 0
2.8e-09 infty 2.53125 9.59375 627 0 0 617 0 0
2.8e-09 26.8906 3.39062 9.60938 268 0 483681141 276 0 0
2.8e-09 22.1094 2.5625 9.45312 1 0 0 0 0 456435807
2.8e-09 21.2812 3.0625 9.60938 0 0 0 1 0 432212193
2.8e-09 21.5 2.84375 9.5625 0 0 4568821 0 0 511666383
2.8e-09 infty 2.42188 9.5 560 0 0 563 0 0
2.8e-09 26.2969 3.48438 9.51562 162 0 475546309 154 0 0
2.8e-09 25.7812 2.875 9.59375 105 0 498971727 97 0 0
2.8e-09 infty 2.85938 9.57812 611 0 0 592 0 1969761
2.8e-09 infty 2.5 9.5625 627 0 95986 661 0 1979564
2.8e-09 24.6406 2.89062 9.60938 30 0 280194120 29 0 214376523
2.8e-09 infty 3.35938 9.5625 666 0 0 687 0 0
2.8e-09 27.1562 2.90625 9.45312 331 0 219534 314 0 421660245
2.8e-09 25.2344 2.82812 9.54688 74 0 72334598 62 0 434157669
2.8e-09 20.5312 3.0625 9.60938 0 0 0 0 0 394993063
2.8e-09 20.5469 3.375 9.57812 0 0 0 0 0 444134250
2.8e-09 20.7031 2.51562 9.57812 0 0 460765885 0 0 0
2.8e-09 infty 2.76562 9.48438 557 0 0 585 0 0
2.8e-09 infty 3.39062 9.60938 644 0 0 586 0 0
2.8e-09 infty 3.35938 9.5625 634 0 0 684 0 84700159
2.8e-09 infty 3 9.54688 714 0 0 699 0 12864534
2.8e-09 21.4062 3.5 9.53125 0 0 435586582 1 0 0
2.8e-09 22.9219 2.75 9.46875 2 0 3466 5 0 514002706
2.8e-09 22.9844 2.48438 9.54688 2 0 0 3 0 465335756
2.8e-09 25.1406 2.92188 9.46875 41 0 426330143 54 0 13019952
2.8e-09 infty 2.5 9.5625 670 0 0 636 0 0
2.8e-09 23.4219 2.9375 9.48438 9 0 479397466 10 0 0
2.8e-09 27.1719 2.48438 9.54688 300 0 114275941 292 0 322780058
2.8e-09 23.6094 2.51562 9.57812 11 0 477025258 10 0 0
2.8e-09 infty 3.59375 9.45312 594 0 0 581 0 0
2.8e-09 26.7656 2.45312 9.51562 211 0 434255002 223 0 0
2.8e-09 infty 2.54688 9.45312 597 0 0 622 0 0
2.8e-09 infty 2.42188 9.5 559 0 0 490 0 122705
2.8e-09 24.0469 2.76562 9.48438 21 0 0 10 0 434913406
2.8e-09 23.625 3.40625 9.60938 4 0 462987005 8 0 2785
2.8e-09 24.0938 2.5 9.5625 14 0 237389397 26 0 188938802
2.8e-09 24.9688 2.4375 9.5 44 0 0 41 0 416863467
2.8e-09 infty 2.875 9.59375 630 0 25595 635 0 0
2.8e-09 21 2.78125 9.5 0 0 0 0 0 390522216
2.8e-09 infty 2.46875 9.53125 658 0 0 691 0 0
2.8e-09 infty 3.48438 9.51562 716 0 0 701 0 0
2.8e-09 infty 3.32812 9.53125 663 0 0 688 0 0
2.8e-09 23.2344 2.89062 9.60938 3 0 403548589 4 0 0
2.8e-09 infty 2.46875 9.53125 667 0 11005731 688 0 0
2.8e-09 infty 2.90625 9.45312 586 0 0 595 0 0
2.8e-09 21.0312 2.875 9.59375 0 0 488391690 0 0 0
2.8e-09 24.6094 2.46875 9.53125 21 0 8171993 28 0 382140898
2.8e-09 21.25 2.875 9.59375 0 0 392796682 0 0 0
2.8e-09 infty 2.875 9.59375 625 0 0 630 0 0
2.8e-09 infty 3.3125 9.51562 736 0 0 714 0 0
2.8e-09 20.3594 2.46875 9.53125 0 0 0 0 0 473174323
2.8e-09 22.0156 3 9.54688 1 0 0 1 0 409588100
2.8e-09 22.2812 2.53125 9.59375 1 0 475287873 4 0 2173
2.8e-09 infty 3.375 9.57812 643 0 37979 664 0 5750719
2.8e-09 26.1719 2.5625 9.45312 149 0 391855195 145 0 0
2.8e-09 infty 2.4375 9.5 533 0 0 534 0 0
2.8e-09 infty 2.51562 9.57812 634 0 0 610 0 0
2.8e-09 22.6406 2.4375 9.5 3 0 460815532 1 0 0
2.8e-09 infty 2.98438 9.53125 696 0 0 674 0 0
2.8e-09 21.0938 2.82812 9.54688 0 0 0 0 0 446886969
2.8e-09 infty 2.75 9.48438 543 0 0 560 0 0
2.8e-09 25.25 2.53125 9.59375 60 0 189600180 63 0 308013547
2.8e-09 infty 3.48438 9.51562 679 0 0 715 0 0
2.8e-09 infty 3.26562 9.46875 569 0 0 582 0 0
2.8e-09 infty 2.82812 9.54688 697 0 17157879 659 0 0
2.8e-09 26.5156 2.9375 9.48438 139 0 0 188 0 433023643
2.8e-09 infty 2.79688 9.51562 731 0 0 668 0 0
2.8e-09 infty 2.5 9.5625 639 0 0 650 0 0
2.8e-09 21.125 2.48438 9.54688 0 0 0 0 0 425196559
2.8e-09 21.0938 2.4375 9.5 1 0 1216 0 0 445067714
2.8e-09 19.9688 2.48438 9.5625 0 0 308177184 0 0 199368823
2.8e-09 infty 3.59375 9.45312 569 0 60861 620 0 0
2.8e-09 infty 2.45312 9.51562 711 0 0 671 0 0
2.8e-09 infty 3.40625 9.60938 587 0 0 617 0 0
2.8e-09 infty 2.53125 9.59375 615 0 0 587 0 16304724
2.8e-09 24.6406 2.46875 9.53125 38 0 170760 39 0 493801490
2.8e-09 23.7031 2.5625 9.45312 1 0 493381546 7 0 3664757
2.8e-09 infty 3.35938 9.5625 668 0 0 660 0 0
2.8e-09 infty 3.45312 9.5 525 0 0 541 0 0
2.8e-09 23.0156 3.01562 9.5625 7 0 496807383 6 0 0
2.8e-09 24.5938 3.4375 9.46875 35 0 395010053 26 0 1863774
2.8e-09 infty 3.07812 9.45312 594 0 0 581 0 0
2.8e-09 infty 3.28125 9.48438 532 0 0 590 0 0
2.8e-09 20.4219 3.45312 9.48438 0 0 0 1 0 438242087
2.8e-09 25.7812 2.46875 9.53125 92 0 414614978 96 0 0
2.8e-09 infty 2.8125 9.54688 686 0 0 724 0 0
2.8e-09 24.75 3 9.54688 40 0 791896 43 0 427343850
2.8e-09 20.9688 2.42188 9.5 0 0 0 0 0 409969608
2.8e-09 infty 2.875 9.59375 628 0 0 622 0 0
2.8e-09 infty 2.96875 9.51562 680 0 0 712 0 0
2.8e-09 27.7656 3.26562 9.46875 577 0 0 609 0 428322755
2.8e-09 20.4688 3.26562 9.46875 0 0 443722110 0 0 195
2.8e-09 26.1875 3.3125 9.53125 137 0 413287399 120 0 0
2.8e-09 22.2969 2.875 9.59375 2 0 437898566 0 0 0
2.8e-09 infty 2.48438 9.54688 651 0 50765745 675 0 0
2.8e-09 24.1719 2.95312 9.5 22 0 197846 16 0 482704627
2.8e-09 infty 2.96875 9.51562 719 0 0 680 0 0
2.8e-09 infty 2.90625 9.45312 588 0 470174 582 0 5076162
2.8e-09 21.4375 3.07812 9.45312 0 0 425913490 0 0 43
2.8e-09 24.6875 2.98438 9.53125 21 0 0 19 0 407268960
2.8e-09 26.25 3.57812 9.60938 131 0 520877 143 0 501930130
2.8e-09 infty 3.53125 9.5625 680 0 0 660 0 0
2.8e-09 infty 2.82812 9.54688 676 0 3789794 669 0 0
2.8e-09 21.5 2.98438 9.53125 1 0 400933122 0 0 0
2.8e-09 infty 3.03125 9.57812 650 0 1509383 638 0 0
2.8e-09 infty 2.82812 9.54688 702 0 0 684 0 0
2.8e-09 infty 3.26562 9.46875 609 0 0 608 0 0
2.8e-09 25.0781 3.04688 9.59375 44 0 0 51 0 460688876
2.8e-09 19.25 3.07812 9.45312 1 0 391502283 0 0 1019
2.8e-09 21.6406 2.45312 9.51562 1 0 146382817 1 0 255536202
2.8e-09 infty 3.26562 9.46875 575 0 0 551 0 0
2.8e-09 infty 2.89062 9.60938 624 0 0 634 0 0
2.8e-09 infty 3.35938 9.5625 660 0 0 677 0 143789120
2.8e-09 infty 3.42188 9.46875 607 0 13723 597 0 0
2.8e-09 24.75 3.48438 9.51562 43 0 4546 34 0 401077485
2.8e-09 infty 2.53125 9.60938 619 0 0 576 0 0
2.8e-09 infty 2.96875 9.51562 760 0 0 688 0 0
2.8e-09 infty 2.95312 9.5 516 0 29997033 565 0 0
2.8e-09 infty 3.32812 9.53125 688 0 30074 734 0 0
2.8e-09 infty 2.79688 9.51562 694 0 817372 757 0 0
2.8e-09 21.9844 2.75 9.46875 0 0 7418146 1 0 506886252
2.8e-09 infty 3.34375 9.54688 660 0 8965085 720 0 0
2.8e-09 infty 2.875 9.59375 604 0 0 615 0 861233
2.8e-09 infty 2.98438 9.54688 681 0 0 691 0 404122
2.8e-09 infty 3.59375 9.45312 582 0 0 597 0 87549958
2.8e-09 infty 2.46875 9.53125 641 0 0 684 0 204824528
2.8e-09 infty 3.5625 9.59375 617 0 14619 652 0 0
2.8e-09 25.6406 2.92188 9.46875 112 0 0 97 0 506612395
2.8e-09 infty 2.51562 9.57812 690 0 0 643 0 0
2.8e-09 infty 3 9.54688 711 0 0 661 0 0
2.8e-09 28.3125 2.75 9.46875 604 0 0 577 0 270122307
2.8e-09 infty 3.29688 9.51562 723 0 373030 698 0 0
2.8e-09 27.7812 2.98438 9.53125 508 0 0 464 0 430844028
2.8e-09 21.9688 3.32812 9.53125 0 0 0 1 0 437271907
2.8e-09 infty 2.53125 9.59375 572 0 12736801 638 0 0
2.8e-09 infty 3.42188 9.45312 579 0 0 599 0 66820239
2.8e-09 infty 3.51562 9.54688 593 0 0 667 0 185994
2.8e-09 infty 2.76562 9.5 555 0 0 554 0 0
2.8e-09 20.6562 2.76562 9.48438 1 0 0 0 0 431866496
2.8e-09 infty 2.5 9.5625 676 0 3956 688 0 12577050
2.8e-09 infty 2.5 9.5625 617 0 0 694 0 215068228
2.8e-09 27.5469 2.5625 9.45312 449 0 0 435 0 455455028
2.8e-09 26.1562 2.53125 9.59375 107 0 410971835 128 0 0
2.8e-09 infty 2.76562 9.48438 555 0 8686553 514 0 0
2.8e-09 27.1719 2.78125 9.51562 295 0 0 308 0 435872807
2.8e-09 22.0469 2.76562 9.5 1 0 72643 1 0 513267428
2.8e-09 infty 3.5625 9.59375 622 0 0 676 0 0
2.8e-09 infty 3.46875 9.5 526 0 0 585 0 0
2.8e-09 20.625 3.4375 9.46875 0 0 0 0 0 406064078
2.8e-09 infty 2.95312 9.5 513 0 0 553 0 166747
2.8e-09 21.625 2.96875 9.51562 1 0 493315946 2 0 16894135
2.8e-09 infty 2.79688 9.51562 695 0 0 709 0 0
2.8e-09 infty 3.03125 9.57812 650 0 478524 607 0 0
2.8e-09 20.0469 2.95312 9.5 0 0 15308872 0 0 416741977
2.8e-09 26.6094 2.51562 9.57812 160 0 0 137 0 409003548
2.8e-09 infty 2.4375 9.5 566 0 0 558 0 83585
2.8e-09 infty 2.82812 9.54688 618 0 0 645 0 0
2.8e-09 infty 3.01562 9.5625 687 0 5005 660 0 0
2.8e-09 25.5781 3.46875 9.5 60 0 423916538 51 0 12334
2.8e-09 26.5312 3.40625 9.95312 197 0 0 185 0 454325926
2.8e-09 infty 2.53125 9.59375 611 0 0 609 0 0
2.8e-09 infty 2.90625 9.45312 612 0 3078203 573 0 0
2.8e-09 infty 3.01562 9.5625 668 0 0 653 0 33988913
2.8e-09 infty 3.4375 9.46875 579 0 0 561 0 19338961
2.8e-09 20.4219 2.92188 9.46875 1 0 907526 1 0 461616038
2.8e-09 28.25 3.32812 9.54688 677 0 0 659 0 391197482
2.8e-09 infty 3.5 9.53125 674 0 140890 675 0 0
2.8e-09 infty 2.8125 9.53125 713 0 0 675 0 0
2.8e-09 21.625 2.75 9.46875 0 0 0 1 0 419406698
2.8e-09 25.5938 2.5 9.5625 74 0 407682421 58 0 0
2.8e-09 21.4844 3.34375 9.54688 1 0 406781409 0 0 795325
2.8e-09 20.4219 3.5625 9.59375 0 0 0 0 0 474383530
2.8e-09 20.4219 2.96875 9.51562 1 0 433097783 0 0 29
2.8e-09 28.5 3.375 9.59375 619 0 0 672 0 278067753
2.8e-09 infty 2.54688 9.60938 622 0 0 595 0 0
2.8e-09 21.0469 2.48438 9.54688 0 0 3017705 0 0 457048696
2.8e-09 22.1719 2.4375 9.5 2 0 424166753 1 0 0
2.8e-09 infty 2.75 9.46875 594 0 0 555 0 160593
2.8e-09 20.8438 2.76562 9.48438 0 0 345642 0 0 411844491
2.8e-09 infty 2.85938 9.57812 602 0 0 658 0 3090
2.8e-09 26.7031 3.32812 9.53125 210 0 0 231 0 472980238
2.8e-09 19.4062 2.54688 9.60938 0 0 0 0 0 412963491
2.8e-09 26.5781 3.3125 9.51562 172 0 422548754 159 0 0
2.8e-09 23.7344 3.40625 9.60938 1 0 0 2 0 402458226
2.8e-09 20.4531 2.48438 9.54688 0 0 462993139 0 0 0
2.8e-09 infty 2.9375 9.48438 601 0 0 532 0 0
2.8e-09 infty 2.53125 9.59375 648 0 0 593 0 135258719
2.8e-09 20.0156 2.82812 9.5625 0 0 466486135 0 0 0
2.8e-09 18.875 3.53125 9.5625 0 0 27718187 0 0 390040955
2.8e-09 infty 3 9.5625 709 0 32950773 617 0 162814996
2.8e-09 22.9219 2.76562 9.48438 3 0 227357907 5 0 180178891
2.8e-09 21.375 3.42188 9.45312 2 0 497126457 0 0 17
2.8e-09 infty 3.07812 9.45312 565 0 0 633 0 0
2.8e-09 22.1719 2.92188 9.46875 0 0 0 0 0 422159853
2.8e-09 infty 2.46875 9.53125 695 0 0 707 0 3210614
2.8e-09 infty 3.39062 9.59375 612 0 0 593 0 0
2.8e-09 24.6875 2.98438 9.53125 11 0 0 14 0 488400601
2.8e-09 23.7344 2.875 9.59375 2 0 205498 3 0 482457330
2.8e-09 20.8281 3.07812 9.45312 0 0 315191848 0 0 113015103
2.8e-09 26.2656 3.46875 9.5 180 0 0 165 0 499972248
2.8e-09 24 3.28125 9.48438 5 0 482655702 7 0 0
2.8e-09 infty 2.75 9.46875 605 0 0 565 0 0
2.8e-09 infty 2.75 9.46875 613 0 0 569 0 0
2.8e-09 20.5625 2.96875 9.51562 1 0 376428589 1 0 63292612
2.8e-09 infty 3 9.54688 655 0 0 663 0 0
2.8e-09 infty 2.54688 9.60938 599 0 0 570 0 0
2.8e-09 20.6875 2.51562 9.57812 0 0 505567735 0 0 3281753
2.8e-09 26.125 2.5625 9.45312 151 0 0 122 0 458254911
2.8e-09 20.5938 3.26562 9.46875 0 0 0 0 0 476308224
2.8e-09 25.2344 3.57812 9.96875 41 0 0 45 0 403369747
2.8e-09 infty 2.84375 9.5625 668 0 0 648 0 22798740
2.8e-09 19.5156 3.40625 9.60938 0 0 0 0 0 414416948
2.8e-09 21.3281 2.75 9.46875 0 0 0 0 0 425195808
2.8e-09 21.1094 2.5 9.5625 0 0 431407732 0 0 10710
2.8e-09 20.3594 2.95312 9.5 0 0 34242 0 0 403720134
2.8e-09 22.4531 2.92188 9.48438 2 0 120352980 1 0 343486718
2.8e-09 20.9531 2.76562 9.5 0 0 449879890 0 0 29
2.8e-09 infty 3.34375 9.54688 686 0 0 643 0 0
2.8e-09 23.5938 2.82812 9.54688 4 0 468890 5 0 496503826
2.8e-09 25.8438 3 9.5625 116 0 509447559 109 0 0
2.8e-09 20.5156 3.28125 9.5 0 0 408574211 0 0 0
2.8e-09 26.1406 3.375 9.59375 109 0 443576591 122 0 0
2.8e-09 infty 3.26562 9.46875 576 0 0 598 0 0
2.8e-09 20.5625 2.4375 9.5 0 0 381400903 0 0 66592476
2.8e-09 26.7344 2.875 9.59375 170 0 0 180 0 454628814
2.8e-09 21.9688 2.42188 9.5 0 0 417851162 0 0 15
2.8e-09 infty 2.78125 9.5 516 0 0 542 0 1370720
2.8e-09 infty 2.48438 9.54688 664 0 7101908 671 0 0
2.8e-09 infty 3.42188 9.45312 631 0 0 592 0 0
2.8e-09 21.6406 2.98438 9.53125 0 0 398826145 1 0 12
2.8e-09 infty 3.34375 9.54688 703 0 273468 678 0 0
2.8e-09 infty 3.51562 9.54688 647 0 0 707 0 0
2.8e-09 infty 2.90625 9.45312 559 0 0 616 0 0
2.8e-09 21.5156 2.78125 9.5 0 0 450006 0 0 400116932
2.8e-09 23.1406 3.39062 9.59375 3 0 470903322 3 0 0
2.8e-09 infty 2.82812 9.54688 650 0 0 723 0 0
2.8e-09 22.625 2.45312 9.51562 5 0 348796 2 0 476365362
2.8e-09 19.6562 2.8125 9.53125 0 0 399338568 0 0 23545
2.8e-09 26.2188 2.76562 9.48438 173 0 8474773 189 0 475997353
2.8e-09 infty 2.84375 9.5625 629 0 0 655 0 0
2.8e-09 infty 3.34375 9.54688 626 0 0 650 0 11845
2.8e-09 infty 2.79688 9.51562 682 0 0 770 0 0
2.8e-09 19.9375 3.4375 9.46875 1 0 19 0 0 471807998
2.8e-09 21.5312 3.3125 9.51562 0 0 0 0 0 512229801
2.8e-09 infty 3.39062 9.60938 607 0 0 586 0 21165553
2.8e-09 27.8281 2.84375 9.5625 491 0 0 485 0 392404206
2.8e-09 infty 2.89062 9.60938 597 0 0 609 0 0
2.8e-09 20.1719 2.5 9.5625 0 0 0 0 0 421838798
2.8e-09 26 2.5625 9.45312 132 0 0 148 0 493429530
2.8e-09 infty 2.5 9.5625 638 0 0 614 0 0
2.8e-09 24.7188 2.76562 9.48438 28 0 0 37 0 495408838
2.8e-09 infty 2.8125 9.54688 642 0 0 657 0 3434593
2.8e-09 23.75 2.84375 9.5625 15 0 416950980 17 0 0
2.8e-09 22.5156 3.48438 9.53125 4 0 449380652 2 0 1982762
2.8e-09 27.0469 2.75 9.46875 337 0 0 317 0 487924909
2.8e-09 21.4688 2.875 9.59375 0 0 0 0 0 441223678
2.8e-09 26.2031 2.5625 9.45312 147 0 0 135 0 405258306
2.8e-09 infty 2.5 9.5625 638 0 79310382 644 0 0
2.8e-09 infty 2.78125 9.51562 683 0 0 706 0 0
2.8e-09 25.3438 2.89062 9.60938 58 0 418676278 60 0 0
2.8e-09 infty 3.42188 9.45312 557 0 0 569 0 0
2.8e-09 infty 2.45312 9.53125 751 0 0 735 0 0
2.8e-09 20.375 2.5625 9.45312 0 0 467205962 0 0 0
2.8e-09 19.6094 2.78125 9.5 1 0 377 0 0 464369237
2.8e-09 26.5 3.57812 9.45312 202 0 0 193 0 470872928
2.8e-09 20.625 3.46875 9.5 0 0 327563 0 0 452120872
2.8e-09 infty 3.26562 9.46875 612 0 0 545 0 0
2.8e-09 21.3906 2.98438 9.53125 1 0 483021441 0 0 0
2.8e-09 19.9531 3.01562 9.5625 0 0 0 0 0 458593953
2.8e-09 21.2188 2.54688 9.60938 0 0 60643570 0 0 332489604
2.8e-09 infty 2.85938 9.57812 657 0 0 627 0 0
2.8e-09 26.7812 3.01562 9.5625 204 0 0 200 0 409588576
2.8e-09 infty 3.29688 9.5 496 0 0 545 0 0
2.8e-09 infty 2.46875 9.53125 672 0 0 677 0 0
2.8e-09 26.2031 3.39062 9.59375 145 0 0 150 0 498803015
2.8e-09 22.5781 2.90625 9.45312 3 0 13866 0 0 503842446
2.8e-09 infty 3.46875 9.5 524 0 0 500 0 17971732
2.8e-09 infty 2.53125 9.59375 654 0 0 618 0 0
2.8e-09 21.5312 2.8125 9.53125 1 0 4257156 1 0 489172942
2.8e-09 23.6719 2.48438 9.54688 20 0 0 8 0 465438665
2.8e-09 21 2.92188 9.46875 0 0 0 0 0 391380430
2.8e-09 21.5469 2.46875 9.53125 1 0 494124720 0 0 0
2.8e-09 infty 2.92188 9.46875 527 0 0 563 0 0
2.8e-09 26.1562 3.29688 9.5 114 0 435631684 149 0 0
2.8e-09 24.5156 3.32812 9.53125 20 0 94909 24 0 503838665
2.8e-09 27.1562 2.78125 9.51562 300 0 406159138 301 0 16537594
2.8e-09 infty 3.48438 9.51562 680 0 0 749 0 0
2.8e-09 22.9688 2.82812 9.54688 4 0 408181125 1 0 1331323
2.8e-09 infty 3.26562 9.48438 564 0 0 590 0 0
2.8e-09 infty 2.90625 9.45312 553 0 0 570 0 53762567
2.8e-09 infty 2.54688 9.60938 568 0 0 588 0 0
2.8e-09 22.0938 3.07812 9.46875 1 0 231502663 2 0 254944005
2.8e-09 infty 2.85938 9.57812 681 0 0 587 0 0
2.8e-09 24.7344 3.54688 9.57812 36 0 0 44 0 432651621
2.8e-09 23.5625 3.29688 9.5 11 0 509563954 13 0 0
2.8e-09 26.0938 3.3125 9.51562 125 0 344498574 123 0 95330639
2.8e-09 infty 3.375 9.57812 667 0 0 674 0 0
2.8e-09 infty 2.875 9.59375 599 0 0 608 0 0
2.8e-09 28.375 3.3125 9.51562 742 0 328698337 725 0 0
2.8e-09 23.5781 3.0625 9.60938 1 0 0 2 0 410137320
2.8e-09 infty 3.28125 9.48438 574 0 0 579 0 0
2.8e-09 infty 2.54688 9.60938 654 0 0 585 0 0
2.8e-09 infty 2.85938 9.57812 651 0 942649 635 0 0
2.8e-09 25.8594 3.57812 9.60938 91 0 1703966 127 0 447930963
2.8e-09 22.4844 2.76562 9.48438 0 0 0 0 0 441161044
2.8e-09 22.0938 2.82812 9.54688 0 0 0 0 0 475239921
2.8e-09 infty 2.51562 9.57812 625 0 0 609 0 0
2.8e-09 25.6094 3.53125 9.57812 71 0 0 70 0 397189813
2.8e-09 infty 2.48438 9.54688 680 0 0 679 0 0
2.8e-09 infty 3.28125 9.48438 576 0 5096 575 0 0
2.8e-09 infty 2.85938 9.57812 655 0 0 668 0 0
2.8e-09 infty 3.07812 9.45312 563 0 1046813 557 0 4278741
2.8e-09 26.6719 3.34375 9.54688 227 0 498967937 211 0 0
2.8e-09 infty 3.4375 9.46875 553 0 313317 567 0 0
2.8e-09 21.5 2.89062 9.45312 1 0 1898185 1 0 395086115
2.8e-09 infty 2.78125 9.5 562 0 0 506 0 0
2.8e-09 infty 2.4375 9.5 525 0 2050990 548 0 0
2.8e-09 infty 2.95312 9.5 566 0 0 526 0 0
2.8e-09 infty 3.29688 9.5 576 0 0 573 0 0
2.8e-09 27.6875 2.51562 9.57812 475 0 0 501 0 494382436
2.8e-09 infty 2.98438 9.53125 686 0 0 688 0 0
2.8e-09 infty 2.76562 9.48438 504 0 0 506 0 0
2.8e-09 21.7344 3.0625 9.60938 1 0 487934298 0 0 0
2.8e-09 infty 2.51562 9.59375 647 0 0 579 0 1773158
2.8e-09 22.4531 2.78125 9.5 3 0 465922407 0 0 0
2.8e-09 21.0625 2.46875 9.53125 0 0 297 1 0 463735274
2.8e-09 infty 3.01562 9.5625 682 0 0 624 0 0
2.8e-09 27.1406 3.35938 9.5625 284 0 457118228 242 0 0
2.8e-09 26.2969 2.875 9.59375 126 0 421708812 168 0 50064999
2.8e-09 infty 2.89062 9.60938 593 0 0 595 0 943901
2.8e-09 24.1875 2.875 9.59375 24 0 455490175 22 0 0
2.8e-09 infty 2.53125 9.59375 622 0 0 634 0 79029604
2.8e-09 infty 2.46875 9.53125 656 0 0 688 0 0
2.8e-09 infty 2.90625 9.45312 561 0 0 612 0 0
2.8e-09 infty 3 9.54688 697 0 32431 666 0 0
2.8e-09 21.0312 3.48438 9.51562 0 0 0 0 0 396231574
2.8e-09 25.0156 2.92188 9.48438 39 0 492093351 63 0 0
2.8e-09 26.6875 3.29688 9.5 217 0 467632986 215 0 0
2.8e-09 21.1562 3.5 9.53125 0 0 393728629 1 0 1004506
2.8e-09 26.5469 3.29688 9.5 192 0 0 181 0 443382601
2.8e-09 20.75 2.54688 9.60938 1 0 49163 0 0 439650281
2.8e-09 27.0938 2.45312 9.51562 300 0 511539602 280 0 0
2.8e-09 21.625 2.4375 9.5 1 0 418741275 0 0 4130844
2.8e-09 26.1562 2.90625 9.45312 163 0 400281142 122 0 266228
2.8e-09 infty 3.59375 9.45312 567 0 0 623 0 0
2.8e-09 infty 2.42188 9.5 562 0 0 556 0 9158972
2.8e-09 21.5 3.42188 9.45312 0 0 468722849 0 0 730702
2.8e-09 26.1875 3.01562 9.5625 90 0 0 107 0 415418778
2.8e-09 infty 2.9375 9.48438 550 0 0 493 0 0
2.8e-09 infty 2.53125 9.60938 576 0 0 599 0 499877
2.8e-09 22.5625 2.5625 9.45312 4 0 389620413 1 0 0
2.8e-09 24.5781 2.51562 9.57812 27 0 640258 28 0 405022959
2.8e-09 25.8281 2.54688 9.60938 97 0 0 106 0 475797891
2.8e-09 20.5156 3.35938 9.57812 1 0 0 0 0 482363134
2.8e-09 20.9844 3.35938 9.5625 0 0 1365930 0 0 391349708
2.8e-09 infty 3.51562 9.54688 691 0 0 706 0 0
2.8e-09 20.5938 2.51562 9.57812 0 0 456322789 0 0 0
2.8e-09 infty 2.5625 9.45312 585 0 0 564 0 0
2.8e-09 25.9531 3.07812 9.45312 106 0 0 97 0 436339593
2.8e-09 infty 3.29688 9.5 513 0 0 546 0 0
2.8e-09 24.0469 2.53125 9.60938 19 0 18497 11 0 440563088
2.8e-09 infty 2.8125 9.53125 650 0 0 693 0 570575
2.8e-09 24.5312 2.82812 9.54688 30 0 315137324 28 0 74347635
2.8e-09 infty 3.3125 9.51562 687 0 0 698 0 0
2.8e-09 21.5156 2.54688 9.96875 1 0 394192776 0 0 0
2.8e-09 infty 2.98438 9.53125 682 0 9675 711 0 30659831
2.8e-09 21.5156 2.46875 9.53125 0 0 50394814 0 0 338710023
2.8e-09 infty 2.5 9.5625 657 0 0 658 0 167530769
2.8e-09 20.9688 2.95312 9.5 0 0 405830573 0 0 0
2.8e-09 24.5781 3.4375 9.46875 24 0 0 29 0 465487467
2.8e-09 infty 3.39062 9.59375 609 0 0 652 0 0
2.8e-09 infty 2.53125 9.59375 636 0 0 613 0 0
2.8e-09 infty 2.45312 9.51562 712 0 0 704 0 0
2.8e-09 infty 3.375 9.57812 649 0 0 678 0 0
2.8e-09 26.8438 3.04688 9.59375 262 0 483627176 251 0 0
2.8e-09 20.0625 2.4375 9.5 0 0 436827871 0 0 0
2.8e-09 22.4688 3.07812 9.45312 2 0 479295486 1 0 0
2.8e-09 infty 2.75 9.46875 582 0 273485 630 0 0
2.8e-09 infty 2.78125 9.51562 701 0 0 711 0 0
2.8e-09 25.1562 3.26562 9.46875 54 0 423891440 56 0 0
2.8e-09 21.6094 2.84375 9.5625 0 0 425115969 0 0 0
2.8e-09 infty 2.85938 9.59375 644 0 0 596 0 0
2.8e-09 26.125 2.51562 9.57812 63 0 434684742 75 0 0
2.8e-09 22.7812 2.53125 9.59375 8 0 0 10 0 425734574
2.8e-09 infty 2.48438 9.5625 641 0 0 659 0 0
2.8e-09 infty 3.57812 9.60938 617 0 0 626 0 0
2.8e-09 19.4531 2.46875 9.53125 0 0 54734411 0 0 362002936
2.8e-09 22.6719 2.48438 9.5625 5 0 0 1 0 406429854
2.8e-09 20.9062 3.51562 9.5625 0 0 0 0 0 496192968
2.8e-09 infty 3.40625 9.60938 617 0 66346430 622 0 0
2.8e-09 23.0312 2.875 9.59375 4 0 0 2 0 424145360
2.8e-09 infty 2.8125 9.53125 713 0 46855249 716 0 24283974
2.8e-09 infty 3.32812 9.53125 719 0 17070 711 0 5303
2.8e-09 21.5156 2.45312 9.51562 1 0 0 1 0 398949109
2.8e-09 infty 3.01562 9.5625 690 0 72915 654 0 1997014
2.8e-09 26.0938 2.45312 9.51562 125 0 0 123 0 430054860
2.8e-09 21.2344 3.5625 9.59375 0 0 1113891 1 0 463530523
2.8e-09 infty 2.85938 9.57812 603 0 0 607 0 0
2.8e-09 27.7031 3.57812 9.60938 459 0 0 448 0 480263149
2.8e-09 20.9688 3.4375 9.46875 0 0 12 0 0 403202591
2.8e-09 22 3.3125 9.51562 0 0 0 1 0 409959042
2.8e-09 21.625 3.46875 9.5 1 0 0 0 0 435628863
2.8e-09 26.1406 3.03125 9.57812 111 0 10847634 129 0 432454056
2.8e-09 infty 3.4375 9.46875 555 0 0 537 0 0
2.8e-09 infty 3.28125 9.5 545 0 0 555 0 0
2.8e-09 infty 3.01562 9.5625 650 0 0 676 0 0
2.8e-09 25.7188 2.8125 9.53125 90 0 0 76 0 456956690
2.8e-09 19.5781 2.46875 9.54688 2 0 6980 0 0 500830303
2.8e-09 22.5938 3.53125 9.5625 1 0 403130448 2 0 27
2.8e-09 infty 3.34375 9.54688 683 0 0 657 0 5253
2.8e-09 20.6094 2.51562 9.57812 0 0 462393215 0 0 0
2.8e-09 26.2344 2.96875 9.51562 170 0 477520013 166 0 0
2.8e-09 25.8125 3.0625 9.60938 90 0 0 76 0 400808178
2.8e-09 infty 2.875 9.59375 658 0 0 630 0 0
2.8e-09 26.9062 3.03125 9.57812 183 0 0 186 0 416783785
2.8e-09 26.2812 2.48438 9.54688 158 0 0 127 0 443857754
2.8e-09 20.8906 3.28125 9.48438 0 0 0 0 0 467241643
2.8e-09 23.1875 2.5625 9.45312 0 0 395593156 2 0 0
2.8e-09 infty 2.82812 9.54688 676 0 0 688 0 0
2.8e-09 23.1094 2.82812 9.54688 2 0 0 1 0 507664752
2.8e-09 infty 2.9375 9.48438 509 0 0 527 0 31824628
2.8e-09 24.5938 3.29688 9.5 33 0 403884796 21 0 0
2.8e-09 infty 2.45312 9.51562 687 0 0 746 0 0
2.8e-09 infty 2.78125 9.5 502 0 51772417 537 0 130191838
2.8e-09 27.3125 3.29688 9.5 437 0 0 414 0 476645864
2.8e-09 infty 3.42188 9.45312 608 0 958421 590 0 0
2.8e-09 infty 2.42188 9.5 624 0 0 544 0 0
2.8e-09 infty 2.78125 9.5 552 0 0 520 0 0
2.8e-09 20.9844 2.53125 9.59375 0 0 20442 0 0 389880385
2.8e-09 21.4219 3.07812 9.45312 0 0 0 0 0 448410336
2.8e-09 25.0156 3.26562 9.46875 35 0 423876700 26 0 0
2.8e-09 21.5156 2.95312 9.5 0 0 0 0 0 393146880
2.8e-09 infty 3 9.54688 652 0 0 686 0 0
2.8e-09 infty 2.90625 9.45312 652 0 2948516 610 0 0
2.8e-09 25.0938 2.90625 9.45312 51 0 12450069 51 0 398887548
2.8e-09 27.1875 3 9.54688 294 0 0 276 0 427762393
2.8e-09 25.7188 2.45312 9.51562 88 0 458560413 86 0 0
2.8e-09 23 2.85938 9.57812 6 0 443255410 1 0 2630
2.8e-09 19.5 3.07812 9.45312 0 0 88872430 0 0 304222251
2.8e-09 infty 3.35938 9.5625 662 0 0 700 0 2305796
2.8e-09 infty 3 9.54688 695 0 358985 685 0 0
2.8e-09 infty 3.32812 9.53125 695 0 21745726 681 0 0
2.8e-09 27.5625 3.45312 9.48438 418 0 55510944 409 0 359182166
2.8e-09 infty 2.95312 9.5 536 0 0 537 0 0
2.8e-09 22.0312 2.82812 9.54688 4 0 398335489 0 0 0
2.8e-09 20.1094 2.92188 9.46875 0 0 324296625 0 0 79086979
2.8e-09 21.0469 2.76562 9.48438 1 0 486086619 0 0 0
2.8e-09 28.25 3.04688 9.59375 654 0 397310731 646 0 0
2.8e-09 20.7656 3.40625 9.60938 0 0 467914708 0 0 0
2.8e-09 20.4844 2.95312 9.5 0 0 512141350 0 0 0
2.8e-09 infty 2.875 9.59375 624 0 0 638 0 0
2.8e-09 23.4219 3.46875 9.5 4 0 388671308 3 0 321356
2.8e-09 20.0469 2.95312 9.5 0 0 0 0 0 446802815
2.8e-09 infty 2.48438 9.54688 716 0 0 664 0 7567588
2.8e-09 infty 2.95312 9.51562 752 0 100398911 727 0 0
2.8e-09 22.5938 3.5 9.54688 3 0 488812875 0 0 405469
2.8e-09 27.2031 3.28125 9.5 303 0 30157 297 0 392742098
2.8e-09 infty 3.03125 9.57812 635 0 0 656 0 0
2.8e-09 infty 2.54688 9.60938 617 0 0 593 0 0
2.8e-09 infty 3.35938 9.5625 660 0 94715 673 0 0
2.8e-09 infty 3.5625 9.59375 562 0 0 642 0 0
2.8e-09 infty 2.53125 9.59375 598 0 0 632 0 0
2.8e-09 infty 3.28125 9.48438 561 0 0 563 0 0
2.8e-09 infty 2.53125 9.59375 668 0 0 643 0 0
2.8e-09 infty 2.5 9.5625 654 0 0 653 0 0
2.8e-09 19.9375 2.46875 9.53125 0 0 475544286 0 0 0
2.8e-09 infty 3.29688 9.5 535 0 0 516 0 0
2.8e-09 infty 2.89062 9.60938 603 0 0 598 0 28
2.8e-09 25.5938 2.54688 9.60938 61 0 10787 40 0 414362421
2.8e-09 21.2812 3.0625 9.60938 1 0 0 0 0 433333386
2.8e-09 20.0312 3.0625 9.60938 0 0 405377540 0 0 0
2.8e-09 19.6406 2.53125 9.59375 0 0 0 0 0 491297906
2.8e-09 27.125 3.4375 9.46875 326 0 465979684 353 0 0
2.8e-09 20.8906 2.45312 9.51562 0 0 36 0 0 410247125
2.8e-09 infty 3.42188 9.46875 539 0 0 605 0 0
2.8e-09 25.6094 2.4375 9.51562 57 0 0 68 0 402535552
2.8e-09 22.1875 2.53125 9.59375 0 0 410877896 1 0 0
2.8e-09 infty 2.95312 9.5 564 0 0 498 0 0
2.8e-09 infty 3.48438 9.51562 779 0 0 700 0 0
2.8e-09 infty 3.39062 9.59375 665 0 2428 634 0 0
2.8e-09 infty 2.89062 9.60938 611 0 390915 589 0 0
2.8e-09 20.4219 2.5 9.57812 0 0 20 0 0 476101009
2.8e-09 infty 3.03125 9.57812 678 0 0 609 0 0
2.8e-09 25.25 2.76562 9.48438 41 0 480149590 68 0 30135145
2.8e-09 22.0312 2.79688 9.51562 0 0 488977651 1 0 0
2.8e-09 infty 3.07812 9.46875 603 0 0 578 0 0
2.8e-09 18.9688 2.75 9.46875 0 0 450731899 0 0 0
2.8e-09 infty 3.46875 9.5 551 0 0 498 0 0
2.8e-09 21.7188 2.46875 9.53125 1 0 429639035 0 0 14289721
2.8e-09 infty 3.59375 9.45312 604 0 0 594 0 0
2.8e-09 19.9531 2.48438 9.54688 0 0 461243043 0 0 134135
2.8e-09 21.5312 3.32812 9.53125 1 0 511812671 0 0 0
2.8e-09 infty 3.01562 9.5625 635 0 0 631 0 0
2.8e-09 20.0312 2.95312 9.5 0 0 448939088 0 0 637507
2.8e-09 27.0781 2.48438 9.54688 269 0 0 249 0 493613711
2.8e-09 22.4375 2.78125 9.51562 3 0 0 8 0 505448896
2.8e-09 infty 3.57812 9.60938 579 0 0 598 0 0
2.8e-09 infty 2.82812 9.5625 658 0 0 627 0 0
2.8e-09 infty 2.5625 9.45312 564 0 0 606 0 0
2.8e-09 infty 3.0625 9.60938 642 0 0 593 0 0
2.8e-09 infty 2.54688 9.45312 590 0 167995 593 0 0
2.8e-09 23.0469 2.5 9.5625 2 0 0 3 0 396515343
2.8e-09 infty 2.84375 9.5625 674 0 0 648 0 0
2.8e-09 21.4688 3.5625 9.59375 0 0 2792322 0 0 415554451
2.8e-09 infty 3.45312 9.48438 549 0 0 652 0 0
2.8e-09 21.5625 2.54688 9.45312 3 0 486494024 0 0 0
2.8e-09 26.2188 3.28125 9.48438 119 0 92 142 0 396331151
2.8e-09 21.6094 2.5625 9.45312 0 0 0 0 0 448416493
2.8e-09 25.0625 2.5 9.5625 34 0 117248700 36 0 339533928
2.8e-09 19.0625 2.9375 9.48438 0 0 74242292 0 0 436147281
2.8e-09 infty 3.45312 9.48438 596 0 0 545 0 10898
2.8e-09 25.7656 2.51562 9.57812 93 0 430033336 69 0 0
2.8e-09 21.3594 3.26562 9.46875 0 0 516141358 1 0 0
2.8e-09 24.9219 3.07812 9.45312 50 0 393398092 53 0 856
2.8e-09 20.0312 2.8125 9.53125 0 0 0 0 0 406420954
2.8e-09 infty 2.9375 9.48438 588 0 0 562 0 86422
2.8e-09 infty 2.46875 9.53125 711 0 0 682 0 0
2.8e-09 infty 2.45312 9.51562 714 0 0 751 0 0
2.8e-09 20.5938 2.4375 9.5 0 0 434964919 0 0 0
2.8e-09 infty 2.92188 9.46875 558 0 0 561 0 74530
2.8e-09 22.6719 2.75 9.48438 0 0 439179307 3 0 0
2.8e-09 21.8906 2.45312 9.51562 0 0 1287810 2 0 493960514
2.8e-09 20.125 3.53125 9.5625 0 0 389722096 0 0 0
2.8e-09 26.7031 2.85938 9.57812 194 0 0 207 0 474421474
2.8e-09 infty 2.9375 9.48438 589 0 0 577 0 2618
2.8e-09 infty 2.79688 9.51562 653 0 0 681 0 231430
2.8e-09 21.0938 2.4375 9.5 0 0 198336253 1 0 315784328
2.8e-09 infty 2.90625 9.45312 584 0 0 595 0 73307698
2.8e-09 20.6406 2.9375 9.48438 1 0 400622205 0 0 0
2.8e-09 20.5156 3 9.54688 0 0 0 0 0 472872410
2.8e-09 infty 3 9.54688 683 0 3829116 718 0 0
2.8e-09 25.6406 3.26562 9.46875 57 0 361637401 53 0 84234462
2.8e-09 18.4062 3.46875 9.5 0 0 0 0 0 461199017
2.8e-09 infty 3.54688 9.57812 620 0 0 635 0 0
2.8e-09 infty 2.96875 9.51562 741 0 0 684 0 0
2.8e-09 infty 3.29688 9.51562 734 0 0 675 0 0
2.8e-09 infty 2.85938 9.57812 657 0 0 617 0 0
2.8e-09 21.2188 3.04688 9.59375 0 0 91421373 2 0 384832481
2.8e-09 25.4688 2.76562 9.48438 89 0 439928268 68 0 32833
2.8e-09 27.3125 3.04688 9.59375 360 0 454143070 302 0 0
2.8e-09 20.5312 2.90625 9.46875 1 0 481055026 0 0 0
2.8e-09 infty 3.26562 9.46875 558 0 41741536 542 0 0
2.8e-09 infty 3.51562 9.54688 625 0 0 671 0 0
2.8e-09 21.9688 2.79688 9.51562 1 0 436522002 2 0 0
2.8e-09 infty 3.01562 9.5625 698 0 1930536 681 0 0
2.8e-09 21.5469 2.90625 9.45312 1 0 500237977 1 0 0
2.8e-09 22.9688 2.82812 9.54688 2 0 466911750 4 0 2098854
2.8e-09 25.625 2.51562 9.57812 86 0 514451214 97 0 0
2.8e-09 25.7188 3.5 9.53125 70 0 0 97 0 455298479
2.8e-09 23.625 2.76562 9.48438 8 0 337512306 4 0 51868498
2.8e-09 20.1875 2.5 9.5625 0 0 0 0 0 478448258
2.8e-09 infty 2.875 9.59375 667 0 488172 638 0 0
2.8e-09 20.5781 2.75 9.46875 0 0 0 0 0 436250310
2.8e-09 infty 2.875 9.59375 598 0 1261 596 0 104278
2.8e-09 infty 3.53125 9.5625 681 0 0 637 0 0
2.8e-09 infty 2.75 9.46875 565 0 0 640 0 93606139
2.8e-09 infty 2.5625 9.46875 590 0 0 578 0 0
2.8e-09 26.1406 2.85938 9.57812 99 0 0 111 0 443837172
2.8e-09 infty 2.90625 9.45312 605 0 0 598 0 2929
2.8e-09 20.4375 2.5 9.5625 0 0 16417608 0 0 445050763
2.8e-09 23.5156 2.5625 9.45312 9 0 0 6 0 414867688
2.8e-09 22.0781 2.92188 9.46875 0 0 0 1 0 488782518
2.8e-09 28.375 3.40625 9.60938 604 0 0 588 0 332502224
2.8e-09 infty 3.03125 9.57812 648 0 0 638 0 0
2.8e-09 infty 3.04688 9.59375 651 0 0 622 0 0
2.8e-09 infty 3.01562 9.5625 694 0 0 672 0 0
2.8e-09 21.5625 2.79688 9.53125 1 0 487142196 2 0 6627
2.8e-09 20.6562 3.32812 9.53125 0 0 423649375 0 0 0
2.8e-09 infty 3.5 9.54688 702 0 0 645 0 40745681
2.8e-09 infty 3.375 9.57812 656 0 0 626 0 0
2.8e-09 20.4375 2.76562 9.48438 0 0 0 0 0 408332567
2.8e-09 21.9375 3.29688 9.51562 0 0 2 1 0 462819783
2.8e-09 infty 2.46875 9.53125 661 0 34152 658 0 144010
2.8e-09 24.1875 3.51562 9.54688 7 0 473513646 9 0 0
2.8e-09 27.7656 2.89062 9.60938 489 0 58135 467 0 476854415
2.8e-09 infty 3.01562 9.5625 676 0 0 635 0 0
2.8e-09 25.1406 2.96875 9.51562 59 0 0 51 0 440511073
2.8e-09 20.0625 2.5625 9.45312 0 0 436194516 0 0 0
2.8e-09 infty 3.39062 9.60938 656 0 0 630 0 0
2.8e-09 21.1719 2.53125 9.60938 0 0 455425852 0 0 26853336
2.8e-09 infty 2.46875 9.53125 678 0 0 710 0 0
2.8e-09 infty 2.95312 9.5 531 0 0 577 0 61703
2.8e-09 19.3594 3.48438 9.51562 0 0 406577402 0 0 0
2.8e-09 infty 3.45312 9.48438 561 0 185310224 560 0 0
2.8e-09 infty 2.53125 9.59375 621 0 0 607 0 0
2.8e-09 infty 2.45312 9.51562 654 0 0 689 0 0
2.8e-09 infty 2.92188 9.46875 579 0 0 619 0 0
2.8e-09 infty 2.4375 9.5 562 0 0 529 0 35651986
2.8e-09 infty 3.34375 9.54688 651 0 0 655 0 68445247
2.8e-09 infty 2.875 9.60938 595 0 0 592 0 39132735
2.8e-09 19.5469 2.76562 9.48438 0 0 0 0 0 389298357
2.8e-09 infty 3.07812 9.46875 537 0 0 601 0 0
2.8e-09 infty 2.53125 9.59375 619 0 0 611 0 121186
2.8e-09 infty 3.5625 9.59375 586 0 0 605 0 0
2.8e-09 20.3281 2.78125 9.5 0 0 497798720 0 0 0
2.8e-09 infty 3.26562 9.46875 602 0 0 589 0 0
2.8e-09 infty 2.54688 9.60938 620 0 25123090 613 0 160325
2.8e-09 24.6875 2.5 9.5625 34 0 467138369 44 0 0
2.8e-09 28.4062 3.03125 9.57812 675 0 320709114 602 0 0
2.8e-09 20.1094 3.01562 9.5625 0 0 354652901 0 0 45296701
2.8e-09 infty 2.875 9.60938 627 0 2951655 620 0 0
2.8e-09 24.6719 2.98438 9.53125 19 0 20347 16 0 458431683
2.8e-09 24.5781 2.4375 9.5 25 0 0 38 0 408064637
2.8e-09 21.2812 3.0625 9.60938 0 0 24709724 0 0 412330669
2.8e-09 infty 3.4375 9.46875 574 0 211489239 552 0 0
2.8e-09 infty 3.26562 9.46875 551 0 0 548 0 0
2.8e-09 infty 3.29688 9.5 567 0 0 565 0 0
2.8e-09 infty 3.01562 9.5625 652 0 0 643 0 31672323
2.8e-09 infty 2.5625 9.45312 608 0 0 602 0 0
2.8e-09 20.4062 2.75 9.46875 0 0 276 0 0 435131301
2.8e-09 26.8438 3.53125 9.5625 215 0 388486583 202 0 0
2.8e-09 21.0156 3 9.54688 0 0 258 0 0 406330863
2.8e-09 27.25 3.28125 9.5 302 0 4388831 304 0 381853182
2.8e-09 21.6406 2.84375 9.5625 0 0 421955748 0 0 0
2.8e-09 27.625 3.3125 9.51562 388 0 410313912 364 0 15139
2.8e-09 22.7188 2.46875 9.53125 1 0 498428693 1 0 16039304
2.8e-09 infty 3.07812 9.45312 578 0 0 635 0 97912
2.8e-09 infty 3.03125 9.57812 639 0 0 607 0 0
2.8e-09 infty 2.84375 9.5625 682 0 0 640 0 0
2.8e-09 20.5312 2.5 9.5625 1 0 398441599 0 0 141877
2.8e-09 20.7969 2.5625 9.45312 0 0 0 0 0 407152451
2.8e-09 22.4531 2.84375 9.5625 0 0 0 0 0 465637774
2.8e-09 infty 3.42188 9.45312 593 0 0 606 0 248057
2.8e-09 22.6875 3.34375 9.54688 0 0 423904871 1 0 0
2.8e-09 19.4688 2.82812 9.54688 0 0 2401723 0 0 427338373
2.8e-09 24.5 2.45312 9.51562 23 0 459927091 24 0 201521
2.8e-09 23.1875 2.9375 9.48438 0 0 0 2 0 445633547
2.8e-09 25.5938 2.9375 9.48438 74 0 0 71 0 404537494
2.8e-09 21.125 2.84375 9.5625 0 0 442022377 0 0 0
2.8e-09 21.9531 3.42188 9.45312 5 0 0 2 0 417764872
2.8e-09 infty 3.04688 9.59375 660 0 0 599 0 0
2.8e-09 21.1562 2.96875 9.53125 0 0 0 1 0 422518639
2.8e-09 28.3281 2.48438 9.5625 638 0 1392822 667 0 352569732
2.8e-09 22.4531 3.48438 9.51562 7 0 2367 5 0 504306950
2.8e-09 infty 2.46875 9.53125 647 0 0 646 0 0
2.8e-09 21.9688 2.82812 9.54688 0 0 0 0 0 442561634
2.8e-09 infty 3.03125 9.57812 659 0 222375891 657 0 0
2.8e-09 26.6094 3.29688 9.5 164 0 410765279 172 0 0
2.8e-09 infty 2.89062 9.60938 592 0 24819375 608 0 0
2.8e-09 22.5781 2.48438 9.54688 4 0 0 2 0 420171736
2.8e-09 21.4531 2.51562 9.59375 1 0 433418638 1 0 657350
2.8e-09 infty 2.85938 9.59375 652 0 0 604 0 0
2.8e-09 25.3594 2.89062 9.60938 60 0 218491168 72 0 188653734
2.8e-09 infty 2.75 9.46875 577 0 0 561 0 448711
2.8e-09 infty 3.375 9.57812 607 0 0 629 0 27615269
2.8e-09 21.2344 3.53125 9.5625 1 0 0 0 0 473228964
2.8e-09 infty 3.59375 9.45312 625 0 0 587 0 0
2.8e-09 infty 3.42188 9.46875 576 0 611460 591 0 0
2.8e-09 20.7656 2.54688 9.60938 0 0 0 0 0 476037659
2.8e-09 infty 2.48438 9.54688 669 0 35969548 681 0 0
2.8e-09 infty 2.75 9.46875 582 0 0 599 0 0
2.8e-09 infty 3.03125 9.57812 619 0 0 636 0 0
2.8e-09 23.1875 3.39062 9.59375 4 0 443986232 2 0 0
2.8e-09 infty 3.42188 9.45312 558 0 0 593 0 0
2.8e-09 infty 2.45312 9.53125 694 0 0 709 0 0
2.8e-09 21.125 2.90625 9.45312 0 0 22368824 0 0 480470061
2.8e-09 27.1875 2.48438 9.54688 263 0 146046 262 0 402356345
2.8e-09 infty 3.07812 9.45312 618 0 986859 618 0 728504
2.8e-09 infty 2.96875 9.51562 703 0 91692556 724 0 0
2.8e-09 22.75 2.53125 9.59375 4 0 505575642 2 0 0
2.8e-09 infty 3.59375 9.45312 604 0 465006 602 0 0
2.8e-09 infty 2.82812 9.54688 677 0 0 662 0 0
2.8e-09 infty 3.29688 9.5 532 0 0 562 0 125104
2.8e-09 20.9375 2.82812 9.54688 0 0 408574869 0 0 2321243
2.8e-09 20.0625 2.84375 9.5625 0 0 0 1 0 431924203
2.8e-09 infty 3.07812 9.45312 554 0 0 571 0 51012893
2.8e-09 infty 2.96875 9.51562 678 0 0 688 0 0
2.8e-09 21.0938 3 9.54688 1 0 439371971 0 0 0
2.8e-09 infty 2.53125 9.59375 625 0 0 619 0 0
2.8e-09 infty 3.03125 9.57812 598 0 0 611 0 0
2.8e-09 infty 3.4375 9.46875 564 0 0 559 0 0
2.8e-09 infty 3.45312 9.48438 549 0 0 567 0 456911
2.8e-09 25.2188 2.85938 9.57812 32 0 417558294 44 0 0
2.8e-09 21.0312 2.8125 9.54688 0 0 264329595 0 0 234988790
2.8e-09 26.6406 2.95312 9.5 174 0 480530663 159 0 35771
2.8e-09 26.0938 3.53125 9.5625 133 0 0 129 0 475535509
2.8e-09 infty 2.5 9.5625 659 0 0 643 0 0
2.8e-09 22.7031 2.79688 9.51562 2 0 0 3 0 450174734
2.8e-09 infty 2.95312 9.5 525 0 0 544 0 690894
2.8e-09 26.125 3.29688 9.5 122 0 197155291 112 0 241378869
2.8e-09 18.9062 2.48438 9.54688 0 0 395577026 0 0 0
2.8e-09 22.6406 3.53125 9.5625 2 0 498159771 4 0 0
2.8e-09 28.3594 2.46875 9.53125 650 0 338081286 743 0 0
2.8e-09 infty 3.01562 9.5625 672 0 0 642 0 931054
2.8e-09 25.5625 2.92188 9.46875 108 0 510085357 98 0 372703
2.8e-09 23.9531 3.42188 9.45312 5 0 0 2 0 442202452
2.8e-09 infty 2.84375 9.5625 665 0 0 682 0 0
2.8e-09 21.0469 2.95312 9.5 0 0 329 0 0 477816639
2.8e-09 22.0938 2.45312 9.51562 0 0 469127120 0 0 0
2.8e-09 25.5156 2.75 9.46875 80 0 42133 82 0 455864631
2.8e-09 24.6406 2.8125 9.53125 33 0 401492352 36 0 31946171
2.8e-09 25.5156 2.45312 9.51562 64 0 454924547 73 0 0
2.8e-09 20.6094 3.40625 9.60938 0 0 0 0 0 460884892
2.8e-09 infty 3.01562 9.5625 644 0 0 651 0 13712291
2.8e-09 20.6094 2.5 9.5625 0 0 0 0 0 464282532
2.8e-09 infty 2.75 9.46875 587 0 113008196 579 0 0
2.8e-09 infty 2.48438 9.5625 652 0 0 700 0 0
2.8e-09 22.25 2.51562 9.57812 3 0 0 1 0 498083444
2.8e-09 infty 2.875 9.59375 659 0 0 612 0 0
2.8e-09 infty 2.78125 9.5 550 0 0 548 0 0
2.8e-09 infty 2.5625 9.45312 536 0 0 575 0 0
2.8e-09 infty 3.53125 9.5625 691 0 0 678 0 41811614
2.8e-09 25.6875 2.92188 9.46875 77 0 0 77 0 483967960
2.8e-09 20.4531 2.89062 9.60938 0 0 411133091 0 0 110
2.8e-09 28.0781 2.5625 9.46875 571 0 1020445 553 0 373245646
2.8e-09 infty 3.53125 9.5625 660 0 5390382 678 0 16056256
2.8e-09 infty 2.9375 9.48438 553 0 0 551 0 0
2.8e-09 infty 3.32812 9.54688 674 0 0 698 0 0
2.8e-09 27 3.59375 9.45312 235 0 0 248 0 416700236
2.8e-09 infty 3.03125 9.57812 647 0 0 683 0 0
2.8e-09 infty 2.90625 9.45312 592 0 0 624 0 0
2.8e-09 27.3438 3.3125 9.51562 404 0 0 399 0 451325427
2.8e-09 22.25 3.375 9.57812 5 0 498503776 5 0 0
2.8e-09 infty 2.84375 9.57812 668 0 0 640 0 0
2.8e-09 infty 3.26562 9.46875 557 0 0 541 0 0
2.8e-09 21.9531 2.4375 9.51562 1 0 0 2 0 457728106
2.8e-09 19.9531 2.85938 9.57812 0 0 656818 0 0 450427270
2.8e-09 20.0781 2.82812 9.54688 0 0 208919266 0 0 216137479
2.8e-09 infty 2.4375 9.5 554 0 0 572 0 514451
2.8e-09 21.75 3.375 9.57812 0 0 479482972 1 0 104592
2.8e-09 25.6562 3.07812 9.45312 69 0 956712 83 0 506093609
2.8e-09 infty 3.5 9.53125 699 0 6742344 694 0 0
2.8e-09 25.5938 2.53125 9.60938 50 0 0 73 0 408690624
2.8e-09 infty 3.3125 9.51562 719 0 0 718 0 0
2.8e-09 infty 2.53125 9.59375 647 0 0 681 0 0
2.8e-09 24.4844 2.90625 9.45312 26 0 18832 19 0 404363530
2.8e-09 20.7031 3 9.54688 1 0 478435625 0 0 0
2.8e-09 22.1875 3.53125 9.5625 0 0 23715059 1 0 492999761
2.8e-09 infty 3.32812 9.53125 682 0 0 700 0 0
2.8e-09 27.25 3.26562 9.46875 333 0 0 324 0 388726083
2.8e-09 23.0625 2.89062 9.60938 3 0 2113253 1 0 395259872
2.8e-09 21.5312 3.04688 9.60938 0 0 3338732 1 0 461407472
2.8e-09 infty 2.5625 9.45312 615 0 0 566 0 0
2.8e-09 22.625 2.82812 9.54688 1 0 471254078 2 0 334488
2.8e-09 infty 3.35938 9.5625 625 0 0 655 0 0
2.8e-09 infty 2.9375 9.5 589 0 0 630 0 5577056
2.8e-09 26.2656 2.45312 9.51562 169 0 0 177 0 494337527
2.8e-09 20.4844 2.82812 9.54688 0 0 0 0 0 510743048
2.8e-09 26.2031 3 9.54688 142 0 498570554 151 0 0
2.8e-09 infty 2.48438 9.54688 654 0 0 646 0 0
2.8e-09 22.0469 3.3125 9.51562 0 0 387848450 2 0 114496
2.8e-09 21.0312 2.76562 9.48438 0 0 398513692 0 0 480
2.8e-09 infty 2.45312 9.51562 691 0 0 739 0 0
2.8e-09 19.1875 3.5625 9.59375 0 0 415365500 0 0 0
2.8e-09 infty 2.54688 9.60938 608 0 0 640 0 12618324
2.8e-09 infty 2.75 9.46875 581 0 676424 605 0 21777710
2.8e-09 infty 2.92188 9.46875 537 0 0 550 0 0
2.8e-09 infty 2.45312 9.51562 700 0 0 676 0 0
2.8e-09 infty 2.46875 9.53125 717 0 0 675 0 0
2.8e-09 22.5 2.9375 9.48438 2 0 464908662 3 0 0
2.8e-09 infty 2.5 9.5625 680 0 0 642 0 0
2.8e-09 infty 2.95312 9.5 486 0 1530582 551 0 0
2.8e-09 20.8594 3.29688 9.5 0 0 333147687 0 0 63215714
2.8e-09 21.5156 3.26562 9.46875 0 0 471145048 0 0 3149581
2.8e-09 infty 2.82812 9.54688 716 0 140621862 609 0 1618709
2.8e-09 21.2188 2.84375 9.5625 1 0 701263 1 0 494664522
2.8e-09 infty 2.54688 9.60938 590 0 0 625 0 0
2.8e-09 22.5625 2.45312 9.51562 0 0 389392515 1 0 0
2.8e-09 18.5625 3.51562 9.54688 0 0 0 0 0 515428014
2.8e-09 infty 2.8125 9.53125 718 0 21529 686 0 0
2.8e-09 24.5625 2.89062 9.60938 26 0 418681479 32 0 810102
2.8e-09 20.2031 2.54688 9.60938 0 0 37706 0 0 396593151
2.8e-09 infty 2.875 9.59375 617 0 0 619 0 0
2.8e-09 infty 2.4375 9.5 541 0 4285210 526 0 1092536
2.8e-09 infty 3.03125 9.57812 620 0 17215774 611 0 0
2.8e-09 25.75 3.5 9.53125 87 0 0 85 0 389691441
2.8e-09 infty 2.75 9.46875 608 0 0 561 0 9260
2.8e-09 infty 3.3125 9.51562 727 0 0 771 0 0
2.8e-09 infty 2.4375 9.5 512 0 0 532 0 0
2.8e-09 infty 2.95312 9.5 555 0 0 562 0 0
2.8e-09 infty 3.48438 9.51562 737 0 0 727 0 0
2.8e-09 27.1719 2.5 9.5625 278 0 0 253 0 433350308
2.8e-09 21.0156 3.5625 9.59375 0 0 508572340 0 0 44
2.8e-09 25.6562 2.5 9.5625 84 0 0 87 0 493341070
2.8e-09 24.4531 2.76562 9.48438 35 0 0 36 0 492705841
2.8e-09 19.9531 2.82812 9.54688 0 0 453999494 0 0 0
2.8e-09 infty 2.42188 9.5 572 0 0 570 0 13856
2.8e-09 infty 3.34375 9.5625 658 0 0 685 0 965870
2.8e-09 24.9219 3.07812 9.45312 43 0 429224630 44 0 14677850
2.8e-09 24.6562 2.5 9.5625 31 0 388348050 37 0 66718467
2.8e-09 infty 2.82812 9.54688 687 0 0 707 0 0
2.8e-09 infty 2.82812 9.54688 649 0 0 734 0 0
2.8e-09 27.7656 2.46875 9.53125 471 0 0 494 0 429131581
2.8e-09 infty 2.75 9.46875 543 0 0 563 0 400
2.8e-09 infty 2.79688 9.51562 737 0 0 683 0 15177076
2.8e-09 infty 2.45312 9.51562 749 0 0 712 0 0
2.8e-09 27.625 3.4375 9.46875 403 0 405896633 445 0 0
2.8e-09 infty 2.79688 9.51562 716 0 187929897 673 0 0
2.8e-09 24.9531 3.42188 9.45312 42 0 310130229 40 0 164423829
2.8e-09 22.6094 3.5 9.53125 2 0 447448964 3 0 568823
2.8e-09 21.4375 3.59375 9.45312 0 0 0 0 0 444852057
2.8e-09 27.2031 2.46875 9.53125 278 0 0 303 0 398022210
2.8e-09 infty 3.04688 9.59375 635 0 0 613 0 0
2.8e-09 23.6562 2.95312 9.5 11 0 473364281 12 0 0
2.8e-09 19.9375 2.98438 9.53125 0 0 423520652 0 0 44
2.8e-09 28.5 3.39062 9.59375 635 0 278720413 625 0 0
2.8e-09 infty 2.89062 9.60938 612 0 0 645 0 0
2.8e-09 24.7031 2.4375 9.5 39 0 296463348 38 0 156030939
2.8e-09 infty 2.5625 9.45312 602 0 0 600 0 0
2.8e-09 21.625 2.4375 9.5 1 0 0 0 0 434230348
2.8e-09 24.6562 2.45312 9.51562 25 0 128023884 17 0 374414880
2.8e-09 infty 3.42188 9.46875 586 0 0 570 0 0
2.8e-09 infty 2.51562 9.57812 630 0 0 635 0 0
2.8e-09 21.4688 3.5 9.53125 0 0 437069884 1 0 0
2.8e-09 25.0625 2.85938 9.57812 40 0 0 58 0 429611748
2.8e-09 infty 2.875 9.59375 643 0 0 621 0 0
2.8e-09 27.25 2.78125 9.5 445 0 497609164 409 0 0
2.8e-09 infty 2.54688 9.60938 585 0 0 612 0 0
2.8e-09 22.125 2.76562 9.48438 3 0 447408628 1 0 1646
2.8e-09 infty 3.01562 9.57812 636 0 0 609 0 0
2.8e-09 23.0781 3.03125 9.57812 1 0 192 4 0 401067190
2.8e-09 infty 2.8125 9.53125 685 0 0 751 0 0
2.8e-09 20.5781 2.54688 9.96875 0 0 0 0 0 483666069
2.8e-09 infty 3.28125 9.48438 584 0 0 549 0 0
2.8e-09 21.7031 3.5 9.53125 0 0 515624503 1 0 44249
2.8e-09 25.75 3.5 9.53125 79 0 432013543 84 0 66699
2.8e-09 infty 2.76562 9.48438 546 0 0 541 0 0
2.8e-09 infty 3.3125 9.53125 752 0 0 735 0 0
2.8e-09 infty 3.03125 9.57812 658 0 0 641 0 0
2.8e-09 19.0312 2.45312 9.53125 0 0 0 0 0 451390435
2.8e-09 infty 3.46875 9.5 572 0 0 528 0 0
2.8e-09 26.5 2.76562 9.48438 175 0 442741850 175 0 0
2.8e-09 27.5469 2.95312 9.5 351 0 5406668 433 0 435219631
2.8e-09 infty 2.45312 9.51562 750 0 0 710 0 27449638
2.8e-09 19.9219 2.54688 9.60938 0 0 373604631 0 0 133838863
2.8e-09 infty 3.03125 9.57812 674 0 0 644 0 0
2.8e-09 infty 2.4375 9.5 524 0 0 533 0 8142
2.8e-09 infty 2.75 9.48438 561 0 0 548 0 0
2.8e-09 infty 2.78125 9.51562 729 0 0 687 0 190340192
2.8e-09 infty 2.4375 9.5 526 0 0 527 0 0
2.8e-09 infty 3.28125 9.48438 568 0 0 529 0 0
2.8e-09 26.0156 2.96875 9.51562 115 0 487646824 108 0 16619
2.8e-09 22.5469 2.5625 9.45312 1 0 0 1 0 398707761
2.8e-09 infty 2.46875 9.53125 695 0 0 662 0 0
2.8e-09 27.1406 3.48438 9.51562 270 0 0 288 0 452523163
2.8e-09 21.9375 2.46875 9.54688 1 0 451295997 0 0 78
2.8e-09 20.5 2.5625 9.45312 0 0 239418142 0 0 209804360
2.8e-09 23.1875 2.89062 9.60938 1 0 394634355 1 0 0
2.8e-09 22.5 2.48438 9.54688 1 0 436988104 2 0 61
2.8e-09 26.5312 2.79688 9.51562 187 0 418549585 196 0 0
2.8e-09 20.4062 2.96875 9.51562 0 0 0 1 0 433516916
2.8e-09 20.6875 2.89062 9.60938 0 0 0 1 0 492062256
2.8e-09 22.4375 2.75 9.46875 8 0 513746313 1 0 0
2.8e-09 infty 3.3125 9.51562 713 0 0 744 0 0
2.8e-09 23 2.46875 9.53125 4 0 511236135 6 0 4108
2.8e-09 21.7031 3.35938 9.5625 0 0 87508 0 0 511031926
2.8e-09 18.9844 3.45312 9.48438 0 0 439042771 0 0 16894
2.8e-09 infty 3.3125 9.51562 698 0 0 732 0 0
2.8e-09 infty 2.45312 9.51562 693 0 19561 713 0 23823
2.8e-09 infty 2.75 9.46875 541 0 29388310 551 0 152841
2.8e-09 19.9531 3.42188 9.45312 0 0 392916537 0 0 80743
2.8e-09 infty 2.85938 9.57812 621 0 0 610 0 0
2.8e-09 infty 2.75 9.46875 586 0 32258595 603 0 0
2.8e-09 27.6875 3.45312 9.48438 542 0 0 590 0 481327538
2.8e-09 27.0312 3.28125 9.48438 217 0 0 247 0 398869093
2.8e-09 infty 3.04688 9.59375 590 0 0 617 0 0
2.8e-09 infty 2.4375 9.5 552 0 0 520 0 0
2.8e-09 28.3438 3.28125 9.48438 584 0 260749537 542 0 0
2.8e-09 27.7969 2.875 9.59375 464 0 0 470 0 414724410
2.8e-09 infty 2.54688 9.60938 625 0 60143372 577 0 0
2.8e-09 infty 2.54688 9.60938 591 0 0 632 0 0
2.8e-09 infty 2.42188 9.5 511 0 0 512 0 1637060
2.8e-09 21.0781 2.875 9.59375 0 0 1399388 0 0 434453847
2.8e-09 24.1562 3 9.54688 6 0 499118753 6 0 465758
