1.2e-09 2.125 2.51562 0 245022452 2 244953848 12
1.2e-09 2.34375 2.89062 0 221893494 9 222029948 0
1.2e-09 2.07812 2.46875 0 203927586 1 204012032 0
1.2e-09 2.40625 2.95312 0 259701495 0 259412630 0
1.2e-09 2.625 3.01562 0 233046648 0 232792818 0
1.2e-09 2.64062 3.04688 0 223718572 13 223820680 0
1.2e-09 2.07812 2.46875 0 200778153 0 200688382 0
1.2e-09 2.64062 3.03125 0 226525166 0 226145001 0
1.2e-09 1.82812 2.39062 0 236739636 0 236419290 0
1.2e-09 1.78125 2.32812 0 197668828 2 197654199 0
1.2e-09 2.26562 2.82812 0 250847226 0 250820456 6
1.2e-09 2.14062 2.53125 0 237081776 0 236943144 0
1.2e-09 2.07812 2.46875 0 201245407 0 201306831 0
1.2e-09 2.28125 2.82812 0 244407152 0 244497182 1
1.2e-09 2.17188 2.5625 0 227289966 27 227275008 0
1.2e-09 2.17188 2.5625 0 228074598 0 227987925 0
1.2e-09 2.125 2.51562 0 249308815 5 249364046 2
1.2e-09 1.78125 2.32812 0 261394700 0 261554115 0
1.2e-09 1.875 2.42188 0 221313139 1 221273437 0
1.2e-09 2.14062 2.53125 0 237964840 9 238071416 0
1.2e-09 2.29688 2.84375 0 237492408 0 237485654 0
1.2e-09 2.78125 3.34375 0 230557922 5 230660277 0
1.2e-09 2.71875 3.26562 0 198605738 0 198564239 0
1.2e-09 2.09375 2.48438 0 196511754 6 196556643 2
1.2e-09 2.28125 2.82812 0 247402815 0 247430764 50
1.2e-09 1.85938 2.40625 0 225388666 0 225437535 0
1.2e-09 1.875 2.42188 0 217656914 0 217738156 1
1.2e-09 2.625 3.01562 0 234425790 0 234210442 0
1.2e-09 2.07812 2.46875 0 203914611 3 203661594 29
1.2e-09 1.75 2.29688 0 205406534 0 205402674 0
1.2e-09 1.84375 2.39062 0 233514283 0 233530370 0
1.2e-09 1.78125 2.32812 0 261535857 0 261493465 0
1.2e-09 2.125 2.51562 0 248069783 0 248338747 8
1.2e-09 2.57812 2.96875 0 257436929 1 257558759 1
1.2e-09 1.75 2.29688 0 207506684 4 207692726 0
1.2e-09 2.17188 2.5625 0 226490847 22 226387351 3
1.2e-09 2.125 2.53125 0 243595943 2 243565644 4
1.2e-09 1.875 2.4375 0 216235056 0 216165108 4
1.2e-09 1.75 2.29688 0 208777555 1 208822568 2
1.2e-09 2.35938 2.90625 0 214352953 0 214582047 0
1.2e-09 2.1875 2.75 0 217264049 1 217580956 1
1.2e-09 1.76562 2.3125 0 202522281 0 202427762 1
1.2e-09 2.15625 2.54688 0 230821896 0 230873795 1
1.2e-09 2.40625 2.95312 0 197412380 0 197482408 154
1.2e-09 2.125 2.51562 0 246177478 4 246304328 21
1.2e-09 2.57812 2.96875 0 254485087 0 254554566 1
1.2e-09 2.21875 2.76562 0 207259098 0 207296798 2
1.2e-09 1.79688 2.34375 0 251236620 0 251266376 1
1.2e-09 2.10938 2.5 0 251851958 0 251610554 0
1.2e-09 1.82812 2.39062 0 235626428 5 235436509 5
1.2e-09 2.8125 3.35938 0 222600420 5 222989974 0
1.2e-09 2.10938 2.5 0 255074745 0 255063733 1
1.2e-09 1.82812 2.375 0 237002185 2 237215269 8
1.2e-09 1.875 2.4375 0 216706637 5 216816112 3
1.2e-09 1.89062 2.4375 0 212268441 4 212234348 0
1.2e-09 2.10938 2.5 0 255967333 0 256167935 4
1.2e-09 2.6875 3.07812 0 209411416 0 209320367 0
1.2e-09 1.82812 2.39062 0 235920158 53 235762144 0
1.2e-09 2.59375 2.98438 0 248848237 2 248430649 7
1.2e-09 2.625 3.03125 0 230378719 14 230286024 0
1.2e-09 2.26562 2.8125 0 253019837 1 253095087 0
1.2e-09 2.14062 2.53125 0 239210952 1 239057041 22
1.2e-09 1.89062 2.4375 0 213826824 3 213615596 0
1.2e-09 2.15625 2.54688 0 235638483 3 235825031 7
1.2e-09 2.73438 3.28125 0 255517204 0 255573128 2
1.2e-09 2.14062 2.53125 0 237908466 0 237899313 0
1.2e-09 2.07812 2.46875 0 202293372 1 202402503 6
1.2e-09 1.85938 2.40625 0 224569843 0 224736189 1
1.2e-09 1.85938 2.40625 0 224250959 0 224440872 0
1.2e-09 2.57812 2.96875 0 257231838 0 257125894 0
1.2e-09 1.89062 2.4375 0 214145956 3 214319565 0
1.2e-09 2.70312 3.25 0 200952458 2 201034903 35
1.2e-09 1.76562 2.3125 0 202562042 0 202385816 0
1.2e-09 2.28125 2.82812 0 245315501 2 245142055 4
1.2e-09 2.125 2.53125 0 243033259 0 243148208 0
1.2e-09 2.14062 2.53125 0 238327594 0 238436480 1
1.2e-09 1.78125 2.32812 0 260199987 8 260157773 0
1.2e-09 2.1875 2.73438 0 221702614 0 221726876 0
1.2e-09 2.07812 2.46875 0 203586847 0 203750928 6
1.2e-09 2.6875 3.07812 0 210160023 1 210578767 1
1.2e-09 2.60938 3 0 240772531 0 240937245 3
1.2e-09 1.79688 2.34375 0 251641881 3 251557020 0
1.2e-09 2.65625 3.04688 0 220895440 0 220884906 0
1.2e-09 2.67188 3.0625 0 216475114 10 216328079 1
1.2e-09 2.28125 2.84375 0 243731320 0 243896073 0
1.2e-09 2.64062 3.03125 0 224712104 0 224547967 0
1.2e-09 2.78125 3.32812 0 235114554 0 235309463 5
1.2e-09 2.0625 2.45312 0 205325550 1 205411762 9
1.2e-09 2.15625 2.54688 0 233414527 0 233338821 0
1.2e-09 2.8125 3.35938 0 221091904 0 220951872 0
1.2e-09 1.84375 2.40625 0 229932990 1 230039368 0
1.2e-09 1.85938 2.40625 0 226123681 4 226034317 0
1.2e-09 1.79688 2.34375 0 252319522 0 252107922 5
1.2e-09 2.1875 2.73438 0 219184545 0 218896270 0
1.2e-09 2.25 2.79688 0 197964682 0 198068719 0
1.2e-09 1.84375 2.39062 0 232801851 0 232790387 4
1.2e-09 2.28125 2.82812 0 247277686 1 247037189 25
1.2e-09 2.26562 2.8125 0 255687768 19 256074844 0
1.2e-09 1.84375 2.39062 0 233463895 0 233340888 0
1.2e-09 2.64062 3.04688 0 224001319 6 223735242 48
1.2e-09 2.32812 2.875 0 227413543 0 227380234 0
1.2e-09 1.8125 2.35938 0 248991398 0 249084981 0
1.2e-09 1.8125 2.375 0 242190792 0 242352658 2
1.2e-09 2.14062 2.53125 0 237684018 17 237719653 2
1.2e-09 2.32812 2.875 0 226684396 0 226696995 0
1.2e-09 2.14062 2.54688 0 236688869 0 236496955 3
1.2e-09 1.8125 2.35938 0 244176102 1 244177468 3
1.2e-09 2.15625 2.54688 0 235272044 0 235194293 9
1.2e-09 1.8125 2.35938 0 248379689 5 248459090 6
1.2e-09 2.625 3.03125 0 229995681 0 229758660 40
1.2e-09 2.75 3.29688 0 245737780 0 246120412 0
1.2e-09 1.84375 2.39062 0 230129732 0 230047775 0
1.2e-09 1.78125 2.32812 0 261671253 0 261791966 1
1.2e-09 2.125 2.51562 0 244758186 5 244875267 0
1.2e-09 1.82812 2.375 0 237787301 1 237541465 0
1.2e-09 2.23438 2.79688 0 199346338 0 199398226 10
1.2e-09 2.0625 2.45312 0 206403056 0 206628959 0
1.2e-09 2.28125 2.82812 0 245104156 4 244992552 18
1.2e-09 1.78125 2.32812 0 197302015 0 197250069 0
1.2e-09 1.78125 2.32812 0 259934534 1 260034380 0
1.2e-09 1.84375 2.39062 0 231413221 12 231538438 1
1.2e-09 1.85938 2.40625 0 225037338 4 225221178 0
1.2e-09 1.84375 2.39062 0 232315564 1 232443880 0
1.2e-09 1.79688 2.34375 0 255061853 0 254995106 6
1.2e-09 1.78125 2.32812 0 259298646 0 259292409 0
1.2e-09 2.39062 2.9375 0 200517418 0 200663192 1
1.2e-09 2.75 3.29688 0 247559337 0 247381370 1
1.2e-09 1.8125 2.35938 0 244400856 4 244360959 0
1.2e-09 2.34375 2.90625 0 217061436 0 216747527 0
1.2e-09 1.875 2.42188 0 220794866 0 220674377 20
1.2e-09 1.75 2.29688 0 207588386 0 207459604 1
1.2e-09 1.79688 2.34375 0 256249647 0 256210678 3
1.2e-09 1.85938 2.42188 0 223070212 0 223153009 0
1.2e-09 2.26562 2.8125 0 252880573 1 252915997 0
1.2e-09 1.82812 2.375 0 240367367 0 240626646 0
1.2e-09 2.59375 2.98438 0 245103656 0 245381362 1
1.2e-09 1.78125 2.32812 0 197560450 0 197688754 9
1.2e-09 2.23438 2.79688 0 199727112 1 199638876 3
1.2e-09 2.32812 2.875 0 225854737 0 225481056 5
1.2e-09 1.875 2.42188 0 217750665 0 217800380 1
1.2e-09 2.20312 2.75 0 215718979 3 215760459 0
1.2e-09 1.89062 2.4375 0 212773226 0 212860954 0
1.2e-09 2.20312 2.75 0 213312503 9 213256510 1
1.2e-09 2.39062 2.95312 0 199087954 0 198893016 0
1.2e-09 1.8125 2.35938 0 245222522 4 245123266 20
1.2e-09 2.65625 3.04688 0 218449513 3 218369026 1
1.2e-09 1.84375 2.39062 0 232022482 0 231973145 1
1.2e-09 1.82812 2.375 0 237312596 0 237525066 1
1.2e-09 2.76562 3.32812 0 236587991 2 236847577 0
1.2e-09 2.23438 2.78125 0 202015113 47 202255619 4
1.2e-09 2.375 2.92188 0 206936388 0 206945390 0
1.2e-09 2.64062 3.03125 0 229536693 2 229761383 0
1.2e-09 2.3125 2.85938 0 234281447 12 234085234 0
1.2e-09 2.59375 2.98438 0 244956606 0 245199451 1
1.2e-09 2.1875 2.73438 0 218161299 3 218150672 7
1.2e-09 2.8125 3.35938 0 223352378 0 222935862 0
1.2e-09 2.40625 2.96875 0 257846694 0 257833377 0
1.2e-09 2.20312 2.75 0 211993479 1 212476085 7
1.2e-09 2.20312 2.75 0 212715785 0 212757092 3
1.2e-09 2.21875 2.78125 0 205280002 0 205197887 4
1.2e-09 2.07812 2.46875 0 199514503 2 199482316 52
1.2e-09 1.85938 2.42188 0 222900100 0 222877802 1
1.2e-09 1.84375 2.39062 0 232383915 3 232623496 0
1.2e-09 2.71875 3.28125 0 257753362 0 258137510 0
1.2e-09 2.3125 2.85938 0 235565262 2 235280408 0
1.2e-09 2.20312 2.75 0 215381912 0 215231261 0
1.2e-09 2.09375 2.48438 0 198054790 5 198215779 3
1.2e-09 2.21875 2.76562 0 206165904 0 206124315 0
1.2e-09 2.14062 2.53125 0 241428542 0 241408229 21
1.2e-09 2.10938 2.5 0 253831527 2 253937977 0
1.2e-09 1.8125 2.35938 0 245942638 0 245968995 8
1.2e-09 2.1875 2.73438 0 218991915 4 218887757 0
1.2e-09 2.375 2.9375 0 205452204 2 205347900 0
1.2e-09 1.8125 2.35938 0 245469282 0 245540494 3
1.2e-09 1.85938 2.40625 0 224044908 0 224028523 0
1.2e-09 1.875 2.42188 0 222015787 5 222044984 0
1.2e-09 1.79688 2.34375 0 255306575 0 255458220 1
1.2e-09 2.34375 2.89062 0 218692663 3 218705870 0
1.2e-09 2.34375 2.89062 0 219622087 0 219495780 0
1.2e-09 1.89062 2.4375 0 211613747 1 211667193 0
1.2e-09 2.20312 2.75 0 212266635 0 212333518 0
1.2e-09 1.875 2.4375 0 217175602 0 217144228 3
1.2e-09 1.8125 2.35938 0 245657781 0 245690495 4
1.2e-09 1.79688 2.34375 0 256035853 12 256109244 1
1.2e-09 2.10938 2.5 0 251300354 0 251241146 0
1.2e-09 1.78125 2.32812 0 261189984 2 261296585 5
1.2e-09 2.20312 2.75 0 215513668 0 215445392 0
1.2e-09 2.0625 2.45312 0 207233465 3 207347828 0
1.2e-09 1.875 2.42188 0 222124066 2 222116305 1
1.2e-09 2.10938 2.5 0 253444721 10 253408349 0
1.2e-09 2.125 2.51562 0 244209519 0 244149876 1
1.2e-09 2.70312 3.26562 0 199980511 0 199818049 0
1.2e-09 2.15625 2.54688 0 230773787 0 230725839 3
1.2e-09 2.79688 3.34375 0 225165226 0 224916403 0
1.2e-09 1.79688 2.34375 0 256202719 4 256414341 0
1.2e-09 2.07812 2.46875 0 200486991 0 200506738 4
1.2e-09 1.76562 2.32812 0 198805445 1 198709248 0
1.2e-09 2.75 3.3125 0 244081912 0 244259324 2
1.2e-09 2.07812 2.46875 0 203476252 4 203614881 0
1.2e-09 2.625 3.01562 0 233623162 0 233758270 0
1.2e-09 2.34375 2.89062 0 221987590 0 221794747 0
1.2e-09 2.375 2.92188 0 207150455 4 206917027 0
1.2e-09 2.21875 2.76562 0 207616102 0 207728538 1
1.2e-09 1.89062 2.45312 0 210094073 0 210260735 2
1.2e-09 2.15625 2.54688 0 232171573 0 232443521 2
1.2e-09 1.8125 2.35938 0 245572179 0 245703318 1
1.2e-09 1.78125 2.32812 0 260449187 0 260375785 7
1.2e-09 1.84375 2.39062 0 230776442 3 230821203 1
1.2e-09 1.875 2.4375 0 216917680 1 217020956 0
1.2e-09 1.89062 2.45312 0 210603641 0 210437902 5
1.2e-09 2.10938 2.5 0 252561551 2 252703356 0
1.2e-09 2.0625 2.45312 0 209427520 1 209506499 0
1.2e-09 1.85938 2.40625 0 224464137 0 224510497 0
1.2e-09 1.8125 2.35938 0 247814939 0 247672999 0
1.2e-09 2.09375 2.48438 0 197241868 0 197289459 0
1.2e-09 2.25 2.79688 0 260293881 4 260007890 0
1.2e-09 2.1875 2.73438 0 220442072 2 220586742 0
1.2e-09 2.60938 3.01562 0 236768766 3 236626423 0
1.2e-09 2.10938 2.5 0 252886278 0 252961841 0
1.2e-09 1.78125 2.34375 0 257638485 1 257612017 4
1.2e-09 2.57812 2.96875 0 257103481 5 257267339 0
1.2e-09 2.20312 2.75 0 213957221 2 213705423 0
1.2e-09 2.32812 2.875 0 228310312 0 228338265 3
1.2e-09 1.875 2.42188 0 220622590 0 220564232 1
1.2e-09 2.09375 2.48438 0 261576704 0 261345721 0
1.2e-09 1.76562 2.3125 0 200907368 1 200970617 0
1.2e-09 2.60938 3.01562 0 236661196 0 236661144 0
1.2e-09 2.32812 2.875 0 227479968 0 227582358 0
1.2e-09 2.14062 2.53125 0 240001398 0 240242338 4
1.2e-09 1.75 2.3125 0 203834936 3 203730221 1
1.2e-09 1.79688 2.34375 0 251235617 1 251029331 0
1.2e-09 2.75 3.29688 0 248656119 0 248825854 7
1.2e-09 2.35938 2.90625 0 211775130 0 211460035 14
1.2e-09 1.79688 2.34375 0 252812253 0 252739195 5
1.2e-09 1.84375 2.39062 0 234151369 0 234242278 1
1.2e-09 2.20312 2.76562 0 210664890 28 210829833 0
1.2e-09 2.3125 2.85938 0 233682286 1 233255066 2
1.2e-09 2.1875 2.73438 0 219340884 0 219058443 3
1.2e-09 1.75 2.3125 0 203752330 0 203903399 0
1.2e-09 1.75 2.29688 0 206830719 12 206689039 5
1.2e-09 2.09375 2.5 0 257571980 0 257595208 0
1.2e-09 1.875 2.42188 0 220163891 42 220377305 1
1.2e-09 1.8125 2.35938 0 245217535 0 245236022 0
1.2e-09 2.57812 2.96875 0 252383007 0 252350796 0
1.2e-09 2.25 2.8125 0 257784994 11 257903970 0
1.2e-09 1.75 2.29688 0 208183667 1 208231614 1
1.2e-09 2.78125 3.32812 0 234692239 0 234979178 10
1.2e-09 2.17188 2.5625 0 225023183 1 224601921 0
1.2e-09 2.21875 2.78125 0 205235165 3 205330764 0
1.2e-09 2.34375 2.89062 0 221097181 0 220998019 0
1.2e-09 2.07812 2.46875 0 202482534 0 202581016 0
1.2e-09 2.125 2.51562 0 248898769 0 248682071 2
1.2e-09 2.17188 2.73438 0 223522905 0 223420217 6
1.2e-09 1.85938 2.40625 0 224751468 0 224872904 0
1.2e-09 2.09375 2.5 0 257723803 1 257769032 3
1.2e-09 2.14062 2.53125 0 241458241 0 241614674 3
1.2e-09 2.39062 2.9375 0 202307562 0 202234137 3
1.2e-09 2.20312 2.75 0 212562681 0 212470901 0
1.2e-09 1.75 2.29688 0 208888340 15 208874268 0
1.2e-09 1.82812 2.39062 0 235776814 0 235748494 0
1.2e-09 2.10938 2.51562 0 250278678 3 250322669 0
1.2e-09 2.0625 2.45312 0 205610845 0 205552310 0
1.2e-09 2.17188 2.5625 0 228777205 1 228903066 2
1.2e-09 2.07812 2.46875 0 200482607 0 200543723 0
1.2e-09 1.79688 2.34375 0 251217282 0 251347290 17
1.2e-09 2.67188 3.07812 0 211255786 0 210956730 8
1.2e-09 1.875 2.42188 0 219877521 0 220008627 15
1.2e-09 2.10938 2.5 0 256466427 0 256372270 0
1.2e-09 1.89062 2.4375 0 211815178 0 211800888 3
1.2e-09 2.23438 2.78125 0 203091162 1 203111755 1
1.2e-09 2.125 2.51562 0 246076581 0 246057343 0
1.2e-09 2.34375 2.89062 0 220695502 0 220809160 0
1.2e-09 1.82812 2.375 0 241779839 0 241787016 11
1.2e-09 2.34375 2.89062 0 219634875 0 219671350 6
1.2e-09 2.28125 2.82812 0 244166222 6 244268784 0
1.2e-09 2.29688 2.85938 0 237233490 0 237260223 6
1.2e-09 1.76562 2.3125 0 201388914 0 201312788 0
1.2e-09 2.26562 2.8125 0 255356603 9 255648314 5
1.2e-09 2.40625 2.95312 0 260055663 0 260043937 2
1.2e-09 2.40625 2.95312 0 259681921 0 259609677 13
1.2e-09 2.73438 3.28125 0 254390090 0 254214351 40
1.2e-09 2.0625 2.46875 0 205139272 0 204856226 0
1.2e-09 1.8125 2.375 0 242769734 5 243053706 0
1.2e-09 2.10938 2.5 0 251727176 0 251870107 0
1.2e-09 2.15625 2.5625 0 229101468 0 229107349 15
1.2e-09 1.85938 2.40625 0 225789413 0 225584331 0
1.2e-09 1.875 2.4375 0 216125234 0 216398649 1
1.2e-09 2.57812 2.96875 0 253897733 0 253862674 0
1.2e-09 2.07812 2.46875 0 202902711 0 202829291 0
1.2e-09 2.10938 2.5 0 254479499 18 254588712 0
1.2e-09 1.84375 2.39062 0 234864891 0 234876120 0
1.2e-09 2.26562 2.8125 0 255628000 0 255871310 4
1.2e-09 2.23438 2.78125 0 202651638 0 202477680 1
1.2e-09 1.82812 2.375 0 241785318 0 241564628 27
1.2e-09 2.67188 3.0625 0 214841732 0 214940815 3
1.2e-09 2.15625 2.54688 0 234391927 2 234332785 3
1.2e-09 2.32812 2.89062 0 224012950 3 223601149 2
1.2e-09 1.78125 2.32812 0 258385053 0 258319054 0
1.2e-09 2.6875 3.07812 0 209285008 0 209342723 0
1.2e-09 2.29688 2.84375 0 239230496 0 239357708 0
1.2e-09 2.23438 2.78125 0 202437267 3 202592525 0
1.2e-09 1.85938 2.42188 0 222604129 0 222658613 8
1.2e-09 2.625 3.03125 0 230611112 0 230488395 0
1.2e-09 2.26562 2.8125 0 256089939 0 256004172 0
1.2e-09 2.32812 2.875 0 226923453 0 226907953 4
1.2e-09 2.07812 2.48438 0 199053929 0 199150574 0
1.2e-09 2.20312 2.75 0 213964677 0 213838471 4
1.2e-09 2.20312 2.75 0 213285301 0 213595517 1
1.2e-09 2.1875 2.73438 0 221853249 0 221831844 8
1.2e-09 2.60938 3 0 238904893 0 239232577 0
1.2e-09 1.78125 2.32812 0 260618411 6 260551996 2
1.2e-09 1.82812 2.375 0 241568001 21 241537906 0
1.2e-09 1.85938 2.40625 0 227345717 16 227232486 0
1.2e-09 1.76562 2.3125 0 199814021 14 199565316 11
1.2e-09 2.15625 2.54688 0 230512934 2 230274677 6
1.2e-09 1.75 2.3125 0 203965543 0 204060392 0
1.2e-09 2.1875 2.73438 0 220231123 0 220261806 0
1.2e-09 2.28125 2.82812 0 248248868 5 248300586 0
1.2e-09 2.20312 2.75 0 215617134 2 215716364 0
1.2e-09 2.0625 2.45312 0 207521616 2 207548798 0
1.2e-09 2.70312 3.25 0 204225545 7 204428307 0
1.2e-09 2.65625 3.04688 0 218034546 8 218005181 0
1.2e-09 1.76562 2.3125 0 202561114 0 202512169 0
1.2e-09 1.82812 2.375 0 237982724 9 237904030 0
1.2e-09 2.71875 3.26562 0 198770295 0 198966352 1
1.2e-09 2.28125 2.84375 0 244082228 0 243945811 0
1.2e-09 2.65625 3.04688 0 218449291 5 218499541 0
1.2e-09 2.3125 2.85938 0 231796909 0 231354077 0
1.2e-09 2.3125 2.85938 0 230862101 2 231074331 1
1.2e-09 2.64062 3.03125 0 228246392 0 228477481 0
1.2e-09 1.79688 2.35938 0 249485552 0 249356214 5
1.2e-09 1.875 2.42188 0 219129514 7 219261444 0
1.2e-09 2.15625 2.5625 0 230006629 0 230021860 1
1.2e-09 2.64062 3.04688 0 223364574 0 223249709 4
1.2e-09 2.73438 3.28125 0 252393744 0 252633203 0
1.2e-09 1.8125 2.35938 0 247219029 0 247067457 2
1.2e-09 2.23438 2.78125 0 202858449 0 203060030 0
1.2e-09 2.28125 2.82812 0 245769127 0 245910757 0
1.2e-09 2.21875 2.76562 0 210071214 0 210025747 0
1.2e-09 1.84375 2.39062 0 230095312 39 229955637 0
1.2e-09 2.07812 2.46875 0 202783681 0 202665223 0
1.2e-09 1.82812 2.375 0 239860179 2 239793509 0
1.2e-09 1.78125 2.32812 0 197342792 0 197499970 0
1.2e-09 2.73438 3.28125 0 252694084 3 252574101 8
1.2e-09 1.875 2.42188 0 220221071 0 220426398 0
1.2e-09 2.40625 2.95312 0 198111497 0 198171555 2
1.2e-09 2.23438 2.78125 0 200002983 7 200107100 1
1.2e-09 1.78125 2.34375 0 257013767 4 257227722 0
1.2e-09 2.09375 2.48438 0 197551065 1 197701310 7
1.2e-09 2.20312 2.75 0 215407356 0 215595704 2
1.2e-09 2.125 2.53125 0 243248116 0 243150659 5
1.2e-09 2.07812 2.48438 0 198773019 26 199054170 0
1.2e-09 1.8125 2.35938 0 243764508 11 243854030 0
1.2e-09 1.75 2.29688 0 208392282 0 208202649 0
1.2e-09 2.15625 2.54688 0 230216076 0 230308924 0
1.2e-09 1.84375 2.39062 0 231911206 37 231992859 4
1.2e-09 2.28125 2.82812 0 245480768 1 245313932 5
1.2e-09 2.21875 2.76562 0 205545676 0 205591835 0
1.2e-09 2.07812 2.46875 0 200509854 4 200537820 20
1.2e-09 2.0625 2.45312 0 208587995 0 208363605 3
1.2e-09 2.17188 2.73438 0 223023291 0 222996723 24
1.2e-09 2.14062 2.53125 0 242428355 16 242480231 3
1.2e-09 2.32812 2.875 0 225889196 16 226076481 0
1.2e-09 2.23438 2.78125 0 202729456 0 202876230 15
1.2e-09 2.20312 2.76562 0 210580542 0 210342823 1
1.2e-09 2.3125 2.875 0 230571412 1 230493885 0
1.2e-09 2.57812 2.96875 0 251976328 2 252165770 0
1.2e-09 1.75 2.3125 0 204741204 0 204648108 1
1.2e-09 1.82812 2.375 0 239576415 2 239574952 0
1.2e-09 2.0625 2.45312 0 205935707 0 205921188 10
1.2e-09 2.3125 2.85938 0 233905320 0 234110089 6
1.2e-09 1.75 2.29688 0 209137345 3 209097074 0
1.2e-09 1.89062 2.4375 0 215435750 1 215710196 1
1.2e-09 2.15625 2.54688 0 232623316 0 232690719 0
1.2e-09 2.21875 2.78125 0 205300373 0 205360898 0
1.2e-09 1.78125 2.32812 0 196526788 1 196545465 1
1.2e-09 2.09375 2.48438 0 260988660 0 260966096 0
1.2e-09 2.14062 2.53125 0 237619853 0 237482860 19
1.2e-09 1.82812 2.375 0 241587580 3 241494428 42
1.2e-09 2.23438 2.78125 0 201791871 1 202257352 0
1.2e-09 1.79688 2.34375 0 251621624 0 251887431 2
1.2e-09 2.14062 2.54688 0 236173814 2 236117772 0
1.2e-09 1.79688 2.34375 0 251407751 0 251395268 0
1.2e-09 2.09375 2.5 0 257054476 0 257298268 3
1.2e-09 2.14062 2.54688 0 236484956 0 236664125 2
1.2e-09 2.14062 2.54688 0 235996641 2 235970911 0
1.2e-09 1.75 2.3125 0 204209097 5 204174609 3
1.2e-09 2.07812 2.46875 0 199902163 5 199725282 2
1.2e-09 2.6875 3.07812 0 205926990 10 205946308 0
1.2e-09 2.25 2.79688 0 260104510 0 260120610 2
1.2e-09 2.35938 2.92188 0 210611173 0 210749781 8
1.2e-09 1.82812 2.375 0 237662063 0 237485265 23
1.2e-09 2.07812 2.46875 0 201677139 0 201670895 0
1.2e-09 2.65625 3.04688 0 218908769 5 218754260 0
1.2e-09 2.25 2.79688 0 198133309 2 198234044 27
1.2e-09 1.85938 2.40625 0 224416026 6 224588955 2
1.2e-09 1.84375 2.39062 0 234332787 0 234477389 4
1.2e-09 2.29688 2.84375 0 237830658 5 237707402 0
1.2e-09 1.85938 2.40625 0 228600374 0 228599183 0
1.2e-09 2.125 2.53125 0 242635280 0 242728732 0
1.2e-09 2.375 2.9375 0 205127860 3 205099248 0
1.2e-09 1.8125 2.35938 0 244527812 0 244509092 0
1.2e-09 2.40625 2.96875 0 257750549 39 258126267 0
1.2e-09 2.0625 2.46875 0 204886455 0 204827821 1
1.2e-09 2.125 2.51562 0 245763270 0 245481103 0
1.2e-09 2.34375 2.89062 0 220917116 0 220673915 0
1.2e-09 2.23438 2.78125 0 202564150 0 202504231 0
1.2e-09 2.09375 2.48438 0 259748274 0 259962063 1
1.2e-09 2.10938 2.5 0 256399883 0 256668602 9
1.2e-09 2.0625 2.45312 0 207802034 0 207847831 2
1.2e-09 2.21875 2.76562 0 209575591 2 209606973 3
1.2e-09 1.8125 2.375 0 243409827 11 243218344 5
1.2e-09 1.85938 2.40625 0 223525641 1 223819854 0
1.2e-09 1.875 2.42188 0 221890449 6 221975958 5
1.2e-09 1.84375 2.39062 0 234318272 44 234491277 0
1.2e-09 2.21875 2.76562 0 208623876 2 208569426 0
1.2e-09 2.71875 3.26562 0 198787032 0 199008409 0
1.2e-09 2.40625 2.95312 0 261215782 0 261109881 9
1.2e-09 1.79688 2.34375 0 256373637 1 256291268 0
1.2e-09 2.09375 2.48438 0 196690672 0 196663907 1
1.2e-09 1.79688 2.35938 0 250247358 2 250289368 0
1.2e-09 2.3125 2.85938 0 232853054 0 233059410 6
1.2e-09 1.75 2.29688 0 206372484 9 206503631 0
1.2e-09 2.625 3.01562 0 236145505 0 236397002 0
1.2e-09 2.20312 2.75 0 214423025 0 214304814 0
1.2e-09 2.0625 2.45312 0 205313859 0 205517159 0
1.2e-09 1.75 2.29688 0 208889556 0 208938702 0
1.2e-09 2.39062 2.9375 0 204256851 0 204230868 0
1.2e-09 1.8125 2.35938 0 249008076 0 248980064 20
1.2e-09 2.07812 2.46875 0 199585844 0 199507904 0
1.2e-09 1.76562 2.3125 0 203064472 0 202983230 0
1.2e-09 1.82812 2.375 0 241998183 22 241881951 3
1.2e-09 2.39062 2.9375 0 202432906 2 202686461 0
1.2e-09 1.82812 2.375 0 239832738 0 239799534 1
1.2e-09 2.15625 2.54688 0 233327943 0 233356623 4
1.2e-09 2.57812 2.96875 0 254912286 0 254831546 0
1.2e-09 2.0625 2.46875 0 204655866 1 204896877 1
1.2e-09 2.32812 2.875 0 226631645 0 226638607 2
1.2e-09 2.09375 2.48438 0 197965766 9 197918936 2
1.2e-09 2.3125 2.85938 0 235472048 0 235151083 2
1.2e-09 1.75 2.29688 0 208885099 0 208913192 0
1.2e-09 2.21875 2.76562 0 209591467 0 209742295 0
1.2e-09 1.84375 2.39062 0 233923208 30 233979589 1
1.2e-09 2.125 2.53125 0 243522630 1 243584949 0
1.2e-09 2.375 2.9375 0 205089514 0 205084724 0
1.2e-09 1.875 2.42188 0 217531887 1 217307909 0
1.2e-09 2.76562 3.3125 0 240012191 1 239886518 5
1.2e-09 2.28125 2.82812 0 245160245 0 245633031 4
1.2e-09 1.8125 2.35938 0 247600889 0 247649068 12
1.2e-09 2.125 2.51562 0 246513728 5 246443744 0
1.2e-09 2.20312 2.76562 0 210719708 13 210538345 0
1.2e-09 2.29688 2.84375 0 240009340 0 239980319 0
1.2e-09 2.71875 3.28125 0 258465308 0 258312942 1
1.2e-09 2.32812 2.89062 0 223616896 0 223406125 0
1.2e-09 1.75 2.3125 0 204669494 0 204859212 1
1.2e-09 2.57812 2.96875 0 257402140 8 257352372 0
1.2e-09 2.15625 2.54688 0 230906145 0 231026160 6
1.2e-09 2.39062 2.9375 0 203282782 1 203057101 9
1.2e-09 2.26562 2.8125 0 252221874 12 252177551 12
1.2e-09 2.40625 2.95312 0 198282071 0 198548121 21
1.2e-09 2.20312 2.76562 0 210899160 0 210928976 1
1.2e-09 1.79688 2.35938 0 250047187 43 250008781 0
1.2e-09 2.23438 2.79688 0 198960669 0 199259181 35
1.2e-09 2.25 2.79688 0 260087231 0 259818113 1
1.2e-09 2.375 2.9375 0 205189889 0 205048201 8
1.2e-09 2.70312 3.25 0 203068722 0 203106877 0
1.2e-09 2.20312 2.75 0 213046537 6 212931111 0
1.2e-09 2.1875 2.73438 0 218695688 0 218550944 0
1.2e-09 2.21875 2.76562 0 209036809 0 209203843 0
1.2e-09 1.76562 2.3125 0 203192081 3 203384092 24
1.2e-09 2.09375 2.48438 0 259099242 1 258950974 2
1.2e-09 2.21875 2.78125 0 204597432 6 204517092 0
1.2e-09 2.39062 2.9375 0 202065506 1 202208227 1
1.2e-09 1.89062 2.4375 0 211906026 0 211891742 0
1.2e-09 2.14062 2.53125 0 240273881 9 240275297 9
1.2e-09 2.39062 2.9375 0 202963134 0 202987701 0
1.2e-09 1.75 2.29688 0 207927963 6 207879828 4
1.2e-09 1.875 2.42188 0 221736713 0 221653316 0
1.2e-09 2.0625 2.45312 0 208040118 0 207913047 0
1.2e-09 2.0625 2.45312 0 207928866 0 208036752 0
1.2e-09 2.39062 2.9375 0 203175009 7 203301996 0
1.2e-09 2.71875 3.26562 0 261864834 0 261925016 0
1.2e-09 2.6875 3.07812 0 210656094 7 210433856 0
1.2e-09 2.35938 2.90625 0 214363432 0 214274661 0
1.2e-09 1.84375 2.40625 0 229331261 0 229332596 0
1.2e-09 2.75 3.29688 0 247771212 1 247287655 0
1.2e-09 2.79688 3.34375 0 225770280 1 225805855 0
1.2e-09 1.84375 2.40625 0 229257191 1 229261790 2
1.2e-09 1.76562 2.3125 0 199749134 0 199727678 7
1.2e-09 2.10938 2.5 0 255715547 5 255384118 1
1.2e-09 2.21875 2.76562 0 209565468 0 209567803 2
1.2e-09 2.25 2.79688 0 259019645 0 258951976 0
1.2e-09 2.20312 2.76562 0 211087760 2 211214043 0
1.2e-09 2.39062 2.95312 0 199167316 0 199068117 1
1.2e-09 1.78125 2.32812 0 261868534 0 261818512 14
1.2e-09 1.82812 2.39062 0 236552823 0 236599835 11
1.2e-09 1.84375 2.39062 0 232673083 0 232657414 9
1.2e-09 1.8125 2.35938 0 246393569 1 246220647 0
1.2e-09 2.67188 3.0625 0 215452026 7 215386557 0
1.2e-09 1.75 2.29688 0 207181843 0 206948778 1
1.2e-09 1.875 2.42188 0 217991126 19 217787773 0
1.2e-09 2.375 2.9375 0 205321598 0 205172467 0
1.2e-09 1.89062 2.4375 0 212962765 3 212902683 1
1.2e-09 2.625 3.01562 0 234782506 2 234689601 0
1.2e-09 1.78125 2.32812 0 197010211 1 196957075 2
1.2e-09 2.29688 2.84375 0 240082051 1 239596660 3
1.2e-09 1.875 2.42188 0 218360279 1 218438629 3
1.2e-09 2.07812 2.48438 0 198196567 37 198346020 0
1.2e-09 2.75 3.29688 0 245504605 0 245242459 4
1.2e-09 2.14062 2.53125 0 241384579 1 241216119 2
1.2e-09 2.76562 3.3125 0 238109144 0 238403112 1
1.2e-09 1.8125 2.35938 0 244462002 0 244143213 9
1.2e-09 2.3125 2.85938 0 232171943 0 232120172 12
1.2e-09 2.20312 2.76562 0 210498274 1 210242062 0
1.2e-09 1.875 2.42188 0 222230581 1 222074219 0
1.2e-09 1.75 2.3125 0 203862090 6 203941051 0
1.2e-09 1.84375 2.39062 0 232732783 1 232792620 11
1.2e-09 2.65625 3.04688 0 222729128 16 222422314 0
1.2e-09 2.20312 2.75 0 212966345 1 213118912 0
1.2e-09 1.82812 2.39062 0 235327698 0 235428539 12
1.2e-09 2.10938 2.51562 0 250786444 0 250702978 0
1.2e-09 2.0625 2.46875 0 204669444 7 204591463 0
1.2e-09 1.875 2.42188 0 221937618 0 222237973 4
1.2e-09 2.21875 2.76562 0 208577531 0 208676264 2
1.2e-09 2.32812 2.875 0 224365591 4 224482950 0
1.2e-09 1.82812 2.39062 0 235476758 87 235216484 8
1.2e-09 2.25 2.79688 0 260102984 5 259779807 0
1.2e-09 2.14062 2.53125 0 241038989 0 240929786 0
1.2e-09 2.40625 2.95312 0 260203995 0 260279169 7
1.2e-09 1.84375 2.40625 0 229049199 0 229032703 0
1.2e-09 1.82812 2.375 0 239377272 0 239406138 0
1.2e-09 1.82812 2.375 0 242028471 0 242118970 0
1.2e-09 1.89062 2.4375 0 211203078 0 211245725 0
1.2e-09 1.79688 2.34375 0 252381710 13 252292843 2
1.2e-09 1.79688 2.34375 0 256339028 7 256434667 0
1.2e-09 2.8125 3.35938 0 221787358 0 221654669 0
1.2e-09 1.82812 2.375 0 240862313 0 240752688 1
1.2e-09 2.23438 2.78125 0 204187903 1 204030026 0
1.2e-09 2.78125 3.32812 0 231311294 0 231473658 2
1.2e-09 2.29688 2.84375 0 241401953 0 241376797 0
1.2e-09 2.67188 3.07812 0 210979751 0 211279166 0
1.2e-09 2.07812 2.46875 0 200286322 0 200463146 0
1.2e-09 1.78125 2.32812 0 258770069 0 258608062 0
1.2e-09 2.20312 2.75 0 214734296 0 214832764 0
1.2e-09 2.64062 3.03125 0 227947341 0 227753314 2
1.2e-09 1.875 2.4375 0 216584727 0 216676617 17
1.2e-09 1.75 2.29688 0 207591035 3 207644761 0
1.2e-09 2.09375 2.48438 0 197495936 1 197386678 0
1.2e-09 1.78125 2.32812 0 260191722 1 260287283 0
1.2e-09 1.875 2.42188 0 218080941 119 218298964 0
1.2e-09 2.0625 2.45312 0 205635337 1 205692053 1
1.2e-09 1.75 2.29688 0 206726124 1 206604943 11
1.2e-09 1.76562 2.32812 0 198085335 1 198002807 27
1.2e-09 1.875 2.42188 0 219397252 4 219540949 18
1.2e-09 1.78125 2.32812 0 260255598 0 260317799 0
1.2e-09 2.15625 2.54688 0 234511590 11 234636828 7
1.2e-09 2.125 2.51562 0 245583713 0 245531116 0
1.2e-09 2.65625 3.04688 0 221938664 0 221930366 0
1.2e-09 2.1875 2.73438 0 217779232 0 217719405 0
1.2e-09 2.09375 2.48438 0 261568344 1 261452448 1
1.2e-09 2.21875 2.78125 0 205332943 0 205311461 3
1.2e-09 2.34375 2.89062 0 221378736 14 221499629 0
1.2e-09 2.39062 2.9375 0 200565518 0 200611243 0
1.2e-09 1.875 2.42188 0 218576479 26 218599918 0
1.2e-09 1.875 2.42188 0 221169286 0 221105461 2
1.2e-09 2.1875 2.73438 0 222461109 1 222457587 0
1.2e-09 2.14062 2.53125 0 241920771 0 241856980 4
1.2e-09 2.0625 2.45312 0 207813277 1 207563872 3
1.2e-09 1.875 2.4375 0 216164017 0 215929310 2
1.2e-09 1.79688 2.34375 0 256007183 0 256044087 0
1.2e-09 2.15625 2.54688 0 233154888 1 233131497 0
1.2e-09 1.8125 2.35938 0 243822550 6 243764472 3
1.2e-09 1.84375 2.40625 0 228824610 0 228993796 0
1.2e-09 2.23438 2.78125 0 200065992 0 199974135 0
1.2e-09 2.10938 2.51562 0 250858415 0 250913397 0
1.2e-09 2.20312 2.76562 0 210983584 1 210887043 0
1.2e-09 1.89062 2.4375 0 211717121 0 211568284 0
1.2e-09 2.34375 2.89062 0 221471862 2 221643745 0
1.2e-09 2.59375 3 0 243851995 0 243929946 0
1.2e-09 1.8125 2.35938 0 248281062 1 248355519 0
1.2e-09 1.78125 2.32812 0 260555516 0 260549371 0
1.2e-09 2.20312 2.76562 0 210696227 0 210799659 0
1.2e-09 2.32812 2.89062 0 224065318 0 224042997 0
1.2e-09 2.29688 2.85938 0 236779377 0 236669264 7
1.2e-09 1.8125 2.35938 0 245106481 2 245196489 0
1.2e-09 2.14062 2.54688 0 236484920 2 236683223 91
1.2e-09 2.39062 2.9375 0 203463650 3 203336615 0
1.2e-09 2.59375 2.98438 0 245820749 0 245772930 0
1.2e-09 1.85938 2.40625 0 225525175 0 225097561 1
1.2e-09 2.125 2.51562 0 244982529 2 245004819 0
1.2e-09 2.17188 2.5625 0 228827538 1 228841094 0
1.2e-09 1.85938 2.40625 0 227452140 0 227667476 0
1.2e-09 2.60938 3 0 241297838 0 241298010 3
1.2e-09 2.76562 3.32812 0 237087514 0 236762543 0
1.2e-09 2.15625 2.54688 0 231748593 0 231785051 2
1.2e-09 2.28125 2.82812 0 244498549 0 244521618 0
1.2e-09 2.34375 2.89062 0 221103724 2 221137948 0
1.2e-09 2.625 3.01562 0 233116220 17 233017028 0
1.2e-09 2.60938 3.01562 0 237199624 0 236808927 0
1.2e-09 1.89062 2.45312 0 210444234 14 210418092 0
1.2e-09 2.40625 2.95312 0 197631982 2 197772874 1
1.2e-09 2.10938 2.51562 0 250003032 3 249826785 0
1.2e-09 2.10938 2.5 0 256583484 1 256581122 6
1.2e-09 2.10938 2.5 0 252618422 22 252740670 6
1.2e-09 2.375 2.9375 0 205173819 1 205248391 16
1.2e-09 1.75 2.29688 0 205616192 4 205538952 1
1.2e-09 1.79688 2.35938 0 250479980 15 250587564 2
1.2e-09 2.20312 2.75 0 215546718 1 215810462 0
1.2e-09 2.09375 2.48438 0 259411303 5 259236491 1
1.2e-09 1.85938 2.40625 0 223487253 0 223599530 0
1.2e-09 2.0625 2.45312 0 205438304 0 205499867 5
1.2e-09 1.78125 2.34375 0 256813377 10 256925854 2
1.2e-09 1.8125 2.35938 0 246854783 0 246952031 0
1.2e-09 2.34375 2.90625 0 217522407 4 217661092 0
1.2e-09 1.82812 2.375 0 241902846 0 241465357 0
1.2e-09 1.84375 2.39062 0 235018484 2 235088777 0
1.2e-09 2.07812 2.46875 0 200414564 0 200441388 0
1.2e-09 2.64062 3.03125 0 224830332 5 224792462 0
1.2e-09 2.625 3.01562 0 231926831 0 231605790 2
1.2e-09 2.26562 2.8125 0 256076349 0 256230505 7
1.2e-09 1.79688 2.34375 0 255567075 2 255585742 0
1.2e-09 1.84375 2.39062 0 231736394 0 231825074 0
1.2e-09 1.79688 2.34375 0 253278533 0 253464847 0
1.2e-09 2.60938 3 0 238620302 5 238973659 0
1.2e-09 1.8125 2.35938 0 246501902 0 246583319 2
1.2e-09 1.76562 2.3125 0 200802604 1 200666919 0
1.2e-09 2.20312 2.75 0 215341941 1 215286537 0
1.2e-09 2.26562 2.8125 0 255970261 0 256287813 4
1.2e-09 1.79688 2.35938 0 249522428 0 249259711 0
1.2e-09 2.29688 2.85938 0 237313244 0 237013253 2
1.2e-09 1.75 2.29688 0 206354145 0 206249248 0
1.2e-09 2.25 2.79688 0 197501638 3 197526880 2
1.2e-09 1.75 2.3125 0 203781226 6 203694359 1
1.2e-09 1.8125 2.35938 0 248180461 4 248458758 0
1.2e-09 2.28125 2.82812 0 247305898 1 247101583 20
1.2e-09 1.75 2.29688 0 207628527 1 207607742 0
1.2e-09 1.875 2.42188 0 219864571 0 219706695 1
1.2e-09 1.84375 2.39062 0 235220278 2 235171131 0
1.2e-09 1.78125 2.32812 0 197449749 0 197522546 0
1.2e-09 2.28125 2.82812 0 245440824 0 245341462 0
1.2e-09 2.73438 3.29688 0 251604164 1 251158318 0
1.2e-09 1.78125 2.34375 0 256630039 7 256534989 0
1.2e-09 1.82812 2.375 0 239547481 0 239317583 0
1.2e-09 2.3125 2.85938 0 232082693 0 232319162 0
1.2e-09 2.57812 2.96875 0 252040199 0 252057018 1
1.2e-09 2.17188 2.5625 0 224273446 3 224309627 2
1.2e-09 1.78125 2.32812 0 261781612 0 261823549 0
1.2e-09 2.25 2.8125 0 258564879 2 258547345 3
1.2e-09 1.76562 2.3125 0 201208919 3 201163342 0
1.2e-09 1.8125 2.35938 0 247263253 2 247306085 23
1.2e-09 2.34375 2.90625 0 217147103 1 217397262 0
1.2e-09 1.79688 2.34375 0 255767927 0 255762387 0
1.2e-09 1.84375 2.40625 0 229072087 11 228995235 3
1.2e-09 2.09375 2.48438 0 197398550 4 197476081 2
1.2e-09 2.76562 3.3125 0 241489798 0 241857078 0
1.2e-09 2.125 2.51562 0 247122798 2 247143644 0
1.2e-09 1.78125 2.32812 0 197780881 0 197560076 1
1.2e-09 1.89062 2.4375 0 211914220 0 211913238 0
1.2e-09 2.07812 2.46875 0 199714961 3 199619885 0
1.2e-09 2.21875 2.76562 0 209078668 2 209229882 0
1.2e-09 2.25 2.8125 0 257247184 1 257226094 6
1.2e-09 1.78125 2.32812 0 196917158 0 197002950 2
1.2e-09 1.75 2.29688 0 208447341 0 208309034 4
1.2e-09 2.26562 2.8125 0 253405832 11 253092659 0
1.2e-09 1.89062 2.4375 0 215523990 0 215758210 0
1.2e-09 2.76562 3.3125 0 242152576 1 242277616 4
1.2e-09 2.1875 2.73438 0 220258556 0 220383978 1
1.2e-09 2.29688 2.84375 0 239822213 0 239794132 59
1.2e-09 1.89062 2.4375 0 213574863 0 213477476 0
1.2e-09 2.25 2.79688 0 197327941 0 197532292 1
1.2e-09 2.35938 2.90625 0 213975682 21 213903016 1
1.2e-09 2.29688 2.85938 0 236050356 1 236052488 2
1.2e-09 2.14062 2.53125 0 238807629 0 238869638 1
1.2e-09 2.15625 2.54688 0 232620716 2 232527203 0
1.2e-09 2.32812 2.89062 0 223311850 0 223311309 0
1.2e-09 1.84375 2.40625 0 229789352 0 229560873 0
1.2e-09 1.79688 2.35938 0 249495728 0 249551623 0
1.2e-09 2.8125 3.35938 0 221478943 1 221333063 0
1.2e-09 1.85938 2.40625 0 226258238 4 226246154 15
1.2e-09 2.34375 2.89062 0 218681649 0 219142544 0
1.2e-09 2.17188 2.5625 0 224977088 75 224904410 3
1.2e-09 2.375 2.9375 0 205323335 3 205258174 13
1.2e-09 1.76562 2.3125 0 199942113 0 200014317 2
1.2e-09 2.375 2.92188 0 209003380 3 208654820 0
1.2e-09 1.85938 2.40625 0 223965190 0 223771727 0
1.2e-09 2.39062 2.95312 0 198710813 1 198627565 0
1.2e-09 1.75 2.29688 0 206673851 1 206719450 4
1.2e-09 2.07812 2.46875 0 202387115 3 202286720 0
1.2e-09 2.71875 3.26562 0 198377803 1 198331144 7
1.2e-09 2.28125 2.82812 0 244704186 10 244705348 0
1.2e-09 1.78125 2.32812 0 258162529 0 257978750 0
1.2e-09 2.3125 2.875 0 230530832 8 230533899 0
1.2e-09 2.625 3.01562 0 232608750 0 232798328 0
1.2e-09 2.23438 2.78125 0 203788618 3 203855869 2
1.2e-09 2.78125 3.32812 0 235715023 3 235795718 1
1.2e-09 2.65625 3.0625 0 217561565 0 217417277 0
1.2e-09 2.09375 2.48438 0 198190726 0 198307393 0
1.2e-09 2.0625 2.46875 0 204517356 0 204580202 9
1.2e-09 2.25 2.79688 0 260231077 0 259940164 0
1.2e-09 1.8125 2.375 0 242516405 0 242517390 0
1.2e-09 2.17188 2.5625 0 226414333 1 226552931 0
1.2e-09 2.75 3.29688 0 246763063 0 247034444 13
1.2e-09 2.70312 3.25 0 202500824 0 202345651 0
1.2e-09 1.875 2.42188 0 218947648 2 218913479 5
1.2e-09 2.60938 3 0 243021082 1 242976151 0
1.2e-09 1.75 2.29688 0 207808696 3 207666422 6
1.2e-09 1.79688 2.34375 0 253816259 12 253807775 7
1.2e-09 2.07812 2.46875 0 203512132 0 203372263 0
1.2e-09 2.21875 2.76562 0 208586143 1 208487900 0
1.2e-09 1.76562 2.32812 0 198960685 0 198938733 0
1.2e-09 2.60938 3 0 240309434 1 240501771 12
1.2e-09 2.20312 2.75 0 215818297 7 215826350 18
1.2e-09 1.82812 2.375 0 238931367 0 238932508 0
1.2e-09 2.1875 2.73438 0 219820324 7 219755514 0
1.2e-09 2.1875 2.73438 0 220515766 0 220408958 1
1.2e-09 1.89062 2.4375 0 214863121 0 215153660 0
1.2e-09 2.23438 2.78125 0 201673508 2 201371709 3
1.2e-09 2.26562 2.8125 0 257152116 0 257076311 16
1.2e-09 2.07812 2.46875 0 199656312 6 199904903 2
1.2e-09 2.29688 2.84375 0 237599015 1 237345511 0
1.2e-09 1.875 2.42188 0 217285262 7 217361216 1
1.2e-09 2.07812 2.46875 0 202712747 0 202891638 1
1.2e-09 2.64062 3.03125 0 225380109 12 225376865 1
1.2e-09 2.10938 2.51562 0 250622981 2 250695930 0
1.2e-09 2.73438 3.28125 0 255497000 0 255369476 0
1.2e-09 2.28125 2.84375 0 243291319 2 243515761 0
1.2e-09 2.17188 2.5625 0 227803489 0 228209069 2
1.2e-09 2.17188 2.5625 0 228086984 0 228117374 0
1.2e-09 1.78125 2.32812 0 258578491 7 258548077 0
1.2e-09 2.0625 2.46875 0 204266506 0 204310486 1
1.2e-09 2.07812 2.46875 0 200322170 0 200336744 1
1.2e-09 2.28125 2.82812 0 244512138 0 244755870 0
1.2e-09 1.89062 2.4375 0 213572090 3 213607675 2
1.2e-09 2.09375 2.48438 0 197106068 10 197128707 2
1.2e-09 1.89062 2.4375 0 212834368 0 212908763 2
1.2e-09 2.70312 3.25 0 202923853 0 203392771 0
1.2e-09 2.28125 2.82812 0 249825880 0 249856485 3
1.2e-09 1.75 2.29688 0 205393341 2 205454430 0
1.2e-09 2.15625 2.54688 0 232458488 0 232264333 10
1.2e-09 2.70312 3.25 0 200205603 1 200213862 1
1.2e-09 1.85938 2.40625 0 225269690 0 225554222 0
1.2e-09 2.21875 2.76562 0 206268961 0 206136659 0
1.2e-09 1.79688 2.34375 0 254124366 0 253851092 3
1.2e-09 2.09375 2.48438 0 260387527 8 260126611 6
1.2e-09 2.07812 2.46875 0 202107389 0 202116754 0
1.2e-09 1.76562 2.32812 0 198593079 2 198640974 2
1.2e-09 1.875 2.42188 0 221590237 0 221656636 0
1.2e-09 2.17188 2.5625 0 227584288 1 227609408 1
1.2e-09 2.59375 3 0 243383713 1 243434189 4
1.2e-09 2.09375 2.48438 0 198168464 0 198371704 0
1.2e-09 1.75 2.29688 0 208760149 0 208563321 0
1.2e-09 1.79688 2.34375 0 254244583 0 254613429 0
1.2e-09 2.75 3.29688 0 245883927 2 245568483 1
1.2e-09 2.60938 3 0 239535770 7 239721856 1
1.2e-09 1.78125 2.34375 0 256740662 0 256821201 13
1.2e-09 2.125 2.51562 0 246322784 0 246129869 0
1.2e-09 2.375 2.92188 0 209656571 1 209730896 0
1.2e-09 2.14062 2.53125 0 241205282 8 241101292 0
1.2e-09 1.8125 2.35938 0 245188728 50 245349057 0
1.2e-09 2.07812 2.46875 0 203280596 0 203117580 0
1.2e-09 2.20312 2.75 0 213060860 10 213302717 0
1.2e-09 2.625 3.01562 0 234359135 1 234415737 0
1.2e-09 2.1875 2.73438 0 219027866 0 219043456 0
1.2e-09 1.82812 2.375 0 237451324 1 237527507 3
1.2e-09 2.64062 3.03125 0 229495115 0 229792606 2
1.2e-09 2.67188 3.0625 0 214085977 0 214224636 0
1.2e-09 2.59375 2.98438 0 245937404 0 245626710 0
1.2e-09 2.32812 2.875 0 226349252 0 226055380 0
1.2e-09 1.78125 2.32812 0 260868795 0 260891137 1
1.2e-09 1.76562 2.32812 0 198005636 0 198056094 8
1.2e-09 2.0625 2.45312 0 207553841 1 207790488 0
1.2e-09 2.28125 2.84375 0 243184171 4 243521016 1
1.2e-09 1.8125 2.35938 0 245953137 0 245633351 0
1.2e-09 2.375 2.92188 0 207772543 8 207748866 0
1.2e-09 2.20312 2.75 0 215782623 0 215878818 0
1.2e-09 2.15625 2.54688 0 231685701 0 231845928 1
1.2e-09 2.34375 2.89062 0 219388850 7 219486902 7
1.2e-09 2.79688 3.34375 0 225724251 1 225639523 5
1.2e-09 2.25 2.79688 0 259400005 0 258984184 0
1.2e-09 2.34375 2.89062 0 219250386 1 219130641 0
1.2e-09 2.1875 2.75 0 216729758 0 216638941 1
1.2e-09 2.09375 2.48438 0 196538951 2 196529894 4
1.2e-09 2.26562 2.8125 0 254323937 0 254061939 3
1.2e-09 2.0625 2.45312 0 207557667 1 207602609 0
1.2e-09 2.57812 2.96875 0 254683335 0 254649364 0
1.2e-09 1.89062 2.45312 0 210753899 0 210637901 0
1.2e-09 2.10938 2.51562 0 250001221 1 250142500 0
1.2e-09 2.21875 2.76562 0 205652233 0 205612130 0
1.2e-09 2.59375 2.98438 0 245880236 9 245901095 2
1.2e-09 2.32812 2.89062 0 224103244 0 223991049 0
1.2e-09 2.57812 2.96875 0 253556841 1 253625629 0
1.2e-09 2.29688 2.84375 0 238346152 0 238292306 0
1.2e-09 2.625 3.01562 0 233373364 0 233150273 3
1.2e-09 2.35938 2.92188 0 211589538 0 211631596 0
1.2e-09 1.82812 2.375 0 240660525 0 240777677 0
1.2e-09 2.1875 2.73438 0 219024553 0 218814805 6
1.2e-09 2.14062 2.54688 0 235952317 3 235985583 13
1.2e-09 2.29688 2.84375 0 242685698 0 242471012 0
1.2e-09 2.0625 2.45312 0 207131608 3 207123564 2
1.2e-09 2.10938 2.5 0 254963873 0 255102003 2
1.2e-09 2.0625 2.45312 0 208128887 1 208207468 15
1.2e-09 2.14062 2.54688 0 236617331 0 236737747 0
1.2e-09 2.29688 2.84375 0 241872049 0 241750677 0
1.2e-09 2.71875 3.26562 0 260836812 0 261065843 0
1.2e-09 2.10938 2.5 0 251619657 11 251865189 0
1.2e-09 1.8125 2.35938 0 248481291 8 248532236 2
1.2e-09 2.1875 2.73438 0 219911588 0 219748772 0
1.2e-09 2.3125 2.85938 0 231244182 0 231272502 0
1.2e-09 2.39062 2.9375 0 200088459 2 200186005 0
1.2e-09 1.84375 2.39062 0 232628347 3 232731262 2
1.2e-09 2.25 2.79688 0 260340355 11 260316886 0
1.2e-09 2.40625 2.95312 0 197895745 0 198040607 0
1.2e-09 1.85938 2.40625 0 224256835 1 224120737 0
1.2e-09 2.14062 2.53125 0 240205717 0 240477889 0
1.2e-09 2.28125 2.82812 0 247464797 0 247712435 0
1.2e-09 2.60938 3 0 237991007 0 238147308 2
1.2e-09 2.71875 3.26562 0 262014739 1 261954911 2
1.2e-09 2.125 2.51562 0 245236667 0 245128754 1
1.2e-09 1.89062 2.45312 0 210391463 0 210444673 0
1.2e-09 2.14062 2.54688 0 236017098 0 236103543 2
1.2e-09 2.59375 2.98438 0 245097787 1 245147610 1
1.2e-09 1.8125 2.35938 0 246889921 0 246936076 0
1.2e-09 1.76562 2.3125 0 203020172 0 203177721 0
1.2e-09 2.17188 2.5625 0 226617665 0 226434207 9
1.2e-09 2.09375 2.48438 0 197493851 0 197396543 0
1.2e-09 2.23438 2.78125 0 203950700 0 204198776 0
1.2e-09 2.375 2.92188 0 209076612 0 209356614 0
1.2e-09 2.625 3.01562 0 232125773 0 232090352 0
1.2e-09 1.89062 2.4375 0 213479138 0 213374365 1
1.2e-09 1.78125 2.34375 0 257821646 3 257987893 2
1.2e-09 1.79688 2.34375 0 251683610 8 251672987 0
1.2e-09 2.3125 2.85938 0 235649747 0 235358577 0
1.2e-09 1.79688 2.34375 0 252998504 0 252788349 0
1.2e-09 2.29688 2.84375 0 241279963 3 241294150 1
1.2e-09 2.28125 2.82812 0 246781537 0 246732755 2
1.2e-09 1.79688 2.34375 0 252702650 0 252794065 29
1.2e-09 1.85938 2.40625 0 224599935 0 224424145 0
1.2e-09 1.8125 2.35938 0 246776177 1 246914636 0
1.2e-09 2.67188 3.0625 0 214204014 0 214209234 0
1.2e-09 1.8125 2.35938 0 248426441 2 248455430 5
1.2e-09 2.57812 2.96875 0 256855418 1 257172622 0
1.2e-09 1.79688 2.34375 0 250641594 1 250781287 1
1.2e-09 1.78125 2.34375 0 257033979 0 256978955 13
1.2e-09 1.8125 2.35938 0 243874003 9 243868055 0
1.2e-09 2.07812 2.46875 0 202125654 0 202170980 0
1.2e-09 2.07812 2.46875 0 202831230 0 202735499 2
1.2e-09 2.6875 3.07812 0 206360763 1 206454744 0
1.2e-09 1.79688 2.34375 0 253444544 0 253373881 10
1.2e-09 2.39062 2.9375 0 201850407 0 201610358 1
1.2e-09 1.78125 2.32812 0 259910354 13 259955400 0
1.2e-09 2.23438 2.79688 0 198979815 2 199032928 1
1.2e-09 2.39062 2.95312 0 198840843 0 198976428 4
1.2e-09 2.57812 2.96875 0 256993407 0 257420654 0
1.2e-09 2.09375 2.48438 0 198153169 0 198332519 1
1.2e-09 1.76562 2.3125 0 200556977 1 200491479 0
1.2e-09 2.375 2.92188 0 208974822 6 208845065 0
1.2e-09 1.85938 2.40625 0 226575328 1 226698664 0
1.2e-09 1.78125 2.32812 0 197404588 0 197440475 0
1.2e-09 1.84375 2.39062 0 230831314 0 230893542 0
1.2e-09 1.78125 2.34375 0 257937593 0 257857429 8
1.2e-09 2.3125 2.85938 0 235151180 22 235167728 4
1.2e-09 1.82812 2.375 0 240807092 1 240874301 0
1.2e-09 1.84375 2.39062 0 235097449 7 235007286 3
1.2e-09 2.6875 3.07812 0 208078396 0 207695610 2
1.2e-09 1.875 2.42188 0 221227189 0 221403659 1
1.2e-09 2.07812 2.46875 0 203599381 0 203663847 4
1.2e-09 2.07812 2.46875 0 202611001 8 202570199 5
1.2e-09 2.15625 2.54688 0 235144255 0 235269084 0
1.2e-09 2.25 2.79688 0 260809219 6 260424794 2
1.2e-09 2.14062 2.53125 0 240828680 0 240620670 6
1.2e-09 2.375 2.92188 0 205840212 0 205736902 0
1.2e-09 2.76562 3.3125 0 238297112 0 238346959 2
1.2e-09 2.34375 2.89062 0 221776319 0 221582588 1
1.2e-09 2.67188 3.07812 0 210798877 0 211021578 0
1.2e-09 2.23438 2.78125 0 202315535 2 202400703 0
1.2e-09 2.15625 2.54688 0 231093173 9 231068322 1
1.2e-09 2.34375 2.90625 0 217586722 0 217673300 1
1.2e-09 2.09375 2.48438 0 260306643 0 260302447 3
1.2e-09 1.82812 2.375 0 238343104 0 238588758 6
1.2e-09 1.875 2.42188 0 221152607 2 221226574 25
1.2e-09 1.89062 2.4375 0 213681100 3 213681599 0
1.2e-09 1.89062 2.4375 0 211347213 0 211359460 0
1.2e-09 2.10938 2.5 0 254587400 2 254464096 17
1.2e-09 1.82812 2.375 0 237275482 7 237150549 4
1.2e-09 1.82812 2.375 0 241776898 19 241725449 0
1.2e-09 1.8125 2.35938 0 247015238 1 246806943 0
1.2e-09 1.75 2.3125 0 203732046 0 203780756 1
1.2e-09 2.21875 2.76562 0 207932903 17 207861226 0
1.2e-09 1.76562 2.3125 0 201763654 0 201841549 0
1.2e-09 2.39062 2.9375 0 202397721 0 202086857 11
1.2e-09 1.75 2.29688 0 207042497 0 207133074 0
1.2e-09 1.79688 2.34375 0 253726742 7 253789479 4
1.2e-09 1.8125 2.35938 0 247505832 0 247759368 0
1.2e-09 2.35938 2.90625 0 214662358 1 214907270 0
1.2e-09 2.40625 2.95312 0 198468628 0 198442274 1
1.2e-09 1.875 2.4375 0 216571742 0 216723571 0
1.2e-09 2.07812 2.46875 0 200219469 0 200169750 1
1.2e-09 1.84375 2.39062 0 233788131 2 233965329 0
1.2e-09 2.25 2.79688 0 260548003 16 260734227 0
1.2e-09 1.8125 2.35938 0 245297225 0 245217519 0
1.2e-09 2.67188 3.0625 0 215232193 0 215180991 1
1.2e-09 2.29688 2.84375 0 241489130 6 241609264 4
1.2e-09 2.34375 2.89062 0 221857630 0 221511062 0
1.2e-09 1.875 2.4375 0 216598709 0 216398917 0
1.2e-09 2.09375 2.48438 0 196732033 0 196927934 0
1.2e-09 2.1875 2.73438 0 220105983 0 220111874 5
1.2e-09 2.26562 2.8125 0 253124373 0 253405438 0
1.2e-09 1.76562 2.3125 0 199296092 0 199272056 0
1.2e-09 2.21875 2.76562 0 205906214 0 205922426 1
1.2e-09 2.07812 2.48438 0 199002123 0 198922821 0
1.2e-09 2.09375 2.48438 0 196703266 3 196747943 2
1.2e-09 2.75 3.3125 0 244967684 5 244692879 0
1.2e-09 2.14062 2.53125 0 238575757 18 238847012 0
1.2e-09 2.1875 2.73438 0 222208534 0 222191479 0
1.2e-09 2.57812 2.96875 0 257563762 0 257538725 1
1.2e-09 2.20312 2.75 0 214426451 1 214518749 0
1.2e-09 2.64062 3.03125 0 226126095 0 226072815 0
1.2e-09 2.1875 2.73438 0 221127701 0 221172097 4
1.2e-09 1.8125 2.35938 0 247585220 2 247672135 4
1.2e-09 2.64062 3.03125 0 226770473 0 227258226 0
1.2e-09 1.85938 2.42188 0 222208771 0 222373878 0
1.2e-09 2.1875 2.73438 0 222502639 0 222481603 3
1.2e-09 2.07812 2.46875 0 203206434 4 203270505 0
1.2e-09 2.34375 2.89062 0 217708040 6 217803015 0
1.2e-09 2.25 2.79688 0 261230674 4 261178795 0
1.2e-09 1.76562 2.3125 0 200648710 0 200595896 0
1.2e-09 1.79688 2.35938 0 250466217 0 250547888 19
1.2e-09 2.40625 2.95312 0 197523249 0 197351226 0
1.2e-09 2.09375 2.48438 0 197124561 0 197225353 0
1.2e-09 1.8125 2.35938 0 244896215 0 245015333 0
1.2e-09 2.15625 2.5625 0 228926567 0 229409446 0
1.2e-09 2.35938 2.90625 0 214039701 0 213880836 2
1.2e-09 2.8125 3.35938 0 221672423 0 221669641 0
1.2e-09 2.65625 3.04688 0 222896517 0 223005717 4
1.2e-09 1.76562 2.3125 0 201392835 1 201477939 2
1.2e-09 2.17188 2.5625 0 227677876 14 227764074 1
1.2e-09 2.65625 3.0625 0 217522456 1 217522258 1
1.2e-09 2.15625 2.5625 0 229662198 1 229447967 9
1.2e-09 2.625 3.01562 0 234088384 0 234107298 0
1.2e-09 2.15625 2.54688 0 233879221 13 233795633 0
1.2e-09 1.89062 2.45312 0 210150333 0 210324894 3
1.2e-09 1.89062 2.45312 0 210515643 0 210500237 0
1.2e-09 1.82812 2.375 0 238804870 1 238787045 0
1.2e-09 2.8125 3.35938 0 220798499 1 220857904 5
1.2e-09 1.82812 2.375 0 242112667 0 241898536 0
1.2e-09 2.59375 2.98438 0 247865458 5 247903851 0
1.2e-09 1.84375 2.39062 0 233782356 2 233561450 0
1.2e-09 1.84375 2.39062 0 231213442 2 231222712 0
1.2e-09 2.35938 2.90625 0 214512420 0 214618965 0
1.2e-09 1.8125 2.35938 0 248378554 0 248467979 2
1.2e-09 2.70312 3.26562 0 200234887 0 199984962 0
1.2e-09 2.17188 2.5625 0 226567371 0 226421263 0
1.2e-09 2.14062 2.54688 0 236408242 12 236499740 0
1.2e-09 2.375 2.92188 0 210109501 5 209726956 0
1.2e-09 2.14062 2.53125 0 240661161 2 240454650 0
1.2e-09 1.89062 2.4375 0 212927532 6 212921133 0
1.2e-09 1.82812 2.375 0 241393074 0 241611749 0
1.2e-09 2.125 2.51562 0 245331812 2 245549074 2
1.2e-09 2.39062 2.9375 0 201399230 2 201215918 0
1.2e-09 1.76562 2.3125 0 201074445 2 200908460 0
1.2e-09 1.85938 2.40625 0 227975719 0 228182474 1
1.2e-09 2.15625 2.54688 0 234376733 0 234639637 4
1.2e-09 2.8125 3.35938 0 222073192 1 221957155 0
1.2e-09 2.60938 3 0 241329298 0 241351580 8
1.2e-09 2.34375 2.89062 0 220953693 3 220523860 0
1.2e-09 2.28125 2.82812 0 247379490 0 247123609 0
1.2e-09 1.75 2.29688 0 209048691 0 208948896 1
1.2e-09 2.07812 2.46875 0 203023440 0 203128184 3
1.2e-09 1.75 2.29688 0 204933350 0 204908644 5
1.2e-09 1.82812 2.375 0 237658256 0 237592228 2
1.2e-09 2.17188 2.5625 0 225573877 30 225513371 0
1.2e-09 1.76562 2.3125 0 202419636 0 202370170 1
1.2e-09 2.57812 2.96875 0 252536377 0 252387043 0
1.2e-09 2.65625 3.04688 0 222511229 0 222152357 0
1.2e-09 2.20312 2.76562 0 211164835 0 211245066 2
1.2e-09 2.09375 2.48438 0 261372941 1 261488407 0
1.2e-09 2.23438 2.79688 0 199159596 1 199035341 10
1.2e-09 1.79688 2.35938 0 249181197 0 249230809 0
1.2e-09 2.3125 2.85938 0 231133082 0 230794987 23
1.2e-09 1.79688 2.34375 0 254612736 1 254872257 0
1.2e-09 2.34375 2.89062 0 219802686 26 220109785 0
1.2e-09 2.09375 2.48438 0 260449924 1 260272648 0
1.2e-09 1.75 2.29688 0 206748380 0 206523704 1
1.2e-09 2.3125 2.85938 0 232116897 1 232244966 0
1.2e-09 2.8125 3.35938 0 222874648 0 222702468 0
1.2e-09 2.07812 2.46875 0 203677646 0 203569480 0
1.2e-09 1.85938 2.40625 0 223554760 0 223488424 1
1.2e-09 2.23438 2.78125 0 200405768 0 200506235 26
1.2e-09 2.3125 2.85938 0 235216022 0 235359719 0
1.2e-09 2.67188 3.0625 0 215659049 3 215529290 0
1.2e-09 2.15625 2.5625 0 229466369 0 229369999 0
1.2e-09 2.07812 2.46875 0 199743145 0 199718326 18
1.2e-09 2.35938 2.90625 0 216207331 1 215951498 0
1.2e-09 1.75 2.29688 0 209026553 7 208884832 0
1.2e-09 2.15625 2.54688 0 234177006 4 234312883 4
1.2e-09 2.0625 2.45312 0 205618207 0 205727025 0
1.2e-09 2.09375 2.48438 0 258448127 1 258537201 0
1.2e-09 2.375 2.92188 0 208131352 0 208013052 0
1.2e-09 1.89062 2.4375 0 211221883 0 211281675 0
1.2e-09 1.76562 2.3125 0 200662412 2 200700073 2
