1.2e-09 2.29688 2.85938 0 251968579 1 251868771 14
1.2e-09 2.29688 2.85938 0 251053872 0 250908969 3
1.2e-09 2.07812 2.48438 0 206526634 0 206704932 1
1.2e-09 2.07812 2.46875 0 211354662 0 211251291 4
1.2e-09 2.3125 2.875 0 240694744 3 240830204 1
1.2e-09 2.21875 2.78125 0 215108099 0 215149636 5
1.2e-09 2.60938 3.01562 0 251010127 3 250902565 0
1.2e-09 2.375 2.9375 0 219743964 2 219992709 1
1.2e-09 2.17188 2.73438 0 232412272 1 232602420 2
1.2e-09 2.40625 2.96875 0 208019528 0 207963618 0
1.2e-09 2.10938 2.51562 0 262264464 1 262294452 0
1.2e-09 2.92188 3.48438 0 259867530 0 260292472 0
1.2e-09 2.25 2.8125 0 205870089 0 205971729 22
1.2e-09 2.8125 3.375 0 237609778 1 237333472 0
1.2e-09 2.125 2.53125 0 256757937 14 256833893 0
1.2e-09 2.76562 3.32812 0 258714229 0 259221151 2
1.2e-09 2.07812 2.48438 0 209625146 1 209548175 1
1.2e-09 2.60938 3 0 256874477 5 256872605 0
1.2e-09 2.3125 2.875 0 243203150 2 243295882 0
1.2e-09 2.09375 2.5 0 203262079 0 203267724 0
1.2e-09 2.0625 2.46875 0 214049766 1 213891437 1
1.2e-09 2.90625 3.46875 0 261742371 0 261457775 5
1.2e-09 2.09375 2.5 0 267489134 0 267542599 0
1.2e-09 2.21875 2.78125 0 217064455 7 216987407 0
1.2e-09 2.10938 2.5 0 265155691 0 265236905 0
1.2e-09 2.6875 3.07812 0 223613886 0 224066241 7
1.2e-09 2.40625 2.96875 0 205802666 0 205745637 0
1.2e-09 3.09375 3.5 0 249892463 11 249977803 0
1.2e-09 2.10938 2.51562 0 260751554 0 260690331 2
1.2e-09 2.17188 2.73438 0 235716384 1 235797975 0
1.2e-09 2.21875 2.78125 0 219075564 0 219040751 0
1.2e-09 2.875 3.4375 0 212632948 0 212648602 0
1.2e-09 2.21875 2.78125 0 218304711 0 218282656 10
1.2e-09 2.40625 2.96875 0 205420806 1 205608905 4
1.2e-09 2.07812 2.46875 0 210069504 0 210204154 1
1.2e-09 2.09375 2.5 0 203385940 4 203394747 0
1.2e-09 2.1875 2.75 0 230509802 0 230668548 0
1.2e-09 2.59375 2.98438 0 264737381 1 264802558 1
1.2e-09 2.70312 3.26562 0 213221267 0 213226646 0
1.2e-09 2.6875 3.25 0 220304580 0 220168147 5
1.2e-09 2.92188 3.48438 0 258411150 0 258603348 7
1.2e-09 2.67188 3.0625 0 229663594 0 230206741 3
1.2e-09 2.21875 2.78125 0 213864815 0 214050325 1
1.2e-09 2.09375 2.5 0 201487901 1 201536692 0
1.2e-09 2.23438 2.79688 0 210133049 0 210339165 2
1.2e-09 2.32812 2.89062 0 237709215 0 237865873 0
1.2e-09 2.3125 2.875 0 244815024 0 244941673 1
1.2e-09 2.32812 2.89062 0 238865305 2 238823944 1
1.2e-09 2.23438 2.79688 0 211387317 6 211179996 0
1.2e-09 3.14062 3.54688 0 228901226 1 229195244 6
1.2e-09 2.1875 2.75 0 227085977 0 227129469 0
1.2e-09 2.09375 2.5 0 203088990 2 203176009 0
1.2e-09 2.07812 2.46875 0 211558715 5 211579115 2
1.2e-09 2.3125 2.875 0 240690277 0 240859945 0
1.2e-09 2.34375 2.90625 0 228614823 0 228516169 14
1.2e-09 2.3125 2.875 0 241775529 5 241791447 1
1.2e-09 2.20312 2.76562 0 220479481 3 220734360 0
1.2e-09 2.70312 3.26562 0 215025229 9 214957454 4
1.2e-09 2.625 3.03125 0 248379146 0 248354065 3
1.2e-09 2.17188 2.5625 0 237300151 6 237439406 0
1.2e-09 2.34375 2.90625 0 230345821 3 230489140 6
1.2e-09 2.3125 2.875 0 242339224 2 242331987 0
1.2e-09 2.25 2.8125 0 202573527 0 202444150 0
1.2e-09 2.23438 2.79688 0 209793894 11 209731698 0
1.2e-09 2.32812 2.89062 0 237754074 16 238264833 4
1.2e-09 2.20312 2.76562 0 221367929 0 221425449 4
1.2e-09 3.10938 3.51562 0 242167666 1 242499673 0
1.2e-09 2.15625 2.5625 0 240814015 71 240687924 0
1.2e-09 2.32812 2.89062 0 235915172 0 235598941 0
1.2e-09 2.15625 2.5625 0 239440882 6 239329817 1
1.2e-09 2.21875 2.78125 0 215909884 2 215774826 0
1.2e-09 2.3125 2.875 0 243067139 0 242880686 2
1.2e-09 2.875 3.4375 0 209345916 3 209321783 18
1.2e-09 2.39062 2.95312 0 210477450 0 210566193 0
1.2e-09 2.23438 2.79688 0 208824070 4 208925211 10
1.2e-09 2.09375 2.5 0 202543940 0 202642153 0
1.2e-09 2.14062 2.54688 0 246848915 0 246837189 13
1.2e-09 2.79688 3.35938 0 240439270 0 240146589 3
1.2e-09 2.71875 3.28125 0 208275936 2 208564270 0
1.2e-09 2.82812 3.39062 0 230669870 0 230733540 0
1.2e-09 2.15625 2.5625 0 241223092 0 241544638 1
1.2e-09 2.79688 3.35938 0 242873316 0 243072760 5
1.2e-09 2.25 2.8125 0 203329201 0 203371650 0
1.2e-09 2.1875 2.75 0 226552715 0 226609526 1
1.2e-09 2.25 2.8125 0 206865330 2 206795127 0
1.2e-09 2.57812 2.96875 0 203958879 1 204039401 0
1.2e-09 2.07812 2.48438 0 206507399 0 206408123 0
1.2e-09 2.78125 3.34375 0 250227011 12 250203179 0
1.2e-09 2.39062 2.95312 0 210027008 0 210197455 0
1.2e-09 2.67188 3.0625 0 228968444 1 228823312 0
1.2e-09 2.0625 2.46875 0 213991579 12 214250111 3
1.2e-09 2.65625 3.04688 0 236653783 13 236657352 39
1.2e-09 2.34375 2.90625 0 230665690 2 230652860 5
1.2e-09 3.09375 3.5 0 251392506 1 251316830 13
1.2e-09 2.125 2.51562 0 258418914 1 258345023 17
1.2e-09 2.32812 2.89062 0 239045670 1 239218827 0
1.2e-09 2.82812 3.39062 0 228429425 1 228536329 0
1.2e-09 2.65625 3.0625 0 231364386 0 231297506 0
1.2e-09 2.26562 2.82812 0 264992053 0 264664187 3
1.2e-09 2.39062 2.95312 0 209427490 1 209489973 0
1.2e-09 2.34375 2.90625 0 229595331 0 229354967 1
1.2e-09 2.65625 3.0625 0 231493056 1 231466854 4
1.2e-09 2.1875 2.75 0 229917585 12 229920505 0
1.2e-09 2.875 3.4375 0 210568629 12 210363228 4
1.2e-09 2.29688 2.85938 0 252236777 2 252346014 9
1.2e-09 2.21875 2.78125 0 216217407 16 215881047 4
1.2e-09 2.84375 3.40625 0 223983505 0 224173079 0
1.2e-09 2.375 2.9375 0 216007143 3 215870712 7
1.2e-09 2.25 2.8125 0 203280202 2 203499707 8
1.2e-09 2.07812 2.46875 0 210774329 1 210856685 0
1.2e-09 2.76562 3.32812 0 256966521 3 256577434 0
1.2e-09 2.28125 2.84375 0 256253138 0 256324687 0
1.2e-09 2.34375 2.90625 0 231459181 0 231417047 0
1.2e-09 2.73438 3.28125 0 205990962 0 205798060 3
1.2e-09 2.3125 2.875 0 242836810 0 243055448 0
1.2e-09 2.375 2.9375 0 219337315 0 219404235 1
1.2e-09 2.09375 2.5 0 267553941 15 267377304 0
1.2e-09 2.375 2.9375 0 219961813 0 219942060 5
1.2e-09 2.29688 2.85938 0 251271932 0 251147704 1
1.2e-09 2.32812 2.89062 0 236273873 0 236139834 0
1.2e-09 3.09375 3.5 0 252583620 0 252212766 0
1.2e-09 2.0625 2.46875 0 212565142 1 212384503 1
1.2e-09 2.8125 3.375 0 235373661 0 235461166 1
1.2e-09 2.07812 2.48438 0 209507221 0 209506039 2
1.2e-09 2.0625 2.46875 0 212631970 0 212681477 0
1.2e-09 2.125 2.51562 0 257879115 38 257599046 0
1.2e-09 2.32812 2.89062 0 239886742 18 239920465 4
1.2e-09 2.75 3.3125 0 259960877 2 260032134 4
1.2e-09 2.20312 2.76562 0 223200792 0 223153394 1
1.2e-09 2.625 3.03125 0 244348015 6 244268470 10
1.2e-09 2.8125 3.375 0 233869944 6 233607976 0
1.2e-09 2.14062 2.54688 0 245642338 2 245745447 7
1.2e-09 2.92188 3.48438 0 260440044 12 260270121 0
1.2e-09 2.25 2.8125 0 205915107 0 205912050 0
1.2e-09 2.84375 3.40625 0 220053108 0 220109143 0
1.2e-09 2.70312 3.26562 0 216285961 4 216056723 2
1.2e-09 2.07812 2.48438 0 208060437 0 208067258 0
1.2e-09 2.64062 3.03125 0 243510808 0 243410031 0
1.2e-09 2.21875 2.78125 0 218159565 0 218266078 0
1.2e-09 2.20312 2.76562 0 220119316 0 219911394 0
1.2e-09 2.40625 2.95312 0 208861236 0 208933906 0
1.2e-09 2.10938 2.51562 0 260843855 2 260767780 5
1.2e-09 2.82812 3.39062 0 227246042 0 227363963 1
1.2e-09 2.23438 2.79688 0 212576960 5 212478201 3
1.2e-09 2.21875 2.78125 0 216033487 0 216104953 0
1.2e-09 2.23438 2.79688 0 209897388 7 209443267 3
1.2e-09 2.8125 3.375 0 237266184 0 237128424 0
1.2e-09 2.0625 2.46875 0 214796885 3 214788264 3
1.2e-09 2.70312 3.26562 0 213094421 0 213617236 0
1.2e-09 2.76562 3.32812 0 253438394 1 253115448 9
1.2e-09 2.14062 2.54688 0 250198416 7 250098897 0
1.2e-09 2.35938 2.92188 0 223667504 0 223989709 9
1.2e-09 2.375 2.9375 0 217102943 0 216985102 3
1.2e-09 2.625 3.01562 0 249179392 4 248967791 7
1.2e-09 2.84375 3.40625 0 221496004 0 221886406 0
1.2e-09 2.28125 2.84375 0 254808481 3 254730275 0
1.2e-09 2.71875 3.28125 0 208145420 0 207963343 0
1.2e-09 2.79688 3.35938 0 243278041 1 243578894 0
1.2e-09 2.375 2.9375 0 216103171 10 216051394 0
1.2e-09 2.76562 3.32812 0 257861014 0 258090473 0
1.2e-09 2.34375 2.90625 0 233164237 0 233188026 0
1.2e-09 2.14062 2.53125 0 250778316 15 250631344 0
1.2e-09 2.60938 3.01562 0 250840760 0 251011079 0
1.2e-09 2.3125 2.875 0 246307671 0 246292942 1
1.2e-09 2.65625 3.04688 0 236612770 0 236576972 0
1.2e-09 2.09375 2.5 0 201301567 5 201134911 6
1.2e-09 2.59375 3 0 258775166 0 258745981 0
1.2e-09 2.21875 2.78125 0 217546137 13 217680323 4
1.2e-09 2.14062 2.54688 0 248097207 8 248008824 0
1.2e-09 2.09375 2.48438 0 204387237 0 204434081 0
1.2e-09 2.1875 2.75 0 227878414 0 227820777 3
1.2e-09 2.70312 3.26562 0 212397033 0 212259511 4
1.2e-09 2.15625 2.54688 0 245014887 7 244838146 0
1.2e-09 2.39062 2.95312 0 213205955 0 212921270 0
1.2e-09 2.14062 2.53125 0 251811311 1 251973079 2
1.2e-09 2.125 2.53125 0 255226655 0 255187241 2
1.2e-09 2.8125 3.375 0 234697053 0 234761675 0
1.2e-09 2.75 3.3125 0 262016373 0 261753561 2
1.2e-09 2.84375 3.40625 0 220161146 6 220005191 14
1.2e-09 2.07812 2.48438 0 208694868 8 208876026 1
1.2e-09 2.90625 3.46875 0 201113550 1 201026346 1
1.2e-09 2.82812 3.39062 0 226881391 0 226889546 0
1.2e-09 2.25 2.8125 0 202536729 0 202722844 2
1.2e-09 2.35938 2.92188 0 224689452 44 224807535 0
1.2e-09 2.23438 2.79688 0 209541451 0 209259674 0
1.2e-09 2.89062 3.45312 0 203488852 0 203593459 1
1.2e-09 2.07812 2.48438 0 207091244 0 207203632 0
1.2e-09 2.10938 2.51562 0 261845100 4 261927833 0
1.2e-09 2.39062 2.95312 0 212587374 0 212253181 0
1.2e-09 2.59375 3 0 258589319 16 259007945 0
1.2e-09 2.17188 2.73438 0 232274803 1 232506806 1
1.2e-09 2.3125 2.875 0 242578426 14 242683694 1
1.2e-09 2.09375 2.48438 0 205806263 5 205940167 0
1.2e-09 2.15625 2.54688 0 244814020 6 244918934 2
1.2e-09 2.375 2.92188 0 220657733 0 220901710 1
1.2e-09 2.17188 2.73438 0 233620408 0 233618466 0
1.2e-09 3.09375 3.5 0 249136009 1 249620719 0
1.2e-09 3.125 3.51562 0 241753097 0 241975951 1
1.2e-09 2.1875 2.75 0 227639366 0 227627099 12
1.2e-09 2.125 2.53125 0 254482372 0 254405554 0
1.2e-09 2.57812 2.98438 0 201218637 1 201358957 0
1.2e-09 2.59375 2.98438 0 263000299 1 262930426 3
1.2e-09 2.875 3.42188 0 213063672 3 213050641 0
1.2e-09 2.07812 2.46875 0 210778986 0 210848180 4
1.2e-09 2.35938 2.92188 0 222274265 0 222236091 3
1.2e-09 2.90625 3.45312 0 201475389 4 201408485 0
1.2e-09 2.76562 3.32812 0 258725372 0 259035926 0
1.2e-09 2.07812 2.48438 0 208657056 1 208739116 1
1.2e-09 2.34375 2.90625 0 232340143 1 232319474 0
1.2e-09 2.59375 3 0 258771320 1 259277425 0
1.2e-09 2.1875 2.75 0 227391467 2 227310112 0
1.2e-09 2.8125 3.375 0 235930229 27 236149121 4
1.2e-09 2.73438 3.29688 0 203119119 0 203484271 0
1.2e-09 2.1875 2.75 0 230996234 5 230897647 1
1.2e-09 2.57812 2.98438 0 267061962 1 267037740 8
1.2e-09 2.60938 3 0 257403349 1 257256660 1
1.2e-09 2.26562 2.82812 0 262990644 9 262686668 0
1.2e-09 2.20312 2.76562 0 225220219 1 225315316 6
1.2e-09 2.625 3.03125 0 245603719 6 245411635 0
1.2e-09 2.29688 2.85938 0 252677064 0 252245059 0
1.2e-09 2.70312 3.26562 0 213361600 0 213384219 2
1.2e-09 2.84375 3.40625 0 220726101 0 220674946 1
1.2e-09 2.70312 3.26562 0 217335655 1 217429499 1
1.2e-09 3.09375 3.5 0 250304721 3 250318885 0
1.2e-09 2.35938 2.92188 0 224153130 0 224155420 1
1.2e-09 2.17188 2.5625 0 238188198 0 237971817 0
1.2e-09 2.32812 2.89062 0 234279384 0 234357868 12
1.2e-09 2.39062 2.95312 0 212588701 0 212448510 5
1.2e-09 2.26562 2.82812 0 262426307 21 262537422 1
1.2e-09 2.35938 2.92188 0 225780490 7 225715861 2
1.2e-09 2.34375 2.90625 0 232665489 0 232568938 0
1.2e-09 2.3125 2.875 0 244334389 0 243908000 0
1.2e-09 3.14062 3.54688 0 229311063 8 229461997 10
1.2e-09 2.70312 3.25 0 217818688 0 217717325 0
1.2e-09 2.10938 2.51562 0 261179226 0 261184926 3
1.2e-09 2.0625 2.46875 0 212252505 0 212201565 0
1.2e-09 2.26562 2.82812 0 265746408 8 266058617 3
1.2e-09 2.25 2.8125 0 202959493 0 202796140 0
1.2e-09 2.39062 2.95312 0 212922643 0 213044636 3
1.2e-09 2.375 2.92188 0 220827436 22 220724091 0
1.2e-09 2.70312 3.26562 0 212783322 6 212393849 0
1.2e-09 2.70312 3.25 0 218015091 0 217756373 4
1.2e-09 2.15625 2.5625 0 242813270 6 242754230 22
1.2e-09 2.65625 3.0625 0 232442267 19 232586191 0
1.2e-09 2.875 3.42188 0 213361643 1 213269704 0
1.2e-09 2.67188 3.0625 0 230180664 11 229704513 2
1.2e-09 3.125 3.53125 0 239606340 0 239265738 3
1.2e-09 2.65625 3.0625 0 233113094 0 233144636 0
1.2e-09 2.32812 2.89062 0 236856044 0 236824900 2
1.2e-09 2.6875 3.07812 0 222827369 6 222907674 0
1.2e-09 2.75 3.3125 0 265533144 9 265004606 3
1.2e-09 2.125 2.51562 0 257793207 0 257964325 4
1.2e-09 3.09375 3.5 0 250887347 0 250786121 1
1.2e-09 2.625 3.03125 0 246272985 3 246247569 0
1.2e-09 2.25 2.8125 0 206509067 3 206681551 0
1.2e-09 2.07812 2.48438 0 209226916 2 209358023 0
1.2e-09 2.92188 3.48438 0 257522922 1 257566983 0
1.2e-09 2.40625 2.96875 0 205169158 0 205301411 0
1.2e-09 2.20312 2.76562 0 221810851 0 221865231 0
1.2e-09 2.32812 2.89062 0 237344467 0 237311430 0
1.2e-09 2.57812 2.96875 0 203240800 0 202908910 0
1.2e-09 2.64062 3.04688 0 239571634 0 239538710 0
1.2e-09 2.90625 3.46875 0 267135156 6 267442227 5
1.2e-09 2.21875 2.76562 0 219048426 0 219344322 0
1.2e-09 2.07812 2.46875 0 210722165 0 210754489 0
1.2e-09 2.14062 2.54688 0 249863828 0 249991518 3
1.2e-09 2.34375 2.89062 0 233492058 7 233889654 0
1.2e-09 2.07812 2.48438 0 208884228 0 208920891 0
1.2e-09 2.65625 3.0625 0 230800161 0 230901818 1
1.2e-09 2.20312 2.76562 0 220613232 1 220643031 1
1.2e-09 2.73438 3.29688 0 204682691 1 204919304 0
1.2e-09 2.20312 2.76562 0 221549379 2 221518153 1
1.2e-09 2.26562 2.82812 0 265972015 1 266043861 0
1.2e-09 2.70312 3.26562 0 212988855 4 212642972 12
1.2e-09 2.8125 3.375 0 232772625 0 232510479 0
1.2e-09 2.32812 2.89062 0 234845452 0 234849677 0
1.2e-09 2.125 2.53125 0 254211347 3 254234965 2
1.2e-09 2.28125 2.84375 0 259318733 1 259552689 0
1.2e-09 2.60938 3 0 257345140 0 257436909 0
1.2e-09 2.10938 2.51562 0 261481442 2 261468283 0
1.2e-09 2.26562 2.82812 0 265629801 0 265837004 0
1.2e-09 3.14062 3.53125 0 233437823 1 233255215 0
1.2e-09 2.23438 2.79688 0 211703536 0 211618367 5
1.2e-09 3.15625 3.54688 0 227578952 2 227376091 5
1.2e-09 3.09375 3.5 0 251062814 0 251221540 0
1.2e-09 2.76562 3.32812 0 253966611 0 253932269 2
1.2e-09 3.15625 3.54688 0 228403794 0 228913617 0
1.2e-09 2.1875 2.75 0 226873369 0 227055231 1
1.2e-09 2.1875 2.75 0 227188398 2 227372390 0
1.2e-09 2.10938 2.5 0 265906970 0 265870205 3
1.2e-09 2.20312 2.76562 0 222419600 0 222379682 0
1.2e-09 2.75 3.3125 0 262342335 3 262074832 0
1.2e-09 2.10938 2.51562 0 262951865 0 262904654 8
1.2e-09 2.21875 2.78125 0 218710815 0 218781366 2
1.2e-09 2.14062 2.53125 0 251926770 12 251889083 0
1.2e-09 2.125 2.53125 0 255437591 0 255466654 4
1.2e-09 2.21875 2.78125 0 216017746 68 215966028 2
1.2e-09 2.1875 2.75 0 231464005 0 231557648 2
1.2e-09 2.92188 3.48438 0 256521377 53 256380080 0
1.2e-09 2.625 3.01562 0 250317008 0 250117336 0
1.2e-09 2.29688 2.85938 0 250383125 5 250532186 2
1.2e-09 2.15625 2.54688 0 243688490 0 243881077 5
1.2e-09 2.10938 2.5 0 265331070 0 265514759 0
1.2e-09 2.64062 3.04688 0 238837133 15 238939004 2
1.2e-09 2.20312 2.76562 0 222522117 4 222412382 15
1.2e-09 2.65625 3.0625 0 231578666 2 231920227 2
1.2e-09 2.29688 2.85938 0 248276360 0 248505860 24
1.2e-09 2.90625 3.46875 0 264847442 0 264158225 1
1.2e-09 2.67188 3.07812 0 225918771 0 225737562 0
1.2e-09 2.28125 2.84375 0 259485360 0 259294721 6
1.2e-09 2.6875 3.25 0 221368445 0 221429433 0
1.2e-09 2.8125 3.375 0 237494800 1 237679155 2
1.2e-09 2.70312 3.26562 0 213068691 2 213016184 1
1.2e-09 2.89062 3.45312 0 204959672 0 204639309 1
1.2e-09 2.78125 3.34375 0 247501929 2 247343253 8
1.2e-09 2.35938 2.92188 0 222414702 3 222181954 0
1.2e-09 2.07812 2.46875 0 210874435 0 210832871 0
1.2e-09 2.375 2.9375 0 215592373 0 215699653 0
1.2e-09 2.375 2.9375 0 216134985 0 216014728 2
1.2e-09 2.92188 3.48438 0 259342078 0 259544602 0
1.2e-09 2.10938 2.51562 0 260371262 2 260459884 8
1.2e-09 2.1875 2.75 0 226856857 0 226839632 0
1.2e-09 2.20312 2.76562 0 224253482 0 224269264 0
1.2e-09 2.59375 3 0 258378460 10 257973204 0
1.2e-09 2.10938 2.51562 0 260925564 22 260749295 0
1.2e-09 2.6875 3.07812 0 223176265 0 223190411 1
1.2e-09 2.09375 2.5 0 267211083 21 267267770 0
1.2e-09 2.73438 3.29688 0 203100768 0 203170354 10
1.2e-09 2.23438 2.79688 0 208141306 0 208163858 0
1.2e-09 2.70312 3.26562 0 212197877 0 212162728 3
1.2e-09 2.6875 3.07812 0 222727215 0 222788079 3
1.2e-09 2.21875 2.78125 0 214442601 0 214518494 8
1.2e-09 2.70312 3.25 0 217845311 0 217836633 5
1.2e-09 2.35938 2.92188 0 225031983 0 225117745 0
1.2e-09 2.21875 2.78125 0 215400602 21 215374343 1
1.2e-09 2.70312 3.26562 0 214080158 1 214067715 10
1.2e-09 2.10938 2.51562 0 259791367 1 260110426 1
1.2e-09 2.79688 3.35938 0 242601195 0 243034903 2
1.2e-09 2.28125 2.84375 0 260762626 1 261091748 0
1.2e-09 2.34375 2.90625 0 227706353 6 227838200 0
1.2e-09 2.34375 2.90625 0 232898333 1 232939040 0
1.2e-09 2.26562 2.82812 0 267520660 1 267147151 0
1.2e-09 2.60938 3.01562 0 253373590 0 253624219 0
1.2e-09 2.10938 2.51562 0 260295188 8 260596674 0
1.2e-09 3.14062 3.54688 0 232255160 2 232095597 0
1.2e-09 2.14062 2.54688 0 248000030 3 247912485 2
1.2e-09 2.40625 2.96875 0 207649316 0 207622532 2
1.2e-09 2.07812 2.48438 0 209326534 0 209416094 2
1.2e-09 2.07812 2.48438 0 206312104 0 206291520 3
1.2e-09 2.26562 2.82812 0 263812982 1 263777527 0
1.2e-09 2.625 3.01562 0 249541049 3 249427275 8
1.2e-09 2.125 2.53125 0 255764813 2 255845349 0
1.2e-09 2.1875 2.75 0 230691129 1 230752901 0
1.2e-09 2.23438 2.79688 0 210636368 0 210903212 5
1.2e-09 2.65625 3.0625 0 230816976 0 230327037 0
1.2e-09 2.125 2.51562 0 258498728 8 258443226 34
1.2e-09 2.875 3.4375 0 208313520 0 208280142 0
1.2e-09 2.32812 2.89062 0 236574991 2 236523567 1
1.2e-09 2.78125 3.34375 0 246848261 2 246645276 0
1.2e-09 2.26562 2.82812 0 266061569 0 265989331 16
1.2e-09 2.85938 3.42188 0 214419509 0 214323174 2
1.2e-09 2.57812 2.98438 0 267437836 0 267450247 0
1.2e-09 2.17188 2.5625 0 238157759 0 238277166 8
1.2e-09 2.09375 2.48438 0 205344773 40 205182317 0
1.2e-09 2.07812 2.48438 0 206273919 0 206280933 0
1.2e-09 2.29688 2.85938 0 249480640 0 249834516 0
1.2e-09 2.10938 2.51562 0 264694021 10 264708935 1
1.2e-09 2.82812 3.39062 0 227465187 94 227371938 0
1.2e-09 2.07812 2.48438 0 209254218 8 209337089 1
1.2e-09 2.29688 2.85938 0 248996010 0 249097618 0
1.2e-09 2.90625 3.46875 0 262937201 0 263722774 0
1.2e-09 3.14062 3.53125 0 235208874 1 234945221 0
1.2e-09 2.65625 3.0625 0 231341180 0 231427198 0
1.2e-09 2.125 2.51562 0 258943741 0 258986554 0
1.2e-09 2.57812 2.98438 0 265842304 1 265471471 0
1.2e-09 2.09375 2.48438 0 205863582 0 205920299 12
1.2e-09 2.90625 3.45312 0 201473669 0 201559702 0
1.2e-09 2.34375 2.90625 0 228170122 0 227977256 0
1.2e-09 2.14062 2.54688 0 249222136 4 249359180 6
1.2e-09 2.65625 3.0625 0 231648034 0 231376620 0
1.2e-09 2.10938 2.51562 0 260099482 3 260251589 2
1.2e-09 2.78125 3.34375 0 248383511 0 248201681 0
1.2e-09 2.28125 2.84375 0 257423639 0 257586000 0
1.2e-09 2.65625 3.04688 0 236311728 0 236633474 1
1.2e-09 2.125 2.51562 0 259103798 0 258868066 0
1.2e-09 2.73438 3.29688 0 202057232 1 202266967 0
1.2e-09 2.23438 2.79688 0 208533874 0 208423447 0
1.2e-09 3.10938 3.51562 0 242565802 0 242113196 0
1.2e-09 2.15625 2.54688 0 244891871 1 244688224 4
1.2e-09 2.21875 2.78125 0 215082778 0 214879984 0
1.2e-09 2.92188 3.46875 0 261103482 0 261056097 1
1.2e-09 2.40625 2.96875 0 206039741 0 206273781 0
1.2e-09 2.20312 2.76562 0 224483387 2 224460913 0
1.2e-09 2.125 2.53125 0 255608347 36 255786950 0
1.2e-09 2.64062 3.04688 0 239834073 0 240031946 0
1.2e-09 2.35938 2.92188 0 223687632 0 223528107 1
1.2e-09 2.125 2.53125 0 256194928 32 256177307 0
1.2e-09 2.625 3.03125 0 245453881 0 245089640 0
1.2e-09 2.75 3.3125 0 260163244 0 260304777 30
1.2e-09 2.07812 2.48438 0 208063844 1 208095122 0
1.2e-09 2.125 2.53125 0 255085512 1 255212479 1
1.2e-09 2.78125 3.34375 0 246020615 31 245635268 6
1.2e-09 2.07812 2.46875 0 211910221 0 211917802 0
1.2e-09 2.25 2.8125 0 206941983 0 207006874 3
1.2e-09 2.17188 2.5625 0 236839189 1 237068111 1
1.2e-09 2.17188 2.73438 0 236560203 0 236605799 15
1.2e-09 2.60938 3.01562 0 254486629 0 254543252 3
1.2e-09 2.21875 2.78125 0 218681566 0 218561829 6
1.2e-09 2.70312 3.26562 0 213767327 2 214275314 1
1.2e-09 2.75 3.3125 0 260999483 0 260648582 4
1.2e-09 2.57812 2.98438 0 267459143 5 267688676 0
1.2e-09 2.32812 2.89062 0 237741806 1 237993524 2
1.2e-09 2.14062 2.54688 0 248542703 0 248455473 5
1.2e-09 2.28125 2.84375 0 258271382 0 258227335 0
1.2e-09 2.28125 2.84375 0 257135557 17 257188365 0
1.2e-09 2.57812 2.98438 0 202300110 23 202160225 0
1.2e-09 2.25 2.8125 0 203265839 0 203217339 6
1.2e-09 2.57812 2.96875 0 204085411 0 204029447 0
1.2e-09 2.60938 3 0 256851557 6 256985865 3
1.2e-09 2.07812 2.46875 0 211263063 1 211190428 6
1.2e-09 2.70312 3.26562 0 212137388 0 212417665 0
1.2e-09 2.20312 2.76562 0 223455152 0 223491361 6
1.2e-09 2.79688 3.35938 0 244656606 1 244647288 2
1.2e-09 2.07812 2.48438 0 208793173 12 208846858 0
1.2e-09 2.65625 3.04688 0 235850119 0 235682482 0
1.2e-09 2.34375 2.90625 0 229648311 0 229380438 8
1.2e-09 2.76562 3.32812 0 258803042 8 258110846 0
1.2e-09 2.34375 2.90625 0 230525542 0 230695487 0
1.2e-09 2.67188 3.0625 0 229613125 0 229880689 0
1.2e-09 2.17188 2.5625 0 236941021 11 237158893 0
1.2e-09 2.65625 3.0625 0 232106622 0 232490091 9
1.2e-09 2.14062 2.53125 0 251542989 1 251488044 1
1.2e-09 2.25 2.8125 0 202708396 0 202697705 8
1.2e-09 2.76562 3.32812 0 255673316 0 255466371 0
1.2e-09 2.125 2.51562 0 257839658 8 257650699 1
1.2e-09 2.57812 2.98438 0 202063107 0 202044919 0
1.2e-09 2.35938 2.92188 0 223312424 0 223229914 8
1.2e-09 2.60938 3.01562 0 252777757 0 252843440 1
1.2e-09 2.85938 3.42188 0 214817156 16 214809322 2
1.2e-09 2.875 3.4375 0 211694209 0 211309677 0
1.2e-09 2.85938 3.42188 0 217655182 0 217744238 0
1.2e-09 2.10938 2.51562 0 261340395 4 261294813 0
1.2e-09 2.875 3.4375 0 208748001 4 208636747 0
1.2e-09 2.70312 3.26562 0 215718558 3 215588066 2
1.2e-09 2.125 2.53125 0 254121454 0 253992041 23
1.2e-09 2.20312 2.76562 0 222016523 0 221829977 0
1.2e-09 2.07812 2.46875 0 211339706 0 211397608 0
1.2e-09 2.28125 2.84375 0 258368736 0 258540278 0
1.2e-09 2.10938 2.51562 0 262340445 0 262066226 0
1.2e-09 2.59375 3 0 260130311 6 260254750 0
1.2e-09 2.34375 2.90625 0 228526094 0 228431688 6
1.2e-09 2.65625 3.0625 0 231046276 0 231012535 14
1.2e-09 2.59375 3 0 262123771 3 262399646 0
1.2e-09 2.64062 3.04688 0 238659084 0 238786009 1
1.2e-09 2.6875 3.07812 0 222716903 0 222772609 0
1.2e-09 2.73438 3.29688 0 205595131 0 205629094 0
1.2e-09 2.29688 2.85938 0 249670275 0 249939715 0
1.2e-09 2.17188 2.73438 0 233210126 0 232946920 0
1.2e-09 2.57812 2.98438 0 265571069 0 265558103 0
1.2e-09 2.375 2.9375 0 216710942 0 216941032 0
1.2e-09 2.875 3.4375 0 211250976 0 211134682 0
1.2e-09 2.25 2.8125 0 205317903 1 205421678 0
1.2e-09 3.10938 3.51562 0 242690774 0 242270622 0
1.2e-09 2.14062 2.53125 0 251476124 1 251556493 0
1.2e-09 2.20312 2.76562 0 223383391 0 223587039 4
1.2e-09 2.59375 3 0 260373171 1 260321818 0
1.2e-09 2.67188 3.07812 0 224481540 0 224654804 4
1.2e-09 2.76562 3.32812 0 256469037 0 256416231 0
1.2e-09 2.79688 3.35938 0 244494620 0 244240141 2
1.2e-09 3.14062 3.53125 0 233929534 2 233848198 4
1.2e-09 2.29688 2.85938 0 248177152 0 248110921 2
1.2e-09 2.14062 2.54688 0 245864195 1 245861030 0
1.2e-09 2.28125 2.84375 0 255592494 0 255434530 0
1.2e-09 2.78125 3.34375 0 248648736 1 248631806 1
1.2e-09 2.25 2.8125 0 203006407 2 202767509 1
1.2e-09 2.3125 2.85938 0 247304245 0 247210079 5
1.2e-09 2.10938 2.5 0 266342932 0 266172388 14
1.2e-09 3.125 3.53125 0 236670910 1 236688193 1
1.2e-09 2.39062 2.95312 0 211080941 0 211154836 0
1.2e-09 3.10938 3.5 0 246768916 0 247072308 0
1.2e-09 2.07812 2.46875 0 210520400 3 210299405 0
1.2e-09 2.39062 2.95312 0 209029286 1 209172097 0
1.2e-09 2.09375 2.48438 0 205247800 11 205210310 1
1.2e-09 2.0625 2.46875 0 213680909 0 213546084 7
1.2e-09 2.57812 2.96875 0 203944016 0 204151493 0
1.2e-09 2.0625 2.46875 0 214634008 0 214441099 3
1.2e-09 2.1875 2.75 0 228321489 0 228179558 0
1.2e-09 2.60938 3.01562 0 253995120 0 253899629 4
1.2e-09 2.26562 2.82812 0 263359632 12 263643902 0
1.2e-09 2.28125 2.84375 0 260396446 0 260462721 6
1.2e-09 2.14062 2.54688 0 248806141 8 248933032 0
1.2e-09 2.79688 3.35938 0 238921370 16 238900380 1
1.2e-09 2.3125 2.875 0 240595922 1 240713148 2
1.2e-09 2.64062 3.04688 0 241273625 0 241329697 0
1.2e-09 2.17188 2.5625 0 237769788 16 237758570 7
1.2e-09 2.15625 2.5625 0 240563273 0 240736910 0
1.2e-09 2.3125 2.875 0 244075561 0 244068877 0
1.2e-09 2.26562 2.82812 0 267433329 0 267288766 0
1.2e-09 2.79688 3.35938 0 239469001 5 239162512 0
1.2e-09 2.09375 2.5 0 202868345 7 202874396 0
1.2e-09 2.09375 2.5 0 202536449 1 202449708 0
1.2e-09 2.17188 2.73438 0 235056235 8 235163547 2
1.2e-09 2.0625 2.46875 0 213959442 0 214033392 1
1.2e-09 2.625 3.01562 0 248607719 0 248647362 3
1.2e-09 2.3125 2.875 0 243829113 0 243727218 0
1.2e-09 2.34375 2.90625 0 232536217 0 232641692 0
1.2e-09 2.26562 2.8125 0 201335716 0 201430931 0
1.2e-09 2.25 2.8125 0 203863099 2 203796477 0
1.2e-09 2.28125 2.84375 0 260788854 0 260741560 1
1.2e-09 2.57812 2.98438 0 201534032 0 201738283 1
1.2e-09 2.1875 2.75 0 229235089 2 229012147 0
1.2e-09 2.65625 3.04688 0 235849166 0 236090285 0
1.2e-09 3.10938 3.51562 0 245566057 223 245518526 1
1.2e-09 2.35938 2.92188 0 222993925 1 222949843 15
1.2e-09 2.07812 2.48438 0 206503134 0 206604669 0
1.2e-09 3.125 3.53125 0 238915530 0 238570285 12
1.2e-09 2.73438 3.29688 0 267231149 0 266847527 0
1.2e-09 2.28125 2.84375 0 260318089 0 260405024 2
1.2e-09 2.35938 2.90625 0 226944800 2 226911970 1
1.2e-09 2.1875 2.75 0 227089115 0 226983018 0
1.2e-09 2.29688 2.85938 0 251544726 0 251613686 4
1.2e-09 2.34375 2.90625 0 230411770 0 230229604 0
1.2e-09 2.0625 2.46875 0 213577658 0 213723949 0
1.2e-09 2.82812 3.39062 0 227531813 0 227386333 0
1.2e-09 2.84375 3.40625 0 223173816 0 223076770 0
1.2e-09 2.14062 2.54688 0 248509970 0 248673774 7
1.2e-09 3.125 3.53125 0 239449761 0 239463372 39
1.2e-09 2.0625 2.46875 0 212369691 4 212236195 5
1.2e-09 2.6875 3.07812 0 222949814 1 223296511 0
1.2e-09 2.09375 2.5 0 203003456 5 202976112 1
1.2e-09 2.17188 2.5625 0 236744983 0 236644087 1
1.2e-09 2.8125 3.375 0 237936432 9 237514901 13
1.2e-09 2.14062 2.54688 0 246655688 0 246583648 3
1.2e-09 2.375 2.9375 0 219071507 0 219059835 25
1.2e-09 2.6875 3.07812 0 222889436 0 222912848 4
1.2e-09 2.67188 3.0625 0 228957303 0 229012092 5
1.2e-09 2.1875 2.75 0 231316313 1 231114351 0
1.2e-09 2.26562 2.82812 0 265671648 7 265519293 2
1.2e-09 2.875 3.4375 0 211363844 0 211262633 0
1.2e-09 2.07812 2.46875 0 211486830 6 211463559 2
1.2e-09 2.23438 2.79688 0 208077009 0 207968947 0
1.2e-09 2.39062 2.95312 0 209909625 1 210159629 0
1.2e-09 2.67188 3.07812 0 226884605 0 226982856 0
1.2e-09 2.8125 3.375 0 232643383 0 232918630 0
1.2e-09 2.32812 2.89062 0 234945680 0 234992761 2
1.2e-09 2.10938 2.5 0 266370262 18 266062610 0
1.2e-09 2.125 2.53125 0 256779203 0 256777148 10
1.2e-09 2.29688 2.85938 0 251472778 0 251480632 4
1.2e-09 2.1875 2.75 0 226334429 1 226038498 3
1.2e-09 3.10938 3.51562 0 244946392 0 245229820 0
1.2e-09 2.70312 3.26562 0 215736191 4 215585463 4
1.2e-09 3.10938 3.51562 0 246203856 1 246160419 0
1.2e-09 2.25 2.8125 0 205670870 0 205764256 0
1.2e-09 2.10938 2.51562 0 262876526 1 262790978 0
1.2e-09 2.125 2.53125 0 254620036 0 254603935 0
1.2e-09 2.84375 3.40625 0 224273882 0 224635660 15
1.2e-09 2.21875 2.78125 0 217923351 0 217695625 0
1.2e-09 2.17188 2.73438 0 234298330 0 234274807 0
1.2e-09 2.21875 2.78125 0 213865545 4 213696002 0
1.2e-09 2.375 2.92188 0 220791629 0 221013275 5
1.2e-09 2.73438 3.29688 0 203001347 0 202828859 1
1.2e-09 2.59375 2.98438 0 262979301 0 263356425 0
1.2e-09 2.10938 2.51562 0 262457819 16 262228859 0
1.2e-09 2.375 2.9375 0 220327782 1 220234909 3
1.2e-09 2.21875 2.78125 0 217409893 13 217580297 0
1.2e-09 2.625 3.03125 0 247432603 11 247346242 1
1.2e-09 2.625 3.01562 0 249772397 1 249677809 0
1.2e-09 2.125 2.53125 0 254932026 0 254772666 7
1.2e-09 2.40625 2.95312 0 208938400 0 208762709 2
1.2e-09 2.65625 3.04688 0 235583576 4 235421850 0
1.2e-09 2.60938 3.01562 0 254924350 1 255051952 0
1.2e-09 2.71875 3.28125 0 209097900 0 209315664 1
1.2e-09 2.92188 3.48438 0 256859718 0 256832612 0
1.2e-09 3.09375 3.5 0 249410395 3 249311252 0
1.2e-09 2.75 3.3125 0 263959036 1 264085765 7
1.2e-09 2.28125 2.84375 0 254982345 1 255099205 1
1.2e-09 2.76562 3.32812 0 254366322 0 254193144 1
1.2e-09 2.73438 3.29688 0 201826852 0 201952082 0
1.2e-09 2.10938 2.51562 0 261556680 0 261655233 8
1.2e-09 2.34375 2.90625 0 227247168 26 227387664 3
1.2e-09 2.15625 2.5625 0 242748906 0 242805140 6
1.2e-09 2.0625 2.46875 0 212351074 1 212478497 0
1.2e-09 2.78125 3.34375 0 251662510 0 251634841 0
1.2e-09 2.625 3.03125 0 243931382 0 244105867 1
1.2e-09 2.07812 2.48438 0 208351646 0 208242639 0
1.2e-09 2.59375 2.98438 0 263830006 0 263731274 4
1.2e-09 2.60938 3 0 256386848 0 256552603 4
1.2e-09 2.90625 3.46875 0 263818296 0 263986998 4
1.2e-09 3.125 3.51562 0 240623924 0 240617430 0
1.2e-09 2.20312 2.76562 0 224617755 0 224630624 0
1.2e-09 2.8125 3.375 0 233028418 1 233269871 1
1.2e-09 2.1875 2.75 0 229489013 3 229622838 0
1.2e-09 2.21875 2.78125 0 214336051 0 214504307 0
1.2e-09 2.8125 3.375 0 233015633 0 232935319 0
1.2e-09 2.25 2.8125 0 203078222 0 202913623 0
1.2e-09 2.15625 2.5625 0 240370863 7 240479458 2
1.2e-09 2.35938 2.92188 0 221555222 0 221437369 6
1.2e-09 2.3125 2.875 0 245487067 7 245496432 16
1.2e-09 2.34375 2.90625 0 230107403 18 230354280 2
1.2e-09 2.625 3.01562 0 250062100 0 250292537 0
1.2e-09 2.89062 3.45312 0 203620095 0 203647321 0
1.2e-09 2.15625 2.54688 0 243645971 0 243566150 0
1.2e-09 2.875 3.4375 0 212440064 1 212206636 1
1.2e-09 3.09375 3.5 0 252647074 0 253150420 0
1.2e-09 2.09375 2.48438 0 204560810 3 204736383 0
1.2e-09 2.10938 2.51562 0 263650186 0 263717312 6
1.2e-09 3.10938 3.51562 0 243673135 0 243520783 5
1.2e-09 2.1875 2.75 0 231720207 2 231603986 3
1.2e-09 2.25 2.8125 0 206027580 0 206070649 0
1.2e-09 2.625 3.01562 0 249844547 0 250133149 0
1.2e-09 3.14062 3.54688 0 230876316 0 231196955 0
1.2e-09 2.40625 2.96875 0 208381405 2 208566776 3
1.2e-09 2.34375 2.90625 0 227621576 1 227721860 0
1.2e-09 2.15625 2.54688 0 243921226 0 243828109 2
1.2e-09 2.84375 3.39062 0 225138731 0 225513017 0
1.2e-09 2.125 2.51562 0 259136439 0 259405410 3
1.2e-09 3.10938 3.51562 0 246493546 0 246834114 0
1.2e-09 2.40625 2.96875 0 207006127 0 207160793 1
1.2e-09 2.875 3.4375 0 211813570 0 211581090 3
1.2e-09 2.15625 2.54688 0 243559411 0 243566904 30
1.2e-09 2.67188 3.07812 0 227304233 0 227043828 6
1.2e-09 2.07812 2.48438 0 209586592 1 209682198 0
1.2e-09 2.76562 3.32812 0 257079824 0 257075700 8
1.2e-09 2.35938 2.90625 0 227106461 0 226946298 0
1.2e-09 2.60938 3 0 255749718 2 255802858 1
1.2e-09 2.15625 2.5625 0 239359942 14 239373290 0
1.2e-09 2.35938 2.92188 0 224540500 0 224478458 49
1.2e-09 2.10938 2.5 0 267280653 0 266950324 0
1.2e-09 2.07812 2.48438 0 208391071 21 208520857 0
1.2e-09 2.64062 3.03125 0 242948589 1 243253681 0
1.2e-09 2.78125 3.34375 0 251464987 0 251780278 0
1.2e-09 2.78125 3.34375 0 247017063 0 246781034 1
1.2e-09 2.875 3.4375 0 208684340 0 208779417 2
1.2e-09 2.70312 3.25 0 217900587 1 217712962 1
1.2e-09 2.78125 3.34375 0 245715730 3 245785562 25
1.2e-09 3.10938 3.5 0 248572285 0 248529291 0
1.2e-09 2.60938 3.01562 0 255276709 13 255727085 0
1.2e-09 2.09375 2.5 0 201544955 4 201504160 0
1.2e-09 2.67188 3.07812 0 225442139 0 225771490 3
1.2e-09 2.32812 2.89062 0 239810018 0 239801185 3
1.2e-09 2.17188 2.73438 0 234721060 2 234875507 31
1.2e-09 2.60938 3 0 255956530 5 255955753 25
1.2e-09 2.23438 2.79688 0 211298996 49 211426645 0
1.2e-09 2.1875 2.75 0 231172213 1 231442469 0
1.2e-09 2.35938 2.92188 0 224092884 0 224330553 1
1.2e-09 2.40625 2.96875 0 207989203 0 208178793 1
1.2e-09 2.28125 2.84375 0 260124438 2 259976489 57
1.2e-09 2.73438 3.29688 0 203481741 0 203020723 0
1.2e-09 2.21875 2.78125 0 215812518 0 215457535 114
1.2e-09 2.26562 2.82812 0 262553748 0 262717414 0
1.2e-09 2.14062 2.53125 0 252556346 1 252505572 0
1.2e-09 2.28125 2.84375 0 258100347 0 258675881 1
1.2e-09 2.28125 2.84375 0 256990238 0 257040878 0
1.2e-09 2.21875 2.78125 0 217193218 5 217017115 2
1.2e-09 2.26562 2.82812 0 266740957 0 266928397 0
1.2e-09 2.6875 3.25 0 218772250 8 218472842 0
1.2e-09 2.17188 2.5625 0 238497634 0 238587623 36
1.2e-09 2.60938 3.01562 0 252907878 0 252903946 1
1.2e-09 2.07812 2.46875 0 210850702 5 210747467 0
1.2e-09 2.0625 2.46875 0 213980657 0 213847987 0
1.2e-09 2.29688 2.85938 0 251418218 4 251294577 7
1.2e-09 2.21875 2.78125 0 217414144 0 217414203 0
1.2e-09 2.125 2.51562 0 259636559 0 259687645 0
1.2e-09 2.35938 2.92188 0 222177728 2 222230958 0
1.2e-09 2.15625 2.5625 0 242751558 6 242836918 1
1.2e-09 2.89062 3.45312 0 202054952 0 201907275 7
1.2e-09 3.125 3.53125 0 237192955 0 237338599 1
1.2e-09 2.07812 2.46875 0 210345678 2 210320220 0
1.2e-09 2.10938 2.51562 0 260409448 0 260398864 0
1.2e-09 2.76562 3.32812 0 256990198 0 257074545 0
1.2e-09 2.28125 2.84375 0 261125969 11 260843753 0
1.2e-09 2.59375 3 0 258747005 5 258891362 2
1.2e-09 2.34375 2.90625 0 228216012 1 228307472 0
1.2e-09 2.73438 3.29688 0 204993865 0 205012240 0
1.2e-09 2.28125 2.84375 0 256542356 4 256112565 1
1.2e-09 2.10938 2.5 0 265504563 10 265528236 1
1.2e-09 3.14062 3.54688 0 230041668 0 229996771 0
1.2e-09 2.15625 2.5625 0 240733497 0 240433047 1
1.2e-09 2.76562 3.32812 0 256907322 7 257012800 0
1.2e-09 2.09375 2.5 0 201114984 0 201066243 3
1.2e-09 2.76562 3.32812 0 255212427 0 254888992 0
1.2e-09 2.21875 2.78125 0 216375754 5 216346553 0
1.2e-09 2.90625 3.46875 0 267596477 1 267913154 6
1.2e-09 2.0625 2.46875 0 212712757 2 212735509 5
1.2e-09 2.10938 2.51562 0 262314933 7 262222196 1
1.2e-09 2.10938 2.51562 0 261463577 0 261685187 0
1.2e-09 2.09375 2.48438 0 206137788 0 205942992 0
1.2e-09 2.0625 2.46875 0 213931336 3 214082957 0
1.2e-09 2.67188 3.07812 0 227719598 1 227570442 1
1.2e-09 2.82812 3.39062 0 226141566 0 225833967 0
1.2e-09 2.375 2.9375 0 216245338 0 216190551 0
1.2e-09 2.15625 2.54688 0 243662058 0 243443949 7
1.2e-09 2.10938 2.51562 0 260916884 8 261079146 0
1.2e-09 2.64062 3.04688 0 240868986 0 240577158 0
1.2e-09 2.92188 3.48438 0 256996404 0 256961450 0
1.2e-09 2.32812 2.89062 0 236447147 4 236348412 0
1.2e-09 2.29688 2.84375 0 253889938 0 253972345 2
1.2e-09 2.25 2.8125 0 202539387 0 202236651 0
1.2e-09 2.1875 2.73438 0 232136647 0 231941807 5
1.2e-09 2.25 2.8125 0 206002928 0 206104482 0
1.2e-09 2.10938 2.51562 0 264639019 0 264516855 9
1.2e-09 2.65625 3.0625 0 231790138 1 231869139 0
1.2e-09 2.17188 2.73438 0 232732026 0 232596373 17
1.2e-09 2.82812 3.39062 0 226761729 6 226970419 1
1.2e-09 2.25 2.8125 0 204953523 0 204607751 4
1.2e-09 2.07812 2.48438 0 209779159 0 209856376 0
1.2e-09 2.90625 3.46875 0 265496926 4 265581853 1
1.2e-09 2.90625 3.46875 0 263158042 0 263027772 9
1.2e-09 2.375 2.9375 0 220298199 0 220175550 1
1.2e-09 2.21875 2.78125 0 217033382 0 216950666 1
1.2e-09 2.09375 2.5 0 202797372 8 202604947 1
1.2e-09 2.09375 2.48438 0 204433139 3 204281527 0
1.2e-09 2.65625 3.04688 0 235556848 0 235388182 0
1.2e-09 2.6875 3.07812 0 221930589 0 222335265 0
1.2e-09 2.73438 3.29688 0 203799057 0 203653468 0
1.2e-09 2.1875 2.75 0 231321429 5 231508421 1
1.2e-09 2.25 2.8125 0 204875502 0 204817064 0
1.2e-09 2.85938 3.42188 0 214837810 0 214929345 1
1.2e-09 2.09375 2.5 0 201604833 2 201362533 1
1.2e-09 2.3125 2.875 0 242445498 10 242301104 1
1.2e-09 2.84375 3.40625 0 225000480 1 225041007 1
1.2e-09 2.23438 2.79688 0 208900634 15 208821048 0
1.2e-09 2.3125 2.875 0 241488307 9 241509296 16
1.2e-09 2.70312 3.26562 0 216933775 0 216992681 9
1.2e-09 2.60938 3.01562 0 252773611 1 252870096 1
1.2e-09 2.8125 3.375 0 235426644 1 235526267 1
1.2e-09 2.78125 3.34375 0 247413065 0 247631978 0
1.2e-09 2.09375 2.5 0 267974750 0 268055555 0
1.2e-09 2.29688 2.85938 0 249661574 0 249669897 7
1.2e-09 2.23438 2.79688 0 208980079 0 209085223 3
1.2e-09 2.07812 2.48438 0 207330033 0 207437531 11
1.2e-09 2.10938 2.51562 0 260615939 0 260757882 14
1.2e-09 2.57812 2.98438 0 266194984 0 266414127 0
1.2e-09 2.07812 2.48438 0 209224755 0 209038266 3
1.2e-09 2.28125 2.84375 0 258294404 0 258569398 25
1.2e-09 2.125 2.51562 0 257837921 2 257774873 0
1.2e-09 2.6875 3.07812 0 223568652 6 223705457 0
1.2e-09 2.14062 2.54688 0 249964576 0 249851894 0
1.2e-09 2.6875 3.25 0 219056902 6 219168319 0
1.2e-09 2.07812 2.48438 0 208746461 0 208647725 0
1.2e-09 2.20312 2.76562 0 221141316 3 221333848 0
1.2e-09 2.82812 3.39062 0 227271494 0 227112039 0
1.2e-09 2.70312 3.26562 0 212569740 0 212469208 4
1.2e-09 2.125 2.51562 0 258003182 0 257922662 12
1.2e-09 2.64062 3.03125 0 243123945 6 243066392 13
1.2e-09 2.375 2.9375 0 214942487 1 214963700 2
1.2e-09 2.75 3.3125 0 260304110 0 260396413 4
1.2e-09 2.70312 3.26562 0 215807997 1 215764238 0
1.2e-09 2.26562 2.82812 0 201120772 2 201238094 0
1.2e-09 2.3125 2.875 0 244133849 0 244095955 2
1.2e-09 2.76562 3.32812 0 258283032 5 258364961 0
1.2e-09 2.3125 2.875 0 244969472 4 245079325 0
1.2e-09 2.76562 3.32812 0 253224114 0 253289822 0
1.2e-09 2.82812 3.39062 0 229650631 1 229803357 7
1.2e-09 2.375 2.9375 0 219909210 0 220044067 1
1.2e-09 2.14062 2.54688 0 245843257 1 245766330 6
1.2e-09 2.1875 2.75 0 228535807 1 228317685 1
1.2e-09 2.1875 2.75 0 226500078 3 226571201 2
1.2e-09 2.10938 2.51562 0 262247360 4 262397452 0
1.2e-09 2.60938 3.01562 0 254305127 0 254583315 0
1.2e-09 2.64062 3.04688 0 238295950 5 238221773 0
1.2e-09 2.67188 3.07812 0 224584544 5 224668169 0
1.2e-09 2.65625 3.0625 0 233144738 4 233274387 3
1.2e-09 2.59375 3 0 262909925 1 262692792 0
1.2e-09 2.76562 3.32812 0 258454714 0 258898669 1
1.2e-09 2.78125 3.34375 0 247648636 0 248193264 0
1.2e-09 3.10938 3.51562 0 243993209 0 243930813 3
1.2e-09 3.10938 3.51562 0 246592710 10 246820120 1
1.2e-09 2.64062 3.04688 0 237640744 0 237659461 1
1.2e-09 2.34375 2.90625 0 232996787 9 232915460 0
1.2e-09 2.09375 2.5 0 201192360 0 201230322 10
1.2e-09 2.23438 2.79688 0 211719875 0 211766446 2
1.2e-09 3.125 3.51562 0 241343155 0 240720811 1
1.2e-09 2.21875 2.78125 0 215181804 0 214872273 0
1.2e-09 2.60938 3.01562 0 254918052 2 254610644 7
1.2e-09 2.65625 3.0625 0 234220781 9 233784981 0
1.2e-09 2.6875 3.25 0 218915416 0 218855378 0
1.2e-09 2.14062 2.54688 0 245969330 0 245933725 0
1.2e-09 2.34375 2.90625 0 230036298 0 229773341 2
1.2e-09 2.10938 2.51562 0 260282721 0 260330239 0
1.2e-09 2.34375 2.90625 0 228097065 4 228125139 0
1.2e-09 2.75 3.3125 0 264385735 0 264551005 1
1.2e-09 2.23438 2.79688 0 207934969 0 207933303 6
1.2e-09 2.23438 2.79688 0 209073718 0 209090524 0
1.2e-09 2.25 2.8125 0 203534920 0 203488837 0
1.2e-09 2.90625 3.46875 0 262077172 0 262017748 6
1.2e-09 2.20312 2.76562 0 222552310 0 222585871 0
1.2e-09 2.75 3.29688 0 266692930 0 266838415 1
1.2e-09 2.17188 2.73438 0 232241761 0 232259664 0
1.2e-09 3.125 3.53125 0 238449414 1 238151937 0
1.2e-09 3.15625 3.54688 0 227799848 0 227723548 0
1.2e-09 2.60938 3.01562 0 255253316 0 255311908 0
1.2e-09 2.39062 2.95312 0 212563917 2 212551462 2
1.2e-09 2.65625 3.0625 0 230972152 0 231025290 3
1.2e-09 2.09375 2.5 0 267159040 0 267177144 1
1.2e-09 2.84375 3.40625 0 225107157 0 225324214 0
1.2e-09 3.10938 3.51562 0 242820574 0 243023875 1
1.2e-09 2.3125 2.875 0 241666071 0 241799485 0
1.2e-09 2.09375 2.5 0 202101976 1 201953680 0
1.2e-09 2.6875 3.25 0 218161847 0 218450577 0
1.2e-09 2.09375 2.5 0 201080975 0 201097317 0
1.2e-09 2.82812 3.39062 0 226717247 0 226539212 0
1.2e-09 2.875 3.4375 0 208603024 1 208769732 0
1.2e-09 2.59375 2.98438 0 264010867 1 263485392 0
1.2e-09 2.125 2.53125 0 253819493 0 253718600 2
1.2e-09 2.125 2.53125 0 254278930 30 253977750 3
1.2e-09 2.35938 2.92188 0 223960760 16 224200197 30
1.2e-09 2.35938 2.92188 0 224585625 0 224843824 2
1.2e-09 2.125 2.53125 0 256991261 0 256929513 6
1.2e-09 2.10938 2.51562 0 263637815 1 263678035 0
1.2e-09 2.29688 2.85938 0 253754418 2 253802788 1
1.2e-09 2.40625 2.96875 0 208238081 0 208316517 6
1.2e-09 2.57812 2.98438 0 266831195 0 267013604 3
1.2e-09 2.65625 3.0625 0 230840058 0 230982319 0
1.2e-09 2.28125 2.84375 0 259305091 9 259505207 1
1.2e-09 2.375 2.9375 0 215684784 3 215498315 0
1.2e-09 2.0625 2.46875 0 213305199 19 213262271 0
1.2e-09 2.32812 2.89062 0 236575483 0 236609566 0
1.2e-09 2.10938 2.51562 0 262441356 4 262274866 2
1.2e-09 2.07812 2.48438 0 206292529 7 206367830 2
1.2e-09 3.10938 3.51562 0 244097757 5 244128679 0
1.2e-09 2.28125 2.84375 0 258523083 1 258597257 1
1.2e-09 2.76562 3.32812 0 253262778 3 253082809 1
1.2e-09 2.0625 2.46875 0 212230151 0 212340737 2
1.2e-09 2.75 3.3125 0 263473065 1 263424949 1
1.2e-09 2.82812 3.39062 0 227143536 0 226859747 0
1.2e-09 2.29688 2.85938 0 247891992 7 248171319 0
1.2e-09 2.40625 2.96875 0 205185944 0 205144049 0
1.2e-09 2.21875 2.78125 0 215522603 1 215649614 0
1.2e-09 2.3125 2.875 0 246028675 0 246119356 7
1.2e-09 2.59375 3 0 261557798 6 261711718 2
1.2e-09 2.17188 2.73438 0 233316487 2 233400727 0
1.2e-09 2.29688 2.85938 0 248992903 0 249005235 0
1.2e-09 2.0625 2.46875 0 215302142 0 215156230 8
1.2e-09 2.10938 2.51562 0 259685272 0 259888055 0
1.2e-09 2.29688 2.85938 0 253482203 0 253695036 0
1.2e-09 2.125 2.51562 0 259149599 1 259335796 0
1.2e-09 2.70312 3.26562 0 217244253 1 217223787 0
1.2e-09 2.375 2.9375 0 215886679 0 215899760 1
1.2e-09 3.125 3.53125 0 237938060 0 238141091 1
1.2e-09 2.89062 3.45312 0 206113761 9 206064466 2
1.2e-09 2.85938 3.42188 0 214219951 0 214228229 1
1.2e-09 2.20312 2.76562 0 225057856 1 225254203 1
1.2e-09 2.39062 2.95312 0 211688703 0 211568858 1
1.2e-09 2.23438 2.79688 0 207808263 0 208057917 1
1.2e-09 2.23438 2.79688 0 207506837 0 207597082 0
1.2e-09 3.14062 3.54688 0 231932561 0 232153679 1
1.2e-09 2.1875 2.75 0 228494264 0 228464040 0
1.2e-09 2.21875 2.78125 0 213819510 26 213743326 0
1.2e-09 2.1875 2.75 0 226811985 7 226720747 1
1.2e-09 2.65625 3.0625 0 232051971 0 232167943 0
1.2e-09 2.21875 2.78125 0 214323267 1 214211178 20
1.2e-09 2.26562 2.82812 0 264130096 0 264056822 0
1.2e-09 2.65625 3.0625 0 231664993 0 231466907 0
1.2e-09 2.07812 2.46875 0 211674139 4 211664824 0
1.2e-09 2.39062 2.95312 0 213493436 1 213313057 0
1.2e-09 2.1875 2.75 0 225828141 0 225951565 13
1.2e-09 2.14062 2.53125 0 251984014 2 252015828 0
1.2e-09 3.125 3.53125 0 238299175 3 238406733 0
1.2e-09 2.71875 3.28125 0 206690485 0 206689079 0
1.2e-09 2.75 3.3125 0 262472734 1 262199671 0
1.2e-09 2.57812 2.98438 0 267594080 0 267539187 6
1.2e-09 2.73438 3.29688 0 201055301 5 201358175 0
1.2e-09 2.625 3.01562 0 250229385 1 250308293 0
1.2e-09 2.29688 2.85938 0 248892401 4 249069645 1
1.2e-09 2.625 3.01562 0 248802155 1 248869835 1
1.2e-09 2.3125 2.875 0 243671168 3 243542519 0
1.2e-09 2.85938 3.42188 0 218404961 0 218661805 6
1.2e-09 2.32812 2.89062 0 237592104 0 237479222 0
1.2e-09 3.14062 3.54688 0 231855665 0 232022543 5
1.2e-09 2.78125 3.34375 0 249799310 0 249918511 0
1.2e-09 2.125 2.53125 0 257033829 2 257163284 1
1.2e-09 2.65625 3.0625 0 232710230 1 232646747 3
1.2e-09 2.1875 2.75 0 229850413 5 229896792 0
1.2e-09 2.07812 2.48438 0 206862786 5 206830726 0
1.2e-09 2.17188 2.73438 0 234457708 0 234248934 6
1.2e-09 2.78125 3.34375 0 251517524 1 251474053 0
1.2e-09 2.625 3.03125 0 244201838 2 244197626 39
1.2e-09 2.10938 2.5 0 265873887 0 265947124 0
1.2e-09 2.79688 3.35938 0 241355674 1 241223362 51
1.2e-09 2.25 2.8125 0 204664262 0 204998195 0
1.2e-09 3.09375 3.5 0 251334448 2 251567352 0
1.2e-09 2.57812 2.98438 0 267316386 1 267386736 1
1.2e-09 2.14062 2.54688 0 245922349 0 246042864 5
1.2e-09 2.25 2.8125 0 207034683 0 207031137 0
1.2e-09 2.34375 2.90625 0 232037862 0 232287121 0
1.2e-09 2.23438 2.79688 0 210640972 0 210677954 0
1.2e-09 2.92188 3.46875 0 261354820 0 260987339 4
1.2e-09 2.375 2.9375 0 214999290 0 215008966 4
1.2e-09 3.10938 3.51562 0 244420437 3 244227847 0
1.2e-09 2.14062 2.54688 0 247241121 5 247165144 17
1.2e-09 3.14062 3.54688 0 232506267 2 232447925 0
1.2e-09 2.25 2.79688 0 207413107 3 207434187 1
1.2e-09 2.375 2.9375 0 215567193 9 215779768 1
1.2e-09 2.1875 2.75 0 231239776 0 231262592 4
1.2e-09 2.34375 2.90625 0 229390652 4 229622277 3
1.2e-09 2.64062 3.03125 0 243745645 0 243658369 5
1.2e-09 2.67188 3.07812 0 227076139 2 227282890 3
1.2e-09 2.21875 2.78125 0 215075573 0 215423312 1
1.2e-09 2.60938 3 0 257224854 0 257207512 1
1.2e-09 2.89062 3.45312 0 205027011 0 205103790 0
1.2e-09 2.3125 2.875 0 242042213 1 242008452 0
1.2e-09 2.21875 2.78125 0 218200395 1 218021987 4
1.2e-09 2.76562 3.32812 0 253455924 4 253824301 0
1.2e-09 2.125 2.51562 0 258774922 14 258924688 0
1.2e-09 2.10938 2.5 0 266065932 0 266191306 0
1.2e-09 2.09375 2.5 0 200935282 0 201139055 2
1.2e-09 2.57812 2.98438 0 265791338 0 265634392 0
1.2e-09 2.85938 3.42188 0 216364554 0 216157398 2
1.2e-09 2.1875 2.73438 0 232078336 11 232004416 0
1.2e-09 2.25 2.8125 0 206596120 0 206465448 4
1.2e-09 3.10938 3.5 0 248182537 0 247829694 10
1.2e-09 2.89062 3.45312 0 203180837 0 203116092 1
1.2e-09 2.375 2.9375 0 215346360 5 215340760 3
1.2e-09 2.23438 2.79688 0 207700560 0 207577319 0
1.2e-09 2.75 3.29688 0 266462961 0 266839534 1
1.2e-09 2.85938 3.42188 0 217415732 2 217590451 0
1.2e-09 2.3125 2.85938 0 246954071 0 246810274 0
1.2e-09 2.3125 2.875 0 242529111 0 242749500 0
1.2e-09 2.14062 2.53125 0 252070367 0 251957628 0
1.2e-09 2.1875 2.75 0 229856752 0 230008171 12
1.2e-09 2.70312 3.26562 0 214235657 0 214546139 1
1.2e-09 2.21875 2.78125 0 216701747 0 216649521 4
1.2e-09 2.15625 2.5625 0 242674996 7 242719787 0
1.2e-09 2.82812 3.39062 0 229134087 9 228916310 8
1.2e-09 2.17188 2.5625 0 236666819 0 236779638 1
1.2e-09 2.20312 2.76562 0 220458701 8 220437742 4
1.2e-09 2.07812 2.48438 0 208566419 0 208436298 0
1.2e-09 2.07812 2.48438 0 209136461 0 209038786 0
1.2e-09 2.09375 2.48438 0 205005208 0 205069010 0
1.2e-09 2.125 2.53125 0 256659639 0 256748123 0
1.2e-09 2.15625 2.54688 0 244952485 2 244788225 0
1.2e-09 2.26562 2.82812 0 263708706 0 263554001 0
1.2e-09 2.71875 3.28125 0 211070165 0 211118230 0
1.2e-09 2.92188 3.48438 0 259748046 0 259354682 0
1.2e-09 2.26562 2.82812 0 266321619 0 266586680 0
1.2e-09 2.70312 3.26562 0 213743813 0 213525841 3
1.2e-09 2.71875 3.28125 0 209703429 0 209746718 12
1.2e-09 2.125 2.53125 0 255973716 20 256028217 1
1.2e-09 2.25 2.8125 0 201646209 1 201907202 3
1.2e-09 3.14062 3.53125 0 233886478 13 233395280 16
1.2e-09 2.32812 2.89062 0 237815453 0 237811477 0
1.2e-09 2.0625 2.46875 0 212675675 0 212833370 0
1.2e-09 2.10938 2.5 0 265181217 0 265057504 0
1.2e-09 2.15625 2.5625 0 239695713 3 239813085 0
1.2e-09 2.26562 2.82812 0 262585924 14 262531895 0
1.2e-09 2.29688 2.85938 0 248534394 3 248609993 7
1.2e-09 2.6875 3.25 0 218635939 0 218433227 0
1.2e-09 2.57812 2.98438 0 266346048 24 266290476 2
1.2e-09 2.71875 3.26562 0 211622217 0 211443648 21
1.2e-09 2.10938 2.51562 0 263219486 2 263385471 0
1.2e-09 2.25 2.8125 0 202658496 0 202772611 3
1.2e-09 2.1875 2.75 0 226291294 5 226104041 12
1.2e-09 2.10938 2.5 0 265170676 1 265018441 0
1.2e-09 2.65625 3.0625 0 231632444 0 231592919 0
1.2e-09 2.78125 3.34375 0 249481601 0 249371188 0
1.2e-09 2.625 3.01562 0 249934085 0 249871566 0
1.2e-09 2.34375 2.89062 0 233551704 1 233481254 3
1.2e-09 2.14062 2.53125 0 250419022 0 250676846 0
1.2e-09 2.29688 2.85938 0 247979319 2 248149457 0
1.2e-09 2.23438 2.79688 0 208455958 0 208685196 6
1.2e-09 2.32812 2.89062 0 239086037 0 239237969 0
1.2e-09 2.28125 2.84375 0 255663527 0 255603232 2
1.2e-09 2.23438 2.79688 0 211328652 14 211580383 1
1.2e-09 2.25 2.8125 0 206559622 0 206427112 0
1.2e-09 2.125 2.51562 0 258386436 0 258203455 1
1.2e-09 2.07812 2.46875 0 210383512 0 210206025 1
1.2e-09 2.3125 2.875 0 241611112 2 241814435 0
1.2e-09 2.34375 2.90625 0 232238351 0 232563035 5
1.2e-09 2.625 3.01562 0 250164203 0 249968109 0
1.2e-09 2.60938 3.01562 0 253767877 0 253725031 5
1.2e-09 3.15625 3.54688 0 227125253 4 227627424 0
1.2e-09 2.60938 3.01562 0 253820272 0 253396976 32
1.2e-09 2.29688 2.84375 0 254088265 0 253940563 0
1.2e-09 2.17188 2.73438 0 232718707 0 233022417 0
1.2e-09 2.17188 2.73438 0 233266567 0 233422000 0
1.2e-09 2.625 3.01562 0 249696627 0 249960438 0
1.2e-09 2.875 3.4375 0 207500457 0 207614562 3
1.2e-09 2.28125 2.84375 0 259313187 1 259743986 0
1.2e-09 2.89062 3.45312 0 205746123 0 205458887 0
1.2e-09 2.84375 3.40625 0 224092275 0 224135940 1
1.2e-09 2.14062 2.54688 0 247668699 0 247536156 0
1.2e-09 2.78125 3.34375 0 246079685 0 246171993 10
1.2e-09 2.79688 3.35938 0 238863973 0 238877226 0
1.2e-09 2.09375 2.48438 0 205033844 0 205070707 1
1.2e-09 2.57812 2.96875 0 204129460 1 203951837 4
1.2e-09 2.34375 2.90625 0 230770150 12 230742930 0
1.2e-09 2.07812 2.48438 0 209010458 0 208798163 2
1.2e-09 2.10938 2.51562 0 261169986 1 261225291 2
1.2e-09 2.71875 3.28125 0 206687948 0 206533117 0
1.2e-09 2.14062 2.54688 0 246150504 0 246183828 4
1.2e-09 2.1875 2.75 0 231595240 2 231669840 0
1.2e-09 2.07812 2.46875 0 210129501 0 210316028 2
1.2e-09 2.6875 3.07812 0 223377110 0 223579046 0
1.2e-09 2.09375 2.48438 0 206010545 1 205979355 1
1.2e-09 2.65625 3.04688 0 236300107 3 236451570 0
1.2e-09 2.875 3.4375 0 208187631 7 208233725 0
1.2e-09 2.40625 2.96875 0 204690093 0 204825449 3
1.2e-09 3.14062 3.54688 0 232623901 0 232200849 0
1.2e-09 2.15625 2.5625 0 242732275 55 242800925 0
