0.0496	-0.0004
0.05547	-0.0004
0.06124	0
0.06714	-0.0002
0.07292	0
0.07859	-0.0002
0.08429	-0.0001
0.08998	-0.0001
0.09568	-0.0001
0.1014	-0.0001
0.1071	-0.0001
0.1135	-0.0005
0.1192	-0.0004
0.1257	-0.0001
0.1314	-0.0002
0.1378	-0.0001
0.1443	0.0002
0.15	0
0.1557	-0.0001
0.1614	0.0001
0.1671	0.0001
0.1736	-0.0002
0.1794	0.0001
0.1851	-0.0001
0.1909	-0.0001
0.1966	-0.0002
0.2026	0.0061
0.2083	0.0069
0.214	0.0068
0.2197	0.0074
0.2254	0.0065
0.2311	0.007
0.2368	0.0068
0.2425	0.0073
0.2481	0.0065
0.2538	0.0073
0.2595	0.0072
0.2652	0.0072
0.2709	0.0073
0.2766	0.0073
0.2823	0.0072
0.288	0.0068
0.2937	0.0072
0.2994	0.0071
0.3051	0.0075
0.3108	0.0073
0.3164	0.0072
0.3221	0.0075
0.3278	0.0072
0.3335	0.0077
0.3392	0.0077
0.3449	0.0075
0.3506	0.0073
0.3563	0.0071
0.362	0.0075
0.3677	0.0081
0.3734	0.0078
0.3791	0.0076
0.3847	0.0074
0.3904	0.0099
0.3961	0.0077
0.4018	0.0077
0.4075	0.0083
0.4132	0.0079
0.4189	0.0078
0.4246	0.0082
0.4303	0.0079
0.436	0.0079
0.4417	0.0083
0.4474	0.0082
0.453	0.0086
0.4587	0.0084
0.4644	0.0078
0.4701	0.0085
0.4758	0.0088
0.4815	0.0087
0.4872	0.0087
0.4929	0.009
0.4986	0.009
0.5043	0.0089
0.5177	0.0092
0.5303	0.0101
0.5501	0.0071
0.5559	0.0076
0.5616	0.0072
0.5673	0.0079
0.573	0.0071
0.5787	0.0076
0.5844	0.0074
0.5901	0.0075
0.5958	0.0076
0.6015	0.0086
0.6072	0.0087
0.6129	0.0082
0.6185	0.0077
0.6242	0.0077
0.6299	0.0085
0.6356	0.0084
0.6413	0.0084
0.6471	0.0079
0.6528	0.0084
0.6592	0.0085
0.6649	0.0087
0.6706	0.009
0.6763	0.0092
0.682	0.009
0.6878	0.0091
0.6935	0.0088
0.6999	0.0093
0.7056	0.009
0.7114	0.0094
0.7172	0.0091
0.7236	0.01
0.7293	0.0096
0.735	0.01
0.7407	0.0102
0.7465	0.0098
0.7529	0.0102
0.7586	0.0102
0.765	0.0108
0.7708	0.0101
0.7765	0.0103
0.7825	0.011
0.7884	0.011
0.7942	0.011
0.7999	0.0115
0.8057	0.0114
0.8121	0.0111
0.8178	0.0108
0.8235	0.0109
0.8292	0.0113
0.8356	0.0115
0.8414	0.0119
0.8471	0.0121
0.8528	0.0118
0.8589	0.0122
0.8646	0.0125
0.8703	0.0124
0.876	0.013
0.8818	0.0123
0.8876	0.0128
0.8933	0.0125
0.8996	0.0135
0.9053	0.0131
0.911	0.0127
0.9175	0.014
0.9232	0.0131
0.9288	0.0136
0.9345	0.0139
0.9404	0.0136
0.9462	0.014
0.9519	0.0148
0.9577	0.015
0.9635	0.0146
0.9693	0.0157
0.9751	0.0158
0.9808	0.015
0.9865	0.0153
0.9931	0.0157
0.9988	0.0165
1.005	0.0171
1.019	0.0176
1.032	0.0164
1.053	0.0126
1.059	0.0128
1.065	0.0134
1.071	0.0129
1.077	0.0137
1.082	0.0129
1.088	0.0133
1.094	0.0141
1.1	0.0131
1.105	0.014
1.111	0.0133
1.117	0.0146
1.123	0.0152
1.129	0.0146
1.134	0.0144
1.14	0.0152
1.146	0.0155
1.152	0.0151
1.159	0.0158
1.165	0.0152
1.17	0.0153
1.176	0.0169
1.182	0.0164
1.188	0.0161
1.193	0.0168
1.199	0.0159
1.205	0.0165
1.211	0.0169
1.217	0.0168
1.223	0.0163
1.229	0.0173
1.236	0.0176
1.242	0.0172
1.247	0.019
1.253	0.0178
1.259	0.0184
1.265	0.0191
1.27	0.0191
1.276	0.0191
1.283	0.0195
1.288	0.0188
1.295	0.0198
1.301	0.0189
1.307	0.0196
1.313	0.02
1.319	0.0211
1.325	0.0205
1.331	0.0206
1.337	0.0218
1.343	0.0224
1.348	0.0214
1.354	0.022
1.36	0.0227
1.366	0.0227
1.371	0.0222
1.377	0.0224
1.383	0.0229
1.388	0.023
1.394	0.0231
1.4	0.0239
1.406	0.0247
1.412	0.0237
1.418	0.0251
1.423	0.0242
1.429	0.0247
1.435	0.0245
1.441	0.0262
1.446	0.0264
1.452	0.0264
1.458	0.0257
1.463	0.0268
1.47	0.0267
1.477	0.0281
1.482	0.0273
1.488	0.0273
1.494	0.0286
1.5	0.0296
1.506	0.0296
1.518	0.0299
1.531	0.03
1.552	0.0232
1.557	0.0239
1.563	0.0244
1.569	0.0243
1.575	0.0249
1.581	0.0247
1.587	0.0265
1.592	0.0257
1.599	0.0256
1.605	0.0263
1.61	0.026
1.616	0.0277
1.622	0.0268
1.628	0.027
1.634	0.0278
1.64	0.0275
1.646	0.0278
1.652	0.0289
1.658	0.0291
1.663	0.0293
1.669	0.0297
1.676	0.0292
1.681	0.0294
1.688	0.0312
1.694	0.031
1.7	0.0313
1.706	0.0307
1.711	0.0314
1.717	0.033
1.723	0.0322
1.729	0.0331
1.735	0.0342
1.742	0.0342
1.748	0.0337
1.753	0.0339
1.759	0.0349
1.765	0.0349
1.771	0.0351
1.777	0.0375
1.783	0.0363
1.79	0.0375
1.795	0.037
1.802	0.0377
1.808	0.0394
1.814	0.0388
1.819	0.0388
1.825	0.0382
1.831	0.0388
1.838	0.0398
1.845	0.0406
1.851	0.0405
1.857	0.0415
1.863	0.0417
1.869	0.0423
1.875	0.0424
1.88	0.0435
1.886	0.0438
1.892	0.0442
1.897	0.046
1.903	0.0466
1.91	0.0451
1.916	0.0455
1.922	0.0455
1.927	0.0481
1.934	0.0473
1.939	0.0478
1.947	0.049
1.952	0.05
1.958	0.0501
1.964	0.051
1.971	0.0517
1.976	0.0505
1.982	0.051
1.988	0.0531
1.994	0.0514
2.	0.0542
2.007	0.0555
2.019	0.0554
2.031	0.0571
2.052	0.0444
2.058	0.0441
2.064	0.0445
2.069	0.0438
2.075	0.0461
2.081	0.047
2.086	0.0462
2.092	0.0472
2.099	0.0475
2.104	0.0486
2.111	0.05
2.117	0.0487
2.123	0.0503
2.129	0.0522
2.135	0.0516
2.14	0.0515
2.147	0.0514
2.153	0.0519
2.158	0.0529
2.164	0.0534
2.171	0.0558
2.176	0.0553
2.183	0.0564
2.19	0.0558
2.196	0.0563
2.202	0.0573
2.209	0.0576
2.214	0.0587
2.221	0.0574
2.227	0.0583
2.232	0.0612
2.238	0.0613
2.244	0.0603
2.25	0.0619
2.256	0.0624
2.261	0.0639
2.267	0.0647
2.273	0.0648
2.278	0.0648
2.284	0.0654
2.29	0.0662
2.296	0.0676
2.301	0.0685
2.307	0.0707
2.313	0.0691
2.318	0.0704
2.324	0.0732
2.33	0.071
2.336	0.0724
2.342	0.0721
2.348	0.0729
2.354	0.0751
2.359	0.0754
2.365	0.0751
2.371	0.0763
2.377	0.0785
2.382	0.0784
2.388	0.0809
2.394	0.0802
2.4	0.0834
2.405	0.083
2.411	0.0819
2.417	0.0831
2.423	0.0845
2.429	0.0867
2.435	0.0868
2.441	0.0873
2.447	0.0893
2.453	0.0896
2.459	0.0915
2.465	0.0917
2.471	0.0914
2.483	0.0935
2.495	0.0973
2.501	0.0976
2.512	0.0984
2.518	0.1011
2.524	0.1026
2.529	0.103
2.542	0.0789
2.548	0.0804
2.553	0.0821
2.559	0.0817
2.565	0.083
2.571	0.082
2.576	0.0852
2.582	0.0847
2.588	0.0873
2.594	0.085
2.6	0.0869
2.606	0.0887
2.612	0.0903
2.617	0.0899
2.623	0.0913
2.635	0.0933
2.641	0.0928
2.653	0.0961
2.66	0.0979
2.671	0.1017
2.678	0.1008
2.684	0.1
2.691	0.1041
2.697	0.1043
2.708	0.0803
2.715	0.0818
2.722	0.0809
2.727	0.0819
2.733	0.0836
2.739	0.0833
2.745	0.0848
2.75	0.0865
2.756	0.0871
2.762	0.0884
2.768	0.0899
2.774	0.0904
2.786	0.0932
2.792	0.0935
2.798	0.0949
2.809	0.0976
2.816	0.0979
2.828	0.0992
2.834	0.0999
2.84	0.1012
2.846	0.1032
2.852	0.1021
2.859	0.1068
2.865	0.1025
2.877	0.0808
2.883	0.0819
2.889	0.0834
2.894	0.0837
2.9	0.0854
2.906	0.0853
2.912	0.0855
2.917	0.0871
2.923	0.0865
2.936	0.0905
2.942	0.0912
2.947	0.0912
2.953	0.0938
2.959	0.0951
2.97	0.0965
2.976	0.098
2.988	0.0995
2.994	0.1008
2.999	0.0999
3.005	0.101
3.011	0.105
3.016	0.1054
3.028	0.0806
3.035	0.0809
3.041	0.0809
3.047	0.0829
3.053	0.0846
3.058	0.0854
3.065	0.0852
3.071	0.0865
3.083	0.0886
3.089	0.0898
3.095	0.0903
3.101	0.0907
3.107	0.0918
3.112	0.0953
3.118	0.0933
3.13	0.097
3.142	0.0978
3.148	0.0995
3.154	0.1017
3.159	0.1007
3.165	0.1025
3.171	0.1047
3.177	0.1041
3.189	0.0805
3.195	0.0806
3.201	0.0795
3.207	0.083
3.213	0.0825
3.219	0.0841
3.225	0.0869
3.23	0.0871
3.243	0.0892
3.249	0.0901
3.254	0.0898
3.262	0.0924
3.269	0.0928
3.275	0.093
3.28	0.0951
3.293	0.0966
3.298	0.0978
3.312	0.1008
3.318	0.1028
3.323	0.1021
3.329	0.1035
3.335	0.1029
3.341	0.1057
3.346	0.1048
3.358	0.0809
3.364	0.0828
3.37	0.0829
3.377	0.0833
3.383	0.0856
3.395	0.0859
3.402	0.0875
3.408	0.088
3.414	0.0897
3.42	0.0903
3.425	0.092
3.437	0.0928
3.443	0.0937
3.454	0.0979
3.46	0.0982
3.466	0.0998
3.471	0.1005
3.477	0.1011
3.483	0.1014
3.488	0.1024
3.494	0.1035
3.5	0.1044
3.512	0.081
3.517	0.083
3.523	0.0821
3.529	0.0847
3.534	0.0847
3.54	0.0854
3.552	0.0856
3.558	0.0878
3.563	0.0886
3.569	0.0893
3.575	0.0913
3.581	0.0908
3.586	0.094
3.598	0.0945
3.604	0.0976
3.61	0.098
3.622	0.0977
3.629	0.0992
3.634	0.0994
3.64	0.1029
3.646	0.102
3.652	0.1035
3.657	0.1057
3.663	0.1051
3.675	0.0819
3.681	0.0836
3.687	0.0838
3.692	0.0861
3.704	0.0863
3.71	0.0873
3.716	0.0881
3.721	0.0892
3.729	0.0894
3.735	0.0922
3.74	0.0923
3.752	0.0936
3.758	0.0963
3.77	0.096
3.776	0.0975
3.782	0.1003
3.789	0.1001
3.795	0.1006
3.801	0.1032
3.807	0.1061
3.813	0.1066
3.826	0.0807
3.832	0.0812
3.839	0.0817
3.85	0.0824
3.856	0.0853
3.862	0.0861
3.868	0.0874
3.874	0.0875
3.88	0.0883
3.886	0.0901
3.891	0.0895
3.897	0.0914
3.903	0.0924
3.909	0.0935
3.92	0.0952
3.926	0.0969
3.937	0.0997
3.943	0.0993
3.949	0.1012
3.955	0.1017
3.96	0.1041
3.966	0.1044
3.979	0.0811
3.984	0.0809
3.99	0.0813
4.002	0.0828
4.008	0.0845
4.014	0.0847
4.02	0.0854
4.026	0.0848
4.032	0.0872
4.038	0.0876
4.044	0.0877
4.05	0.0911
4.061	0.0919
4.067	0.0916
4.079	0.0958
4.085	0.0958
4.09	0.0982
4.096	0.098
4.102	0.098
4.107	0.1003
4.113	0.1039
4.119	0.1026
4.124	0.1036
4.13	0.1047
4.136	0.1047
4.149	0.0812
4.154	0.0824
4.167	0.0837
4.173	0.085
4.179	0.0864
4.185	0.0862
4.192	0.0885
4.198	0.0888
4.203	0.0902
4.21	0.091
4.221	0.0928
4.228	0.0927
4.239	0.0939
4.246	0.0972
4.252	0.0987
4.257	0.1009
4.263	0.0996
4.269	0.1003
4.275	0.1032
4.281	0.1042
4.287	0.1066
4.293	0.1065
4.305	0.0817
4.311	0.0818
4.323	0.0832
4.329	0.0844
4.335	0.0857
4.341	0.0865
4.347	0.0874
4.353	0.0883
4.359	0.0876
4.365	0.0909
4.377	0.0925
4.382	0.0927
4.388	0.0947
4.394	0.094
4.406	0.0957
4.412	0.0993
4.417	0.1003
4.423	0.0997
4.429	0.1038
4.435	0.1046
4.441	0.102
4.447	0.1036
4.454	0.1056
4.46	0.1069
4.471	0.0835
4.478	0.0823
4.491	0.0847
4.498	0.0873
4.511	0.0891
4.524	0.0911
4.53	0.0907
4.542	0.0931
4.548	0.0948
4.561	0.0976
4.567	0.0985
4.58	0.1007
4.586	0.1009
4.591	0.103
4.597	0.1022
4.603	0.1038
4.609	0.1052
4.615	0.1058
4.628	0.0807
4.634	0.07993
4.646	0.06125
4.653	0.06187
4.659	0.06301
4.665	0.06294
4.671	0.06368
4.676	0.06421
4.682	0.06525
4.688	0.06439
4.694	0.06533
4.699	0.06566
4.705	0.0642
4.711	0.06554
4.717	0.06637
4.723	0.06731
4.728	0.06575
4.734	0.06698
4.74	0.06872
4.746	0.06815
4.752	0.06669
4.758	0.06653
4.763	0.06707
4.77	0.0661
4.776	0.06714
4.781	0.06797
4.788	0.069
4.794	0.06804
4.8	0.06758
4.807	0.0672
4.812	0.06794
4.818	0.06718
4.824	0.06862
4.831	0.06834
4.837	0.06688
4.842	0.06792
4.848	0.06716
4.854	0.06799
4.86	0.06773
4.866	0.06737
4.871	0.06761
4.877	0.06955
4.883	0.06809
4.889	0.06732
4.894	0.06766
4.9	0.0677
4.906	0.06834
4.912	0.06738
4.917	0.06792
4.923	0.06866
4.929	0.0669
4.935	0.06844
4.941	0.06548
4.946	0.06742
4.954	0.06704
4.96	0.06698
4.965	0.06562
4.971	0.06776
4.977	0.0669
4.983	0.06574
4.988	0.06528
4.994	0.06582
5.	0.06546
5.012	0.06492
5.018	0.06516
5.024	0.0656
5.03	0.06454
5.042	0.06422
5.048	0.06436
5.055	0.06518
5.061	0.06432
5.066	0.06506
5.08	0.06232
5.086	0.06226
5.092	0.0622
5.098	0.06214
5.105	0.06277
5.111	0.0629
5.118	0.06254
5.124	0.06137
5.131	0.0621
5.136	0.06304
5.149	0.04809
5.155	0.04462
5.161	0.04486
5.168	0.04489
5.174	0.04543
5.179	0.04417
5.185	0.04401
5.191	0.04415
5.196	0.0443
5.202	0.04464
5.208	0.04508
5.213	0.04432
5.219	0.04236
5.225	0.0429
5.231	0.04354
5.236	0.04458
5.242	0.04302
5.248	0.04357
5.253	0.04391
5.26	0.04294
5.266	0.04318
5.272	0.04382
5.278	0.04276
5.284	0.0435
5.289	0.04324
5.295	0.04238
5.301	0.04263
5.306	0.04267
5.312	0.04301
5.318	0.04375
5.324	0.04309
5.33	0.04263
5.336	0.04227
5.341	0.04241
5.347	0.04195
5.354	0.04289
5.361	0.04212
5.366	0.04226
5.372	0.0422
5.378	0.04194
5.384	0.04219
5.391	0.04281
5.397	0.04205
5.404	0.04188
5.41	0.04192
5.416	0.04146
5.422	0.0412
5.428	0.04204
5.436	0.04077
5.441	0.04021
5.448	0.04015
5.453	0.04029
5.459	0.04113
5.465	0.04087
5.471	0.04002
5.477	0.04006
5.482	0.0403
5.488	0.03955
5.494	0.04018
5.5	0.04133
5.513	0.0407
5.519	0.03984
5.524	0.03969
5.53	0.03943
5.543	0.0394
5.549	0.04024
5.555	0.03919
5.56	0.03913
5.567	0.03957
5.579	0.04005
5.587	0.03998
5.592	0.03972
5.598	0.03936
5.604	0.03901
5.61	0.03925
5.615	0.039
5.621	0.03884
5.627	0.03868
5.633	0.03912
5.639	0.03907
5.652	0.02983
5.659	0.02997
5.665	0.0299
5.672	0.02853
5.678	0.02867
5.684	0.02912
5.69	0.02855
5.696	0.02839
5.702	0.02844
5.707	0.02848
5.713	0.02902
5.719	0.02897
5.725	0.02831
5.73	0.02815
5.736	0.0283
5.742	0.02854
5.747	0.02858
5.754	0.02822
5.76	0.02816
5.766	0.02791
5.772	0.02884
5.778	0.02938
5.784	0.02823
5.789	0.02857
5.795	0.02802
5.801	0.02786
5.806	0.02841
5.812	0.02845
5.818	0.02859
5.823	0.02874
5.83	0.02838
5.836	0.02832
5.841	0.02826
5.847	0.02831
5.853	0.02755
5.859	0.0293
5.864	0.02734
5.87	0.02778
5.876	0.02843
5.882	0.02847
5.887	0.02872
5.894	0.02816
5.899	0.0279
5.905	0.02865
5.911	0.02799
5.917	0.02824
5.924	0.02777
5.93	0.0282
5.936	0.02845
5.942	0.02759
5.948	0.02804
5.954	0.02738
5.96	0.02782
5.966	0.02807
5.971	0.02761
5.978	0.02815
5.984	0.0284
5.989	0.02784
5.995	0.02779
6.002	0.02742
6.015	0.0277
6.021	0.02764
6.027	0.02828
6.033	0.02813
6.045	0.02742
6.053	0.02694
6.058	0.02859
6.064	0.02724
6.07	0.02768
6.083	0.02716
6.089	0.0268
6.095	0.02725
6.101	0.02719
6.107	0.02703
6.113	0.02678
6.118	0.02733
6.124	0.02757
6.13	0.02702
6.136	0.02717
6.142	0.0272
6.155	0.02182
6.16	0.01986
6.168	0.01909
6.173	0.01964
6.179	0.01898
6.185	0.01913
6.191	0.01896
6.197	0.01901
6.203	0.01915
6.209	0.0193
6.214	0.01904
6.22	0.01909
6.226	0.01933
6.232	0.01907
6.237	0.01902
6.244	0.01906
6.25	0.0192
6.255	0.01905
6.261	0.01939
6.267	0.01894
6.272	0.01918
6.278	0.01903
6.284	0.01928
6.29	0.01862
6.295	0.01897
6.301	0.01861
6.307	0.01896
6.312	0.0189
6.319	0.01934
6.325	0.01939
6.331	0.01883
6.336	0.01888
6.342	0.01922
6.348	0.01917
6.353	0.01852
6.359	0.01966
6.365	0.01951
6.37	0.01886
6.376	0.0185
6.382	0.01955
6.388	0.019
6.393	0.01884
6.399	0.01909
6.405	0.01844
6.411	0.01808
6.417	0.01872
6.422	0.01877
6.428	0.01842
6.434	0.01836
6.439	0.01811
6.445	0.01846
6.451	0.0187
6.457	0.01855
6.463	0.019
6.468	0.01864
6.474	0.01879
6.48	0.01874
6.485	0.01849
6.491	0.01943
6.497	0.01878
6.502	0.01833
6.515	0.01861
6.523	0.01854
6.528	0.01869
6.535	0.01863
6.547	0.01822
6.554	0.01876
6.559	0.0184
6.565	0.01825
6.571	0.0188
6.583	0.01789
6.591	0.01822
6.596	0.01817
6.602	0.01781
6.608	0.01846
6.614	0.01791
6.619	0.01806
6.625	0.01811
6.631	0.01835
6.637	0.0183
6.642	0.01795
6.655	0.0144
6.661	0.01394
6.667	0.01429
6.673	0.01444
6.679	0.01437
6.685	0.01372
6.691	0.01366
6.697	0.0142
6.703	0.01384
6.71	0.01389
6.715	0.01313
6.721	0.01438
6.727	0.01422
6.732	0.01357
6.738	0.01382
6.744	0.01396
6.75	0.01381
6.755	0.01375
6.762	0.014
6.767	0.01394
6.773	0.01369
6.779	0.01364
6.784	0.01388
6.79	0.01413
6.796	0.01378
6.802	0.01392
6.807	0.01367
6.813	0.01362
6.819	0.01366
6.825	0.01361
6.83	0.01346
6.836	0.0134
6.842	0.01335
6.848	0.0136
6.853	0.01344
6.859	0.01319
6.865	0.01374
6.87	0.01339
6.876	0.01353
6.882	0.01358
6.887	0.01353
6.893	0.01318
6.899	0.01323
6.904	0.01337
6.91	0.01372
6.916	0.01327
6.922	0.01332
6.927	0.01356
6.933	0.01351
6.939	0.01356
6.945	0.01361
6.951	0.01305
6.957	0.0133
6.962	0.01344
6.968	0.01339
6.974	0.01324
6.98	0.01369
6.985	0.01304
6.991	0.01298
6.997	0.01323
7.003	0.01318
7.015	0.01347
7.021	0.01301
7.027	0.01276
7.033	0.01321
7.047	0.01318
7.052	0.01323
7.058	0.01328
7.064	0.01293
7.07	0.01298
7.083	0.01326
7.088	0.01321
7.094	0.01256
7.1	0.01291
7.106	0.01316
7.111	0.01311
7.117	0.01326
7.123	0.0126
7.129	0.01275
7.136	0.01279
7.142	0.01294
7.156	0.01168
7.162	0.01053
7.168	0.009873
7.173	0.01032
7.179	0.01007
7.185	0.01011
7.191	0.01036
7.196	0.01021
7.202	0.01125
7.208	0.009998
7.214	0.01044
7.219	0.01079
7.225	0.01054
7.232	0.01168
7.237	0.009926
7.243	0.01027
7.25	0.01031
7.255	0.009857
7.261	0.009704
7.267	0.01015
7.272	0.01
7.278	0.01005
7.284	0.01039
7.29	0.01014
7.295	0.009989
7.301	0.009936
7.307	0.009883
7.313	0.01003
7.319	0.01008
7.325	0.01052
7.33	0.00997
7.336	0.01012
7.342	0.009965
7.347	0.01011
7.353	0.00966
7.359	0.009908
7.365	0.009955
7.371	0.009802
7.376	0.00985
7.382	0.009699
7.388	0.009847
7.393	0.009695
7.399	0.009944
7.406	0.009386
7.411	0.009835
7.418	0.009674
7.424	0.009522
7.429	0.009571
7.435	0.009919
7.441	0.009467
7.447	0.009316
7.452	0.009765
7.458	0.009314
7.464	0.009462
7.47	0.009711
7.475	0.00946
7.481	0.009808
7.487	0.009557
7.492	0.009707
7.5	0.008939
7.515	0.008708
7.521	0.008556
7.526	0.008806
7.532	0.008155
7.538	0.008604
7.55	0.008396
7.556	0.008544
7.561	0.008694
7.567	0.008844
7.573	0.008593
7.585	0.008483
7.591	0.008432
7.597	0.008679
7.603	0.00873
7.609	0.00838
7.615	0.008523
7.621	0.008373
7.627	0.008517
7.633	0.008567
7.639	0.008414
7.645	0.008265
7.657	0.007741
7.663	0.007487
7.669	0.007234
7.675	0.007581
7.68	0.007427
7.686	0.007575
7.692	0.007622
7.699	0.007756
7.705	0.007302
7.711	0.007749
7.716	0.007696
7.724	0.007527
7.73	0.007574
7.735	0.007722
7.741	0.007069
7.747	0.007317
7.752	0.007564
7.758	0.007313
7.764	0.00766
7.77	0.0075
7.776	0.007348
7.782	0.007496
7.787	0.007645
7.794	0.007586
7.8	0.007334
7.805	0.007181
7.812	0.007423
7.818	0.007471
7.823	0.007119
7.829	0.007667
7.835	0.006914
7.841	0.007762
7.848	0.007598
7.854	0.007547
7.859	0.007095
7.865	0.007143
7.871	0.007385
7.878	0.007026
7.885	0.007566
7.89	0.007515
7.896	0.007263
7.902	0.007612
7.908	0.007361
7.913	0.00721
7.919	0.007656
7.925	0.006805
7.931	0.006954
7.937	0.007203
7.943	0.007044
7.949	0.007194
7.955	0.006541
7.96	0.00629
7.966	0.00624
7.972	0.006189
7.978	0.006139
7.983	0.006589
7.989	0.006638
7.995	0.006188
8.	0.006237
8.015	0.006407
8.022	0.006149
8.028	0.006099
8.034	0.006046
8.039	0.006396
8.051	0.006089
8.057	0.006239
8.064	0.005783
8.069	0.006133
8.076	0.006377
8.088	0.005969
8.095	0.006812
8.1	0.006162
8.106	0.006012
8.113	0.006456
8.118	0.005707
8.124	0.006057
8.131	0.006001
8.136	0.006451
8.142	0.006102
8.157	0.005903
8.164	0.006342
8.171	0.005882
8.176	0.005729
8.182	0.005776
8.188	0.005923
8.194	0.005864
8.2	0.005712
8.206	0.005857
8.213	0.005497
8.218	0.006044
8.224	0.005792
8.23	0.005338
8.236	0.005186
8.241	0.005433
8.247	0.005681
8.253	0.00613
8.259	0.005378
8.264	0.005424
8.27	0.005173
8.276	0.005521
8.282	0.00537
8.287	0.005318
8.293	0.005366
8.299	0.005208
8.305	0.005156
8.311	0.005804
8.318	0.005144
8.323	0.005192
8.329	0.005342
8.335	0.00569
8.34	0.005239
8.347	0.005482
8.353	0.00553
8.358	0.004879
8.364	0.005127
8.371	0.005368
8.377	0.005316
8.382	0.005065
8.388	0.005315
8.394	0.004764
8.399	0.004912
8.405	0.004861
8.411	0.005211
8.417	0.00496
8.422	0.005009
8.428	0.005258
8.434	0.004907
8.44	0.004955
8.446	0.004904
8.452	0.005046
8.458	0.005196
8.464	0.005144
8.469	0.005294
8.475	0.005243
8.481	0.004793
8.487	0.004842
8.492	0.004793
8.498	0.004843
8.504	0.004793
8.518	0.004667
8.524	0.004716
8.53	0.005065
8.536	0.004113
8.541	0.003564
8.554	0.003651
8.56	0.004101
8.566	0.004051
8.572	0.004001
8.577	0.003852
8.59	0.004144
8.596	0.003994
8.602	0.003838
8.608	0.004089
8.614	0.003837
8.62	0.003389
8.625	0.00394
8.631	0.003991
8.637	0.003842
8.642	0.003793
8.657	0.004499
8.663	0.004046
8.669	0.004194
8.675	0.003841
8.68	0.004689
8.686	0.004737
8.692	0.003985
8.697	0.004233
8.703	0.004281
8.709	0.004129
8.714	0.004078
8.72	0.004225
8.726	0.003872
8.732	0.00402
8.738	0.005068
8.743	0.004115
8.749	0.004364
8.756	0.004105
8.761	0.003853
8.767	0.003701
8.773	0.004349
8.778	0.004197
8.784	0.003846
8.791	0.003689
8.796	0.003838
8.802	0.004084
8.808	0.003933
8.814	0.004375
8.82	0.004624
8.826	0.004073
8.832	0.003722
8.837	0.00417
8.843	0.003917
8.849	0.003865
8.855	0.003514
8.86	0.004064
8.867	0.003705
8.873	0.003854
8.879	0.003703
8.884	0.003552
8.89	0.003602
8.896	0.003352
8.902	0.003995
8.908	0.003444
8.915	0.003479
8.921	0.003528
8.927	0.003477
8.932	0.003427
8.938	0.003275
8.945	0.003316
8.951	0.003066
8.956	0.002816
8.962	0.003266
8.968	0.003316
8.974	0.003066
8.979	0.002816
8.985	0.002865
8.991	0.003115
8.997	0.003266
9.002	0.002916
9.016	0.002894
9.022	0.003142
9.028	0.002992
9.034	0.002842
9.04	0.002892
9.053	0.002576
9.059	0.003026
9.065	0.00287
9.071	0.002718
9.077	0.002969
9.09	0.002357
9.096	0.003307
9.102	0.002457
9.107	0.003208
9.113	0.002559
9.119	0.00271
9.125	0.002761
9.13	0.002412
9.136	0.002564
9.142	0.002513
9.148	0.002665
9.16	0.003269
9.166	0.002613
9.172	0.00286
9.178	0.002807
9.184	0.002448
9.19	0.002296
9.196	0.002838
9.202	0.002486
9.208	0.002835
9.214	0.002482
9.22	0.002624
9.226	0.002472
9.232	0.002719
9.237	0.002868
9.243	0.002217
9.25	0.002557
9.255	0.002705
9.261	0.002552
9.267	0.002601
9.273	0.00245
9.278	0.002599
9.284	0.002548
9.29	0.002391
9.296	0.00264
9.302	0.002383
9.308	0.002231
9.314	0.00228
9.32	0.002427
9.326	0.002477
9.331	0.002224
9.337	0.002773
9.343	0.002222
9.349	0.002172
9.354	0.002421
9.36	0.002271
9.366	0.00222
9.371	0.00247
9.377	0.002319
9.383	0.002369
9.388	0.002419
9.395	0.002162
9.401	0.002112
9.406	0.002462
9.412	0.002212
9.418	0.002262
9.423	0.002212
9.429	0.002162
9.435	0.001912
9.44	0.002062
9.446	0.002012
9.452	0.001861
9.459	0.002398
9.465	0.001849
9.471	0.002293
9.477	0.001942
9.483	0.001792
9.488	0.002043
9.494	0.002192
9.5	0.002043
9.506	0.002094
9.519	0.001977
9.525	0.002227
9.532	0.001665
9.538	0.002215
9.544	0.001965
9.556	0.002359
9.563	0.002001
9.569	0.001949
9.574	0.0018
9.58	0.00165
9.593	0.001543
9.599	0.001787
9.605	0.001436
9.611	0.001588
9.617	0.001539
9.622	0.001591
9.628	0.001642
9.634	0.001387
9.64	0.001538
9.646	0.00179
9.66	0.002728
9.667	0.002266
9.672	0.002314
9.678	0.002261
9.684	0.002309
9.69	0.002158
9.695	0.002105
9.701	0.001953
9.707	0.0019
9.713	0.002249
9.72	0.002083
9.726	0.002431
9.731	0.00208
9.737	0.002027
9.743	0.002074
9.749	0.002423
9.754	0.002072
9.761	0.002314
9.768	0.002147
9.774	0.002295
9.78	0.002044
9.786	0.002093
9.791	0.002142
9.797	0.002291
9.803	0.00244
9.809	0.001989
9.814	0.002038
9.82	0.001987
9.826	0.001936
9.831	0.002484
9.837	0.002334
9.843	0.001981
9.85	0.002124
9.855	0.001872
9.861	0.00202
9.867	0.002069
9.873	0.002118
9.879	0.002367
9.884	0.001816
9.89	0.001966
9.896	0.002114
9.902	0.001664
9.908	0.001212
9.913	0.00176
9.919	0.00131
9.925	0.001258
9.931	0.001109
9.937	0.001359
9.942	0.001309
9.948	0.001359
9.954	0.001609
9.959	0.00146
9.965	0.00131
9.971	0.00106
9.976	0.001011
9.982	0.00136
9.988	0.00121
9.994	0.001255
10.	0.001202
10.01	0.001252
10.02	0.0009428
10.02	0.0006931
10.03	0.0008366
10.04	0.001088
10.04	0.001038
10.06	0.00112
10.06	0.0009711
10.07	0.0008187
10.07	0.0008699
10.08	0.001121
10.09	0.0009172
10.1	0.0009681
10.1	0.0008065
10.11	0.001057
10.12	0.0007078
10.12	0.001253
10.13	0.0007961
10.14	0.0007471
10.14	0.0007988
10.15	0.0007498
10.16	0.002223
10.17	0.001668
10.17	0.001616
10.18	0.001465
10.18	0.001412
10.19	0.001259
10.2	0.001407
10.2	0.001555
10.21	0.001403
10.21	0.001651
10.22	0.001399
10.22	0.001946
10.23	0.001295
10.24	0.001442
10.24	0.001491
10.25	0.001837
10.25	0.001879
10.26	0.001127
10.27	0.001375
10.27	0.001223
10.28	0.001172
10.28	0.001211
10.29	0.00116
10.3	0.001709
10.3	0.001258
10.31	0.001106
10.31	0.001256
10.32	0.001097
10.33	0.001346
10.33	0.001195
10.34	0.001144
10.34	0.001294
10.35	0.001237
10.35	0.001086
10.36	0.001336
10.37	0.001384
10.37	0.001234
10.38	0.001284
10.38	0.0009331
10.39	0.001175
10.4	0.001324
10.4	0.001474
10.41	0.001223
10.41	0.001172
10.42	0.001422
10.42	0.001271
10.43	0.0008215
10.44	0.001372
10.44	0.001309
10.45	0.001359
10.45	0.00121
10.46	0.00106
10.47	0.00121
10.47	0.0008612
10.48	0.0008091
10.48	0.00116
10.49	0.0006082
10.5	0.0008457
10.5	0.0006965
10.51	0.0007408
10.52	0.0007316
10.53	0.0005761
10.53	0.0008271
10.54	0.0007781
10.54	0.0007285
10.56	0.0006178
10.56	0.0006675
10.57	0.0006159
10.58	0.0009672
10.58	0.0007046
10.6	0.0001976
10.6	0.0005419
10.61	0.0007916
10.61	0.0003434
10.62	0.0002952
10.62	0.0004467
10.63	0.0002974
10.64	0.0000435
10.64	0.0003953
10.65	0.0002473
10.66	0.001655
10.67	0.001194
10.67	0.001141
10.68	0.001187
10.69	0.001436
10.69	0.001277
10.7	0.001526
10.7	0.001574
10.71	0.001123
10.71	0.001472
10.72	0.00132
10.73	0.001268
10.73	0.0009171
10.74	0.001366
10.74	0.001215
10.75	0.001063
10.76	0.001404
10.76	0.001353
10.77	0.001303
10.77	0.001051
10.78	0.001094
10.78	0.0006431
10.79	0.001193
10.8	0.001042
10.8	0.001884
10.81	0.001033
10.81	0.0009812
10.82	0.001431
10.83	0.0007802
10.83	0.0009297
10.84	0.001079
10.84	0.001026
10.85	0.0008761
10.85	0.001523
10.86	0.0009724
10.87	0.0007222
10.87	0.0008705
10.88	0.0009204
10.88	0.001269
10.89	0.0007193
10.89	0.0007696
10.9	0.00112
10.91	0.0009692
10.91	0.0006191
10.92	0.0008681
10.92	0.0007176
10.93	0.0005674
10.93	0.0007174
10.94	0.000668
10.95	0.0007184
10.95	0.0006689
10.96	0.0003174
10.96	0.0005682
10.97	0.0006171
10.97	0.0003677
10.98	0.0005118
10.99	0.0003625
10.99	0.0007001
11.	0.0005501
11.01	0.000501
11.01	0.0002452
11.02	0.0005362
11.03	0.0002738
11.04	0.0004249
11.04	0.0001698
11.06	0.0003668
11.06	0.0002045
11.07	0.0001556
11.07	0.0002072
11.08	0.00005856
11.1	-0.0007741
11.1	-0.0008233
11.11	-0.0008724
11.11	-0.0009212
11.12	-0.00107
11.12	-0.0007178
11.13	-0.0007692
11.14	-0.0007174
11.14	-0.0007655
11.15	-0.0009141
11.16	0.00101
11.17	0.001258
11.17	0.001406
11.18	0.001048
11.18	0.001196
11.19	0.0009441
11.2	0.001392
11.2	0.001627
11.21	0.001375
11.21	0.0007227
11.22	0.001071
11.23	0.001115
11.23	0.001156
11.24	0.001005
11.24	0.0009538
11.25	0.001102
11.26	0.001051
11.26	0.001199
11.27	0.0006402
11.27	0.0008889
11.28	0.00113
11.29	0.001072
11.29	0.001221
11.3	0.0008641
11.3	0.0008135
11.31	0.0008622
11.32	0.0009038
11.32	0.0009533
11.33	0.0008967
11.34	0.0007463
11.34	0.0007935
11.35	0.001143
11.35	0.0007929
11.36	0.001042
11.36	0.0006918
11.37	0.0006416
11.38	0.0007918
11.38	0.001041
11.39	0.0005849
11.39	0.0007349
11.4	0.0008828
11.41	0.00023
11.41	0.0002804
11.42	0.0001304
11.42	0.0004809
11.43	0.00003097
11.43	0.0001815
11.44	0.0001319
11.44	0.0001824
11.45	0.0005321
11.46	0.0001826
11.46	-0.0000666
11.47	0.00008376
11.47	-0.00006537
11.48	0.0003853
11.48	0.00003507
11.49	0.00008608
11.5	0.0002369
11.5	0.00008773
11.51	-0.00006138
11.51	-0.0005169
11.53	-0.00002744
11.53	-0.0001835
11.54	-0.00003264
11.55	0.00001163
11.56	-0.00009413
11.56	-0.0003499
11.57	-0.0002062
11.58	-0.0002548
11.58	-0.0002031
11.6	-0.0004099
11.6	-0.0001591
11.61	-0.0001082
11.61	0.0000435
11.62	0.0001945
11.62	-0.0002606
11.63	-0.00002547
11.64	-0.0002807
11.65	-0.000436
11.65	-0.00008411
11.66	-0.03363
11.67	0.02382
11.67	0.004649
11.68	0.0008805
11.69	0.001129
11.69	0.0005708
11.7	0.0007191
11.71	0.000568
11.71	0.0008159
11.72	0.001064
11.72	0.0007122
11.73	0.001047
11.74	0.0006947
11.74	0.0004429
11.75	0.0006918
11.75	0.0007393
11.76	0.0005879
11.77	0.0006367
11.77	0.002083
11.78	0.001025
11.78	0.0009744
11.79	0.0005239
11.79	0.0007718
11.8	0.0003211
11.81	0.0003612
11.81	0.0005094
11.82	0.0004589
11.82	0.0002077
11.83	0.0003563
11.84	0.000506
11.84	0.0001412
11.85	0.0003831
11.86	0.0006321
11.86	0.0003812
11.87	0.0004311
11.87	0.0001669
11.88	0.0006168
11.89	0.0005603
11.89	0.0005103
11.9	0.0006607
11.9	0.0001106
11.91	0.00026
11.92	0.0004095
11.92	-0.0007436
11.93	-0.0005954
11.93	-0.0004451
11.94	-0.0002947
11.94	-0.0004442
11.95	-0.0003935
11.96	-0.0004432
11.96	-0.0003924
11.97	-0.0008418
11.97	-0.0006911
11.98	-0.0007471
11.99	-0.0005962
11.99	-0.0005456
12.	-0.0006003
12.	-0.0003501
12.01	-0.0005999
12.01	-0.0006499
12.03	-0.0003587
12.03	-0.0005148
12.04	-0.0008638
12.05	-0.0006134
12.06	-0.0006295
12.06	-0.0005789
12.07	-0.0007282
12.08	-0.0007775
12.08	-0.000627
12.09	-0.0006373
12.1	-0.0009878
12.11	-0.0006393
12.11	-0.0008888
12.12	-0.0009373
12.12	-0.0006871
12.13	-0.0008351
12.14	-0.0008833
12.14	-0.001231
12.15	-0.0009794
12.15	-0.0005331
12.17	0.0006217
12.17	0.0005693
12.18	0.001117
12.18	0.0007577
12.19	0.001606
12.2	0.0005535
12.2	0.0008014
12.21	0.00055
12.21	0.0005965
12.22	0.0009385
12.23	0.0006873
12.23	0.0008291
12.24	0.000778
12.24	0.0006262
12.25	0.002874
12.26	0.0007168
12.26	0.0004651
12.27	0.001014
12.27	0.000454
12.28	0.0008032
12.29	0.0007512
12.29	0.0008005
12.3	0.0006501
12.3	0.0005995
12.31	0.0006489
12.31	0.0003979
12.32	0.0006466
12.33	0.0008959
12.33	0.0004458
12.34	0.001095
12.34	0.0009385
12.35	0.0007875
12.35	0.0005366
12.36	0.000479
12.37	0.0005287
12.37	-0.0002246
12.38	-0.0002746
12.38	-0.0001253
12.39	-0.0002753
12.4	-0.0002281
12.4	-0.00007799
12.41	-0.00002782
12.41	-0.0002776
12.42	-0.0001273
12.42	-0.00007679
12.43	-0.0002267
12.44	-0.000276
12.44	-0.0004256
12.45	-0.0002751
12.45	-0.0001246
12.46	-0.0003741
12.46	-0.0008239
12.47	-0.000474
12.48	-0.0004236
12.48	-0.00007933
12.49	-0.000429
12.49	-0.0002789
12.5	-0.00002807
12.51	-0.0003836
12.51	-0.0003334
12.52	-0.0003831
12.53	-0.0003935
12.54	-0.0004448
12.54	-0.0005936
12.55	-0.0004431
12.56	-0.0005485
12.57	-0.0002979
12.57	-0.0002496
12.58	-0.0006981
12.58	-0.0003467
12.6	-0.0005534
12.6	-0.0005025
12.61	-0.000253
12.61	-0.000402
12.62	-0.0004517
12.63	-0.0006008
12.63	-0.000549
12.64	-0.0006971
12.64	-0.0005452
12.65	-0.000694
12.65	-0.0007418
12.67	0.001713
12.67	0.0006587
12.68	0.0007066
12.68	0.0007548
12.69	0.0007036
12.7	0.0004514
12.7	0.001
12.71	0.0006487
12.71	0.0005967
12.72	0.0005449
12.72	0.0005937
12.73	0.0005346
12.74	0.0007832
12.74	0.0004314
12.75	0.0005806
12.75	0.0008296
12.76	0.0007777
12.76	0.0006256
12.77	0.0006747
12.78	0.0005232
12.78	0.0004724
12.79	0.0009212
12.79	0.0002698
12.8	0.0006189
12.81	0.0004668
12.81	0.0009163
12.82	0.000553
12.82	0.0006011
12.83	0.0007506
12.84	0.0006976
12.84	0.0004465
12.85	0.0006897
12.85	0.0002392
12.86	0.0001883
12.87	0.0005369
12.87	0.0005866
12.88	0.0003339
12.88	0.0002831
12.89	0.0005332
12.89	0.0003835
12.9	0.0001334
12.91	0.00007698
12.91	0.0001272
12.92	0.0001748
12.92	0.0001251
12.93	0.0001747
12.94	0.0002246
12.94	0.0003748
12.95	0.0003236
12.95	0.0006734
12.96	0.0003242
12.96	-0.0003267
12.97	-0.00007601
12.98	-0.0003275
12.98	-0.00007651
12.99	-0.0005257
12.99	-0.00008738
13.	-0.0001365
13.01	-0.00008536
13.01	-0.0004351
13.02	-0.0001848
13.03	-0.0001929
13.04	-0.0003482
13.04	-0.00009676
13.05	-0.0005463
13.06	-0.0003493
13.07	-0.0004046
13.07	-0.0003608
13.08	-0.0006093
13.08	-0.0002578
13.1	-0.0001702
13.1	-0.0005193
13.11	-0.000174
13.12	-0.000423
13.12	-0.0004712
13.13	-0.0007206
13.13	-0.0002695
13.14	-0.0006183
13.14	-0.0005668
13.15	-0.001222
13.16	-0.0008704
13.17	0.0005883
13.18	0.0003345
13.18	0.0001762
13.19	0.0006247
13.19	0.0001732
13.2	0.0003218
13.2	0.0002705
13.21	0.0004191
13.22	0.00006737
13.22	0.0002161
13.23	-0.000135
13.23	0.0003133
13.24	0.000362
13.24	0.0001107
13.25	0.0001597
13.26	0.000296
13.26	0.00004513
13.27	0.0001943
13.28	0.000037
13.28	0.000486
13.29	0.0001236
13.29	0.0003727
13.3	0.00002232
13.31	-0.0001283
13.31	-0.00007956
13.32	-0.000231
13.32	0.0001187
13.33	0.00006856
13.33	0.0003108
13.34	-0.0000395
13.35	0.00001022
13.35	-0.00004638
13.36	-0.0002042
13.36	0.0002455
13.37	0.0002944
13.38	0.0001441
13.38	-0.0001084
13.39	-0.00005809
13.39	-0.0003083
13.4	-0.0000579
13.41	-0.000108
13.41	-0.0001575
13.42	-0.0001073
13.42	0.00004324
13.43	-6.43e-6
13.43	-0.0003628
13.44	-0.00001241
13.45	-0.0001617
13.45	0.00008856
13.46	-0.0003664
13.46	-0.00001608
13.47	-0.0001652
13.48	-0.00002101
13.48	-0.00027
13.49	-0.00001999
13.49	-0.00006918
13.5	-0.0002181
13.5	-0.0002679
13.51	-0.000317
13.52	-0.000366
13.53	-0.0003995
13.54	-0.00005551
13.54	-0.000306
13.55	-0.000355
13.56	-0.0004587
13.57	-0.0007081
13.57	-0.0005567
13.58	-0.000706
13.58	-0.0005545
13.6	-0.0002659
13.6	-0.0002148
13.61	-0.0005638
13.62	-0.0007251
13.62	-0.0001735
13.63	-0.0009281
13.63	-0.0006767
13.64	-0.000325
13.65	-0.0006785
13.65	-0.0004336
13.66	-0.0007892
13.67	0.001179
13.68	0.000417
13.69	0.000558
13.69	0.0005065
13.7	0.0005523
13.7	0.0006012
13.71	0.0005498
13.71	0.0006985
13.72	0.0002473
13.73	0.0003961
13.73	0.001845
13.74	0.0003868
13.74	-0.00006427
13.75	-0.0002223
13.76	0.0002268
13.76	0.0003761
13.77	0.0005249
13.77	0.0003674
13.78	0.0005166
13.79	0.0001592
13.79	0.0001084
13.8	0.000457
13.8	0.0006064
13.81	0.0002553
13.81	0.0001992
13.82	0.0003484
13.83	0.0003967
13.83	0.0003326
13.84	0.0001808
13.84	0.0004307
13.85	0.0001739
13.86	0.0005171
13.86	0.00006714
13.87	0.000317
13.88	0.0001645
13.88	0.0003079
13.89	0.0001572
13.89	0.0001043
13.9	0.0001537
13.9	0.0003039
13.91	0.000254
13.92	-0.000103
13.92	0.00004754
13.93	-2.138e-6
13.93	-0.0001518
13.94	-1.358e-6
13.95	0.0000491
13.95	0.00009959
13.96	-0.0001557
13.96	0.0003942
13.97	0.001345
13.98	-0.0001103
13.98	0.0002405
13.99	-0.00001046
13.99	-0.00005966
14.	-0.0001088
14.	0.0001356
14.01	0.00008655
14.02	-0.0001625
14.03	-0.0003763
14.04	-0.00002586
14.04	-0.0001804
14.05	-0.0004292
14.06	-0.0002571
14.07	-0.0002077
14.07	-0.00006173
14.08	-0.0001103
14.09	-0.0004588
14.1	-0.0002641
14.1	-0.0003132
14.11	-0.00006153
14.12	-0.000623
14.12	-0.0001776
14.13	-0.0002258
14.14	-0.0009761
14.14	-0.001125
14.15	-0.000673
14.15	-0.001421
14.16	-0.001169
14.17	0.00139
14.18	0.0009388
14.18	0.001087
14.19	0.001135
14.19	0.001178
14.2	0.001926
14.21	0.001074
14.21	0.0009207
14.22	0.001269
14.22	0.001018
14.23	0.001067
14.24	0.001013
14.24	0.001062
14.25	0.0007107
14.25	0.001253
14.26	0.001102
14.26	0.001251
14.27	0.0009003
14.28	0.0009497
14.28	0.0008987
14.29	0.001148
14.29	0.001297
14.3	0.001047
14.3	0.0007964
14.31	0.001139
14.32	0.0008885
14.32	0.001238
14.33	0.0005878
14.33	0.0009374
14.34	0.0008871
14.34	0.0007368
14.35	0.0007867
14.36	0.0008353
14.36	0.0008824
14.37	0.0006316
14.37	0.0009749
14.38	0.0009248
14.39	0.001068
14.39	0.001418
14.4	0.0008687
14.4	0.0009186
14.41	0.0009622
14.42	0.0008124
14.42	0.0005624
14.43	0.0009108
14.43	0.0009612
14.44	0.0004084
14.45	-0.00004184
14.45	0.0002086
14.46	0.0001592
14.46	0.0006028
14.47	0.0001534
14.47	4.054e-6
14.48	0.0005548
14.49	-0.00009521
14.49	0.0004493
14.5	0.0001002
14.5	0.0001511
14.51	0.0004965
14.52	0.00004721
14.53	0.0000258
14.54	0.0003762
14.54	0.00042
14.55	0.0003712
14.56	0.00005555
14.57	-0.00009358
14.57	0.0003398
14.58	0.00009126
14.59	0.0003427
14.6	-0.00006326
14.61	0.00008175
14.61	0.0003334
14.62	0.0001851
14.62	0.0004369
14.63	0.000183
14.63	-0.0001649
14.64	-0.00001303
14.65	-0.00006744
14.65	0.0001845
14.66	0.0001337
14.67	0.001691
14.68	0.001423
14.68	0.001372
14.69	0.001211
14.7	0.0008589
14.7	0.0008075
14.71	0.0007564
14.71	0.0007048
14.72	0.0009538
14.73	0.0007026
14.73	0.0009514
14.74	0.001099
14.74	0.000748
14.75	0.0009969
14.75	0.001045
14.76	0.001094
14.77	0.0009366
14.77	0.001086
14.78	0.0009349
14.78	0.0006842
14.79	0.001034
14.8	0.0009815
14.8	0.0006309
14.81	0.0009786
14.81	0.001028
14.82	0.0008777
14.82	0.001127
14.83	0.001263
14.84	0.0006127
14.84	0.0009626
14.85	0.0005123
14.86	0.0007489
14.86	0.0008958
14.87	0.0008454
14.87	0.0006955
14.88	0.0008447
14.88	0.0006947
14.89	0.001245
14.9	0.0008948
14.9	0.0008442
14.91	0.0008932
14.91	0.001028
14.92	0.0007779
14.93	0.0008282
14.93	0.0009785
14.94	0.001022
14.94	0.001073
14.95	0.0008233
14.96	0.0007738
14.96	0.0008243
14.97	0.000875
14.97	0.0006249
14.98	0.0006758
14.98	0.001126
14.99	0.0006706
15.	0.0007214
15.	0.0008716
15.01	0.0009225
15.01	0.0007734
15.02	0.0008237
15.03	0.0007159
15.04	0.0008663
15.04	0.0009174
15.05	0.0008667
15.06	0.000763
15.07	0.0008124
15.07	0.0007631
15.08	0.001014
15.09	0.0008579
15.1	0.0008403
15.1	0.000891
15.11	0.0008429
15.12	0.0008833
15.12	0.000828
15.13	0.00108
15.14	0.0009293
15.14	0.0009814
15.15	0.001414
15.16	0.0007591
15.16	0.0002973
15.18	0.00197
15.18	0.002111
15.19	0.00205
15.19	0.001999
15.2	0.002147
15.21	0.001994
15.21	0.001843
15.22	0.001791
15.22	0.002339
15.23	0.001987
15.24	0.002029
15.24	0.002078
15.25	0.002021
15.25	0.001769
15.26	0.002518
15.26	0.001966
15.27	0.002313
15.28	0.001757
15.28	0.001804
15.29	0.002253
15.29	0.002096
15.3	0.002143
15.31	0.001992
15.31	0.002342
15.32	0.001991
15.32	0.002141
15.33	0.002089
15.34	0.002038
15.34	0.001975
15.35	0.002225
15.35	0.002068
15.36	0.002018
15.37	0.002168
15.37	0.002117
15.38	0.002167
15.38	0.002315
15.39	0.002065
15.39	0.002114
15.4	0.002263
15.41	0.001814
15.41	0.002364
15.42	0.002514
15.42	0.002064
15.43	0.002215
15.44	0.002153
15.44	0.002403
15.45	0.002253
15.45	0.002403
15.46	0.001846
15.47	0.001696
15.47	0.001947
15.48	0.001597
15.48	0.001735
15.49	0.001885
15.5	0.002136
15.5	0.001878
15.51	0.001629
15.51	0.001681
15.52	0.002131
15.53	0.001523
15.54	0.001973
15.54	0.002025
15.55	0.001776
15.56	0.002072
15.57	0.002021
15.57	0.001971
15.58	0.00231
15.59	0.002161
15.6	0.001854
15.6	0.002104
15.61	0.002056
15.62	0.002007
15.62	0.002259
15.63	0.001811
15.63	0.002263
15.64	0.002115
15.64	0.002367
15.65	0.001818
15.66	0.001567
15.66	0.001919
15.68	0.00278
15.68	0.002821
15.69	0.002469
15.69	0.002811
15.7	0.003059
15.71	0.003108
15.71	0.003057
15.72	0.002699
15.72	0.002747
15.73	0.002996
15.73	0.003345
15.74	0.003394
15.75	0.003243
15.75	0.002591
15.76	0.00334
15.76	0.002881
15.77	0.00303
15.78	0.002577
15.78	0.003126
15.79	0.002973
15.79	0.003023
15.8	0.002972
15.81	0.003514
15.81	0.003163
15.82	0.003412
15.82	0.003362
15.83	0.003511
15.83	0.00376
15.84	0.003409
15.85	0.003446
15.85	0.003489
15.86	0.003739
15.87	0.003375
15.87	0.003412
15.88	0.003461
15.88	0.003611
15.89	0.003661
15.9	0.003911
15.9	0.00336
15.91	0.004004
15.91	0.003554
15.92	0.004005
15.93	0.004046
15.93	0.003396
15.94	0.003746
15.94	0.003497
15.95	0.004047
15.96	0.003797
15.96	0.003842
15.97	0.003592
15.97	0.003937
15.98	0.003788
15.99	0.003838
15.99	0.003983
16.	0.004727
16.	0.003978
16.01	0.004029
16.02	0.003378
16.02	0.003323
16.03	0.003415
16.04	0.003059
16.05	0.003504
16.06	0.003477
16.07	0.003514
16.08	0.003465
16.08	0.003313
16.09	0.003364
16.1	0.003753
16.11	0.003904
16.11	0.003755
16.12	0.003906
16.12	0.00395
16.13	0.003702
16.14	0.003854
16.14	0.004105
16.15	0.003652
16.15	0.004904
16.16	0.004056
16.16	0.004708
16.18	0.004877
16.18	0.005024
16.19	0.005373
16.19	0.004622
16.2	0.00527
16.21	0.005218
16.21	0.005067
16.22	0.005216
16.22	0.004864
16.23	0.005405
16.23	0.004753
16.24	0.004701
16.25	0.004951
16.25	0.004999
16.26	0.004948
16.26	0.005197
16.27	0.005746
16.27	0.005195
16.28	0.005044
16.29	0.005293
16.29	0.004942
16.3	0.005391
16.3	0.005241
16.31	0.00529
16.32	0.004829
16.32	0.005277
16.33	0.005027
16.33	0.005076
16.34	0.005726
16.34	0.005576
16.35	0.005725
16.36	0.004975
16.36	0.005525
16.37	0.005475
16.37	0.005725
16.38	0.005863
16.39	0.005713
16.39	0.005263
16.4	0.006613
16.4	0.005557
16.41	0.005906
16.42	0.005656
16.42	0.0058
16.43	0.00655
16.43	0.006094
16.44	0.007244
16.45	0.006095
16.45	0.006746
16.46	0.006496
16.46	0.006247
16.47	0.006497
16.47	0.006548
16.48	0.006591
16.49	0.006742
16.49	0.006691
16.5	0.006042
16.5	0.006392
16.51	0.006242
16.51	0.006394
16.52	0.006244
16.53	0.006128
16.54	0.006378
16.55	0.007029
16.55	0.00638
16.56	0.006776
16.57	0.006714
16.58	0.007064
16.58	0.007115
16.59	0.007666
16.6	0.006546
16.61	0.007397
16.61	0.007249
16.62	0.007392
16.63	0.007635
16.63	0.008486
16.64	0.008037
16.64	0.007582
16.65	0.008234
16.66	0.007986
16.66	0.008238
16.68	0.007485
16.68	0.008132
16.69	0.008679
16.69	0.008328
16.7	0.007976
16.71	0.008421
16.71	0.00837
16.72	0.008618
16.72	0.008866
16.73	0.008803
16.74	0.008352
16.74	0.009101
16.75	0.008449
16.75	0.008799
16.76	0.008947
16.76	0.008796
16.77	0.009039
16.78	0.009088
16.78	0.009831
16.79	0.00928
16.79	0.00983
16.8	0.009079
16.81	0.009728
16.81	0.009477
16.82	0.009019
16.82	0.01007
16.83	0.009318
16.84	0.01027
16.84	0.009117
16.85	0.01037
16.85	0.01002
16.86	0.01027
16.86	0.009615
16.87	0.01016
16.88	0.009513
16.88	0.01006
16.89	0.01041
16.89	0.01136
16.9	0.01081
16.9	0.01086
16.91	0.01011
16.92	0.01186
16.92	0.011
16.93	0.01105
16.93	0.0109
16.94	0.01145
16.95	0.0117
16.95	0.01135
16.96	0.0116
16.96	0.01105
16.97	0.0109
16.97	0.01085
16.98	0.0109
16.99	0.01205
16.99	0.012
17.	0.01235
17.	0.0116
17.01	0.01235
17.01	0.0129
17.02	0.01185
17.04	0.01342
17.04	0.01257
17.05	0.01403
17.05	0.01278
17.06	0.01297
17.07	0.01422
17.08	0.01297
17.08	0.01272
17.09	0.01537
17.1	0.01406
17.11	0.01411
17.11	0.01536
17.12	0.01541
17.13	0.01425
17.13	0.0147
17.14	0.01405
17.14	0.0152
17.15	0.01536
17.15	0.01461
17.16	0.01435
17.17	0.0144
17.18	0.01347
17.19	0.01262
17.19	0.01437
17.2	0.01372
17.2	0.01416
17.21	0.01391
17.21	0.01336
17.22	0.01301
17.23	0.01436
17.23	0.01391
17.24	0.01375
17.24	0.01389
17.25	0.01364
17.26	0.01359
17.26	0.01404
17.27	0.01458
17.27	0.01473
17.28	0.01438
17.28	0.01463
17.29	0.01548
17.3	0.01613
17.3	0.01528
17.31	0.01562
17.31	0.01507
17.32	0.01592
17.33	0.01537
17.33	0.01782
17.34	0.01556
17.34	0.01531
17.35	0.01655
17.35	0.0159
17.37	0.01629
17.37	0.01984
17.38	0.01859
17.39	0.01703
17.39	0.01678
17.4	0.01782
17.4	0.02027
17.41	0.01802
17.42	0.01767
17.42	0.01812
17.43	0.01847
17.43	0.01801
17.44	0.01846
17.45	0.02031
17.45	0.02036
17.46	0.01961
17.46	0.01996
17.47	0.01931
17.47	0.02027
17.48	0.01882
17.49	0.02027
17.49	0.02072
17.5	0.01977
17.5	0.02062
17.51	0.02156
17.51	0.02041
17.52	0.02086
17.53	0.02166
17.54	0.02251
17.54	0.02156
17.55	0.02241
17.56	0.02338
17.57	0.02274
17.58	0.02609
17.58	0.02374
17.59	0.02368
17.6	0.02388
17.61	0.02573
17.61	0.02488
17.62	0.02303
17.62	0.02528
17.63	0.02573
17.64	0.02498
17.64	0.02513
17.65	0.02707
17.65	0.02622
17.66	0.02487
17.67	0.02642
17.69	0.02403
17.69	0.02347
17.7	0.02282
17.71	0.02187
17.71	0.02182
17.72	0.02327
17.72	0.02321
17.73	0.02374
17.74	0.02388
17.74	0.02303
17.75	0.02278
17.75	0.02393
17.76	0.02318
17.77	0.02623
17.77	0.02398
17.78	0.02403
17.78	0.02718
17.79	0.02392
17.79	0.02607
17.8	0.02562
17.81	0.02776
17.81	0.02711
17.82	0.02656
17.82	0.02691
17.83	0.02656
17.84	0.02725
17.85	0.0285
17.85	0.02805
17.86	0.0278
17.87	0.02815
17.87	0.028
17.88	0.02874
17.88	0.02839
17.89	0.02944
17.89	0.03229
17.9	0.02905
17.91	0.0327
17.91	0.03303
17.92	0.03418
17.92	0.02913
17.93	0.03308
17.94	0.03333
17.94	0.03388
17.95	0.03113
17.95	0.03138
17.96	0.03143
17.96	0.03308
17.98	0.03377
17.98	0.03412
17.99	0.03307
17.99	0.03472
18.	0.03436
18.01	0.03601
18.01	0.03566
18.02	0.03541
18.02	0.03676
18.03	0.03831
18.04	0.03986
18.04	0.03811
18.05	0.04016
18.05	0.04011
18.07	0.0399
18.07	0.03954
18.08	0.04169
18.08	0.04414
18.09	0.03899
18.11	0.04241
18.12	0.04386
18.12	0.04311
18.13	0.04286
18.14	0.04461
18.14	0.04276
18.15	0.04401
18.15	0.04476
18.16	0.04611
18.16	0.04377
18.18	0.03501
18.18	0.03636
18.19	0.0402
18.2	0.04045
18.2	0.0378
18.21	0.03925
18.21	0.0408
18.22	0.03895
18.22	0.0388
18.23	0.04284
18.24	0.04219
18.24	0.04244
18.25	0.04959
18.25	0.04044
18.27	0.04143
18.27	0.04127
18.28	0.04142
18.28	0.04397
18.29	0.04442
18.3	0.04656
18.3	0.04401
18.31	0.04915
18.31	0.0463
18.32	0.04705
18.33	0.0484
18.33	0.04684
18.34	0.04739
18.34	0.04774
18.35	0.04819
18.35	0.05074
18.36	0.05299
18.37	0.05244
18.38	0.05154
18.38	0.05108
18.39	0.05493
18.39	0.05228
18.4	0.05393
18.41	0.05507
18.42	0.05306
18.43	0.05631
18.43	0.06156
18.44	0.05531
18.44	0.05646
18.45	0.05731
18.45	0.06066
18.46	0.06181
18.47	0.05686
18.47	0.06201
18.48	0.06046
18.48	0.06361
18.49	0.06296
18.5	0.06531
18.5	0.06305
18.51	0.0665
18.51	0.06585
18.52	0.0646
18.53	0.06244
18.53	0.07419
18.54	0.07254
18.54	0.06999
18.55	0.07205
18.55	0.0714
18.56	0.06825
18.57	0.0687
18.57	0.07284
18.58	0.07384
18.6	0.07342
18.61	0.07901
18.62	0.07316
18.62	0.07601
18.63	0.07706
18.63	0.07801
18.64	0.08197
18.65	0.08021
18.65	0.08765
18.66	0.0826
18.67	0.08515
18.68	0.06521
18.68	0.06585
18.69	0.0687
18.7	0.06625
18.7	0.0669
18.71	0.06794
18.71	0.06619
18.72	0.06894
18.74	0.07154
18.75	0.07159
18.75	0.07554
18.76	0.07168
18.77	0.08033
18.77	0.07538
18.78	0.07683
18.78	0.07808
18.79	0.07632
18.79	0.08027
18.8	0.07992
18.81	0.08207
18.81	0.08152
18.82	0.08227
18.82	0.08461
18.83	0.08306
18.84	0.08781
18.84	0.09066
18.85	0.08949
18.85	0.08774
18.87	0.08463
18.87	0.08418
18.88	0.09393
18.89	0.09102
18.9	0.09927
18.9	0.09612
18.92	0.0781
18.92	0.07655
18.93	0.07469
18.93	0.07304
18.94	0.07849
18.94	0.07613
18.95	0.07798
18.96	0.07723
18.96	0.07987
18.97	0.08192
18.97	0.08316
18.98	0.08161
18.99	0.08295
18.99	0.0862
19.	0.08725
19.	0.09099
19.01	0.08804
19.02	0.08887
19.02	0.09112
19.03	0.09
19.04	0.09184
19.05	0.09669
19.06	0.09528
19.07	0.09412
19.07	0.09677
19.08	0.09701
19.09	0.08315
19.1	0.07979
19.11	0.07685
19.12	0.0803
19.12	0.08454
19.13	0.08029
19.13	0.08903
19.14	0.08217
19.15	0.08362
19.15	0.09326
19.16	0.08981
19.16	0.08726
19.17	0.08479
19.17	0.08934
19.18	0.08849
19.19	0.09753
19.2	0.09731
19.21	0.07321
19.23	0.07218
19.23	0.07202
19.24	0.07517
19.24	0.07721
19.25	0.08255
19.26	0.08488
19.26	0.08633
19.27	0.07897
19.27	0.07841
19.28	0.08275
19.29	0.0871
19.29	0.08664
19.3	0.08168
19.3	0.08192
19.31	0.08477
19.32	0.08319
19.32	0.08504
19.33	0.08708
19.33	0.08953
19.34	0.102
19.35	0.09665
19.36	0.0905
19.36	0.09004
19.37	0.09469
19.38	0.1009
19.38	0.09748
19.39	0.1041
19.4	0.0974
19.41	0.09725
19.41	0.1036
19.42	0.09724
19.42	0.1015
19.43	0.1074
19.44	0.0839
19.45	0.07624
19.45	0.08509
19.46	0.08663
19.47	0.08357
19.47	0.08812
19.48	0.08776
19.48	0.0969
19.49	0.1019
19.49	0.08959
19.5	0.08863
19.51	0.09057
19.51	0.09591
19.52	0.09465
19.53	0.09793
19.54	0.09646
19.55	0.09914
19.56	0.1039
19.57	0.07542
19.58	0.07945
19.58	0.0772
19.59	0.07963
19.59	0.07748
19.6	0.08722
19.61	0.08099
19.62	0.08793
19.62	0.08906
19.63	0.08861
19.64	0.09155
19.64	0.09559
19.65	0.08944
19.65	0.09648
19.66	0.08392
19.67	0.09056
19.67	0.0974
19.68	0.08965
19.68	0.09498
19.7	0.09865
19.71	0.1008
19.72	0.1016
19.73	0.08112
19.74	0.07905
19.74	0.0801
19.75	0.07654
19.75	0.08098
19.76	0.07742
19.77	0.07987
19.77	0.08519
19.78	0.08354
19.78	0.08338
19.81	0.09666
19.81	0.0891
19.82	0.08705
19.82	0.08928
19.83	0.09133
19.84	0.0992
19.85	0.08734
19.85	0.09698
19.86	0.09293
19.87	0.09666
19.87	0.09991
19.88	0.09755
19.88	0.1064
19.89	0.09773
19.9	0.1065
19.9	0.1028
19.91	0.08512
19.92	0.08026
19.93	0.0763
19.93	0.08004
19.94	0.07808
19.95	0.08321
19.95	0.08595
19.96	0.08609
19.96	0.08843
19.97	0.08511
19.98	0.08714
20.	0.09713
20.01	0.08787
20.01	0.09921
20.02	0.09864
20.03	0.09819
20.03	0.09113
20.04	0.09208
20.04	0.09752
20.05	0.09796
20.06	0.0999
20.06	0.101
20.07	0.08094
20.08	0.07928
20.09	0.08002
20.09	0.08176
20.1	0.08979
20.1	0.09023
20.11	0.08917
20.12	0.08811
20.12	0.08706
20.13	0.087
20.13	0.08664
20.15	0.08651
20.15	0.09236
20.16	0.09523
20.18	0.1011
20.18	0.09094
20.19	0.1022
20.19	0.09513
20.2	0.09677
20.21	0.0987
20.21	0.1022
20.22	0.1014
20.23	0.0765
20.24	0.08454
20.24	0.08278
20.25	0.08083
20.25	0.08335
20.26	0.0856
20.27	0.08422
20.27	0.09217
20.28	0.08381
20.28	0.08725
20.29	0.09119
20.3	0.08883
20.3	0.09507
20.31	0.0895
20.33	0.09689
20.34	0.09643
20.34	0.09307
20.35	0.09525
20.36	0.1028
20.37	0.1125
20.38	0.08235
20.38	0.0852
20.39	0.07824
20.4	0.08367
20.4	0.08322
20.41	0.08356
20.41	0.083
20.43	0.08827
20.43	0.08851
20.44	0.08215
20.44	0.09
20.46	0.08947
20.46	0.08971
20.47	0.09386
20.47	0.0871
20.48	0.09034
20.48	0.09288
20.49	0.09103
20.5	0.09647
20.5	0.09681
20.51	0.09428
20.52	0.09622
20.53	0.09706
20.53	0.1011
20.54	0.1
20.55	0.07656
20.56	0.0779
20.56	0.08475
20.57	0.07729
20.57	0.08013
20.58	0.08457
20.59	0.08681
20.59	0.08155
20.6	0.08449
20.61	0.08327
20.62	0.0845
20.62	0.09844
20.63	0.09471
20.64	0.08585
20.65	0.08859
20.65	0.08893
20.66	0.09847
20.66	0.09462
20.67	0.09856
20.68	0.09283
20.69	0.09767
20.69	0.09992
20.7	0.09986
20.7	0.1023
20.71	0.09724
20.72	0.1016
20.72	0.1035
20.73	0.08558
20.74	0.08352
20.75	0.08286
20.76	0.08293
20.76	0.08707
20.78	0.08305
20.78	0.08819
20.79	0.09582
20.8	0.09056
20.8	0.0927
20.81	0.09245
20.81	0.09549
20.82	0.09813
20.82	0.09387
20.83	0.1008
20.84	0.09669
20.85	0.1016
20.85	0.09678
20.86	0.09802
20.86	0.1017
20.87	0.1066
20.88	0.07728
20.89	0.07911
20.9	0.08605
20.9	0.0856
20.91	0.08077
20.92	0.08311
20.93	0.08678
20.94	0.08941
20.95	0.09155
20.95	0.08689
20.96	0.08701
20.96	0.09146
20.97	0.0909
20.98	0.09154
20.98	0.09618
20.99	0.09613
20.99	0.09837
21.	0.09741
21.01	0.09739
21.02	0.1067
21.02	0.102
21.03	0.07911
21.04	0.08105
21.05	0.07999
21.06	0.08035
21.07	0.07949
21.07	0.08513
21.08	0.0851
21.09	0.08183
21.1	0.08487
21.1	0.08731
21.11	0.08715
21.11	0.0863
21.12	0.08974
21.13	0.09118
21.13	0.09662
21.14	0.08946
21.15	0.09363
21.16	0.09357
21.16	0.09451
21.17	0.09615
21.17	0.1007
21.18	0.1009
21.19	0.07915
21.2	0.07689
21.2	0.08173
21.21	0.07717
21.22	0.08381
21.22	0.08315
21.23	0.08323
21.25	0.09039
21.25	0.09043
21.26	0.09397
21.26	0.09021
21.27	0.09146
21.28	0.0952
21.28	0.09194
21.29	0.09488
21.29	0.09162
21.3	0.09717
21.3	0.1038
21.31	0.09875
21.32	0.09399
21.32	0.09384
21.33	0.1004
21.33	0.1001
21.35	0.1009
21.35	0.1031
21.37	0.07767
21.38	0.07994
21.38	0.08128
21.39	0.08461
21.4	0.08575
21.4	0.08209
21.42	0.08446
21.42	0.0895
21.43	0.08904
21.43	0.08708
21.44	0.09132
21.45	0.09336
21.45	0.08969
21.46	0.09414
21.46	0.09568
21.47	0.09252
21.47	0.09716
21.48	0.09731
21.49	0.09625
21.49	0.09539
21.5	0.09903
21.5	0.1029
21.52	0.1086
21.53	0.07769
21.53	0.08423
21.54	0.08507
21.55	0.08251
21.56	0.08449
21.56	0.08462
21.58	0.08759
21.58	0.08904
21.59	0.09208
21.59	0.09472
21.6	0.08956
21.61	0.0911
21.61	0.08784
21.62	0.09699
21.62	0.09283
21.63	0.09287
21.64	0.1012
21.64	0.09615
21.65	0.1038
21.66	0.09956
21.66	0.09541
21.67	0.1049
21.68	0.1019
21.69	0.08012
21.7	0.07936
21.71	0.08153
21.71	0.08467
21.72	0.08321
21.73	0.08285
21.73	0.08429
21.74	0.08814
21.74	0.09278
21.75	0.08802
21.75	0.08486
21.77	0.08813
21.77	0.09867
21.78	0.1001
21.79	0.1005
21.79	0.09288
21.8	0.09103
21.81	0.0931
21.82	0.1057
21.82	0.1028
21.83	0.07476
21.84	0.0755
21.85	0.07864
21.85	0.08148
21.86	0.07912
21.86	0.07896
21.87	0.0898
21.88	0.08608
21.89	0.08222
21.89	0.08296
21.9	0.0926
21.91	0.08985
21.92	0.09349
21.92	0.08943
21.93	0.09038
21.94	0.09442
21.94	0.09206
21.95	0.0935
21.95	0.09144
21.96	0.09469
21.96	0.09533
21.97	0.09367
21.98	0.09375
21.99	0.104
21.99	0.1005
22.01	0.07875
22.01	0.08359
22.03	0.08156
22.03	0.0815
22.04	0.08545
22.05	0.08541
22.06	0.08955
22.06	0.08639
22.07	0.08713
22.07	0.08797
22.08	0.09321
22.09	0.09525
22.09	0.09029
22.1	0.09223
22.1	0.09256
22.11	0.0935
22.12	0.09704
22.12	0.09308
22.13	0.1047
22.13	0.1061
22.15	0.07913
22.15	0.07587
22.17	0.08335
22.18	0.08259
22.18	0.08403
22.19	0.07908
22.2	0.08322
22.21	0.08378
22.21	0.08152
22.22	0.09006
22.23	0.093
22.23	0.09414
22.24	0.09507
22.25	0.1006
22.25	0.08905
22.26	0.08899
22.26	0.09573
22.27	0.09418
22.27	0.09582
22.28	0.09676
22.29	0.0989
22.3	0.1027
22.3	0.09802
22.31	0.1015
22.32	0.103
22.33	0.08093
22.33	0.07607
22.35	0.08064
22.35	0.07978
22.36	0.08632
22.37	0.07989
22.38	0.08392
22.38	0.08357
22.39	0.08701
22.39	0.08905
22.4	0.09079
22.41	0.08663
22.41	0.08517
22.42	0.0941
22.42	0.09255
22.43	0.09219
22.44	0.09583
22.44	0.09347
22.46	0.1048
22.46	0.09348
22.47	0.1008
22.47	0.1007
22.49	0.07947
22.49	0.08041
22.5	0.08508
22.51	0.09482
22.52	0.08606
22.53	0.08653
22.53	0.08568
22.54	0.08902
22.55	0.08606
22.55	0.0863
22.56	0.08554
22.56	0.09198
22.57	0.08992
22.58	0.08816
22.58	0.0886
22.59	0.08804
22.59	0.08937
22.6	0.09352
22.61	0.09426
22.61	0.0931
22.62	0.1002
22.62	0.1006
22.64	0.07637
22.65	0.07773
22.66	0.07816
22.67	0.08034
22.67	0.08428
22.68	0.08282
22.69	0.09238
22.7	0.08043
22.7	0.08986
22.71	0.0859
22.72	0.08644
22.72	0.08728
22.73	0.08602
22.73	0.08506
22.74	0.0923
22.75	0.09244
22.75	0.09419
22.76	0.09263
22.76	0.09837
22.77	0.09861
22.77	0.09666
22.78	0.1049
22.79	0.1024
22.8	0.07533
22.8	0.07378
22.83	0.08295
22.83	0.08019
22.84	0.08486
22.85	0.08609
22.86	0.08773
22.86	0.09258
22.87	0.08742
22.87	0.08786
22.88	0.08639
22.89	0.08743
22.89	0.08957
22.91	0.08873
22.91	0.09617
22.92	0.09352
22.92	0.09505
22.94	0.09783
22.94	0.09847
22.95	0.1039
22.95	0.1051
22.97	0.08417
22.97	0.0766
22.98	0.08217
22.99	0.08539
23.	0.08123
23.	0.08188
23.01	0.08211
23.02	0.08885
23.02	0.08879
23.03	0.08783
23.03	0.08578
23.04	0.09212
23.05	0.08915
23.05	0.0991
23.06	0.08844
23.06	0.08798
23.07	0.08962
23.07	0.09707
23.08	0.09081
23.09	0.09305
23.09	0.09809
23.1	0.09543
23.1	0.09848
23.11	0.09795
23.13	0.1006
23.13	0.1092
23.16	0.08056
23.16	0.0838
23.17	0.08474
23.17	0.08978
23.18	0.08942
23.18	0.08596
23.19	0.0883
23.2	0.08714
23.2	0.08648
23.21	0.09673
23.21	0.09587
23.22	0.09591
23.22	0.09545
23.23	0.08949
23.24	0.09744
23.24	0.09808
23.25	0.09192
23.25	0.1042
23.26	0.09201
23.27	0.1045
23.28	0.1026
23.29	0.08022
23.3	0.08179
23.31	0.08212
23.32	0.08489
23.33	0.08713
23.33	0.09077
23.34	0.09041
23.34	0.08996
23.35	0.0925
23.36	0.08693
23.36	0.09377
23.37	0.08911
23.37	0.09086
23.38	0.0946
23.39	0.09014
23.39	0.09228
23.4	0.09782
23.4	0.1041
23.41	0.1018
23.43	0.08686
23.44	0.0813
23.44	0.08174
23.46	0.07981
23.46	0.07735
23.47	0.07749
23.47	0.08593
23.49	0.0806
23.49	0.08304
23.5	0.08088
23.5	0.08652
23.51	0.08426
23.52	0.0854
23.52	0.08554
23.53	0.08678
23.53	0.08922
23.54	0.09086
23.54	0.0928
23.55	0.09504
23.56	0.09589
23.56	0.09683
23.57	0.09847
23.57	0.0954
23.58	0.09755
23.59	0.09398
23.59	0.09862
23.61	0.1026
23.63	0.1008
23.64	0.07893
23.65	0.08757
23.65	0.08321