2.8e-09 2.21875 2.73438 0 229316797 4 229257836 12
2.8e-09 2.23438 2.75 0 222734631 0 222988340 0
2.8e-09 2.79688 3.32812 0 231444513 3 231342185 1
2.8e-09 2.375 2.89062 0 225504010 8 225209109 3
2.8e-09 2.07812 2.4375 0 227964633 2 228158695 18
2.8e-09 2.14062 2.51562 0 201242591 4 201229233 3
2.8e-09 2.10938 2.48438 0 210765440 1 210752259 1
2.8e-09 2.375 2.89062 0 227168843 0 227383372 6
2.8e-09 2.40625 2.92188 0 212308794 5 212485713 2
2.8e-09 1.85938 2.375 0 193535245 15 193612340 6
2.8e-09 1.875 2.39062 0 249735059 20 249982301 0
2.8e-09 2.29688 2.8125 0 195922251 15 195880183 3
2.8e-09 2.85938 3.375 0 206384022 1 206682380 4
2.8e-09 2.07812 2.45312 0 224282039 1 224043376 0
2.8e-09 2.15625 2.53125 0 195221190 1 195169835 3
2.8e-09 2.64062 3.01562 0 236857619 1 236735724 0
2.8e-09 2.07812 2.45312 0 225615325 2 225699629 0
2.8e-09 2.15625 2.51562 0 195912703 6 195904678 1
2.8e-09 2.3125 2.82812 0 253290837 1 253273118 0
2.8e-09 1.85938 2.39062 0 191688386 1 191707458 27
2.8e-09 2.15625 2.53125 0 191485764 1 191477682 0
2.8e-09 2.1875 2.54688 0 246576627 0 246540775 2
2.8e-09 2.65625 3.01562 0 233834046 0 234085895 0
2.8e-09 2.10938 2.48438 0 211153612 0 211270377 8
2.8e-09 2.76562 3.29688 0 246560955 0 246443379 1
2.8e-09 2.09375 2.45312 0 220917588 0 220781485 1
2.8e-09 2.57812 2.95312 0 199109289 1 199232228 1
2.8e-09 2.125 2.48438 0 209110932 3 209134509 3
2.8e-09 2.57812 2.95312 0 202309263 0 202168138 8
2.8e-09 2.59375 2.96875 0 195669475 1 195696120 12
2.8e-09 2.6875 3.0625 0 218142521 0 218479588 5
2.8e-09 2.29688 2.8125 0 199302256 0 199399362 4
2.8e-09 2.28125 2.79688 0 202321337 2 202466562 11
2.8e-09 2.70312 3.0625 0 213583853 1 213800708 0
2.8e-09 2.07812 2.4375 0 227839584 2 227915294 6
2.8e-09 2.67188 3.04688 0 222477035 1 221995346 0
2.8e-09 2.20312 2.5625 0 239335223 4 239469985 0
2.8e-09 2.85938 3.375 0 210346086 3 210242743 3
2.8e-09 2.17188 2.53125 0 190642866 0 190656243 17
2.8e-09 2.35938 2.875 0 232088254 3 231998991 3
2.8e-09 1.875 2.39062 0 190038488 34 190264754 4
2.8e-09 2.07812 2.45312 0 226045928 2 226440056 9
2.8e-09 2.625 2.98438 0 249284744 2 249702482 3
2.8e-09 2.21875 2.73438 0 231647449 51 231774042 3
2.8e-09 2.25 2.76562 0 218441177 26 218535110 1
2.8e-09 2.39062 2.92188 0 216117240 0 216052731 3
2.8e-09 2.1875 2.54688 0 246065089 0 245927801 4
2.8e-09 2.125 2.5 0 203378772 0 203611830 5
2.8e-09 2.39062 2.90625 0 220309473 12 220621323 5
2.8e-09 1.875 2.39062 0 251400480 3 251289413 1
2.8e-09 2.25 2.76562 0 213841833 14 213954600 10
2.8e-09 1.90625 2.42188 0 239600035 33 239547799 1
2.8e-09 2.34375 2.85938 0 237499233 12 237440755 0
2.8e-09 2.20312 2.73438 0 233517687 13 233630373 0
2.8e-09 2.29688 2.82812 0 193825602 2 193668140 0
2.8e-09 2.14062 2.51562 0 197068325 25 197110755 5
2.8e-09 2.29688 2.8125 0 199700494 7 199501945 3
2.8e-09 2.57812 2.95312 0 199705574 2 199497497 0
2.8e-09 2.35938 2.875 0 233368794 1 233617585 4
2.8e-09 2.84375 3.35938 0 216245262 0 216048032 0
2.8e-09 2.64062 3.01562 0 239935833 1 240199041 6
2.8e-09 2.09375 2.46875 0 217880734 0 217659456 10
2.8e-09 2.28125 2.79688 0 201291063 4 200947003 1
2.8e-09 2.57812 2.95312 0 202945900 4 202823476 1
2.8e-09 2.10938 2.48438 0 211397174 0 211313962 2
2.8e-09 1.85938 2.375 0 195077622 1 195028946 6
2.8e-09 2.28125 2.8125 0 200484082 0 200577385 0
2.8e-09 2.34375 2.85938 0 240493866 5 240574725 3
2.8e-09 2.23438 2.75 0 221223900 0 221072204 0
2.8e-09 2.32812 2.84375 0 244958100 1 245128979 4
2.8e-09 2.20312 2.73438 0 233704625 0 233668830 3
2.8e-09 2.70312 3.0625 0 213977867 2 213751686 5
2.8e-09 2.07812 2.45312 0 225181685 2 225199553 6
2.8e-09 2.125 2.5 0 205946929 1 205902787 17
2.8e-09 2.0625 2.4375 0 231368930 7 231540362 2
2.8e-09 2.09375 2.46875 0 217488274 1 217361963 1
2.8e-09 2.65625 3.03125 0 231418154 1 231678153 32
2.8e-09 2.20312 2.73438 0 232606613 4 232666331 2
2.8e-09 2.3125 2.84375 0 250663338 8 250700504 1
2.8e-09 2.1875 2.5625 0 243337000 0 243133083 12
2.8e-09 2.09375 2.46875 0 217280789 0 217416172 3
2.8e-09 2.14062 2.5 0 202751741 0 202633328 0
2.8e-09 2.10938 2.48438 0 209614840 0 209518291 0
2.8e-09 2.14062 2.51562 0 200967279 1 200916745 3
2.8e-09 2.1875 2.5625 0 244703145 0 244343442 0
2.8e-09 2.09375 2.46875 0 220664583 10 220449185 110
2.8e-09 2.21875 2.73438 0 232259462 15 232406880 12
2.8e-09 1.89062 2.40625 0 243015220 3 243028749 6
2.8e-09 2.73438 3.25 0 197243193 12 196797371 39
2.8e-09 2.84375 3.35938 0 213294749 10 213021051 11
2.8e-09 2.70312 3.0625 0 213442836 6 213277954 6
2.8e-09 2.84375 3.35938 0 214192693 0 214009643 0
2.8e-09 2.76562 3.28125 0 248590023 3 248430370 1
2.8e-09 2.70312 3.0625 0 214384683 0 214055461 1
2.8e-09 2.09375 2.46875 0 220392684 4 220210930 2
2.8e-09 1.875 2.39062 0 190258616 4 190358089 11
2.8e-09 2.40625 2.92188 0 211729312 1 211842696 7
2.8e-09 2.32812 2.84375 0 247141647 6 246998648 0
2.8e-09 1.875 2.39062 0 190596641 6 190916681 0
2.8e-09 2.15625 2.51562 0 195887715 11 195947628 14
2.8e-09 2.0625 2.42188 0 234877110 6 234882349 1
2.8e-09 2.65625 3.03125 0 228807195 7 228859000 5
2.8e-09 2.3125 2.84375 0 251539533 0 251733994 5
2.8e-09 2.8125 3.34375 0 225244534 1 225364686 1
2.8e-09 2.8125 3.32812 0 225913885 2 226025760 8
2.8e-09 2.0625 2.4375 0 232847776 0 232888605 6
2.8e-09 2.75 3.26562 0 191165263 17 191755695 0
2.8e-09 2.1875 2.5625 0 242332205 0 242082146 0
2.8e-09 2.6875 3.0625 0 215300890 7 215005725 12
2.8e-09 2.23438 2.75 0 223980517 1 224236305 48
2.8e-09 1.85938 2.375 0 195744238 0 196033049 10
2.8e-09 2.26562 2.78125 0 209213918 25 209271547 9
2.8e-09 1.875 2.39062 0 253194463 2 253182721 0
2.8e-09 1.85938 2.375 0 194406891 11 194415745 1
2.8e-09 2.14062 2.51562 0 198298901 2 198207994 0
2.8e-09 2.39062 2.90625 0 220468669 0 220253006 1
2.8e-09 2.07812 2.45312 0 227123352 5 227258867 1
2.8e-09 2.0625 2.4375 0 229482707 0 229544238 6
2.8e-09 2.625 3 0 244876916 1 245199305 0
2.8e-09 2.125 2.5 0 207601765 4 207770933 0
2.8e-09 2.29688 2.82812 0 193788851 4 193744860 2
2.8e-09 2.0625 2.4375 0 233591901 23 233280696 2
2.8e-09 2.59375 2.96875 0 197271428 23 197189302 0
2.8e-09 1.875 2.39062 0 251923159 1 251507373 13
2.8e-09 1.89062 2.40625 0 243431078 1 243555418 0
2.8e-09 2.29688 2.8125 0 199442155 27 199748174 2
2.8e-09 2.20312 2.73438 0 232294971 3 232594574 1
2.8e-09 2.42188 2.9375 0 205293344 0 205240988 2
2.8e-09 2.15625 2.51562 0 195430820 1 195600263 4
2.8e-09 2.35938 2.875 0 232212478 0 232120387 3
2.8e-09 2.34375 2.85938 0 238576363 13 238791842 2
2.8e-09 2.09375 2.46875 0 219593562 5 219505855 1
2.8e-09 2.59375 2.96875 0 194730691 3 194701857 1
2.8e-09 2.15625 2.53125 0 191410808 5 191384266 0
2.8e-09 2.1875 2.5625 0 243397198 0 243152242 0
2.8e-09 2.78125 3.29688 0 244448772 3 244604491 2
2.8e-09 2.34375 2.85938 0 242373264 2 242641316 8
2.8e-09 2.0625 2.42188 0 235420379 0 235484524 2
2.8e-09 2.07812 2.45312 0 227220758 4 227039051 0
2.8e-09 2.70312 3.07812 0 210046600 23 210551872 1
2.8e-09 2.76562 3.28125 0 248717182 4 249114782 10
2.8e-09 2.65625 3.01562 0 233742770 9 234009459 3
2.8e-09 2.82812 3.34375 0 221970090 7 222050042 7
2.8e-09 2.67188 3.04688 0 224542802 2 224115190 26
2.8e-09 2.71875 3.23438 0 204068965 4 203978406 5
2.8e-09 2.1875 2.5625 0 240179343 3 240572813 1
2.8e-09 2.60938 2.96875 0 192412170 0 192429044 5
2.8e-09 2.39062 2.90625 0 219914512 0 219955182 4
2.8e-09 2.625 2.98438 0 249613528 0 249577438 51
2.8e-09 2.1875 2.5625 0 240898892 4 240978933 12
2.8e-09 2.23438 2.75 0 222905241 2 223030813 1
2.8e-09 2.14062 2.5 0 202027794 1 201932675 0
2.8e-09 1.89062 2.40625 0 247531971 2 247442746 0
2.8e-09 2.125 2.48438 0 207709459 17 207858370 7
2.8e-09 2.82812 3.34375 0 223060165 1 223096478 0
2.8e-09 2.64062 3.01562 0 239163494 1 239474052 8
2.8e-09 2.125 2.5 0 206983950 4 206827676 3
2.8e-09 2.6875 3.04688 0 220086802 1 219708720 0
2.8e-09 2.64062 3 0 240870905 0 241215567 1
2.8e-09 2.625 3 0 242041783 0 242373419 4
2.8e-09 2.8125 3.32812 0 228750206 8 228959854 2
2.8e-09 2.10938 2.48438 0 210101848 4 210055170 3
2.8e-09 2.35938 2.875 0 233906190 0 233614418 6
2.8e-09 2.07812 2.45312 0 223113169 4 223082763 10
2.8e-09 2.70312 3.07812 0 210201572 10 209882409 2
2.8e-09 1.85938 2.375 0 195109505 5 195264568 4
2.8e-09 2.8125 3.32812 0 226150988 2 226214009 2
2.8e-09 2.3125 2.82812 0 190603121 6 190668331 0
2.8e-09 2.10938 2.46875 0 215407711 3 215506908 0
2.8e-09 2.15625 2.51562 0 196435253 1 196267643 4
2.8e-09 2.25 2.76562 0 215892199 10 215828105 1
2.8e-09 2.32812 2.85938 0 243498963 0 243360566 7
2.8e-09 2.625 3 0 243325939 4 243146514 0
2.8e-09 2.17188 2.54688 0 249907110 1 249435850 1
2.8e-09 2.75 3.28125 0 190643575 0 190503957 2
2.8e-09 2.375 2.89062 0 223558256 1 223730604 1
2.8e-09 2.20312 2.73438 0 232917110 2 233088630 5
2.8e-09 2.39062 2.90625 0 221589391 2 221216809 2
2.8e-09 2.32812 2.84375 0 248082522 1 248272174 1
2.8e-09 1.875 2.40625 0 247925876 4 247974507 0
2.8e-09 2.17188 2.54688 0 248449387 4 248544569 1
2.8e-09 2.35938 2.875 0 230336288 4 230127654 0
2.8e-09 2.75 3.28125 0 190821251 0 190464413 1
2.8e-09 2.125 2.5 0 205901232 0 205878476 3
2.8e-09 2.32812 2.84375 0 245949894 17 246299077 4
2.8e-09 1.90625 2.42188 0 239156917 5 238752687 0
2.8e-09 2.57812 2.95312 0 202459241 22 202209666 2
2.8e-09 2.65625 3.03125 0 232830269 0 232695707 0
2.8e-09 2.73438 3.25 0 201100433 0 200800669 2
2.8e-09 2.07812 2.45312 0 226346465 2 226000242 0
2.8e-09 2.26562 2.78125 0 209193119 5 209282885 1
2.8e-09 2.07812 2.45312 0 224502888 7 224358507 29
2.8e-09 2.0625 2.4375 0 233600413 9 233624964 7
2.8e-09 2.21875 2.75 0 225891025 0 226094702 2
2.8e-09 2.26562 2.78125 0 210087081 1 209991304 9
2.8e-09 2.34375 2.85938 0 237200452 5 237125536 21
2.8e-09 2.0625 2.4375 0 234147581 1 234016251 0
2.8e-09 2.28125 2.79688 0 201979600 38 202257676 9
2.8e-09 1.90625 2.42188 0 240374747 0 240234567 8
2.8e-09 2.10938 2.48438 0 212731325 3 212857880 9
2.8e-09 2.26562 2.79688 0 206645034 0 206663965 0
2.8e-09 2.10938 2.46875 0 214847471 2 214850765 0
2.8e-09 2.3125 2.82812 0 191198951 1 191545045 1
2.8e-09 2.85938 3.375 0 206606543 4 206882068 3
2.8e-09 2.60938 2.98438 0 250520078 18 250634543 0
2.8e-09 2.20312 2.5625 0 239306146 1 239361894 3
2.8e-09 2.10938 2.48438 0 211241241 40 211461265 3
2.8e-09 2.32812 2.84375 0 247166036 9 247007636 3
2.8e-09 2.39062 2.92188 0 215385687 0 215694656 4
2.8e-09 2.15625 2.53125 0 194032660 5 194116259 0
2.8e-09 2.125 2.48438 0 207800105 2 207884665 1
2.8e-09 1.875 2.40625 0 248934687 7 249316614 0
2.8e-09 1.89062 2.40625 0 245933738 0 246182850 20
2.8e-09 2.10938 2.46875 0 215122142 1 215086973 0
2.8e-09 1.90625 2.42188 0 236993085 0 237143695 3
2.8e-09 1.875 2.39062 0 251418338 3 251326980 1
2.8e-09 1.85938 2.375 0 195133245 1 195287635 0
2.8e-09 2.09375 2.45312 0 222010120 20 222137134 16
2.8e-09 2.34375 2.875 0 236211311 0 235995210 7
2.8e-09 2.78125 3.3125 0 239773091 2 239319709 6
2.8e-09 2.25 2.76562 0 214868024 2 215144327 1
2.8e-09 2.84375 3.375 0 211394692 3 211445607 5
2.8e-09 2.17188 2.54688 0 249310812 2 249048710 9
2.8e-09 2.28125 2.79688 0 204778728 1 204841021 0
2.8e-09 2.6875 3.0625 0 215519228 2 215784937 2
2.8e-09 2.57812 2.9375 0 204234965 4 203865422 2
2.8e-09 1.89062 2.40625 0 242508256 14 242866428 46
2.8e-09 2.0625 2.4375 0 232235243 5 232159225 9
2.8e-09 2.40625 2.92188 0 210261890 0 210306374 28
2.8e-09 2.625 3 0 244584972 1 244988916 37
2.8e-09 1.89062 2.40625 0 246288223 8 246293836 1
2.8e-09 1.875 2.40625 0 248788763 7 248945881 0
2.8e-09 2.85938 3.375 0 209892676 1 210152589 1
2.8e-09 2.15625 2.53125 0 193808225 2 193774999 4
2.8e-09 2.34375 2.85938 0 241169686 1 241583654 10
2.8e-09 2.25 2.76562 0 218352715 2 218236802 2
2.8e-09 2.0625 2.4375 0 229504543 6 229534687 0
2.8e-09 2.10938 2.48438 0 213821737 4 213725644 1
2.8e-09 1.89062 2.40625 0 244322849 19 244263021 1
2.8e-09 2.70312 3.07812 0 208156049 4 208256366 1
2.8e-09 2.26562 2.78125 0 210677508 1 210998054 0
2.8e-09 2.60938 2.96875 0 192603803 7 192504816 7
2.8e-09 2.10938 2.48438 0 211431534 1 211438995 1
2.8e-09 2.59375 2.96875 0 197218757 45 197482441 6
2.8e-09 2.29688 2.8125 0 196613877 5 196713331 13
2.8e-09 2.57812 2.95312 0 201729006 0 201483022 59
2.8e-09 2.15625 2.53125 0 192374791 4 192273055 0
2.8e-09 2.07812 2.45312 0 225059047 0 225312745 3
2.8e-09 2.17188 2.54688 0 247506802 3 247147228 2
2.8e-09 2.3125 2.82812 0 190413421 6 190344971 0
2.8e-09 2.07812 2.4375 0 228712508 7 228566984 2
2.8e-09 2.125 2.48438 0 208498875 10 208589895 0
2.8e-09 2.78125 3.29688 0 241857999 2 241631935 4
2.8e-09 2.28125 2.79688 0 205402779 2 205493542 5
2.8e-09 2.0625 2.4375 0 233692048 2 233734959 1
2.8e-09 2.26562 2.78125 0 210131143 2 210265886 0
2.8e-09 2.67188 3.03125 0 226242805 1 226421191 0
2.8e-09 2.71875 3.23438 0 204783561 2 204953881 0
2.8e-09 2.10938 2.46875 0 215100729 3 215125665 3
2.8e-09 2.25 2.76562 0 216039966 4 216456316 0
2.8e-09 2.70312 3.0625 0 213870587 0 214032266 0
2.8e-09 2.28125 2.79688 0 204516925 6 204559937 0
2.8e-09 2.10938 2.48438 0 213531511 1 213660289 7
2.8e-09 2.23438 2.75 0 222027714 10 221945559 9
2.8e-09 2.59375 2.95312 0 198201993 0 198050415 14
2.8e-09 2.21875 2.73438 0 230474233 3 230343809 20
2.8e-09 2.17188 2.54688 0 250532074 3 249958574 1
2.8e-09 2.10938 2.46875 0 214356007 2 214419191 4
2.8e-09 1.875 2.39062 0 191484196 3 191350115 5
2.8e-09 2.39062 2.90625 0 217209870 5 217321531 15
2.8e-09 2.64062 3.01562 0 238641131 0 238311235 22
2.8e-09 2.09375 2.46875 0 218516399 4 218387270 2
2.8e-09 2.09375 2.46875 0 219116034 0 219104181 4
2.8e-09 1.85938 2.375 0 193816578 0 193830942 5
2.8e-09 2.17188 2.54688 0 247036224 0 247079320 0
2.8e-09 2.34375 2.85938 0 241407937 6 241799036 0
2.8e-09 2.39062 2.90625 0 219528380 1 219455359 1
2.8e-09 2.0625 2.4375 0 231591647 1 231529478 6
2.8e-09 2.20312 2.5625 0 237961608 0 238141597 1
2.8e-09 2.23438 2.75 0 221682529 0 221864863 5
2.8e-09 1.875 2.39062 0 252111534 0 252063577 16
2.8e-09 1.875 2.39062 0 190690205 0 190641403 11
2.8e-09 2.15625 2.51562 0 196055044 5 195978779 11
2.8e-09 2.6875 3.0625 0 216897228 25 216828989 2
2.8e-09 2.29688 2.8125 0 196466181 9 195945925 0
2.8e-09 2.26562 2.78125 0 207793184 3 207918725 0
2.8e-09 2.78125 3.29688 0 242831313 2 242506410 25
2.8e-09 2.34375 2.875 0 236857019 9 237412158 130
2.8e-09 2.57812 2.95312 0 201053444 0 200864750 2
2.8e-09 2.0625 2.4375 0 231289133 4 231434015 5
2.8e-09 1.85938 2.39062 0 192188093 14 192143365 3
2.8e-09 2.29688 2.8125 0 196114194 4 196094868 17
2.8e-09 2.29688 2.82812 0 194527491 23 194463233 1
2.8e-09 2.26562 2.78125 0 208479287 3 208718465 0
2.8e-09 2.17188 2.54688 0 247991167 3 248007220 4
2.8e-09 1.875 2.39062 0 190116198 22 190005845 0
2.8e-09 2.21875 2.73438 0 231464516 5 231440108 9
2.8e-09 2.29688 2.8125 0 195732157 0 196074691 1
2.8e-09 2.15625 2.51562 0 195564334 0 195852404 4
2.8e-09 2.59375 2.96875 0 196438301 2 196341466 3
2.8e-09 2.07812 2.4375 0 228704920 28 228759590 0
2.8e-09 1.89062 2.42188 0 241339495 2 241371176 2
2.8e-09 2.73438 3.25 0 198083697 0 198468575 0
2.8e-09 2.23438 2.75 0 220967029 13 220529522 5
2.8e-09 2.75 3.26562 0 192187654 3 191712333 2
2.8e-09 2.1875 2.54688 0 246381701 12 246640302 0
2.8e-09 1.875 2.40625 0 249130215 5 248732780 1
2.8e-09 2.70312 3.0625 0 213934200 1 213921858 1
2.8e-09 1.875 2.39062 0 250174825 0 250053308 0
2.8e-09 2.26562 2.78125 0 212128278 13 212240956 10
2.8e-09 2.34375 2.85938 0 238218778 27 237901029 2
2.8e-09 2.15625 2.53125 0 194300904 3 194341587 1
2.8e-09 1.875 2.39062 0 249779821 9 249548727 0
2.8e-09 1.90625 2.42188 0 238256650 1 238309292 4
2.8e-09 2.09375 2.46875 0 215964398 14 215971806 3
2.8e-09 2.14062 2.51562 0 197658744 0 197452009 0
2.8e-09 2.20312 2.5625 0 238700150 2 238613685 8
2.8e-09 1.875 2.40625 0 247949389 9 247799194 6
2.8e-09 1.875 2.39062 0 251802132 4 251753276 13
2.8e-09 1.85938 2.39062 0 192763469 9 192957035 14
2.8e-09 2.10938 2.48438 0 212163886 1 212125986 0
2.8e-09 2.71875 3.23438 0 203239694 5 202956932 0
2.8e-09 2.625 3 0 244332477 19 244656771 1
2.8e-09 2.20312 2.73438 0 232456309 6 232582359 2
2.8e-09 2.28125 2.79688 0 203452883 0 203101705 7
2.8e-09 2.73438 3.25 0 199277418 5 199446634 0
2.8e-09 2.10938 2.48438 0 211115476 12 210923656 2
2.8e-09 2.32812 2.84375 0 247067802 5 247248593 5
2.8e-09 2.3125 2.82812 0 192540184 6 192520133 0
2.8e-09 2.8125 3.32812 0 228001203 2 228011612 1
2.8e-09 1.89062 2.40625 0 244062223 11 244214100 31
2.8e-09 2.29688 2.82812 0 194355490 0 194581686 0
2.8e-09 2.3125 2.82812 0 192840966 12 192758783 2
2.8e-09 1.85938 2.375 0 194412131 24 194257178 4
2.8e-09 2.26562 2.79688 0 206023391 0 206005011 5
2.8e-09 2.21875 2.75 0 226854647 0 226866547 4
2.8e-09 2.59375 2.96875 0 192967338 1 193198436 4
2.8e-09 2.76562 3.29688 0 246912729 8 246928775 2
2.8e-09 2.67188 3.04688 0 222337249 0 222727179 15
2.8e-09 2.57812 2.95312 0 202770295 0 202767167 0
2.8e-09 2.21875 2.73438 0 227144842 0 227171684 0
2.8e-09 1.875 2.39062 0 250907022 0 251165745 2
2.8e-09 2.35938 2.875 0 234112119 59 233793054 3
2.8e-09 2.07812 2.45312 0 223092419 9 222892335 16
2.8e-09 2.14062 2.51562 0 197956846 1 198082246 2
2.8e-09 2.84375 3.35938 0 214924936 11 214677205 0
2.8e-09 1.90625 2.42188 0 237319847 6 237531497 1
2.8e-09 2.29688 2.8125 0 197397427 0 197587592 0
2.8e-09 2.17188 2.53125 0 252902671 14 253063399 2
2.8e-09 2.26562 2.78125 0 207418494 3 207235678 10
2.8e-09 2.14062 2.5 0 201733780 0 201923548 0
2.8e-09 2.23438 2.75 0 220947079 0 220805253 0
2.8e-09 2.125 2.5 0 207362616 19 207309513 3
2.8e-09 2.09375 2.45312 0 221941420 9 221808896 8
2.8e-09 2.21875 2.73438 0 228384873 0 228614379 2
2.8e-09 2.67188 3.03125 0 227757241 2 227721581 0
2.8e-09 2.20312 2.71875 0 236720149 0 236838005 10
2.8e-09 2.64062 3.01562 0 238069310 5 237823983 0
2.8e-09 2.3125 2.82812 0 193008337 4 193146246 0
2.8e-09 1.875 2.39062 0 250110678 2 250192566 2
2.8e-09 2.10938 2.48438 0 214024472 3 213521199 3
2.8e-09 2.28125 2.79688 0 204276937 3 204048175 0
2.8e-09 2.14062 2.51562 0 197756426 0 197662160 8
2.8e-09 2.07812 2.4375 0 228999662 0 229019291 0
2.8e-09 2.6875 3.04688 0 219984005 0 220026154 5
2.8e-09 2.28125 2.79688 0 200988827 2 201241301 8
2.8e-09 1.90625 2.42188 0 237589738 0 237504039 3
2.8e-09 2.375 2.89062 0 228152651 3 228395043 0
2.8e-09 2.29688 2.8125 0 198932872 25 198820544 0
2.8e-09 2.35938 2.875 0 235254123 1 235217742 9
2.8e-09 2.20312 2.73438 0 233090729 0 233110526 4
2.8e-09 2.59375 2.96875 0 197129036 9 197627977 38
2.8e-09 2.21875 2.75 0 226315802 13 226425078 0
2.8e-09 2.32812 2.84375 0 250209347 0 250128338 0
2.8e-09 2.0625 2.42188 0 235093320 4 235246116 3
2.8e-09 2.125 2.5 0 207292290 2 207492960 1
2.8e-09 1.875 2.39062 0 190058932 6 190207887 11
2.8e-09 2.32812 2.84375 0 248948742 3 248822434 3
2.8e-09 2.64062 3.01562 0 237805536 1 237697923 1
2.8e-09 2.79688 3.32812 0 232119174 0 232452199 0
2.8e-09 2.28125 2.8125 0 200290443 5 200209239 0
2.8e-09 2.0625 2.42188 0 235375048 19 235405018 0
2.8e-09 2.10938 2.48438 0 213166714 14 213368723 4
2.8e-09 2.29688 2.8125 0 195964467 3 196077172 2
2.8e-09 2.42188 2.9375 0 206454154 3 206781246 5
2.8e-09 1.89062 2.40625 0 247485681 3 247293676 0
2.8e-09 2.26562 2.78125 0 209921126 3 210213388 0
2.8e-09 2.125 2.48438 0 208656465 1 208738853 4
2.8e-09 2.26562 2.78125 0 207809419 8 207791772 0
2.8e-09 2.40625 2.92188 0 211739613 5 211509800 5
2.8e-09 2.3125 2.82812 0 193263063 7 193406542 0
2.8e-09 2.65625 3.03125 0 228174893 9 228489303 0
2.8e-09 2.79688 3.3125 0 233464167 1 233693626 2
2.8e-09 1.89062 2.40625 0 247150201 10 247090838 4
2.8e-09 1.89062 2.40625 0 247466636 4 247257992 15
2.8e-09 2.10938 2.48438 0 212704203 0 212691383 0
2.8e-09 2.40625 2.92188 0 214479314 6 214637662 0
2.8e-09 1.89062 2.40625 0 247626549 22 247661936 10
2.8e-09 2.375 2.89062 0 223864525 0 223664646 0
2.8e-09 2.82812 3.34375 0 223316826 1 223289726 3
2.8e-09 2.64062 3.01562 0 236770268 1 237385184 1
2.8e-09 2.07812 2.45312 0 222933048 16 222889559 2
2.8e-09 2.8125 3.32812 0 228687288 0 228648347 0
2.8e-09 2.34375 2.875 0 235717098 12 235560037 4
2.8e-09 2.32812 2.85938 0 242815522 8 243062491 6
2.8e-09 2.40625 2.92188 0 213571894 6 213406126 0
2.8e-09 2.17188 2.54688 0 252180217 3 252347598 11
2.8e-09 2.6875 3.0625 0 215622015 9 215613527 1
2.8e-09 2.26562 2.78125 0 209178120 3 209133553 0
2.8e-09 2.09375 2.46875 0 217206042 1 216974674 0
2.8e-09 2.40625 2.9375 0 208705974 15 209035021 0
2.8e-09 1.875 2.39062 0 251953322 12 252009253 0
2.8e-09 2.17188 2.54688 0 249042829 12 249273285 8
2.8e-09 2.10938 2.48438 0 210025859 0 209581529 5
2.8e-09 2.34375 2.85938 0 237883684 1 237723863 2
2.8e-09 2.1875 2.5625 0 245290176 1 245150850 2
2.8e-09 2.26562 2.78125 0 211465635 1 211358223 12
2.8e-09 2.1875 2.5625 0 245223110 17 245016686 0
2.8e-09 2.78125 3.29688 0 245136774 5 245200297 0
2.8e-09 2.39062 2.92188 0 216399230 15 216088769 3
2.8e-09 2.10938 2.48438 0 210010463 0 210027384 8
2.8e-09 1.875 2.39062 0 190266425 3 190264409 0
2.8e-09 2.15625 2.53125 0 195042364 15 195142001 8
2.8e-09 2.3125 2.82812 0 192262889 0 192132438 1
2.8e-09 2.60938 2.96875 0 192071776 0 192144660 0
2.8e-09 2.10938 2.48438 0 211597807 7 211871055 3
2.8e-09 2.32812 2.84375 0 245632599 6 245776164 12
2.8e-09 2.29688 2.82812 0 194335260 2 194536685 0
2.8e-09 2.375 2.89062 0 223143757 9 223136781 16
2.8e-09 2.14062 2.51562 0 198453973 1 198286881 9
2.8e-09 2.23438 2.76562 0 219221068 2 218935001 0
2.8e-09 1.875 2.39062 0 250955544 1 250762442 0
2.8e-09 2.14062 2.51562 0 197212354 4 197239335 7
2.8e-09 2.34375 2.85938 0 242534650 6 242108585 22
2.8e-09 2.6875 3.0625 0 219220323 2 219231708 0
2.8e-09 2.375 2.90625 0 222333822 2 222101663 1
2.8e-09 1.85938 2.39062 0 192785016 0 192731348 3
2.8e-09 2.67188 3.03125 0 226522965 8 226227968 2
2.8e-09 2.25 2.76562 0 215651485 0 215819726 2
2.8e-09 2.14062 2.51562 0 200446994 1 200371231 4
2.8e-09 2.15625 2.51562 0 195998977 1 196113178 9
2.8e-09 2.28125 2.8125 0 200534259 0 200505825 1
2.8e-09 2.125 2.5 0 203390460 2 203438851 2
2.8e-09 2.40625 2.92188 0 214934029 1 214667981 7
2.8e-09 2.34375 2.85938 0 241891524 0 242054848 2
2.8e-09 2.0625 2.4375 0 231709564 0 231780749 6
2.8e-09 2.07812 2.45312 0 223917981 0 223784260 2
2.8e-09 2.25 2.78125 0 212689855 0 212798648 10
2.8e-09 2.10938 2.48438 0 214080080 5 214078625 2
2.8e-09 2.76562 3.28125 0 251297772 5 251371911 37
2.8e-09 2.32812 2.84375 0 249360547 9 249451729 28
2.8e-09 1.875 2.40625 0 249444455 0 249342159 8
2.8e-09 2.71875 3.23438 0 206037171 0 205780659 2
2.8e-09 2.8125 3.32812 0 226140118 0 226117047 5
2.8e-09 2.35938 2.875 0 232407181 6 232102000 9
2.8e-09 2.71875 3.25 0 202385724 42 202529633 14
2.8e-09 2.67188 3.04688 0 223606786 11 223727875 2
2.8e-09 2.23438 2.75 0 224952522 7 224888821 0
2.8e-09 2.14062 2.51562 0 200291557 3 200271172 13
2.8e-09 2.625 3 0 244604548 0 244518848 0
2.8e-09 2.57812 2.95312 0 203599589 0 203647656 1
2.8e-09 2.29688 2.8125 0 196127100 5 196128980 7
2.8e-09 2.29688 2.8125 0 196753447 2 196657252 0
2.8e-09 2.10938 2.48438 0 209881637 0 209893230 5
2.8e-09 1.85938 2.375 0 195185149 0 195318048 7
2.8e-09 2.35938 2.875 0 233034723 21 232846407 4
2.8e-09 1.85938 2.39062 0 191820655 3 191875008 2
2.8e-09 2.20312 2.71875 0 234863671 1 234937956 7
2.8e-09 2.76562 3.28125 0 252311584 1 252084865 5
2.8e-09 2.09375 2.46875 0 220544084 0 220614436 6
2.8e-09 2.3125 2.82812 0 252604040 5 252498389 0
2.8e-09 2.82812 3.34375 0 221832356 3 221968975 0
2.8e-09 2.17188 2.54688 0 249710416 2 249990810 8
2.8e-09 2.375 2.90625 0 222966214 14 222981763 0
2.8e-09 2.0625 2.4375 0 229488685 2 229657341 3
2.8e-09 2.09375 2.46875 0 219810296 0 219698733 1
2.8e-09 2.35938 2.875 0 232594492 0 232708311 7
2.8e-09 2.42188 2.9375 0 208457093 4 208530101 2
2.8e-09 2.78125 3.29688 0 240425935 4 240606224 6
2.8e-09 2.625 2.98438 0 249138091 1 249336379 1
2.8e-09 2.76562 3.29688 0 245569580 0 245271086 3
2.8e-09 2.14062 2.51562 0 201394833 7 201506933 1
2.8e-09 2.07812 2.45312 0 227096038 5 226962764 0
2.8e-09 2.70312 3.07812 0 208911479 5 208969388 2
2.8e-09 1.875 2.39062 0 251976144 15 251964116 3
2.8e-09 2.29688 2.8125 0 194808231 7 195129022 3
2.8e-09 1.875 2.39062 0 191276581 6 191294937 1
2.8e-09 1.875 2.39062 0 191232237 4 191086750 0
2.8e-09 2.59375 2.96875 0 193000215 3 193055458 6
2.8e-09 2.17188 2.53125 0 252796548 0 252979472 4
2.8e-09 2.32812 2.84375 0 246138999 17 245893917 7
2.8e-09 1.85938 2.375 0 193649150 4 193740911 3
2.8e-09 1.85938 2.375 0 193808579 0 193690099 1
2.8e-09 1.89062 2.40625 0 245539829 19 245606449 5
2.8e-09 2.09375 2.45312 0 221683186 12 221463023 4
2.8e-09 2.1875 2.5625 0 244157971 4 243955457 7
2.8e-09 2.14062 2.5 0 202573318 4 202476157 2
2.8e-09 2.15625 2.53125 0 193833009 1 193476863 10
2.8e-09 2.34375 2.85938 0 238642247 2 238515076 61
2.8e-09 2.6875 3.0625 0 217135043 2 217498444 1
2.8e-09 1.90625 2.42188 0 240146777 2 240157491 11
2.8e-09 2.32812 2.85938 0 243292597 6 243444078 0
2.8e-09 1.875 2.39062 0 191505264 14 191521415 5
2.8e-09 2.17188 2.54688 0 247328186 0 247082714 0
2.8e-09 2.78125 3.29688 0 240168153 0 239830489 4
2.8e-09 2.23438 2.75 0 225108842 5 225090194 2
2.8e-09 1.90625 2.42188 0 237863653 0 237872062 28
2.8e-09 2.76562 3.28125 0 251796308 16 252028491 2
2.8e-09 2.57812 2.9375 0 203971424 0 204084088 1
2.8e-09 2.40625 2.9375 0 209523056 0 209513670 1
2.8e-09 2.35938 2.875 0 233726800 1 233780059 1
2.8e-09 2.60938 2.98438 0 252478717 0 252439963 6
2.8e-09 2.34375 2.85938 0 240692515 3 241033651 0
2.8e-09 2.625 2.98438 0 248601247 3 248572952 8
2.8e-09 1.89062 2.40625 0 244006020 4 244449361 0
2.8e-09 2.26562 2.78125 0 210971272 5 211062677 18
2.8e-09 2.07812 2.45312 0 225833305 0 225787872 2
2.8e-09 2.26562 2.78125 0 207865747 0 207838429 1
2.8e-09 2.10938 2.48438 0 209527663 3 209651317 1
2.8e-09 2.17188 2.54688 0 249129954 23 249055330 8
2.8e-09 2.14062 2.5 0 201917929 1 201872057 86
2.8e-09 2.60938 2.98438 0 250734436 8 250886450 10
2.8e-09 2.0625 2.4375 0 230214535 20 230504859 0
2.8e-09 2.75 3.26562 0 193526819 0 193742709 8
2.8e-09 2.73438 3.25 0 199046562 3 199134238 3
2.8e-09 2.07812 2.4375 0 228608753 8 228724659 0
2.8e-09 2.0625 2.42188 0 234678359 11 234809156 0
2.8e-09 2.60938 2.98438 0 191379085 0 191100713 1
2.8e-09 2.71875 3.23438 0 204239430 2 204043120 1
2.8e-09 1.90625 2.42188 0 240117541 1 239966333 0
2.8e-09 2.15625 2.51562 0 195790833 1 195838434 3
2.8e-09 2.17188 2.54688 0 251551658 1 251702177 0
2.8e-09 2.34375 2.85938 0 242496038 0 242497838 0
2.8e-09 2.07812 2.45312 0 227529222 4 227766119 2
2.8e-09 2.34375 2.85938 0 241360050 19 241114986 3
2.8e-09 2.125 2.48438 0 208771852 0 208924998 2
2.8e-09 2.75 3.26562 0 195269274 2 195500415 0
2.8e-09 2.09375 2.46875 0 217659736 8 217783631 2
2.8e-09 2.85938 3.375 0 209975103 43 209436630 4
2.8e-09 2.64062 3.01562 0 235653609 5 235528137 2
2.8e-09 2.17188 2.54688 0 251751009 2 252048247 3
2.8e-09 2.42188 2.9375 0 207160738 0 207317059 12
2.8e-09 2.09375 2.46875 0 219324690 5 219328739 5
2.8e-09 2.10938 2.48438 0 209933916 3 209752996 2
2.8e-09 2.64062 3.01562 0 239195961 4 239036468 0
2.8e-09 2.39062 2.90625 0 219893639 0 220033255 23
2.8e-09 2.29688 2.8125 0 196836074 3 196751671 1
2.8e-09 2.70312 3.07812 0 210291041 1 209995170 22
2.8e-09 2.8125 3.34375 0 225105730 0 225584112 0
2.8e-09 2.60938 2.98438 0 253333516 0 253029316 1
2.8e-09 2.39062 2.90625 0 218501938 0 218742606 0
2.8e-09 2.21875 2.73438 0 227510547 16 227337822 1
2.8e-09 2.15625 2.53125 0 191419282 2 191372902 3
2.8e-09 2.59375 2.96875 0 194134680 2 194022111 6
2.8e-09 2.07812 2.45312 0 227247370 0 227428511 0
2.8e-09 2.375 2.89062 0 228286224 14 228338570 18
2.8e-09 2.73438 3.26562 0 196737124 3 196868371 1
2.8e-09 2.25 2.76562 0 217137921 18 217254461 7
2.8e-09 2.76562 3.28125 0 251547138 2 251771252 0
2.8e-09 2.75 3.28125 0 190495916 2 190965709 0
2.8e-09 2.34375 2.85938 0 237455764 7 237610536 30
2.8e-09 2.29688 2.8125 0 196171534 0 196332742 3
2.8e-09 2.64062 3 0 241723016 7 241678685 13
2.8e-09 2.79688 3.3125 0 236476043 0 236723385 1
2.8e-09 2.20312 2.71875 0 234834236 4 235047686 0
2.8e-09 2.17188 2.54688 0 252639605 1 252632096 1
2.8e-09 2.09375 2.46875 0 216638190 3 216450713 12
2.8e-09 2.73438 3.26562 0 196676105 1 196952563 4
2.8e-09 2.75 3.26562 0 193601660 24 193528526 2
2.8e-09 1.89062 2.40625 0 245163233 0 245211426 4
2.8e-09 2.59375 2.96875 0 194125154 3 194221497 0
2.8e-09 2.79688 3.3125 0 237623288 10 237896670 8
2.8e-09 2.07812 2.45312 0 225048708 0 225141054 0
2.8e-09 2.26562 2.78125 0 207603956 9 207637151 2
2.8e-09 2.3125 2.82812 0 191417223 10 191283872 17
2.8e-09 2.10938 2.46875 0 214236571 0 214216659 13
2.8e-09 1.875 2.39062 0 250710924 8 250931272 0
2.8e-09 2.20312 2.71875 0 234631914 2 234744794 5
2.8e-09 2.21875 2.73438 0 231640270 6 231449739 0
2.8e-09 2.14062 2.5 0 202731004 0 202769592 2
2.8e-09 2.82812 3.34375 0 219290183 17 219498008 5
2.8e-09 2.42188 2.9375 0 205731480 26 205644149 5
2.8e-09 1.85938 2.375 0 194535172 2 194504326 1
2.8e-09 2.07812 2.4375 0 227641489 43 227865610 2
2.8e-09 2.3125 2.82812 0 252638747 3 252961885 1
2.8e-09 2.26562 2.78125 0 208473982 8 208362897 2
2.8e-09 2.76562 3.28125 0 251576368 0 251529461 1
2.8e-09 2.14062 2.51562 0 200774510 0 201006282 8
2.8e-09 1.90625 2.42188 0 238470553 20 238032703 1
2.8e-09 1.875 2.40625 0 248246604 2 248319658 0
2.8e-09 1.89062 2.42188 0 241599726 0 241455190 2
2.8e-09 2.28125 2.79688 0 203313763 8 203294127 1
2.8e-09 2.17188 2.54688 0 249631990 0 249524478 5
2.8e-09 2.09375 2.45312 0 221442511 8 221342494 46
2.8e-09 2.125 2.48438 0 208032424 2 208117223 6
2.8e-09 2.09375 2.46875 0 216476021 9 216459580 9
2.8e-09 2.78125 3.29688 0 239743976 0 239577143 1
2.8e-09 2.8125 3.32812 0 229639014 9 229870472 0
2.8e-09 2.29688 2.8125 0 198915338 2 198966577 2
2.8e-09 2.40625 2.9375 0 208832902 1 208858374 0
2.8e-09 2.64062 3.01562 0 237790056 3 237882589 0
2.8e-09 2.8125 3.32812 0 227292746 16 227564154 0
2.8e-09 2.10938 2.46875 0 214748233 55 214444819 29
2.8e-09 2.125 2.5 0 205575345 5 205599564 20
2.8e-09 2.15625 2.53125 0 192684550 5 192508340 0
2.8e-09 1.875 2.40625 0 248655632 1 248316101 0
2.8e-09 2.0625 2.4375 0 233997501 19 234012693 8
2.8e-09 2.40625 2.92188 0 213975807 5 213796665 3
2.8e-09 2.29688 2.82812 0 194387801 0 194638178 39
2.8e-09 2.07812 2.45312 0 222831443 3 222908011 0
2.8e-09 2.6875 3.0625 0 218335929 0 218368157 16
2.8e-09 1.90625 2.42188 0 238536693 10 238751391 2
2.8e-09 2.14062 2.51562 0 201430220 3 201450021 0
2.8e-09 1.875 2.39062 0 252755604 0 252618231 0
2.8e-09 1.90625 2.42188 0 238351679 1 238281723 0
2.8e-09 2.73438 3.26562 0 196699002 1 196655715 9
2.8e-09 2.10938 2.48438 0 212389915 0 212637828 1
2.8e-09 2.17188 2.54688 0 250822645 1 250684982 0
2.8e-09 2.0625 2.4375 0 233718176 2 233598150 7
2.8e-09 2.39062 2.90625 0 218704133 0 218902114 0
2.8e-09 2.28125 2.79688 0 200951055 0 200999283 0
2.8e-09 2.60938 2.98438 0 252717905 8 252496500 12
2.8e-09 1.89062 2.40625 0 246375142 5 246738519 4
2.8e-09 2.23438 2.75 0 221938141 4 221466197 1
2.8e-09 2.71875 3.25 0 202437792 19 202741939 13
2.8e-09 2.76562 3.28125 0 249345120 3 249171028 4
2.8e-09 2.59375 2.96875 0 195303073 5 195463437 7
2.8e-09 2.65625 3.03125 0 230594347 3 230588501 0
2.8e-09 2.23438 2.75 0 221786938 4 221780843 0
2.8e-09 2.40625 2.9375 0 208553375 0 208924149 0
2.8e-09 1.85938 2.375 0 194675460 5 194527226 0
2.8e-09 2.65625 3.01562 0 234661757 3 234693783 0
2.8e-09 1.875 2.39062 0 250218547 2 250324033 4
2.8e-09 2.10938 2.48438 0 210530138 0 210322293 7
2.8e-09 2.125 2.5 0 204888379 3 204922856 4
2.8e-09 1.90625 2.42188 0 238646551 0 238716724 5
2.8e-09 1.875 2.39062 0 250607539 0 250792167 0
2.8e-09 2.23438 2.75 0 222671466 2 223037372 1
2.8e-09 2.10938 2.48438 0 211331971 10 211345489 3
2.8e-09 2.79688 3.3125 0 236074739 0 235743912 5
2.8e-09 2.17188 2.53125 0 190938024 0 190783292 0
2.8e-09 1.875 2.39062 0 190872075 1 190929191 0
2.8e-09 2.64062 3 0 241085963 7 241285552 7
2.8e-09 2.21875 2.73438 0 229713456 4 229783526 1
2.8e-09 2.0625 2.4375 0 234642751 4 234419653 13
2.8e-09 1.875 2.40625 0 249159735 0 249345964 4
2.8e-09 2.10938 2.48438 0 211595621 1 211847848 1
2.8e-09 2.0625 2.4375 0 233645017 38 233482839 0
2.8e-09 2.14062 2.51562 0 199418740 5 199349401 42
2.8e-09 2.10938 2.48438 0 213119598 1 212971584 2
2.8e-09 2.1875 2.5625 0 242082802 9 242156939 0
2.8e-09 2.28125 2.79688 0 202724391 3 203252994 7
2.8e-09 2.25 2.78125 0 212958871 15 213066460 0
2.8e-09 2.09375 2.46875 0 218968375 3 218995349 3
2.8e-09 2.67188 3.04688 0 226234063 5 225926014 0
2.8e-09 2.07812 2.45312 0 226816644 1 226659694 10
2.8e-09 2.3125 2.82812 0 193518293 17 193380230 1
2.8e-09 2.64062 3.01562 0 238998670 11 238929678 2
2.8e-09 1.875 2.39062 0 190976430 0 190972262 0
2.8e-09 2.14062 2.51562 0 197809225 10 197705738 0
2.8e-09 2.79688 3.3125 0 234538112 1 234383654 0
2.8e-09 2.39062 2.90625 0 220545222 6 220551908 11
2.8e-09 2.28125 2.8125 0 200749472 1 200988887 4
2.8e-09 2.73438 3.25 0 200006045 1 199831279 0
2.8e-09 2.10938 2.46875 0 215185493 0 215193391 1
2.8e-09 2.71875 3.25 0 203008659 1 202748878 4
2.8e-09 2.59375 2.96875 0 193954973 8 194274101 2
2.8e-09 1.89062 2.40625 0 246989157 0 247374411 1
2.8e-09 2.20312 2.71875 0 234781353 9 234949313 2
2.8e-09 2.35938 2.875 0 230250727 45 230541127 8
2.8e-09 2.20312 2.5625 0 239390922 4 239274688 0
2.8e-09 2.73438 3.25 0 201427547 13 201384230 1
2.8e-09 2.32812 2.84375 0 245555117 5 245587656 8
2.8e-09 2.70312 3.07812 0 211330479 47 211660070 1
2.8e-09 1.85938 2.39062 0 192649558 1 192413570 9
2.8e-09 2.82812 3.34375 0 220004768 8 219513380 8
2.8e-09 2.76562 3.28125 0 249930403 8 249741857 2
2.8e-09 1.85938 2.375 0 195236186 0 195536739 0
2.8e-09 2.125 2.48438 0 208702710 1 208478883 7
2.8e-09 2.84375 3.35938 0 215051665 0 215304306 11
2.8e-09 1.89062 2.40625 0 242608353 0 242357933 2
2.8e-09 2.71875 3.23438 0 205338906 5 205398725 4
2.8e-09 2.6875 3.04688 0 219631160 0 219781392 0
2.8e-09 2.35938 2.875 0 234441586 10 234481406 3
2.8e-09 2.14062 2.51562 0 197487219 5 197617204 0
2.8e-09 2.29688 2.8125 0 196011623 8 196060688 8
2.8e-09 2.26562 2.78125 0 207610656 0 207820150 0
2.8e-09 2.09375 2.45312 0 222081682 5 222228078 9
2.8e-09 2.09375 2.46875 0 219641749 3 219567294 7
2.8e-09 2.75 3.26562 0 194046363 3 194112169 0
2.8e-09 1.90625 2.42188 0 238891893 2 238848040 6
2.8e-09 2.1875 2.5625 0 242171644 10 242368629 50
2.8e-09 2.625 3 0 246666274 5 246880027 1
2.8e-09 2.10938 2.48438 0 213487745 3 213565699 1
2.8e-09 2.10938 2.48438 0 209477343 2 209538603 0
2.8e-09 2.32812 2.84375 0 250049003 3 249775448 5
2.8e-09 2.32812 2.84375 0 249784476 1 249737723 4
2.8e-09 2.09375 2.46875 0 219626243 0 219509188 0
2.8e-09 2.1875 2.5625 0 240586730 3 240514036 1
2.8e-09 2.09375 2.46875 0 220223055 1 220277828 8
2.8e-09 2.60938 2.98438 0 252654588 0 252306255 4
2.8e-09 2.79688 3.3125 0 236474230 9 236748586 3
2.8e-09 1.85938 2.375 0 194303781 6 194359878 0
2.8e-09 2.23438 2.75 0 221767804 0 221680059 3
2.8e-09 2.15625 2.53125 0 191192121 0 191477997 0
2.8e-09 1.90625 2.42188 0 240357801 2 240207869 34
2.8e-09 2.09375 2.46875 0 218501635 5 218493277 0
2.8e-09 2.09375 2.46875 0 220465091 8 220600954 2
2.8e-09 2.40625 2.92188 0 211809854 4 211776343 6
2.8e-09 2.73438 3.25 0 201292690 3 201674508 4
2.8e-09 2.09375 2.46875 0 220405914 3 220591729 4
2.8e-09 2.20312 2.71875 0 237005463 4 236676622 6
2.8e-09 2.65625 3.01562 0 234307564 0 234286035 7
2.8e-09 2.3125 2.82812 0 191287011 0 191455657 1
2.8e-09 2.1875 2.54688 0 245364042 1 245509580 0
2.8e-09 2.32812 2.84375 0 249143179 3 249064496 2
2.8e-09 2.14062 2.5 0 201898581 0 201970570 19
2.8e-09 2.17188 2.54688 0 248475163 14 248921994 11
2.8e-09 2.84375 3.375 0 211062186 7 210930069 5
2.8e-09 2.79688 3.3125 0 237947468 3 238162593 6
2.8e-09 2.25 2.76562 0 213661576 8 213729490 0
2.8e-09 2.25 2.76562 0 215175498 4 215390112 5
2.8e-09 1.875 2.39062 0 190346905 4 190393790 0
2.8e-09 2.26562 2.79688 0 205953010 2 205923197 0
2.8e-09 2.10938 2.48438 0 210761156 0 211092754 0
2.8e-09 2.15625 2.53125 0 193839184 2 193854412 6
2.8e-09 2.23438 2.75 0 224471125 0 224343838 0
2.8e-09 2.3125 2.82812 0 253111930 31 253000309 0
2.8e-09 2.07812 2.4375 0 228973430 2 228955624 1
2.8e-09 1.90625 2.42188 0 238480898 1 238532109 0
2.8e-09 2.125 2.5 0 205088032 1 205156447 5
2.8e-09 2.1875 2.54688 0 245753932 7 245961978 11
2.8e-09 2.07812 2.45312 0 226205066 25 226412573 1
2.8e-09 2.67188 3.04688 0 223694182 0 223583700 0
2.8e-09 2.125 2.5 0 203381240 0 203532251 1
2.8e-09 2.1875 2.5625 0 242536848 3 242589929 6
2.8e-09 2.6875 3.0625 0 217036176 11 216968022 4
2.8e-09 2.17188 2.54688 0 249350057 0 249271028 0
2.8e-09 2.0625 2.4375 0 234217083 1 233976210 1
2.8e-09 2.84375 3.35938 0 214050371 8 214049034 0
2.8e-09 2.34375 2.875 0 237220131 2 236955163 1
2.8e-09 1.85938 2.375 0 195820418 9 195847496 6
2.8e-09 2.71875 3.07812 0 207272543 3 207116244 6
2.8e-09 2.125 2.5 0 204269596 72 204310826 6
2.8e-09 2.71875 3.23438 0 205758751 3 205415202 11
2.8e-09 2.65625 3.03125 0 231519392 0 231687929 0
2.8e-09 1.89062 2.40625 0 242422481 3 242315406 3
2.8e-09 2.17188 2.54688 0 248621510 2 248877716 1
2.8e-09 2.39062 2.90625 0 217972782 1 217812090 2
2.8e-09 2.1875 2.5625 0 245273038 26 245038797 19
2.8e-09 2.70312 3.0625 0 212993738 0 212976903 5
2.8e-09 2.10938 2.48438 0 211572964 2 211558433 7
2.8e-09 2.71875 3.07812 0 206739738 1 206814378 1
2.8e-09 2.0625 2.4375 0 233766823 8 233751283 3
2.8e-09 1.89062 2.40625 0 242646139 6 242743970 9
2.8e-09 2.70312 3.0625 0 213514148 2 213535272 0
2.8e-09 2.28125 2.79688 0 203354658 12 203337641 0
2.8e-09 2.125 2.48438 0 208724064 8 208530777 0
2.8e-09 2.15625 2.51562 0 195835988 0 196034669 2
2.8e-09 2.35938 2.875 0 233201779 3 233365493 1
2.8e-09 2.09375 2.46875 0 219621203 0 219610207 14
2.8e-09 2.6875 3.04688 0 220206238 10 220265192 3
2.8e-09 1.875 2.39062 0 190943966 8 191059192 0
2.8e-09 1.90625 2.42188 0 239217366 0 239050257 2
2.8e-09 2.78125 3.3125 0 238805852 1 239020590 1
2.8e-09 2.21875 2.73438 0 227436717 5 227329725 0
2.8e-09 1.85938 2.375 0 194008220 30 193789074 5
2.8e-09 2.1875 2.5625 0 242770536 0 242584649 3
2.8e-09 2.125 2.5 0 202954906 8 203041672 26
2.8e-09 2.84375 3.35938 0 214301081 2 214538158 0
2.8e-09 2.17188 2.53125 0 190965427 3 190759545 16
2.8e-09 2.8125 3.32812 0 229829270 0 229849718 3
2.8e-09 2.28125 2.79688 0 203573839 1 203303814 0
2.8e-09 2.09375 2.46875 0 220400255 0 220118505 0
2.8e-09 1.89062 2.40625 0 242620862 1 242458963 28
2.8e-09 2.29688 2.8125 0 199168334 2 198906578 0
2.8e-09 2.28125 2.79688 0 201673241 6 201836773 0
2.8e-09 2.10938 2.48438 0 209796388 3 209897852 23
2.8e-09 2.25 2.76562 0 214399425 1 214776869 2
2.8e-09 2.26562 2.78125 0 209064343 11 209204556 1
2.8e-09 2.09375 2.46875 0 219408436 2 219440627 10
2.8e-09 2.76562 3.28125 0 250120368 0 249943082 7
2.8e-09 2.6875 3.0625 0 215561286 1 215617476 1
2.8e-09 1.875 2.39062 0 190057736 10 190199869 8
2.8e-09 2.07812 2.45312 0 224755659 8 224759574 3
2.8e-09 1.85938 2.375 0 195365737 3 195563275 0
2.8e-09 2.125 2.5 0 203782679 6 203775795 0
2.8e-09 2.125 2.48438 0 208281468 1 208561567 8
2.8e-09 2.26562 2.78125 0 210322938 11 210576367 0
2.8e-09 2.60938 2.98438 0 253048450 9 253380213 0
2.8e-09 2.0625 2.4375 0 233098423 0 233212944 0
2.8e-09 2.32812 2.84375 0 248797112 34 248859166 2
2.8e-09 2.35938 2.875 0 231617684 1 231909408 2
2.8e-09 2.20312 2.5625 0 239144307 30 239493621 1
2.8e-09 2.21875 2.73438 0 228704526 2 228933312 0
2.8e-09 2.25 2.76562 0 214973644 17 214823607 0
2.8e-09 2.17188 2.54688 0 247495295 13 247337755 3
2.8e-09 2.23438 2.76562 0 219562954 1 219424053 1
2.8e-09 2.35938 2.875 0 232468575 4 232465917 2
2.8e-09 2.14062 2.51562 0 198967902 1 199023226 13
2.8e-09 2.59375 2.96875 0 196918974 0 196985348 0
2.8e-09 2.0625 2.4375 0 229592674 1 229430219 2
2.8e-09 2.26562 2.78125 0 210199434 3 210069310 1
2.8e-09 2.35938 2.89062 0 228960876 3 229021066 1
2.8e-09 2.09375 2.46875 0 218969197 20 219102963 1
2.8e-09 1.89062 2.40625 0 243044467 6 243287631 0
2.8e-09 2.70312 3.0625 0 213857143 2 213956407 7
2.8e-09 2.26562 2.78125 0 209445272 1 209573767 0
2.8e-09 2.1875 2.5625 0 244784033 6 244597233 7
2.8e-09 2.21875 2.73438 0 230376908 13 230510142 0
2.8e-09 2.26562 2.78125 0 207543984 4 207660710 4
2.8e-09 2.39062 2.90625 0 219552810 0 219332947 1
2.8e-09 2.26562 2.78125 0 207493293 15 207211448 0
2.8e-09 2.10938 2.48438 0 211374708 11 211081301 14
2.8e-09 2.15625 2.53125 0 194108823 3 193893243 8
2.8e-09 1.90625 2.42188 0 236579321 0 236575287 2
2.8e-09 2.1875 2.5625 0 239882742 14 239730971 2
2.8e-09 2.14062 2.51562 0 201165515 1 200831695 10
2.8e-09 2.40625 2.92188 0 212784615 0 212536054 2
2.8e-09 2.35938 2.875 0 235241342 1 235000825 0
2.8e-09 1.875 2.39062 0 190468969 1 190354333 31
2.8e-09 2.07812 2.45312 0 227666805 1 227557980 29
2.8e-09 2.14062 2.51562 0 198841020 15 198632656 20
2.8e-09 2.73438 3.25 0 201529953 2 201233062 1
2.8e-09 2.67188 3.04688 0 221720773 0 221869021 1
2.8e-09 1.875 2.39062 0 250510110 17 250459591 3
2.8e-09 2.10938 2.48438 0 213524769 2 213442494 11
2.8e-09 2.07812 2.45312 0 226805616 6 226678574 1
2.8e-09 2.3125 2.82812 0 193141306 5 193330243 0
2.8e-09 1.85938 2.39062 0 192055740 7 192270546 3
2.8e-09 2.34375 2.85938 0 241471733 5 241426053 1
2.8e-09 2.59375 2.96875 0 193212318 3 193168667 4
2.8e-09 2.10938 2.46875 0 215544524 51 215653364 24
2.8e-09 2.09375 2.46875 0 218417015 12 218035354 9
2.8e-09 2.82812 3.34375 0 218985525 0 219127868 4
2.8e-09 2.59375 2.95312 0 198180430 1 198380347 0
2.8e-09 2.35938 2.875 0 233443638 0 233899679 2
2.8e-09 1.875 2.40625 0 248424688 11 248142149 7
2.8e-09 2.0625 2.42188 0 234863696 2 234852213 12
2.8e-09 2.40625 2.92188 0 210803938 2 210669224 7
2.8e-09 2.34375 2.875 0 236856372 28 237022756 15
2.8e-09 1.875 2.40625 0 248333455 12 248139404 10
2.8e-09 2.1875 2.5625 0 244168395 8 243820086 2
2.8e-09 2.07812 2.45312 0 223507431 31 223638800 0
2.8e-09 2.40625 2.92188 0 212387447 7 212348529 0
2.8e-09 2.21875 2.73438 0 227022904 1 227141178 0
2.8e-09 2.32812 2.84375 0 245924939 4 245880308 0
2.8e-09 2.0625 2.42188 0 234612610 0 234707753 3
2.8e-09 1.875 2.40625 0 248075951 6 248057816 0
2.8e-09 2.26562 2.78125 0 211576448 0 211716076 42
2.8e-09 2.64062 3 0 241188820 0 240747815 5
2.8e-09 2.3125 2.84375 0 251806193 3 251913404 2
2.8e-09 2.17188 2.54688 0 248718693 17 248710756 0
2.8e-09 2.73438 3.25 0 201919466 7 201411500 1
2.8e-09 2.26562 2.78125 0 210432508 3 210599172 0
2.8e-09 2.07812 2.45312 0 226649047 4 226417699 1
2.8e-09 2.10938 2.48438 0 210474876 7 210117595 0
2.8e-09 2.34375 2.85938 0 241520339 1 241695810 3
2.8e-09 2.76562 3.28125 0 250309324 6 250593405 12
2.8e-09 2.375 2.89062 0 227324134 9 227044913 0
2.8e-09 2.125 2.48438 0 208596855 3 208580109 2
2.8e-09 1.89062 2.40625 0 245728996 3 245785328 2
2.8e-09 2.20312 2.5625 0 238244719 0 238710648 41
2.8e-09 2.07812 2.45312 0 227122193 5 227336007 25
2.8e-09 2.20312 2.73438 0 232611185 131 232588008 4
2.8e-09 2.35938 2.875 0 235365956 0 235376760 0
2.8e-09 2.0625 2.4375 0 230383642 1 230419507 2
2.8e-09 1.875 2.39062 0 251955860 3 251961576 0
2.8e-09 2.25 2.76562 0 214244749 2 214410384 6
2.8e-09 2.29688 2.8125 0 195586233 1 195534945 6
2.8e-09 2.17188 2.54688 0 247159936 10 247186448 0
2.8e-09 2.70312 3.07812 0 211992807 3 211995982 8
2.8e-09 1.89062 2.42188 0 240477001 6 240589671 4
2.8e-09 2.21875 2.73438 0 227864676 4 227781228 1
2.8e-09 1.89062 2.42188 0 241731220 2 241659308 5
2.8e-09 2.09375 2.46875 0 216660515 7 216702878 16
2.8e-09 2.0625 2.4375 0 233084217 4 232878521 5
2.8e-09 2.0625 2.4375 0 232174236 3 232292257 5
2.8e-09 2.10938 2.48438 0 209607313 0 209610825 14
2.8e-09 2.17188 2.54688 0 248980866 1 249028623 4
2.8e-09 1.89062 2.40625 0 246226573 0 245990497 1
2.8e-09 2.375 2.90625 0 221767048 5 221633298 3
2.8e-09 2.79688 3.3125 0 232874123 0 232903276 1
2.8e-09 2.21875 2.75 0 226520500 1 226460961 0
2.8e-09 2.8125 3.32812 0 227959494 1 227880969 4
2.8e-09 2.125 2.5 0 207556548 0 207691008 3
2.8e-09 1.89062 2.40625 0 243130877 7 243079965 6
2.8e-09 2.15625 2.53125 0 191062748 0 191027543 4
2.8e-09 2.25 2.76562 0 218381404 10 218448259 0
2.8e-09 2.07812 2.45312 0 226559596 0 226438193 14
2.8e-09 2.6875 3.0625 0 214465493 6 214701115 0
2.8e-09 2.09375 2.45312 0 221514633 0 221563136 0
2.8e-09 2.28125 2.79688 0 204571125 3 204522882 11
2.8e-09 2.28125 2.79688 0 203187400 3 203441678 11
2.8e-09 2.32812 2.85938 0 244034976 6 244254003 13
2.8e-09 2.0625 2.42188 0 236012644 4 235805218 9
2.8e-09 2.76562 3.28125 0 249798896 0 249467887 1
2.8e-09 2.09375 2.46875 0 219357519 10 219161698 1
2.8e-09 2.26562 2.78125 0 207564681 5 207726571 0
2.8e-09 2.375 2.89062 0 223533024 5 223370885 5
2.8e-09 2.0625 2.42188 0 235815050 18 235673746 13
2.8e-09 2.625 2.98438 0 248751660 0 248536494 2
2.8e-09 2.125 2.5 0 204661698 1 204584764 9
2.8e-09 2.3125 2.82812 0 252667272 5 252420906 8
2.8e-09 2.10938 2.48438 0 210594290 3 210625478 9
2.8e-09 2.07812 2.45312 0 227379116 3 227191138 3
2.8e-09 2.625 2.98438 0 248008302 3 247938348 2
2.8e-09 2.79688 3.3125 0 237936368 0 237714056 0
2.8e-09 2.625 3 0 247206173 7 248069512 0
2.8e-09 2.625 3 0 247310357 1 247454056 3
2.8e-09 2.35938 2.875 0 234700117 6 234814043 14
2.8e-09 1.875 2.39062 0 190861751 1 190798491 0
2.8e-09 1.89062 2.40625 0 242993905 30 242961755 0
2.8e-09 2.20312 2.71875 0 237737547 2 237447772 9
2.8e-09 2.07812 2.45312 0 223739283 2 223748701 30
2.8e-09 2.375 2.89062 0 224763841 16 224512660 1
2.8e-09 2.76562 3.28125 0 249078218 1 249090530 4
2.8e-09 2.0625 2.4375 0 233627724 39 233738576 1
2.8e-09 2.29688 2.8125 0 195829090 1 195828699 10
2.8e-09 2.375 2.89062 0 226773147 4 226870294 0
2.8e-09 2.14062 2.51562 0 197728394 0 197543150 1
2.8e-09 2.09375 2.45312 0 220988177 4 220932713 6
2.8e-09 2.79688 3.32812 0 232262537 0 232085977 0
2.8e-09 2.21875 2.73438 0 230061712 0 229976105 2
2.8e-09 2.125 2.5 0 206099528 1 206247159 23
2.8e-09 2.375 2.90625 0 221930708 0 222649286 1
2.8e-09 2.26562 2.78125 0 210646609 0 210582928 0
2.8e-09 2.10938 2.46875 0 214390247 6 214504148 1
2.8e-09 2.0625 2.4375 0 231822723 5 231891707 0
2.8e-09 2.375 2.89062 0 224268603 0 224511422 3
2.8e-09 2.32812 2.84375 0 249948460 13 249937980 4
2.8e-09 2.10938 2.48438 0 213546767 6 213490162 7
2.8e-09 2.21875 2.73438 0 231375278 0 231289345 0
2.8e-09 2.25 2.76562 0 217296376 20 217451292 4
2.8e-09 2.39062 2.90625 0 219991379 7 219497477 1
2.8e-09 2.8125 3.32812 0 228408930 0 228427635 1
2.8e-09 2.73438 3.25 0 201467965 2 201261238 16
2.8e-09 2.17188 2.54688 0 250205410 2 250340900 9
2.8e-09 2.76562 3.28125 0 250366734 13 250302149 0
2.8e-09 2.14062 2.51562 0 197096251 0 197142744 0
2.8e-09 2.6875 3.0625 0 215614487 6 215816613 2
2.8e-09 2.29688 2.82812 0 194568805 3 194395760 0
2.8e-09 2.35938 2.875 0 234426544 0 234103974 5
2.8e-09 1.875 2.39062 0 251252946 0 251377268 0
2.8e-09 2.60938 2.96875 0 192226613 14 192028577 0
2.8e-09 2.26562 2.78125 0 210148382 3 210082232 19
2.8e-09 2.35938 2.89062 0 229594663 1 229983105 0
2.8e-09 2.40625 2.9375 0 209851215 0 209433973 8
2.8e-09 1.85938 2.39062 0 191715891 1 191765909 1
2.8e-09 1.875 2.39062 0 251331370 3 251424298 1
2.8e-09 2.59375 2.96875 0 196637609 0 196975477 27
2.8e-09 2.65625 3.01562 0 234531414 1 234906193 5
2.8e-09 2.40625 2.92188 0 210653512 0 210660328 8
2.8e-09 2.59375 2.96875 0 193219978 0 193356599 2
2.8e-09 2.09375 2.46875 0 219238951 6 218992379 9
2.8e-09 2.14062 2.51562 0 197917109 3 198063481 3
2.8e-09 2.71875 3.07812 0 206850414 1 206384378 2
2.8e-09 1.85938 2.375 0 193914750 3 193924246 0
2.8e-09 2.375 2.90625 0 223053798 11 222791464 10
2.8e-09 2.15625 2.53125 0 194383976 18 194431789 0
2.8e-09 1.89062 2.42188 0 241419325 3 241377863 0
2.8e-09 2.17188 2.54688 0 251221177 6 251128958 5
2.8e-09 2.09375 2.46875 0 217577261 5 217739752 2
2.8e-09 2.09375 2.46875 0 219655014 6 219895745 76
2.8e-09 2.21875 2.73438 0 229307143 2 229480641 1
2.8e-09 1.89062 2.40625 0 245468939 1 245158445 8
2.8e-09 2.73438 3.25 0 199911508 4 199419756 44
2.8e-09 2.1875 2.54688 0 246451006 2 246315442 2
2.8e-09 2.60938 2.96875 0 192239474 3 192468639 1
2.8e-09 2.10938 2.48438 0 209824224 18 209772658 2
2.8e-09 2.32812 2.85938 0 243882089 1 244111856 0
2.8e-09 2.3125 2.82812 0 192741529 6 193000008 6
2.8e-09 2.39062 2.90625 0 220306771 1 219981759 1
2.8e-09 2.20312 2.71875 0 237045649 0 237125088 2
2.8e-09 2.625 2.98438 0 249190361 11 249039760 1
2.8e-09 2.57812 2.95312 0 202147416 16 201973670 2
2.8e-09 2.59375 2.95312 0 198402691 6 198361025 0
2.8e-09 2.17188 2.54688 0 250194461 1 250367399 0
2.8e-09 2.3125 2.84375 0 250845112 34 250733145 0
2.8e-09 1.875 2.40625 0 249385466 1 249229915 0
2.8e-09 2.65625 3.01562 0 234083912 9 234503990 26
2.8e-09 2.07812 2.45312 0 225154205 0 225049603 1
2.8e-09 2.07812 2.45312 0 227058852 6 227108719 0
2.8e-09 2.3125 2.82812 0 252853310 7 252745800 3
2.8e-09 1.89062 2.40625 0 247207272 4 246726759 1
2.8e-09 2.78125 3.29688 0 242886808 11 243023153 0
2.8e-09 2.67188 3.04688 0 222370238 0 222709396 4
2.8e-09 1.89062 2.40625 0 247585667 0 247707489 9
2.8e-09 1.90625 2.42188 0 239069272 0 239089974 16
2.8e-09 2.125 2.5 0 203641660 17 203652122 0
2.8e-09 2.59375 2.95312 0 198534580 4 198586248 1
2.8e-09 2.6875 3.0625 0 216335096 13 216474421 2
2.8e-09 2.14062 2.51562 0 200298485 6 200148136 1
2.8e-09 1.90625 2.42188 0 236563819 4 236564074 8
2.8e-09 2.82812 3.35938 0 217690698 6 217486422 2
2.8e-09 2.35938 2.875 0 232098571 0 232285899 0
2.8e-09 2.59375 2.95312 0 198403256 3 198598227 4
2.8e-09 2.78125 3.29688 0 243436058 5 243249091 6
2.8e-09 2.125 2.48438 0 207814863 4 208092526 1
2.8e-09 2.10938 2.48438 0 212989923 3 212825271 0
