0.09123	0.0336
0.0982	0.0323
0.104	0.0344
0.1098	0.0338
0.1155	0.0353
0.1213	0.0347
0.127	0.0365
0.1328	0.0362
0.1385	0.0371
0.1443	0.0373
0.15	0.0376
0.1557	0.0373
0.1615	0.0392
0.1673	0.0386
0.1731	0.0393
0.1788	0.0397
0.1849	0.0388
0.1907	0.0395
0.1964	0.0402
0.2022	0.0403
0.2079	0.0411
0.2138	0.0418
0.2195	0.0432
0.2253	0.0431
0.231	0.0422
0.2375	0.0435
0.2432	0.0434
0.249	0.045
0.2547	0.0447
0.2607	0.0443
0.2665	0.0447
0.2722	0.0455
0.2781	0.0451
0.2846	0.0475
0.2904	0.0466
0.2972	0.0476
0.3031	0.0482
0.309	0.0477
0.3147	0.0495
0.3205	0.0493
0.3266	0.0501
0.3323	0.0509
0.3382	0.0519
0.3442	0.0523
0.35	0.0503
0.3562	0.0533
0.362	0.0524
0.3677	0.0531
0.3739	0.0558
0.3796	0.0544
0.3854	0.0542
0.3912	0.056
0.397	0.0565
0.4027	0.0572
0.4092	0.0589
0.4206	0.0587
0.4267	0.059
0.4324	0.0616
0.4381	0.0599
0.4439	0.0615
0.4496	0.0615
0.4554	0.0618
0.4611	0.0654
0.4668	0.0641
0.4726	0.0649
0.4783	0.0655
0.4848	0.0675
0.4909	0.0666
0.4966	0.0657
0.5031	0.0656
0.509	0.0706
0.515	0.0685
0.5208	0.0699
0.5265	0.0698
0.5323	0.0702
0.538	0.0727
0.5437	0.0715
0.5495	0.0738
0.5552	0.0754
0.5829	0.0581
0.5966	0.0604
0.6024	0.0609
0.6082	0.0637
0.6139	0.0605
0.6196	0.0627
0.6255	0.0634
0.6312	0.0637
0.637	0.0636
0.6427	0.0641
0.6484	0.0651
0.6542	0.0668
0.6599	0.0664
0.6657	0.0667
0.6715	0.0684
0.6772	0.0688
0.6831	0.0702
0.6902	0.0699
0.6959	0.0708
0.7024	0.0701
0.7082	0.0718
0.714	0.0736
0.7208	0.0752
0.7265	0.0754
0.7379	0.0754
0.7437	0.076
0.7494	0.0771
0.7611	0.0801
0.7669	0.0812
0.7727	0.0823
0.7784	0.0805
0.7841	0.0841
0.7899	0.0825
0.7957	0.0836
0.8015	0.085
0.8072	0.0846
0.813	0.085
0.8188	0.0852
0.8246	0.0907
0.8304	0.0911
0.8361	0.0933
0.8426	0.0908
0.8484	0.0901
0.8542	0.0949
0.8599	0.0921
0.8657	0.0942
0.8771	0.0994
0.8831	0.1
0.8896	0.0999
0.8954	0.0996
0.9011	0.1012
0.907	0.0994
0.9128	0.1058
0.9262	0.104
0.9388	0.0809
0.9447	0.0809
0.9512	0.0843
0.957	0.0842
0.9632	0.0835
0.9751	0.0841
0.9811	0.0881
0.9869	0.0881
0.9926	0.089
0.9984	0.0893
1.005	0.0921
1.011	0.0928
1.016	0.0928
1.028	0.0964
1.034	0.0938
1.039	0.0944
1.045	0.0966
1.051	0.0986
1.057	0.1002
1.068	0.1048
1.074	0.1026
1.08	0.1039
1.086	0.1054
1.098	0.0804
1.104	0.0818
1.109	0.0821
1.115	0.083
1.121	0.0827
1.127	0.0834
1.139	0.0884
1.145	0.0855
1.151	0.0872
1.156	0.0871
1.168	0.0891
1.174	0.0909
1.18	0.092
1.185	0.0891
1.191	0.0912
1.197	0.0941
1.203	0.095
1.209	0.0965
1.214	0.0965
1.22	0.0995
1.233	0.1004
1.239	0.1022
1.245	0.1022
1.25	0.1029
1.256	0.1021
1.262	0.1034
1.268	0.1061
1.28	0.1095
1.292	0.0852
1.298	0.0853
1.304	0.0868
1.309	0.0833
1.321	0.0893
1.327	0.0879
1.332	0.0874
1.338	0.0896
1.344	0.0917
1.35	0.0927
1.355	0.0935
1.362	0.0958
1.373	0.0971
1.38	0.0964
1.385	0.0997
1.391	0.0991
1.398	0.1005
1.403	0.103
1.416	0.1038
1.422	0.1046
1.429	0.1051
1.44	0.0818
1.447	0.0823
1.458	0.0829
1.464	0.0841
1.47	0.0871
1.476	0.085
1.482	0.0883
1.488	0.0868
1.494	0.0869
1.499	0.0872
1.505	0.0881
1.511	0.0887
1.517	0.0913
1.522	0.0929
1.534	0.0957
1.54	0.0944
1.546	0.0957
1.552	0.0976
1.559	0.0966
1.57	0.1
1.576	0.1043
1.582	0.1038
1.588	0.1037
1.594	0.1053
1.6	0.1074
1.611	0.0812
1.623	0.0829
1.629	0.0845
1.635	0.0854
1.641	0.0864
1.647	0.0848
1.653	0.0865
1.659	0.0898
1.664	0.0884
1.676	0.0921
1.682	0.0903
1.688	0.0929
1.694	0.0925
1.706	0.0939
1.712	0.0963
1.717	0.0986
1.723	0.099
1.729	0.0989
1.735	0.1007
1.741	0.1021
1.752	0.1052
1.758	0.1077
1.77	0.0837
1.776	0.0842
1.781	0.0801
1.787	0.0851
1.793	0.0817
1.799	0.087
1.805	0.0873
1.811	0.0867
1.823	0.0901
1.829	0.0886
1.841	0.091
1.847	0.0908
1.852	0.0942
1.858	0.093
1.864	0.0949
1.87	0.0963
1.876	0.0957
1.882	0.0973
1.888	0.0984
1.894	0.0996
1.905	0.1019
1.911	0.1043
1.917	0.1038
1.922	0.1052
1.928	0.1046
1.934	0.1075
1.94	0.1068
1.952	0.0844
1.957	0.0837
1.963	0.0831
1.969	0.0865
1.975	0.0836
1.986	0.0864
1.999	0.0886
2.005	0.0899
2.01	0.0914
2.016	0.0943
2.022	0.0929
2.028	0.094
2.034	0.0943
2.039	0.098
2.046	0.0991
2.057	0.0972
2.063	0.1028
2.069	0.1026
2.076	0.1006
2.082	0.1047
2.087	0.1087
2.093	0.103
2.099	0.1052
2.106	0.1086
2.111	0.1104
2.131	0.0855
2.137	0.0865
2.149	0.0851
2.156	0.0903
2.161	0.0917
2.167	0.0895
2.173	0.0913
2.179	0.0932
2.185	0.0928
2.197	0.0965
2.203	0.0982
2.21	0.0971
2.215	0.0994
2.221	0.1007
2.227	0.0989
2.233	0.1019
2.239	0.1035
2.245	0.1044
2.251	0.1066
2.257	0.108
2.262	0.1087
2.274	0.0839
2.295	0.0858
2.3	0.088
2.306	0.0871
2.312	0.086
2.318	0.0878
2.323	0.0899
2.33	0.0907
2.341	0.0946
2.348	0.0947
2.354	0.092
2.361	0.0974
2.367	0.0976
2.373	0.0983
2.378	0.1015
2.384	0.1043
2.39	0.1022
2.396	0.1009
2.402	0.1042
2.414	0.1074
2.421	0.1064
2.433	0.1088
2.439	0.1097
2.451	0.0854
2.457	0.0857
2.463	0.0872
2.468	0.0881
2.474	0.0883
2.481	0.0893
2.488	0.0891
2.5	0.0938
2.507	0.0911
2.513	0.097
2.519	0.0937
2.525	0.098
2.531	0.0962
2.537	0.0983
2.542	0.1012
2.548	0.0984
2.554	0.1021
2.56	0.1
2.579	0.1074
2.593	0.1068
2.599	0.1076
2.605	0.1108
2.616	0.0881
2.622	0.0854
2.628	0.0854
2.634	0.0876
2.64	0.0885
2.645	0.0897
2.651	0.0915
2.657	0.0906
2.663	0.091
2.669	0.0958
2.675	0.0928
2.681	0.095
2.687	0.0971
2.693	0.097
2.699	0.0978
2.719	0.1027
2.725	0.102
2.73	0.1027
2.736	0.1053
2.742	0.1036
2.749	0.1095
2.755	0.1084
2.767	0.0835
2.773	0.0833
2.779	0.0868
2.785	0.0877
2.791	0.0846
2.797	0.0879
2.802	0.0895
2.809	0.0895
2.815	0.0913
2.821	0.09
2.826	0.0931
2.832	0.0953
2.845	0.0947
2.851	0.0948
2.864	0.0986
2.869	0.0991
2.875	0.0995
2.881	0.1011
2.887	0.1007
2.893	0.1009
2.899	0.1038
2.904	0.1078
2.91	0.1056
2.916	0.1075
2.922	0.1092
2.927	0.1104
2.94	0.0842
2.946	0.08406
2.952	0.08431
2.958	0.08547
2.964	0.08873
2.97	0.08798
2.975	0.08724
2.988	0.08765
2.994	0.0889
3.	0.08906
3.006	0.08922
3.011	0.09258
3.018	0.09343
3.024	0.09189
3.029	0.08855
3.035	0.09211
3.042	0.09386
3.047	0.09222
3.06	0.09273
3.066	0.09329
3.072	0.1003
3.078	0.0932
3.092	0.0939
3.098	0.09336
3.104	0.09282
3.109	0.09308
3.115	0.09254
3.121	0.0936
3.127	0.09545
3.132	0.09461
3.138	0.09437
3.144	0.09263
3.15	0.09249
3.155	0.09535
3.162	0.09611
3.168	0.09687
3.173	0.09712
3.18	0.09668
3.187	0.09573
3.192	0.09629
3.199	0.09415
3.204	0.09441
3.211	0.09436
3.217	0.09302
3.222	0.09378
3.228	0.09124
3.234	0.0946
3.24	0.09396
3.246	0.09282
3.251	0.09268
3.257	0.09454
3.263	0.0946
3.269	0.09516
3.275	0.09542
3.281	0.09388
3.287	0.09373
3.293	0.09359
3.299	0.09285
3.306	0.09311
3.312	0.09387
3.317	0.09593
3.323	0.09189
3.329	0.09585
3.335	0.09381
3.34	0.09197
3.346	0.09383
3.352	0.0945
3.364	0.09421
3.37	0.09207
3.376	0.09163
3.382	0.09229
3.388	0.08955
3.393	0.09062
3.399	0.09027
3.405	0.09244
3.411	0.09
3.417	0.09185
3.423	0.08981
3.429	0.08988
3.442	0.06757
3.448	0.06863
3.454	0.06689
3.46	0.06845
3.467	0.0681
3.473	0.06526
3.478	0.06712
3.484	0.06548
3.49	0.06704
3.496	0.0666
3.501	0.06597
3.508	0.06622
3.514	0.06578
3.52	0.06434
3.525	0.064
3.531	0.06556
3.537	0.06532
3.543	0.06659
3.549	0.06704
3.562	0.06596
3.568	0.06682
3.574	0.06238
3.58	0.06604
3.593	0.06445
3.599	0.06212
3.605	0.06598
3.611	0.06814
3.616	0.0668
3.622	0.06656
3.628	0.06362
3.633	0.06369
3.64	0.06465
3.645	0.06391
3.651	0.06617
3.658	0.06273
3.663	0.06459
3.669	0.06365
3.675	0.06342
3.681	0.06348
3.687	0.06344
3.693	0.0644
3.699	0.06296
3.704	0.06502
3.71	0.06549
3.716	0.06295
3.722	0.06131
3.728	0.06327
3.734	0.06433
3.74	0.0624
3.745	0.06286
3.751	0.06202
3.757	0.06389
3.763	0.06155
3.768	0.06311
3.774	0.06278
3.781	0.06113
3.786	0.0605
3.792	0.06146
3.798	0.06182
3.804	0.06329
3.809	0.06275
3.815	0.06172
3.821	0.06298
3.827	0.06394
3.833	0.0654
3.839	0.06326
3.845	0.06213
3.851	0.06419
3.864	0.06361
3.87	0.06077
3.875	0.06174
3.881	0.0623
3.887	0.06446
3.893	0.06443
3.898	0.06409
3.904	0.06286
3.91	0.06172
3.916	0.06278
3.923	0.06174
3.929	0.0625
3.942	0.04539
3.948	0.04625
3.953	0.04752
3.96	0.04778
3.965	0.04794
3.972	0.0468
3.978	0.04776
3.984	0.04562
3.99	0.04698
3.996	0.04624
4.002	0.04631
4.008	0.04677
4.014	0.04723
4.019	0.04549
4.025	0.04726
4.031	0.04762
4.037	0.04628
4.043	0.04554
4.049	0.04621
4.062	0.04763
4.067	0.04489
4.073	0.04635
4.079	0.04612
4.092	0.04644
4.098	0.0463
4.104	0.04696
4.11	0.04652
4.115	0.04769
4.121	0.04515
4.127	0.04682
4.133	0.04758
4.139	0.04594
4.144	0.04801
4.15	0.04617
4.156	0.04894
4.162	0.0467
4.169	0.04836
4.174	0.04542
4.18	0.04609
4.186	0.04575
4.192	0.04722
4.197	0.04488
4.204	0.04534
4.21	0.0478
4.215	0.04387
4.221	0.04663
4.227	0.0466
4.233	0.04516
4.239	0.04563
4.245	0.04449
4.251	0.04675
4.256	0.04552
4.262	0.04609
4.268	0.04615
4.274	0.04742
4.279	0.04668
4.285	0.04555
4.291	0.04641
4.297	0.04717
4.303	0.04534
4.31	0.04619
4.317	0.04555
4.323	0.04692
4.329	0.04608
4.335	0.04635
4.34	0.04681
4.346	0.04658
4.353	0.04734
4.365	0.04467
4.372	0.04623
4.378	0.04609
4.383	0.04676
4.389	0.04632
4.395	0.04429
4.401	0.04605
4.407	0.04732
4.412	0.04669
4.418	0.04635
4.424	0.04552
4.43	0.04559
4.442	0.03418
4.448	0.03455
4.454	0.03321
4.46	0.03457
4.466	0.03383
4.472	0.034
4.478	0.03456
4.484	0.03443
4.49	0.03319
4.496	0.03425
4.502	0.03502
4.507	0.03418
4.513	0.03385
4.519	0.03461
4.525	0.03557
4.53	0.03564
4.536	0.0344
4.542	0.03607
4.548	0.03443
4.562	0.03405
4.567	0.03691
4.573	0.03548
4.58	0.03464
4.592	0.03416
4.599	0.03572
4.606	0.03598
4.612	0.03414
4.618	0.03671
4.624	0.03557
4.63	0.03434
4.636	0.034
4.642	0.03567
4.648	0.03443
4.654	0.03479
4.66	0.03416
4.666	0.03412
4.672	0.03619
4.678	0.03605
4.684	0.03442
4.69	0.03458
4.697	0.03404
4.703	0.0347
4.709	0.03527
4.714	0.03543
4.72	0.0349
4.726	0.03436
4.732	0.03513
4.738	0.0346
4.744	0.03566
4.751	0.03412
4.756	0.03389
4.762	0.03545
4.768	0.03582
4.775	0.03538
4.78	0.03345
4.786	0.03411
4.792	0.03528
4.799	0.03674
4.804	0.03601
4.81	0.03548
4.816	0.03574
4.822	0.03611
4.827	0.03568
4.833	0.03734
4.839	0.03671
4.852	0.03563
4.865	0.03526
4.872	0.03492
4.878	0.03448
4.884	0.03535
4.89	0.03542
4.897	0.03658
4.903	0.03474
4.91	0.03471
4.915	0.03507
4.921	0.03514
4.927	0.03501
4.942	0.02617
4.948	0.02603
4.954	0.0267
4.959	0.02606
4.965	0.02673
4.971	0.02629
4.977	0.02606
4.983	0.02652
4.988	0.02609
4.994	0.02565
5.	0.02622
5.006	0.02558
5.012	0.02665
5.018	0.02601
5.025	0.02527
5.032	0.02543
5.038	0.02509
5.044	0.02535
5.05	0.02612
5.063	0.02494
5.069	0.0251
5.075	0.02537
5.081	0.02554
5.093	0.02666
5.1	0.02652
5.106	0.02709
5.112	0.02655
5.119	0.02691
5.125	0.02658
5.131	0.02614
5.137	0.02571
5.143	0.02667
5.149	0.02564
5.154	0.02631
5.161	0.02647
5.167	0.02613
5.173	0.0257
5.178	0.02647
5.184	0.02563
5.19	0.0259
5.196	0.02597
5.201	0.02573
5.207	0.0253
5.213	0.02547
5.218	0.02664
5.224	0.0266
5.23	0.02527
5.236	0.02644
5.242	0.0253
5.247	0.02707
5.253	0.02564
5.259	0.0272
5.265	0.02567
5.271	0.02604
5.277	0.0248
5.283	0.02577
5.288	0.02584
5.294	0.02751
5.3	0.02707
5.306	0.02574
5.313	0.0263
5.318	0.02557
5.324	0.02563
5.33	0.0262
5.336	0.02677
5.342	0.02673
5.348	0.0264
5.354	0.02677
5.367	0.0264
5.372	0.02607
5.379	0.02643
5.385	0.0262
5.391	0.02516
5.397	0.02633
5.402	0.026
5.408	0.02707
5.414	0.02614
5.42	0.0254
5.425	0.02667
5.431	0.02544
5.444	0.0191
5.45	0.01956
5.456	0.01943
5.463	0.01959
5.47	0.01955
5.476	0.01931
5.482	0.01938
5.489	0.01923
5.495	0.0194
5.501	0.02077
5.507	0.01963
5.513	0.0197
5.519	0.01976
5.526	0.01882
5.531	0.01889
5.537	0.01915
5.543	0.01962
5.549	0.01929
5.562	0.01881
5.568	0.01917
5.574	0.01894
5.58	0.01891
5.593	0.01893
5.599	0.01919
5.605	0.02056
5.611	0.01943
5.616	0.01929
5.622	0.01906
5.628	0.01923
5.635	0.01899
5.64	0.01926
5.646	0.01882
5.653	0.01899
5.659	0.02005
5.664	0.01932
5.67	0.01949
5.676	0.01895
5.682	0.01942
5.688	0.01879
5.694	0.01895
5.7	0.01912
5.707	0.01898
5.712	0.01925
5.718	0.01931
5.726	0.01917
5.733	0.01883
5.739	0.0188
5.745	0.01966
5.752	0.01893
5.758	0.01939
5.765	0.01835
5.771	0.01892
5.777	0.01799
5.783	0.01805
5.788	0.01842
5.794	0.01839
5.8	0.01936
5.806	0.01883
5.811	0.0191
5.817	0.01846
5.823	0.01863
5.828	0.0179
5.834	0.01837
5.84	0.01914
5.846	0.01821
5.852	0.01827
5.866	0.01899
5.872	0.01916
5.878	0.01863
5.884	0.0188
5.89	0.01906
5.896	0.01833
5.901	0.0192
5.907	0.01877
5.913	0.01844
5.919	0.01851
5.924	0.01838
5.93	0.01905
5.946	0.01402
5.952	0.01409
5.958	0.01455
5.964	0.01412
5.97	0.01498
5.976	0.01374
5.982	0.01421
5.988	0.01388
5.993	0.01444
6.	0.01381
6.005	0.01387
6.011	0.01464
6.017	0.01371
6.023	0.01447
6.03	0.01453
6.035	0.0139
6.041	0.01427
6.047	0.01454
6.052	0.0145
6.065	0.01343
6.072	0.01439
6.077	0.01426
6.085	0.01432
6.097	0.01375
6.103	0.01411
6.11	0.01427
6.116	0.01354
6.122	0.01361
6.127	0.01407
6.133	0.01384
6.139	0.01441
6.145	0.01398
6.151	0.01384
6.157	0.01381
6.162	0.01398
6.169	0.01374
6.175	0.01361
6.181	0.01427
6.187	0.01384
6.193	0.01421
6.199	0.01357
6.205	0.01354
6.212	0.0136
6.217	0.01357
6.223	0.01434
6.229	0.01371
6.234	0.01447
6.241	0.01314
6.246	0.01421
6.253	0.01377
6.259	0.01374
6.264	0.01391
6.27	0.01368
6.276	0.01355
6.282	0.01361
6.288	0.01378
6.294	0.01415
6.3	0.01362
6.306	0.01408
6.312	0.01375
6.318	0.01382
6.324	0.01368
6.329	0.01375
6.335	0.01322
6.341	0.01449
6.347	0.01356
6.353	0.01362
6.366	0.01426
6.372	0.01372
6.378	0.01419
6.384	0.01386
6.389	0.01373
6.395	0.0134
6.401	0.01357
6.407	0.01324
6.413	0.0131
6.418	0.01407
6.424	0.01344
6.43	0.01311
6.443	0.01018
6.449	0.009847
6.455	0.01101
6.461	0.00998
6.467	0.01044
6.473	0.01081
6.479	0.01097
6.485	0.01094
6.49	0.01031
6.496	0.01027
6.502	0.01074
6.509	0.009698
6.516	0.01066
6.522	0.01013
6.528	0.01019
6.534	0.01096
6.54	0.01042
6.545	0.01049
6.551	0.01006
6.565	0.01048
6.571	0.01034
6.577	0.01061
6.583	0.01108
6.597	0.011
6.603	0.01096
6.609	0.01083
6.615	0.0101
6.621	0.01026
6.627	0.01043
6.632	0.009899
6.638	0.01077
6.644	0.01043
6.65	0.009902
6.655	0.00997
6.661	0.01004
6.667	0.01031
6.673	0.01007
6.678	0.01054
6.684	0.01021
6.69	0.01038
6.696	0.01074
6.702	0.01001
6.708	0.01048
6.713	0.01035
6.719	0.01072
6.725	0.01048
6.731	0.009753
6.736	0.01002
6.742	0.01019
6.748	0.01056
6.754	0.01023
6.761	0.01049
6.767	0.01016
6.774	0.01012
6.779	0.01029
6.785	0.01065
6.791	0.01032
6.798	0.01059
6.804	0.01016
6.81	0.01002
6.816	0.01039
6.822	0.01026
6.827	0.01043
6.834	0.01009
6.84	0.01096
6.846	0.01023
6.851	0.0103
6.866	0.01002
6.872	0.01039
6.877	0.01066
6.883	0.009928
6.889	0.0106
6.895	0.009762
6.901	0.01013
6.907	0.0104
6.913	0.01017
6.918	0.01004
6.924	0.01041
6.93	0.00998
6.944	0.008202
6.95	0.007568
6.956	0.007634
6.963	0.008197
6.968	0.007563
6.974	0.007829
6.98	0.007994
6.986	0.007761
6.992	0.007629
6.997	0.007696
7.003	0.007863
7.009	0.00803
7.015	0.007493
7.021	0.00796
7.027	0.008228
7.033	0.008495
7.038	0.007862
7.044	0.00833
7.051	0.008293
7.065	0.008014
7.071	0.008276
7.077	0.008344
7.083	0.008111
7.099	0.007821
7.105	0.008089
7.11	0.008257
7.116	0.008524
7.122	0.008292
7.129	0.008252
7.135	0.00802
7.141	0.007687
7.147	0.007554
7.154	0.007514
7.16	0.007978
7.166	0.007946
7.172	0.008113
7.178	0.007981
7.184	0.007748
7.19	0.007816
7.196	0.008282
7.202	0.008351
7.207	0.007719
7.213	0.008187
7.219	0.008056
7.225	0.00782
7.231	0.008089
7.237	0.008057
7.243	0.007921
7.249	0.008289
7.255	0.008057
7.262	0.008121
7.268	0.007289
7.273	0.007157
7.279	0.007726
7.285	0.007996
7.291	0.007865
7.296	0.007634
7.302	0.007703
7.309	0.007868
7.314	0.008136
7.32	0.007505
7.327	0.007971
7.332	0.007739
7.338	0.008009
7.345	0.00777
7.351	0.007639
7.357	0.007807
7.37	0.00754
7.376	0.007508
7.382	0.008077
7.387	0.007847
7.393	0.007816
7.4	0.007782
7.405	0.007652
7.411	0.007721
7.418	0.007283
7.426	0.007744
7.432	0.008211
7.445	0.005983
7.452	0.006145
7.457	0.006411
7.465	0.005868
7.472	0.006029
7.478	0.005991
7.484	0.006058
7.49	0.005825
7.497	0.006083
7.504	0.005945
7.51	0.006213
7.516	0.005578
7.521	0.005846
7.527	0.006313
7.533	0.006477
7.539	0.006044
7.546	0.006208
7.551	0.005975
7.565	0.006097
7.571	0.005465
7.577	0.00593
7.583	0.006298
7.597	0.006117
7.603	0.005684
7.609	0.006253
7.615	0.00612
7.621	0.005687
7.627	0.006454
7.632	0.005822
7.638	0.00629
7.644	0.005757
7.65	0.005623
7.656	0.006092
7.662	0.00586
7.667	0.006028
7.673	0.005497
7.679	0.005665
7.685	0.005934
7.69	0.005702
7.696	0.006171
7.702	0.00624
7.707	0.005808
7.713	0.006177
7.719	0.006146
7.725	0.005914
7.73	0.006183
7.736	0.006352
7.742	0.00592
7.748	0.006089
7.754	0.005957
7.759	0.005426
7.766	0.005491
7.772	0.00576
7.777	0.005929
7.785	0.00609
7.79	0.006358
7.797	0.006222
7.803	0.00589
7.809	0.00566
7.816	0.005721
7.822	0.00539
7.827	0.005959
7.834	0.005926
7.839	0.005795
7.845	0.006064
7.853	0.005924
7.859	0.005994
7.873	0.006319
7.878	0.005589
7.885	0.005956
7.89	0.005626
7.896	0.006195
7.902	0.005565
7.908	0.006035
7.913	0.006105
7.919	0.005874
7.926	0.00574
7.932	0.006206
7.945	0.004405
7.951	0.004667
7.958	0.004432
7.963	0.004499
7.969	0.004566
7.975	0.004733
7.981	0.004699
7.987	0.004466
7.992	0.004433
7.999	0.004097
8.004	0.004464
8.01	0.004431
8.017	0.004694
8.023	0.004861
8.028	0.004628
8.034	0.004496
8.04	0.004564
8.046	0.004431
8.052	0.004794
8.065	0.004323
8.072	0.004781
8.08	0.004838
8.086	0.004406
8.099	0.00463
8.106	0.005196
8.112	0.004559
8.118	0.004827
8.124	0.005094
8.13	0.005562
8.135	0.00463
8.143	0.00449
8.148	0.004158
8.154	0.004926
8.161	0.004488
8.167	0.004556
8.173	0.004324
8.178	0.004493
8.184	0.004562
8.19	0.00433
8.195	0.004799
8.201	0.004567
8.207	0.004436
8.213	0.004504
8.219	0.004873
8.224	0.004541
8.23	0.00431
8.236	0.004279
8.242	0.004647
8.247	0.004516
8.253	0.004685
8.261	0.004246
8.266	0.004214
8.273	0.004177
8.279	0.004046
8.286	0.004608
8.292	0.004177
8.298	0.003747
8.303	0.004316
8.31	0.00458
8.316	0.00465
8.321	0.004619
8.327	0.004687
8.333	0.004756
8.339	0.004525
8.345	0.004695
8.35	0.004664
8.357	0.004532
8.371	0.003956
8.377	0.004225
8.383	0.004494
8.389	0.004763
8.396	0.004025
8.401	0.003995
8.407	0.004265
8.413	0.004535
8.419	0.004505
8.424	0.004675
8.43	0.004345
8.445	0.003151
8.451	0.002718
8.456	0.003585
8.463	0.003248
8.469	0.003015
8.475	0.003782
8.48	0.003249
8.487	0.003212
8.493	0.003378
8.498	0.003346
8.504	0.003513
8.51	0.002981
8.516	0.003748
8.521	0.003415
8.527	0.002783
8.533	0.003248
8.539	0.003616
8.545	0.003283
8.551	0.002946
8.565	0.00337
8.571	0.003338
8.577	0.003205
8.583	0.003371
8.588	0.002939
8.601	0.00307
8.607	0.003138
8.612	0.003006
8.618	0.003274
8.624	0.003343
8.63	0.002911
8.635	0.003479
8.641	0.003048
8.647	0.003416
8.653	0.00298
8.659	0.003247
8.665	0.003015
8.671	0.003284
8.677	0.003152
8.683	0.003119
8.688	0.002888
8.694	0.003257
8.7	0.002825
8.706	0.00279
8.712	0.003459
8.718	0.003328
8.723	0.003097
8.729	0.002964
8.735	0.002733
8.741	0.003302
8.747	0.002971
8.752	0.00304
8.758	0.003309
8.764	0.003178
8.77	0.002947
8.776	0.003212
8.782	0.003181
8.787	0.003251
8.793	0.00342
8.799	0.003189
8.805	0.003359
8.811	0.003324
8.817	0.003393
8.823	0.003563
8.828	0.003532
8.834	0.003602
8.841	0.002967
8.846	0.003337
8.852	0.002906
8.858	0.003075
8.87	0.00311
8.877	0.003274
8.883	0.003144
8.889	0.003314
8.894	0.002684
8.9	0.002654
8.906	0.002723
8.912	0.003094
8.918	0.003059
8.924	0.003229
8.93	0.002898
8.945	0.002216
8.951	0.002383
8.956	0.00225
8.962	0.002517
8.968	0.002584
8.974	0.002047
8.98	0.002115
8.986	0.002582
8.992	0.002345
8.998	0.002311
9.004	0.002379
9.01	0.002446
9.015	0.002513
9.022	0.002379
9.027	0.002646
9.034	0.00231
9.04	0.002578
9.045	0.002845
9.052	0.002608
9.065	0.001837
9.072	0.002094
9.078	0.002762
9.084	0.002529
9.09	0.002496
9.102	0.002328
9.109	0.00219
9.115	0.002059
9.12	0.002327
9.126	0.002395
9.132	0.001963
9.138	0.002531
9.144	0.001798
9.149	0.002367
9.155	0.002535
9.162	0.002499
9.168	0.002166
9.173	0.002334
9.18	0.002099
9.186	0.001767
9.192	0.002535
9.197	0.002204
9.204	0.002469
9.21	0.002237
9.215	0.002806
9.222	0.00257
9.228	0.002238
9.234	0.002206
9.239	0.002475
9.245	0.002344
9.251	0.002312
9.257	0.002881
9.264	0.002242
9.27	0.00231
9.276	0.00168
9.282	0.002348
9.287	0.002217
9.295	0.002578
9.302	0.002239
9.309	0.002702
9.315	0.002672
9.321	0.00234
9.327	0.002507
9.333	0.001875
9.338	0.002445
9.344	0.002515
9.35	0.002484
9.357	0.00215
9.371	0.002174
9.377	0.002143
9.383	0.001909
9.389	0.002279
9.395	0.002149
9.401	0.001717
9.406	0.001887
9.412	0.002357
9.418	0.002226
9.424	0.002096
9.43	0.002062
9.445	0.001392
9.451	0.001254
9.457	0.001321
9.463	0.001988
9.468	0.001655
9.474	0.001423
9.481	0.001986
9.486	0.001553
9.492	0.00162
9.499	0.001684
9.504	0.001852
9.51	0.001519
9.516	0.001186
9.522	0.001254
9.527	0.001721
9.533	0.001389
9.54	0.001453
9.546	0.001518
9.551	0.001686
9.565	0.00191
9.571	0.001978
9.577	0.001545
9.582	0.001213
9.588	0.001781
9.602	0.0009043
9.608	0.001671
9.614	0.001339
9.619	0.001908
9.625	0.001976
9.631	0.001244
9.637	0.001511
9.643	0.00188
9.648	0.001948
9.654	0.001517
9.66	0.001984
9.666	0.002249
9.673	0.001813
9.679	0.001581
9.685	0.001646
9.691	0.001715
9.697	0.001382
9.703	0.001251
9.708	0.00142
9.715	0.001785
9.721	0.001454
9.726	0.001522
9.732	0.001191
9.738	0.001759
9.744	0.001128
9.749	0.001198
9.755	0.001766
9.761	0.001435
9.767	0.001904
9.773	0.001769
9.779	0.001638
9.786	0.001703
9.791	0.001672
9.797	0.002041
9.803	0.00161
9.81	0.001974
9.816	0.002443
9.822	0.001512
9.827	0.001681
9.834	0.001446
9.84	0.001615
9.846	0.001185
9.852	0.00195
9.859	0.001014
9.871	0.00105
9.878	0.001212
9.884	0.001482
9.891	0.001148
9.896	0.001518
9.902	0.001188
9.908	0.001658
9.914	0.001124
9.92	0.001294
9.926	0.0008645
9.931	0.0006347
9.945	0.001275
9.951	0.0009406
9.956	0.0007071
9.962	0.0008744
9.968	0.001042
9.974	0.001009
9.98	0.0007755
9.986	0.0008383
9.993	0.0007006
9.999	0.0008677
10.	0.001235
10.01	0.0008014
10.02	0.001265
10.02	0.001226
10.03	0.0007944
10.04	0.00116
10.04	0.001027
10.05	0.0008951
10.05	0.001263
10.07	0.0008916
10.07	0.001259
10.08	0.001423
10.08	0.0007891
10.09	0.0009572
10.1	0.001089
10.11	0.001157
10.11	0.001025
10.12	0.001094
10.12	0.001462
10.13	0.00113
10.14	0.0009983
10.14	0.001263
10.15	0.001331
10.15	0.001496
10.16	0.001464
10.17	0.0008328
10.17	0.0013
10.18	0.0008676
10.18	0.001436
10.19	0.001005
10.2	0.001273
10.2	0.001142
10.21	0.0008111
10.21	0.00118
10.22	0.001049
10.22	0.001718
10.23	0.001587
10.24	0.001056
10.24	0.0009237
10.25	0.001389
10.25	0.0006579
10.26	0.001526
10.27	0.001996
10.27	0.001064
10.28	0.001332
10.28	0.001301
10.29	0.0006654
10.3	0.001134
10.3	0.0008039
10.31	0.001173
10.31	0.001042
10.32	0.0009075
10.33	0.0007767
10.33	0.001146
10.34	0.001115
10.34	0.0004824
10.35	0.0007473
10.36	0.0007167
10.36	0.001086
10.37	0.00102
10.38	0.0009882
10.39	0.001257
10.39	0.001427
10.4	0.0008966
10.4	0.001066
10.41	0.001236
10.41	0.001007
10.42	0.0005764
10.43	0.001246
10.43	0.0009128
10.45	0.0008601
10.45	0.0008266
10.46	0.001093
10.46	0.0004607
10.47	0.0009273
10.47	0.0008948
10.48	0.001162
10.49	0.0009293
10.49	0.0006963
10.5	0.0003637
10.5	0.001131
10.51	0.001098
10.51	0.0006651
10.52	0.001022
10.53	0.0009892
10.53	0.0003553
10.54	0.0005231
10.55	0.0008904
10.55	0.001058
10.57	0.0004818
10.57	0.0008482
10.58	0.001116
10.58	0.001584
10.59	0.0004524
10.6	0.0007797
10.61	0.001243
10.62	0.0007026
10.62	0.00117
10.63	0.000838
10.63	0.0006043
10.64	0.0007726
10.65	0.001139
10.65	0.0008076
10.66	0.001176
10.66	0.0007442
10.67	0.0006081
10.68	0.001076
10.68	0.0006432
10.69	0.001012
10.69	0.0007806
10.7	0.0006495
10.7	0.001114
10.71	0.0007824
10.72	0.0009508
10.72	0.0007192
10.73	0.0008882
10.73	0.0007561
10.74	0.001125
10.75	0.0007942
10.75	0.0008547
10.76	0.0006238
10.77	0.0002882
10.77	0.0009575
10.78	0.0008268
10.78	0.0007962
10.79	0.001062
10.79	0.0007313
10.8	0.0004006
10.81	0.0004703
10.81	0.0004399
10.82	0.0006094
10.82	0.0008782
10.83	0.001048
10.83	0.0008175
10.84	0.0008871
10.85	0.0009564
10.85	0.0005215
10.86	0.0009914
10.86	0.0008609
10.88	0.0008926
10.88	0.0007615
10.89	0.0007315
10.89	0.0007016
10.9	0.0008717
10.91	0.0004418
10.91	0.0007118
10.92	0.0007822
10.92	0.0008522
10.93	0.0009225
10.93	0.0007928
10.95	0.0004464
10.95	0.0003078
10.96	0.000975
10.97	0.0003419
10.97	0.0005093
10.98	0.000772
10.98	0.001039
10.99	0.0005064
11.	0.0008697
11.	0.0004368
11.01	0.0004045
11.01	0.0008715
11.02	0.0003383
11.02	0.0007056
11.03	0.0005668
11.04	0.000934
11.04	0.000601
11.05	0.0006689
11.05	0.0007364
11.07	0.000866
11.07	0.0009334
11.08	0.0001998
11.09	0.0003672
11.09	0.0001347
11.1	0.0000587
11.11	0.0001245
11.12	0.0003929
11.12	0.000361
11.13	0.0005292
11.13	0.0005961
11.14	0.0006646
11.15	0.0006332
11.15	0.0007017
11.16	0.00107
11.16	0.0004385
11.17	0.0001063
11.17	-0.00002518
11.18	0.0006437
11.19	0.0003125
11.19	0.0006813
11.2	0.0003502
11.2	0.0002177
11.21	0.0006862
11.21	0.001155
11.22	0.0009241
11.23	0.0004931
11.23	0.0005621
11.24	0.0005313
11.25	0.0001922
11.25	0.0003613
11.26	0.00073
11.26	0.0005893
11.27	0.0004586
11.28	0.0007279
11.28	0.0007973
11.29	0.001066
11.29	0.0003345
11.3	0.0008032
11.3	0.0009728
11.31	0.0006414
11.32	0.000611
11.32	0.0009806
11.33	0.0003487
11.33	0.0002183
11.34	0.0004881
11.35	0.0002578
11.35	0.000427
11.36	0.0003929
11.36	0.0005628
11.38	0.000193
11.38	0.0005567
11.39	0.0002267
11.39	0.0003968
11.4	0.0002669
11.41	0.0003299
11.41	0.0005964
11.42	0.0004662
11.43	0.0005359
11.43	0.0004057
11.44	0.000576
11.45	0.0001325
11.46	0.0004991
11.46	0.000666
11.47	0.0006316
11.47	0.0003978
11.48	0.0003653
11.49	0.0008327
11.49	0.0005996
11.5	0.0007672
11.5	0.0003348
11.51	0.0006025
11.51	0.0002702
11.52	0.0002377
11.53	0.0005039
11.53	0.0003717
11.54	0.000731
11.54	0.0002988
11.55	0.0007661
11.56	0.0001336
11.57	0.0002615
11.57	0.000529
11.58	0.0006929
11.59	0.000261
11.59	0.0008274
11.61	0.0007593
11.61	0.0007207
11.62	0.0002889
11.62	0.0006568
11.63	0.0006253
11.64	0.0005922
11.64	0.0003605
11.65	0.0006292
11.65	0.0008976
11.66	0.0002621
11.66	0.0002308
11.67	0.0002987
11.68	0.0004673
11.68	0.0001349
11.69	0.0004037
11.69	0.0007726
11.7	0.0009414
11.71	0.0005103
11.71	0.0003752
11.72	0.0003437
11.72	0.0005127
11.73	0.0003816
11.73	0.0008508
11.74	0.0006159
11.75	0.0001846
11.75	0.0003537
11.76	0.0001226
11.77	-0.0001123
11.77	0.0002565
11.78	0.0004259
11.78	-8.771e-6
11.79	0.0001602
11.8	0.0007276
11.8	0.0001971
11.81	0.0005666
11.81	0.0002358
11.82	4.536e-6
11.82	0.0007733
11.83	0.0003425
11.84	0.0008078
11.84	0.0006775
11.85	0.0005463
11.85	0.0006156
11.86	0.0004805
11.87	0.0006463
11.88	0.0005813
11.89	0.0003464
11.89	0.001016
11.9	0.000786
11.9	0.0008557
11.91	0.0007244
11.92	0.000393
11.92	0.0001632
11.93	0.0006334
11.93	0.0004037
11.94	0.000274
11.95	0.0004319
11.96	0.0001986
11.96	0.0001659
11.97	0.0005333
11.97	0.0001007
11.98	0.0002683
11.99	0.0001357
11.99	0.000599
12.	0.0007665
12.	0.0003297
12.01	0.0002974
12.02	0.0004651
12.02	0.0003323
12.03	0.0003954
12.03	0.0003626
12.04	0.00002575
12.05	0.0002873
12.05	0.0003552
12.06	0.0005171
12.07	0.0001463
12.08	0.0008139
12.08	0.0006819
12.09	0.0007494
12.1	0.0006171
12.11	0.0002401
12.12	0.0009084
12.12	0.0005768
12.13	0.0003452
12.13	0.001014
12.14	0.0006821
12.14	0.0008504
12.15	0.0001191
12.16	0.0004875
12.16	0.0008562
12.17	0.0005239
12.17	0.0006921
12.18	0.0006608
12.18	0.0004279
12.19	0.0002967
12.2	0.000261
12.2	0.00002976
12.21	0.0002981
12.21	0.000267
12.22	0.000536
12.23	0.000705
12.23	0.0002739
12.24	0.000043
12.24	0.0005117
12.25	0.0001804
12.25	-0.0001516
12.26	0.00001762
12.27	0.0001833
12.27	-0.00004753
12.28	0.000422
12.28	-0.0001093
12.29	-0.00003985
12.3	0.0003252
12.3	-0.00001009
12.31	0.0005578
12.31	-0.00007262
12.32	-3.022e-6
12.33	0.00006617
12.33	0.0005311
12.34	-6.052e-6
12.35	0.0005637
12.35	0.0001329
12.36	0.0001029
12.36	0.0004726
12.37	0.0004425
12.38	-0.0001272
12.39	0.0003411
12.39	0.0003104
12.4	0.0004806
12.4	0.0004506
12.41	0.0005193
12.42	0.00008543
12.42	0.0001556
12.43	0.0007259
12.43	0.0004962
12.44	0.0006667
12.45	0.0008257
12.46	0.0004914
12.46	0.0002586
12.47	0.0007261
12.48	0.0001935
12.48	-0.0002388
12.49	0.0002285
12.49	-0.0001049
12.5	0.0005627
12.5	0.0003303
12.51	0.0005981
12.52	0.0001652
12.52	0.0004324
12.53	0.0009961
12.53	0.0003639
12.54	0.0001313
12.55	-1.461e-6
12.55	0.0001658
12.56	0.0005333
12.57	0.0005536
12.58	0.0002213
12.58	0.0007886
12.59	-0.000144
12.6	0.0003226
12.61	0.0002537
12.62	0.0005125
12.62	0.0002772
12.63	0.0003455
12.63	0.0001062
12.64	0.0006657
12.65	0.0007255
12.66	0.0003825
12.66	0.0006446
12.67	0.00001202
12.68	0.0005807
12.68	0.000349
12.69	0.0006141
12.69	0.000783
12.7	0.0004518
12.71	0.0005202
12.71	0.0006848
12.72	0.0002531
12.72	0.0009212
12.73	-9.722e-6
12.73	0.0002589
12.74	0.00001977
12.75	0.0003874
12.75	0.000255
12.76	0.0002242
12.77	0.0003935
12.77	0.0002627
12.78	0.0006321
12.78	1.441e-6
12.79	0.0005708
12.79	-0.00005972
12.8	0.0006099
12.81	0.0001794
12.81	0.0007488
12.82	0.0003185
12.82	0.0001881
12.83	0.0003572
12.83	0.0006269
12.84	0.0001966
12.85	0.0005663
12.85	0.0008357
12.86	0.0005056
12.86	0.0002749
12.87	-0.0001552
12.88	0.0002759
12.89	0.0002456
12.9	0.0005076
12.9	0.0001773
12.91	0.0001468
12.91	0.0004158
12.92	0.0005814
12.93	0.000751
12.93	0.0003205
12.94	0.0004898
12.94	0.000659
12.96	-0.00007899
12.96	0.00008342
12.97	0.0003508
12.97	0.0001182
12.98	0.0003856
12.98	0.0004531
12.99	0.0003151
13.	0.00008028
13.	0.0004479
13.01	0.0002155
13.01	0.0004832
13.02	0.0009507
13.03	0.0005185
13.03	0.000182
13.04	-0.00005017
13.04	0.0005172
13.05	0.0003761
13.06	0.0003436
13.07	0.0002615
13.08	0.0003292
13.08	0.0001973
13.09	0.0002654
13.1	0.0003325
13.11	0.0004649
13.11	0.0004284
13.12	0.0003968
13.13	0.0001569
13.13	0.0001203
13.14	0.0006887
13.15	0.0002555
13.15	0.0003198
13.16	0.0001884
13.16	0.0001565
13.17	0.0003155
13.18	0.0005842
13.18	0.0007529
13.19	0.0004217
13.19	0.0002905
13.2	0.00005931
13.21	0.0001282
13.21	0.0004971
13.22	0.000466
13.22	0.00003503
13.23	0.0003036
13.23	-0.0001273
13.24	0.0002417
13.25	0.000211
13.25	0.0002802
13.26	0.00004952
13.26	0.0005186
13.27	0.0003834
13.27	0.0005529
13.28	0.0003182
13.29	0.0001861
13.29	0.0001556
13.3	-0.0002789
13.31	-0.000211
13.31	0.0002581
13.32	0.0002276
13.32	0.00009324
13.33	0.0002576
13.34	-0.00007274
13.34	0.0004955
13.35	0.0001653
13.35	-0.000465
13.36	0.0004049
13.36	-0.0001251
13.37	0.0003447
13.38	-0.000521
13.39	-0.00005287
13.39	0.0001172
13.4	0.0001833
13.41	0.0005534
13.41	0.0002236
13.42	0.00009374
13.42	0.00006409
13.43	0.0005338
13.44	0.000104
13.44	-0.00002565
13.46	0.0006232
13.46	0.0001856
13.47	0.0002512
13.47	0.0005186
13.48	0.0004816
13.49	0.00004907
13.49	0.00001658
13.5	0.000284
13.5	0.0005517
13.51	0.0002187
13.52	0.0001864
13.52	-0.0005469
13.53	0.0005195
13.53	0.00008709
13.54	0.0003544
13.55	0.0005143
13.55	-0.0002178
13.56	0.0005491
13.57	0.00006937
13.58	0.0001368
13.58	0.0001006
13.59	0.0004669
13.6	0.0004346
13.61	0.0004654
13.62	0.000527
13.62	0.00009533
13.63	0.0005631
13.63	0.0006315
13.64	0.000394
13.65	0.0004625
13.65	0.0005267
13.66	0.0004952
13.66	0.0005638
13.67	0.0006324
13.67	0.001001
13.68	0.0003651
13.69	0.0001334
13.69	0.0003013
13.7	0.00047
13.71	0.0001343
13.71	0.0008032
13.72	0.0002708
13.72	0.0003398
13.73	0.0008088
13.73	0.0003778
13.74	0.0001391
13.75	0.0008078
13.75	0.0003765
13.76	0.0005441
13.76	-0.00008669
13.77	-0.00001742
13.78	0.0007519
13.78	0.0002211
13.79	0.0006906
13.79	0.00005587
13.8	0.0002253
13.81	0.00009037
13.81	0.0006599
13.82	-0.00007054
13.82	0.0007991
13.83	0.0002687
13.84	0.0001382
13.84	0.0007075
13.85	0.0003773
13.85	0.0001386
13.86	0.0004084
13.87	0.0004779
13.87	0.0002477
13.88	0.00008259
13.89	0.0002479
13.9	0.000218
13.9	0.000188
13.91	0.0003581
13.91	0.0007278
13.92	0.0004976
13.92	0.0004673
13.93	0.0006372
13.94	0.0004054
13.94	0.0006714
13.96	0.00083
13.96	0.0007908
13.97	0.0004564
13.97	0.00002378
13.98	-0.0001093
13.99	0.0002582
13.99	0.0004257
14.	0.000689
14.	0.0004566
14.01	0.00032
14.02	0.0005872
14.02	0.0001542
14.03	0.0005213
14.03	0.0002872
14.04	0.00005505
14.05	0.0005229
14.05	0.0004908
14.06	0.0005589
14.06	0.0001268
14.08	0.000356
14.08	0.0006234
14.09	0.0003917
14.09	0.0006594
14.1	0.0002276
14.11	0.00026
14.12	0.0007277
14.12	0.0001962
14.13	0.0008639
14.13	0.0006319
14.14	0.0002956
14.15	0.0004636
14.15	0.0003276
14.16	0.0007955
14.16	0.0002594
14.17	0.0003282
14.18	0.0009963
14.18	0.0005652
14.19	0.00002348
14.2	0.0006885
14.2	0.0004569
14.21	0.0007208
14.21	0.0005891
14.22	0.0008536
14.23	0.0007131
14.24	0.0003761
14.24	0.0004431
14.25	0.0001122
14.25	-0.00001859
14.26	0.0002506
14.26	0.0006198
14.27	0.0008886
14.28	0.0001578
14.28	0.00002713
14.29	-3.499e-6
14.29	0.0003659
14.3	0.0003349
14.3	3.787e-6
14.31	0.0003727
14.32	0.0001418
14.32	0.0006096
14.33	0.0004792
14.33	0.0002485
14.34	0.0005181
14.35	0.0007873
14.35	0.000357
14.36	0.000527
14.36	0.0004962
14.37	0.0000655
14.38	0.000131
14.39	0.0002649
14.39	0.000834
14.4	0.0006944
14.41	-0.0000406
14.41	0.0001295
14.42	0.0003985
14.43	0.0004688
14.43	0.00003899
14.44	0.0002052
14.44	0.0004734
14.46	0.0001305
14.46	0.0001929
14.47	0.0004601
14.47	0.000527
14.48	0.0006939
14.49	0.000357
14.49	0.000624
14.5	0.0006911
14.5	0.000158
14.51	0.0005256
14.52	0.0004933
14.52	0.0008563
14.53	0.0006239
14.53	0.0005912
14.54	0.0004574
14.55	0.0006253
14.55	0.0006927
14.56	0.0003598
14.56	0.0007278
14.58	0.0002515
14.58	0.0006181
14.59	0.0006856
14.59	0.0009523
14.6	0.0007196
14.61	0.0006522
14.62	0.0004187
14.62	0.0006864
14.63	0.0005548
14.64	0.0007227
14.64	0.0008904
14.65	0.0006589
14.65	0.000627
14.66	0.0001941
14.67	0.0004608
14.67	0.0003295
14.68	0.0005977
14.68	0.0004664
14.69	0.0004353
14.69	0.0005041
14.7	0.0008729
14.71	0.0003418
14.71	0.0006103
14.72	-0.00002082
14.72	0.0004441
14.73	0.0006131
14.73	0.0007823
14.74	0.0005514
14.75	0.0003205
14.75	0.0003896
14.76	0.0006569
14.76	0.0007221
14.77	0.0007909
14.78	0.0007594
14.78	0.0005282
14.79	0.0004971
14.79	0.0004616
14.8	0.00002661
14.81	0.001196
14.81	0.0004606
14.82	0.0006243
14.83	0.0009934
14.83	0.001163
14.84	0.0001323
14.84	0.0006019
14.85	-0.0002296
14.86	0.0001401
14.86	0.0006099
14.87	0.0002793
14.87	0.0004492
14.88	0.0006186
14.89	0.0002534
14.9	0.0002178
14.9	0.0001878
14.91	0.0003579
14.91	0.0003279
14.92	0.0004981
14.93	0.0006683
14.93	0.0007386
14.94	0.0005088
14.94	0.0001791
14.96	0.00003575
14.96	0.0006981
14.97	0.0005656
14.97	-0.000267
14.98	0.0008003
14.99	0.0007635
14.99	0.000431
15.	0.0006957
15.	0.001063
15.01	0.0003299
15.02	0.0004974
15.02	0.0007552
15.03	0.0009223
15.03	0.0006901
15.04	0.0004579
15.05	0.0008258
15.05	0.0004893
15.06	0.0004568
15.06	0.001124
15.08	0.0002534
15.08	0.0009167
15.09	0.0007827
15.1	0.0006502
15.1	0.0006184
15.11	0.0003508
15.12	0.0004185
15.12	-0.00001358
15.13	0.00115
15.14	0.0005188
15.14	0.0003828
15.15	0.0008504
15.16	0.0007173
15.16	0.0006852
15.17	0.0004539
15.17	0.0009225
15.18	0.0002912
15.18	0.0008599
15.19	0.0006281
15.2	0.0006961
15.2	0.0009648
15.21	0.0007332
15.21	0.0008021
15.22	0.0003666
15.23	0.0006354
15.23	0.001204
15.24	0.0007721
15.24	0.0005412
15.25	0.00111
15.25	0.000779
15.26	0.0006478
15.27	0.000817
15.27	0.001281
15.28	0.0008495
15.28	0.0008185
15.29	0.0004875
15.3	0.0009564
15.3	0.0006142
15.31	0.001683
15.32	0.0007521
15.32	0.0002197
15.33	0.0003893
15.33	0.000359
15.34	0.0009286
15.34	0.0007985
15.35	0.0005681
15.36	0.000638
15.36	0.0006078
15.37	0.0002778
15.37	0.0002477
15.38	-0.0001824
15.39	0.001052
15.4	0.0005213
15.4	0.00119
15.41	0.0005599
15.41	0.0003301
15.42	0.0008
15.43	0.0005702
15.43	0.00104
15.44	0.0008107
15.45	0.0004477
15.46	0.000108
15.47	0.0004749
15.47	0.0005418
15.48	0.001207
15.49	0.0005724
15.49	0.00003988
15.5	0.0004076
15.5	0.0004751
15.51	0.001243
15.52	0.00141
15.52	0.0009779
15.53	0.0008457
15.53	0.0004135
15.54	0.001081
15.54	0.0008489
15.55	0.0006169
15.56	0.0006848
15.56	0.0003523
15.58	0.0003689
15.58	0.0008323
15.59	0.0005004
15.59	0.0007671
15.61	0.0006996
15.61	0.0009625
15.62	0.00143
15.63	0.001299
15.63	0.0006634
15.64	0.0007318
15.64	0.0009002
15.65	0.0008681
15.65	0.0008366
15.66	0.0008047
15.67	0.0008728
15.67	0.00074
15.68	0.001209
15.68	0.0007773
15.69	0.0007461
15.7	0.0009076
15.7	0.000776
15.71	0.0005442
15.71	0.001113
15.72	0.0003816
15.73	0.001251
15.73	0.0004149
15.74	0.0001785
15.74	0.001146
15.75	0.0006151
15.76	0.001148
15.77	0.0006156
15.77	0.0007848
15.78	0.001154
15.79	0.001319
15.79	0.0007889
15.8	0.0008577
15.8	0.001326
15.81	0.0009947
15.82	0.0007593
15.82	0.0007283
15.83	0.0004975
15.83	0.0009625
15.84	0.0006263
15.85	0.000895
15.85	0.0006646
15.86	0.0008344
15.86	0.001204
15.87	0.001073
15.88	0.001142
15.89	0.0006671
15.9	0.001036
15.9	0.0006051
15.91	0.0009752
15.92	0.0009116
15.93	0.0009734
15.93	0.0006437
15.94	0.001213
15.95	0.0007796
15.95	0.0003494
15.96	0.001214
15.97	0.0009746
15.98	0.0006413
15.98	0.0008087
15.99	0.0004719
16.	0.0003386
16.	0.0007054
16.01	0.0009725
16.01	0.00104
16.02	0.000806
16.02	0.001274
16.03	0.0009403
16.04	0.000908
16.04	0.0008758
16.05	0.0005436
16.05	0.000707
16.06	0.0009747
16.07	0.001338
16.08	0.0007678
16.09	0.0006957
16.1	0.0007547
16.1	0.001222
16.11	0.00159
16.12	0.0007582
16.12	0.0008263
16.13	0.000485
16.14	0.0007485
16.14	0.0008165
16.15	0.0005845
16.15	0.000553
16.16	0.0009211
16.17	0.0008855
16.17	0.0004537
16.18	0.0009223
16.18	0.0008895
16.19	0.001451
16.2	0.001018
16.2	0.0007864
16.21	0.0009458
16.22	0.001214
16.22	0.0008831
16.23	0.0006516
16.24	0.0008814
16.25	0.0009506
16.25	0.00122
16.26	0.0008888
16.26	0.001258
16.27	0.000727
16.27	0.0008958
16.28	0.0006651
16.29	0.0009339
16.29	0.001103
16.3	0.001271
16.3	0.0006404
16.31	0.001009
16.32	0.0004739
16.32	0.0009399
16.33	0.001105
16.33	0.0004741
16.34	0.001038
16.35	0.001208
16.35	0.0006776
16.36	0.0004428
16.37	0.0007122
16.38	0.000948
16.39	0.001078
16.4	0.001243
16.4	0.0008078
16.41	0.000273
16.42	0.001142
16.42	0.000907
16.43	0.0008765
16.44	0.001241
16.44	0.001111
16.45	0.001281
16.45	0.001151
16.47	0.0008106
16.47	0.001077
16.48	0.001045
16.48	0.0009123
16.49	0.0005797
16.5	0.001547
16.5	0.0009142
16.51	0.0008813
16.52	0.001512
16.53	0.0008794
16.53	0.0009446
16.54	0.001412
16.54	0.0009802
16.55	0.001047
16.55	0.001315
16.56	0.001082
16.57	0.0007439
16.58	0.0004716
16.59	0.001034
16.59	0.001198
16.6	0.001066
16.61	0.0008345
16.61	0.001003
16.62	0.001161
16.62	0.00103
16.63	0.001098
16.64	0.001166
16.64	0.0007349
16.65	0.001103
16.65	0.00006767
16.66	0.001432
16.67	0.0008002
16.67	0.0009683
16.68	0.0009365
16.69	0.00127
16.7	0.001138
16.7	0.001702
16.71	0.001671
16.71	0.0007383
16.72	0.0004072
16.73	0.001276
16.73	0.0006447
16.74	0.001014
16.74	0.0004821
16.75	0.0007512
16.75	0.001119
16.76	0.000788
16.77	0.001254
16.77	0.0006223
16.78	0.0009916
16.78	0.00086
16.79	0.001129
16.8	0.001099
16.8	0.001368
16.81	0.0008355
16.81	0.0007049
16.82	0.001074
16.83	0.0009084
16.84	0.0008761
16.84	0.001345
16.85	0.001515
16.85	0.0008843
16.86	0.001046
16.87	0.001114
16.87	0.001583
16.88	0.001153
16.89	0.001485
16.9	0.001054
16.9	0.001121
16.91	0.001391
16.92	0.001357
16.92	0.001526
16.93	0.000696
16.93	0.0009628
16.94	0.001333
16.95	0.000899
16.95	0.001169
16.97	0.001125
16.97	0.0008922
16.98	0.0009596
16.99	0.00109
17.	0.001353
17.	0.00102
17.01	0.001487
17.01	0.00135
17.02	0.001418
17.03	0.0007852
17.03	0.001352
17.04	0.00112
17.04	0.001887
17.05	0.001154
17.05	0.001422
17.06	0.001284
17.07	0.001652
17.08	0.001272
17.09	0.0007398
17.09	0.001607
17.1	0.0008734
17.11	0.001041
17.11	0.001208
17.12	0.00147
17.13	0.001103
17.14	0.001269
17.14	0.001537
17.15	0.001706
17.15	0.001474
17.16	0.001743
17.16	0.001112
17.17	0.00158
17.18	0.001548
17.18	0.001617
17.19	0.0007852
17.19	0.0009538
17.2	0.001823
17.21	0.001187
17.21	0.001756
17.22	0.001225
17.22	0.001493
17.23	0.0009618
17.23	0.001731
17.24	0.001395
17.25	0.001264
17.25	0.001531
17.26	0.0013
17.26	0.00177
17.28	0.001604
17.28	0.001373
17.29	0.001442
17.29	0.001712
17.3	0.001981
17.31	0.001149
17.31	0.002018
17.32	0.002387
17.32	0.001757
17.33	0.001726
17.33	0.001694
17.34	0.001464
17.35	0.001932
17.35	0.001301
17.36	0.001571
17.36	0.001541
17.37	0.001311
17.37	0.002281
17.38	0.001751
17.39	0.001885
17.4	0.002054
17.41	0.001622
17.41	0.001292
17.42	0.001561
17.42	0.001827
17.44	0.001764
17.44	0.001624
17.45	0.001795
17.46	0.001657
17.47	0.001719
17.48	0.001681
17.48	0.001747
17.49	0.002015
17.49	0.001877
17.5	0.002244
17.51	0.00151
17.51	0.001477
17.52	0.001045
17.52	0.001512
17.53	0.001179
17.53	0.000947
17.54	0.001315
17.55	0.001283
17.55	0.001851
17.56	0.001218
17.56	0.001586
17.57	0.00115
17.59	0.001232
17.6	0.001198
17.6	0.001362
17.61	0.001929
17.61	0.001796
17.62	0.001563
17.63	0.001731
17.63	0.001699
17.64	0.001268
17.64	0.001636
17.65	0.002204
17.66	0.001636
17.67	0.001504
17.67	0.002072
17.68	0.002039
17.69	0.001708
17.69	0.001876
17.7	0.001545
17.7	0.001914
17.71	0.001783
17.71	0.001952
17.72	0.002021
17.73	0.00199
17.74	0.001624
17.74	0.001992
17.75	0.002061
17.75	0.001931
17.76	0.0017
17.77	0.001769
17.77	0.002038
17.78	0.001707
17.78	0.002076
17.79	0.002446
17.8	0.00198
17.81	0.001748
17.81	0.002017
17.82	0.002587
17.83	0.002252
17.83	0.002321
17.84	0.00229
17.84	0.00276
17.85	0.002725
17.86	0.002295
17.86	0.002163
17.87	0.002199
17.88	0.002665
17.89	0.002434
17.89	0.001999
17.9	0.002469
17.9	0.001933
17.91	0.002503
17.92	0.002473
17.92	0.002543
17.93	0.002305
17.94	0.002669
17.94	0.002639
17.95	0.002209
17.95	0.002178
17.97	0.002802
17.98	0.002367
17.99	0.002434
17.99	0.001801
18.	0.002663
18.01	0.00253
18.01	0.002798
18.02	0.002666
18.02	0.002433
18.03	0.002664
18.04	0.002931
18.05	0.002197
18.05	0.002765
18.06	0.002933
18.06	0.002301
18.07	0.002368
18.08	0.002798
18.09	0.002865
18.09	0.002929
18.1	0.003097
18.11	0.002666
18.11	0.002834
18.12	0.002601
18.12	0.002569
18.13	0.003237
18.13	0.002806
18.14	0.002373
18.15	0.002305
18.16	0.002372
18.16	0.00254
18.17	0.002404
18.18	0.002973
18.19	0.002707
18.19	0.002875
18.2	0.002344
18.21	0.003312
18.21	0.003581
18.22	0.00285
18.22	0.003519
18.23	0.003088
18.23	0.003057
18.24	0.003326
18.25	0.002991
18.25	0.00306
18.26	0.003125
18.27	0.002689
18.27	0.002958
18.28	0.003223
18.28	0.003292
18.29	0.003261
18.3	0.003188
18.31	0.002755
18.32	0.003286
18.33	0.003353
18.33	0.003323
18.34	0.003692
18.35	0.003361
18.35	0.003524
18.36	0.003694
18.36	0.003163
18.37	0.003433
18.38	0.003703
18.38	0.003172
18.39	0.002742
18.39	0.003112
18.4	0.003781
18.41	0.003646
18.41	0.004008
18.42	0.003878
18.42	0.003947
18.43	0.003613
18.44	0.004183
18.44	0.003847
18.45	0.004013
18.46	0.003283
18.47	0.003338
18.49	0.003415
18.5	0.00388
18.5	0.003047
18.51	0.003311
18.51	0.003278
18.52	0.004046
18.53	0.003713
18.53	0.003581
18.54	0.003748
18.54	0.003716
18.55	0.004183
18.55	0.003451
18.56	0.003416
18.57	0.003783
18.58	0.004001
18.59	0.004368
18.59	0.004235
18.6	0.004099
18.61	0.004465
18.62	0.003698
18.62	0.003965
18.64	0.003398
18.64	0.003764
18.65	0.004132
18.65	0.0039
18.66	0.004368
18.67	0.004536
18.67	0.0044
18.68	0.004268
18.68	0.004633
18.69	0.004101
18.7	0.004268
18.7	0.004237
18.71	0.004605
18.71	0.00407
18.72	0.004138
18.73	0.004807
18.73	0.004375
18.74	0.004545
18.74	0.004214
18.75	0.004581
18.75	0.00445
18.76	0.003815
18.77	0.00435
18.78	0.005219
18.79	0.004653
18.8	0.004617
18.8	0.004586
18.81	0.004651
18.82	0.004921
18.82	0.00529
18.83	0.00526
18.83	0.005029
18.84	0.005298
18.85	0.004731
18.86	0.0051
18.86	0.005066
18.87	0.004735
18.88	0.005504
18.88	0.005174
18.89	0.005643
18.89	0.005609
18.9	0.005374
18.91	0.005539
18.91	0.005808
18.92	0.005376
18.92	0.005646
18.94	0.005282
18.94	0.005551
18.95	0.005722
18.96	0.005658
18.97	0.004716
18.98	0.004883
18.99	0.004851
18.99	0.005218
19.	0.004846
19.01	0.004405
19.02	0.004972
19.02	0.005237
19.03	0.005104
19.04	0.005371
19.04	0.005438
19.05	0.005106
19.05	0.005673
19.06	0.00554
19.07	0.005468
19.08	0.005835
19.08	0.005702
19.09	0.005466
19.1	0.005998
19.11	0.006065
19.11	0.006134
19.12	0.006101
19.13	0.005869
19.13	0.006638
19.14	0.006301
19.14	0.006464
19.15	0.006229
19.16	0.006393
19.16	0.006557
19.17	0.006324
19.18	0.006355
19.19	0.006624
19.19	0.006486
19.2	0.006749
19.21	0.006417
19.22	0.006447
19.23	0.006214
19.23	0.006383
19.24	0.007152
19.24	0.007016
19.25	0.007685
19.26	0.006554
19.26	0.006923
19.27	0.007057
19.28	0.007225
19.29	0.007389
19.29	0.007158
19.3	0.007527
19.3	0.007396
19.31	0.007565
19.32	0.007735
19.32	0.006904
19.33	0.007869
19.34	0.007802
19.35	0.007871
19.35	0.008039
19.36	0.008109
19.36	0.008779
19.37	0.008048
19.38	0.008118
19.39	0.008654
19.39	0.008424
19.4	0.008693
19.41	0.009129
19.42	0.008298
19.42	0.008168
19.43	0.008938
19.43	0.008808
19.44	0.009078
19.45	0.009444
19.45	0.009714
19.46	0.008981
19.47	0.007829
19.48	0.008191
19.49	0.008258
19.5	0.007489
19.51	0.007846
19.52	0.007675
19.52	0.007836
19.53	0.007902
19.54	0.007669
19.54	0.008237
19.55	0.008205
19.55	0.008173
19.56	0.007935
19.57	0.008203
19.57	0.00837
19.58	0.008434
19.58	0.008502
19.59	0.00817
19.6	0.008601
19.61	0.008869
19.61	0.008737
19.62	0.008704
19.63	0.009072
19.63	0.009441
19.64	0.009008
19.64	0.009077
19.65	0.009143
19.65	0.009512
19.66	0.00958
19.67	0.008914
19.68	0.009282
19.69	0.009312
19.7	0.00978
19.71	0.009709
19.72	0.009576
19.72	0.01024
19.73	0.01031
19.73	0.01058
19.74	0.01035
19.74	0.01032
19.75	0.01029
19.76	0.01046
19.76	0.01033
19.77	0.0108
19.77	0.01086
19.78	0.01123
19.78	0.0113
19.8	0.01114
19.8	0.01131
19.81	0.01198
19.81	0.01155
19.82	0.01121
19.83	0.01158
19.83	0.01145
19.84	0.01152
19.84	0.01199
19.85	0.01116
19.87	0.01184
19.88	0.01141
19.88	0.01258
19.89	0.01305
19.9	0.01281
19.9	0.01277
19.91	0.01304
19.92	0.01311
19.92	0.01288
19.93	0.01255
19.93	0.01282
19.94	0.01309
19.95	0.01325
19.96	0.01279
19.97	0.01375
19.98	0.01142
19.98	0.01098
19.99	0.01114
20.	0.01117
20.01	0.01153
20.02	0.01216
20.03	0.01213
20.03	0.0122
20.04	0.01177
20.05	0.01173
20.05	0.0125
20.06	0.01206
20.06	0.01213
20.07	0.01259
20.08	0.01266
20.08	0.01213
20.09	0.01276
20.1	0.01273
20.11	0.013
20.11	0.01277
20.12	0.01293
20.12	0.0135
20.13	0.01347
20.13	0.01404
20.14	0.01391
20.15	0.01357
20.15	0.01314
20.16	0.01401
20.17	0.01444
20.18	0.01457
20.19	0.01403
20.19	0.0146
20.2	0.01467
20.21	0.01574
20.21	0.01451
20.22	0.01498
20.22	0.01504
20.23	0.01511
20.24	0.01543
20.25	0.0156
20.26	0.01587
20.26	0.01623
20.27	0.0166
20.27	0.01637
20.28	0.01624
20.29	0.0162
20.29	0.01617
20.3	0.01604
20.3	0.01691
20.31	0.01678
20.32	0.01674
20.32	0.01721
20.34	0.01795
20.34	0.01781
20.35	0.01745
20.36	0.01831
20.37	0.01828
20.37	0.01875
20.38	0.01721
20.39	0.01828
20.4	0.01842
20.41	0.01888
20.41	0.01855
20.42	0.01892
20.42	0.01879
20.43	0.01906
20.43	0.01923
20.44	0.0196
20.45	0.01977
20.45	0.02004
20.46	0.02
20.46	0.02017
20.49	0.01609
20.49	0.01686
20.5	0.01673
20.51	0.01716
20.52	0.01732
20.52	0.01729
20.53	0.01725
20.54	0.01768
20.55	0.01745
20.55	0.01801
20.56	0.01818
20.57	0.01863
20.57	0.018
20.58	0.01926
20.59	0.01883
20.59	0.01909
20.6	0.01905
20.61	0.02012
20.61	0.01999
20.62	0.01905
20.62	0.01972
20.63	0.01969
20.64	0.02025
20.64	0.02092
20.65	0.02035
20.66	0.02071
20.68	0.02033
20.68	0.0216
20.69	0.02106
20.69	0.02143
20.71	0.02187
20.71	0.02203
20.72	0.02229
20.73	0.02136
20.73	0.02183
20.74	0.0219
20.74	0.02187
20.75	0.02233
20.75	0.0223
20.76	0.02307
20.77	0.02274
20.77	0.02361
20.78	0.02318
20.79	0.02391
20.79	0.02388
20.8	0.02465
20.81	0.02402
20.81	0.02529
20.82	0.02485
20.82	0.02462
20.84	0.02516
20.85	0.02598
20.86	0.02605
20.86	0.02592
20.87	0.02609
20.87	0.02566
20.88	0.02713
20.89	0.0274
20.89	0.02726
20.9	0.02753
20.9	0.0274
20.91	0.02787
20.92	0.02754
20.92	0.02821
20.93	0.02898
20.93	0.02925
20.94	0.02972
20.95	0.02959
20.95	0.02956
20.96	0.02993
20.97	0.03006
20.98	0.02432
20.99	0.02399
21.01	0.02557
21.02	0.02473
21.02	0.0253
21.03	0.02607
21.03	0.02603
21.04	0.0262
21.04	0.02607
21.05	0.02624
21.06	0.0272
21.06	0.02737
21.07	0.02724
21.07	0.02741
21.08	0.02798
21.09	0.02804
21.09	0.02801
21.1	0.02817
21.1	0.02974
21.11	0.0292
21.12	0.02954
21.13	0.0297
21.13	0.02957
21.14	0.03014
21.14	0.03011
21.16	0.03024
21.17	0.03247
21.18	0.03154
21.18	0.0317
21.19	0.03147
21.19	0.03264
21.2	0.032
21.21	0.03247
21.21	0.03354
21.22	0.03271
21.22	0.03318
21.23	0.03465
21.23	0.03352
21.24	0.03418
21.25	0.03505
21.25	0.03422
21.26	0.03479
21.26	0.03516
21.28	0.03569
21.28	0.03606
21.29	0.03583
21.29	0.03709
21.31	0.03713
21.32	0.03806
21.33	0.03902
21.33	0.03899
21.34	0.04036
21.34	0.03963
21.35	0.0399
21.35	0.03997
21.36	0.04034
21.37	0.04161
21.37	0.04008
21.38	0.04135
21.38	0.04062
21.39	0.04169
21.4	0.04176
21.4	0.04272
21.41	0.04346
21.42	0.04413
21.43	0.0458
21.43	0.04497
21.44	0.04544
21.44	0.04591
21.46	0.04624
21.46	0.04651
21.47	0.04775
21.49	0.03691
21.49	0.03617
21.5	0.03734
21.51	0.0377
21.51	0.03857
21.52	0.03834
21.52	0.0383
21.53	0.03837
21.53	0.03904
21.54	0.03991
21.55	0.03928
21.55	0.03954
21.56	0.04051
21.57	0.04067
21.57	0.04093
21.58	0.0422
21.59	0.04283
21.6	0.04386
21.61	0.04402
21.62	0.04369
21.62	0.04476
21.63	0.04522
21.64	0.04625
21.65	0.04512
21.65	0.04538
21.66	0.04615
21.66	0.04652
21.67	0.04789
21.67	0.04736
21.68	0.04732
21.69	0.04869
21.69	0.04836
21.7	0.04903
21.7	0.0491
21.71	0.04926
21.72	0.05043
21.72	0.0516
21.73	0.05117
21.74	0.0522
21.75	0.05167
21.76	0.05321
21.76	0.05427
21.77	0.05394
21.78	0.0547
21.78	0.05566
21.8	0.0569
21.8	0.05716
21.81	0.05833
21.81	0.0585
21.82	0.05807
21.83	0.05833
21.83	0.0577
21.84	0.05916
21.85	0.05953
21.85	0.0623
21.86	0.06067
21.86	0.06294
21.87	0.06061
21.87	0.06108
21.88	0.06415
21.89	0.06488
21.9	0.06385
21.91	0.06402
21.92	0.06605
21.92	0.06682
21.93	0.06839
21.94	0.06832
21.95	0.06829
21.95	0.06926
21.96	0.07023
21.97	0.071
21.97	0.07017
21.99	0.05552
21.99	0.05639
22.	0.05665
22.	0.05492
22.01	0.05699
22.02	0.05796
22.02	0.05582
22.03	0.05709
22.03	0.05926
22.05	0.05799
22.05	0.06045
22.06	0.06108
22.07	0.06234
22.08	0.06371
22.08	0.06328
22.09	0.06395
22.09	0.06321
22.1	0.06458
22.11	0.06404
22.12	0.06657
22.13	0.06704
22.13	0.06771
22.14	0.06628
22.14	0.06924
22.15	0.06901
22.15	0.06908
22.16	0.06985
22.17	0.07092
22.18	0.07135
22.18	0.07312
22.19	0.07369
22.2	0.07495
22.2	0.07552
22.21	0.07596
22.22	0.07752
22.23	0.07799
22.23	0.07725
22.24	0.07782
22.24	0.07948
22.25	0.08085
22.26	0.08202
22.26	0.08238
22.28	0.08341
22.28	0.08428
22.29	0.08584
22.3	0.08541
22.3	0.08758
22.31	0.08814
22.32	0.08788
22.33	0.08924
22.33	0.0902
22.34	0.08927
22.35	0.09214
22.35	0.09311
22.36	0.09367
22.37	0.0942
22.38	0.09566
22.38	0.09623
22.4	0.07548
22.4	0.07534
22.41	0.07611
22.41	0.07748
22.42	0.07804
22.43	0.08056
22.44	0.08023
22.45	0.0813
22.45	0.08056
22.46	0.08163
22.46	0.084
22.47	0.08456
22.48	0.08399
22.49	0.08546
22.49	0.08652
22.5	0.08679
22.51	0.08796
22.51	0.08762
22.52	0.08809
22.53	0.08992
22.54	0.09079
22.54	0.09125
22.55	0.09222
22.55	0.09208
22.56	0.09545
22.57	0.09392
22.57	0.09618
22.59	0.09741
22.59	0.09937
22.6	0.1002
22.61	0.07823
22.62	0.07669
22.62	0.07815
22.64	0.08128
22.64	0.08015
22.65	0.08061
22.65	0.08207
22.66	0.08164
22.66	0.0834
22.67	0.08317
22.68	0.08414
22.68	0.0835
22.69	0.08586
22.69	0.08783
22.71	0.08806
22.71	0.08992
22.72	0.08809
22.73	0.08915
22.73	0.09341
22.74	0.09178
22.75	0.0956
22.76	0.09626
22.76	0.09673
22.77	0.09789
22.78	0.09642
22.79	0.09798
22.79	0.09954
22.8	0.101
22.81	0.07863
22.82	0.07909
22.83	0.07885
22.84	0.08127
22.85	0.08093
22.85	0.08299
22.86	0.08316
22.86	0.08312
22.87	0.08498
22.88	0.08604
22.88	0.0869
22.89	0.08646
22.89	0.08753
22.91	0.08795
22.91	0.09152
22.92	0.09398
22.92	0.09305
22.93	0.09481
22.94	0.09284
22.95	0.0959
22.95	0.09617
22.96	0.09853
22.97	0.09829
22.98	0.1004
22.99	0.1003
22.99	0.1007
23.	0.1016
23.01	0.08112
23.02	0.08099
23.02	0.08185
23.03	0.08132
23.03	0.08368
23.05	0.0832
23.05	0.08606
23.06	0.08403
23.07	0.08549
23.07	0.08695
23.08	0.08711
23.08	0.08698
23.1	0.08969
23.1	0.09196
23.11	0.09102
23.11	0.09288
23.13	0.09291
23.13	0.09457
23.14	0.09814
23.14	0.095
23.15	0.09747
23.16	0.09803
23.16	0.09869
23.17	0.09946
23.17	0.1011
23.18	0.1003
23.19	0.1012
23.19	0.1006
23.2	0.1027
23.2	0.1046
23.22	0.08189
23.24	0.0836
23.24	0.08336
23.25	0.08412
23.26	0.08488
23.26	0.08645
23.27	0.08841
23.28	0.08813
23.29	0.0909
23.29	0.08986
23.3	0.09233
23.3	0.09209
23.31	0.09265
23.32	0.09521
23.32	0.09348
23.33	0.09514
23.33	0.0949
23.34	0.09537
23.34	0.09663
23.35	0.0995
23.36	0.09746
23.37	0.09868
23.38	0.1013
23.39	0.1013
23.39	0.103
23.4	0.1041
23.41	0.1061
23.42	0.08234
23.42	0.0826
23.43	0.08456
23.44	0.08433
23.44	0.08588
23.45	0.08611
23.46	0.08676
23.47	0.08873
23.47	0.08938
23.48	0.08925
23.48	0.09221
23.49	0.09007
23.5	0.09393
23.5	0.0932
23.51	0.09256
23.52	0.09528
23.53	0.09494
23.53	0.0971
23.54	0.09836
23.55	0.1019
23.56	0.1004
23.57	0.1031
23.57	0.1033
23.58	0.1036
23.59	0.1043
23.6	0.1081
23.61	0.0818
23.62	0.08315
23.62	0.08382
23.63	0.08648
23.63	0.08474
23.64	0.08591
23.65	0.08636
23.65	0.08653
23.66	0.08739
23.66	0.08835
23.68	0.09127
23.68	0.09283
23.69	0.09379
23.69	0.09366
23.71	0.09548
23.71	0.09554
23.72	0.0957
23.72	0.09666
23.73	0.09903
23.74	0.09589
23.74	0.1004
23.75	0.1012
23.76	0.1015
23.77	0.102
23.77	0.102
23.78	0.1035
23.78	0.1052
23.8	0.08051
23.8	0.08237
23.81	0.08443
23.81	0.08419
23.82	0.08505
23.83	0.08497
23.84	0.08864
23.84	0.0879
23.86	0.08822
23.86	0.09058
23.87	0.09114
23.88	0.0924
23.88	0.09306
23.89	0.09412
23.89	0.09498
23.9	0.09634
23.91	0.0973
23.92	0.1004
23.92	0.09788
23.93	0.09925
23.94	0.1012
23.94	0.1021
23.95	0.102
23.95	0.1023
23.96	0.1035
23.97	0.104
23.97	0.1058
23.99	0.08345
24.	0.08337
24.	0.08403
24.02	0.08494
24.02	0.0871
24.03	0.08936
24.04	0.08802
24.04	0.08899
24.05	0.08935
24.05	0.09051
24.07	0.09213
24.07	0.09289
24.08	0.09575
24.08	0.09452
24.09	0.09478
24.1	0.09464
24.1	0.0957
24.11	0.09906
24.11	0.09913
24.12	0.09649
24.12	0.1014
24.13	0.09972
24.14	0.1005
24.15	0.1024
24.16	0.1045
24.17	0.1062
24.18	0.08391
24.19	0.08477
24.2	0.08642
24.2	0.08588
24.22	0.0869
24.22	0.08845
24.23	0.08731
24.24	0.09026
24.24	0.08972
24.25	0.09178
24.26	0.08964
24.26	0.0898
24.27	0.09207
24.28	0.09309
24.29	0.09525
24.29	0.0959
24.3	0.09506
24.3	0.09753
24.31	0.09749
24.32	0.09995
24.33	0.09917
24.33	0.09974
24.34	0.1006
24.35	0.1036
24.35	0.1048
24.36	0.1052
24.36	0.106
24.38	0.08278
24.38	0.08364
24.39	0.08461
24.4	0.08563
24.41	0.08768
24.41	0.08804
24.42	0.08731
24.43	0.08883
24.44	0.09049
24.44	0.09145
24.45	0.09262
24.45	0.09338
24.46	0.09464
24.46	0.0944
24.47	0.09607
24.48	0.09679
24.49	0.09745
24.5	0.09837
24.51	0.1001
24.51	0.1014
24.52	0.1018
24.52	0.1018
24.53	0.1044
24.54	0.1053
24.54	0.1039
24.55	0.1062
24.55	0.1087
24.57	0.08584
24.58	0.08485
24.59	0.08731
24.59	0.08657
24.6	0.08903
24.6	0.088
24.61	0.08845
24.62	0.08867
24.63	0.09103
24.64	0.09139
24.64	0.09216
24.65	0.09372
24.65	0.09408
24.66	0.09534
24.66	0.0954
24.67	0.09726
24.68	0.09762
24.68	0.09829
24.69	0.1016
24.7	0.09947
24.71	0.1031
24.71	0.1017
24.72	0.1041
24.73	0.1059
24.74	0.1057
24.74	0.1073
24.75	0.1085
24.77	0.08672
24.78	0.08789
24.78	0.08635
24.79	0.08721
24.79	0.08577
24.8	0.08864
24.81	0.09029
24.81	0.08855
24.82	0.09172
24.82	0.09228
24.83	0.09173
24.84	0.09525
24.85	0.09541
24.85	0.09528
24.86	0.09804
24.87	0.09945
24.88	0.1002
24.89	0.1013
24.89	0.1008
24.9	0.1027
24.9	0.1029
24.91	0.1034
24.92	0.1045
24.93	0.1057
24.93	0.1081
24.94	0.1079
24.95	0.08461
24.96	0.08567
24.97	0.08728
24.98	0.08823
24.99	0.0874
24.99	0.08885
25.	0.09092
25.	0.09087
25.01	0.09193
25.02	0.09496
25.03	0.09421
25.04	0.09547
25.04	0.09553
25.05	0.09559
25.05	0.09425
25.06	0.09682
25.06	0.09688
25.07	0.09754
25.08	0.0985
25.08	0.09787
25.09	0.09933
25.1	0.1028
25.11	0.106
25.11	0.1043
25.12	0.1032
25.12	0.1063
25.13	0.1071
25.13	0.108
25.14	0.1093
25.16	0.08714
25.17	0.086
25.18	0.08732
25.19	0.08808
25.19	0.08914
25.2	0.0907
25.21	0.09196
25.21	0.09332
25.22	0.09258
25.22	0.09375
25.23	0.09461
25.24	0.09626
25.25	0.09758
25.25	0.09714
25.26	0.09801
25.27	0.1006
25.27	0.1003
25.28	0.1001
25.28	0.1031
25.29	0.1035
25.3	0.1068
25.31	0.1079
25.31	0.1075
25.32	0.1096
25.33	0.1102
25.34	0.08563
25.35	0.08599
25.35	0.08535
25.36	0.08761
25.37	0.08767
25.37	0.08754
25.38	0.09049
25.38	0.09206
25.39	0.09111
25.4	0.09197
25.4	0.09324
25.41	0.09369
25.42	0.09501
25.43	0.09586
25.44	0.09593
25.44	0.09839
25.45	0.09815
25.45	0.09951
25.47	0.1009
25.47	0.103
25.48	0.1028
25.49	0.1041
25.5	0.1059
25.5	0.1077
25.51	0.1069
25.52	0.1098
25.52	0.1086
25.54	0.08704
25.54	0.0847
25.55	0.08456
25.55	0.08622
25.56	0.08648
25.57	0.08934
25.57	0.08911
25.58	0.08987
25.59	0.09079
25.59	0.09165
25.6	0.09421
25.61	0.09277
25.62	0.09449
25.63	0.09601
25.64	0.09887
25.64	0.09953
25.65	0.1003
25.66	0.09896
25.66	0.1002
25.67	0.1017
25.67	0.1021
25.68	0.1041
25.68	0.1059
25.69	0.1052
25.7	0.1078
25.7	0.1058
25.71	0.107
25.71	0.1094
25.72	0.1099
25.73	0.08772
25.74	0.08718
25.74	0.08684
25.75	0.08651
25.77	0.08907
25.79	0.09218
25.79	0.09174
25.8	0.0944
25.8	0.09586
25.81	0.09402
25.82	0.09608
25.82	0.09734
25.83	0.09751
25.83	0.09867
25.84	0.09733
25.84	0.09999
25.85	0.1003
25.86	0.1011
25.86	0.1026
25.87	0.1035
25.87	0.1046
25.88	0.1047
25.88	0.1057
25.89	0.107
25.9	0.1078
25.91	0.1096
25.91	0.112
25.92	0.1114
25.94	0.08618
25.95	0.08744
25.96	0.08865
25.97	0.09192
25.97	0.08978
25.98	0.09154
25.98	0.09331
25.99	0.09207
26.	0.09443
26.	0.0945
26.01	0.09586
26.01	0.09693