0.008293	-0.0004
0.01195	0.0001
0.03236	-0.0007
0.05409	-0.0002
0.06003	0.0005
0.06577	-0.0006
0.07143	0
0.07717	0.0007
0.08283	0
0.08856	-0.0003
0.0943	0.0002
0.09996	-0.0002
0.1065	-0.0006
0.1121	-0.0003
0.1179	0.0027
0.1235	0.003
0.1293	0.003
0.135	0.0037
0.1408	0.0028
0.1464	0.0028
0.1522	0.0037
0.1578	0.0032
0.1636	0.0031
0.1692	0.0034
0.175	0.0027
0.1806	0.0039
0.1863	0.0029
0.192	0.0038
0.1977	0.0033
0.2034	0.0031
0.2091	0.0032
0.2148	0.0034
0.2205	0.0037
0.2262	0.0039
0.2319	0.0037
0.2376	0.0038
0.2433	0.0045
0.249	0.0044
0.2547	0.0037
0.2604	0.0058
0.2661	0.0031
0.2718	0.0041
0.2775	0.004
0.2832	0.0039
0.2889	0.004
0.2946	0.0046
0.3003	0.0038
0.306	0.004
0.3117	0.0038
0.3174	0.0043
0.3231	0.0047
0.3288	0.0047
0.3345	0.004
0.3402	0.0044
0.3459	0.0049
0.3516	0.0043
0.3573	0.0046
0.363	0.0045
0.3687	0.0039
0.3744	0.0047
0.3801	0.0045
0.3858	0.0047
0.3915	0.0044
0.3972	0.0045
0.4029	0.0048
0.4085	0.0047
0.4143	0.0044
0.4199	0.005
0.4257	0.0053
0.4313	0.0041
0.4371	0.0046
0.4427	0.0049
0.4485	0.0055
0.4541	0.0052
0.4599	0.0052
0.4655	0.0049
0.4713	0.0047
0.4769	0.0047
0.4827	0.0053
0.4883	0.005
0.4941	0.0048
0.4997	0.0048
0.5055	0.0051
0.5112	0.0051
0.5316	0.0043
0.553	0.0043
0.559	0.0042
0.5646	0.0046
0.5704	0.0049
0.576	0.0048
0.5818	0.004
0.5874	0.0042
0.5932	0.0052
0.5988	0.0048
0.6046	0.0047
0.6102	0.0052
0.616	0.0052
0.6216	0.0045
0.6274	0.0058
0.633	0.0049
0.6388	0.0053
0.6444	0.0055
0.6502	0.0056
0.6559	0.0056
0.6616	0.0057
0.6673	0.0057
0.6738	0.0054
0.6795	0.005
0.6853	0.0052
0.691	0.0047
0.6967	0.0047
0.7034	0.0058
0.7092	0.005
0.7148	0.0064
0.7206	0.0053
0.7262	0.0065
0.732	0.0057
0.7376	0.0066
0.7442	0.0066
0.751	0.0061
0.7567	0.006
0.7624	0.0063
0.7682	0.0062
0.7739	0.0064
0.7799	0.0073
0.7856	0.0062
0.7913	0.0063
0.797	0.0066
0.8027	0.0065
0.8084	0.0065
0.8141	0.0067
0.8198	0.0063
0.8255	0.007
0.8312	0.006
0.8369	0.0071
0.8426	0.0068
0.8483	0.0061
0.854	0.0075
0.8598	0.0075
0.8655	0.0062
0.8723	0.0077
0.878	0.0068
0.8838	0.0071
0.8895	0.0073
0.8953	0.0075
0.901	0.0073
0.9067	0.0078
0.9125	0.0076
0.9183	0.0081
0.9249	0.008
0.9314	0.0073
0.9373	0.0084
0.9449	0.0076
0.9506	0.0084
0.9563	0.0092
0.963	0.008
0.9688	0.0096
0.9747	0.0083
0.9805	0.0083
0.9862	0.0085
0.9919	0.0088
0.9976	0.0088
1.003	0.0087
1.009	0.0089
1.015	0.009
1.035	0.0067
1.057	0.0074
1.063	0.0076
1.068	0.0079
1.074	0.0074
1.08	0.0081
1.086	0.0082
1.092	0.0077
1.098	0.0073
1.103	0.0084
1.109	0.0083
1.115	0.008
1.12	0.0086
1.126	0.0075
1.132	0.0082
1.138	0.009
1.143	0.0085
1.149	0.0082
1.155	0.0078
1.161	0.009
1.166	0.0095
1.173	0.0091
1.178	0.0085
1.184	0.009
1.19	0.0092
1.195	0.0096
1.201	0.0084
1.207	0.0086
1.213	0.0094
1.218	0.009
1.224	0.0096
1.231	0.0099
1.237	0.01
1.242	0.0088
1.248	0.0104
1.254	0.01
1.259	0.0106
1.265	0.0095
1.271	0.01
1.277	0.0103
1.282	0.0104
1.288	0.0113
1.294	0.0098
1.3	0.0104
1.306	0.0097
1.312	0.0106
1.317	0.0116
1.323	0.0113
1.329	0.0112
1.335	0.0113
1.341	0.0125
1.346	0.012
1.352	0.0122
1.358	0.0119
1.363	0.0116
1.37	0.0118
1.376	0.012
1.382	0.0123
1.388	0.0121
1.394	0.0125
1.399	0.0125
1.405	0.0123
1.411	0.0138
1.417	0.0126
1.423	0.0129
1.428	0.0138
1.434	0.0137
1.44	0.0136
1.445	0.0136
1.452	0.0139
1.457	0.0143
1.463	0.0143
1.469	0.0144
1.476	0.0144
1.482	0.0137
1.488	0.0144
1.494	0.0151
1.499	0.0144
1.505	0.0153
1.511	0.0157
1.516	0.0152
1.536	0.0119
1.557	0.0118
1.563	0.0115
1.569	0.012
1.576	0.0132
1.582	0.0126
1.587	0.0128
1.593	0.013
1.599	0.0138
1.604	0.0135
1.61	0.013
1.616	0.0143
1.621	0.0141
1.627	0.0137
1.633	0.0145
1.639	0.0127
1.644	0.0147
1.65	0.0139
1.656	0.0143
1.661	0.0142
1.667	0.0149
1.673	0.0144
1.679	0.0157
1.684	0.015
1.69	0.0155
1.696	0.0155
1.702	0.0148
1.708	0.0157
1.713	0.0157
1.719	0.0155
1.725	0.0169
1.73	0.0167
1.737	0.0168
1.743	0.0162
1.749	0.0167
1.755	0.0167
1.762	0.0173
1.768	0.0174
1.774	0.017
1.78	0.0168
1.786	0.018
1.792	0.0175
1.798	0.0176
1.804	0.019
1.81	0.0191
1.815	0.0193
1.821	0.0188
1.827	0.0179
1.833	0.0205
1.838	0.0199
1.844	0.0198
1.85	0.0204
1.855	0.0219
1.861	0.0193
1.867	0.0201
1.873	0.0198
1.879	0.0214
1.884	0.0212
1.89	0.0205
1.896	0.0223
1.901	0.0215
1.907	0.021
1.913	0.0218
1.919	0.0221
1.925	0.0217
1.931	0.0233
1.937	0.0221
1.943	0.0224
1.948	0.0227
1.954	0.0244
1.96	0.0226
1.965	0.023
1.971	0.0233
1.977	0.0254
1.983	0.0251
1.988	0.0253
1.994	0.025
2.	0.0263
2.006	0.0256
2.013	0.026
2.018	0.0251
2.039	0.0193
2.06	0.021
2.066	0.0208
2.072	0.0224
2.077	0.0215
2.084	0.0219
2.09	0.0219
2.096	0.0221
2.102	0.0231
2.107	0.0235
2.113	0.0227
2.119	0.0236
2.125	0.0232
2.131	0.0243
2.136	0.0234
2.142	0.0255
2.148	0.026
2.154	0.0244
2.159	0.0259
2.165	0.0241
2.171	0.0247
2.177	0.025
2.182	0.0253
2.188	0.0264
2.194	0.0262
2.2	0.0264
2.205	0.0265
2.211	0.0276
2.217	0.0275
2.222	0.0259
2.228	0.0276
2.234	0.0278
2.24	0.0287
2.245	0.0278
2.251	0.0303
2.257	0.0288
2.263	0.0291
2.269	0.0306
2.275	0.0312
2.281	0.0311
2.287	0.0309
2.293	0.0315
2.299	0.0313
2.305	0.0319
2.311	0.0333
2.317	0.0335
2.323	0.033
2.329	0.0331
2.335	0.0339
2.342	0.0347
2.348	0.034
2.354	0.0342
2.36	0.0342
2.366	0.0341
2.371	0.0359
2.377	0.0355
2.383	0.0348
2.388	0.0358
2.395	0.0378
2.401	0.0376
2.407	0.0369
2.412	0.037
2.418	0.0379
2.424	0.0378
2.429	0.0387
2.435	0.0383
2.441	0.0399
2.447	0.0399
2.453	0.0412
2.458	0.0383
2.464	0.0421
2.47	0.0405
2.476	0.0409
2.481	0.0407
2.487	0.0425
2.493	0.0428
2.498	0.043
2.504	0.044
2.51	0.044
2.516	0.045
2.529	0.0455
2.542	0.0344
2.562	0.0386
2.568	0.0377
2.574	0.0357
2.58	0.0382
2.586	0.0386
2.592	0.0375
2.597	0.0384
2.603	0.0407
2.609	0.0386
2.614	0.0407
2.621	0.0397
2.627	0.0428
2.633	0.042
2.638	0.0406
2.644	0.0418
2.65	0.0415
2.655	0.0417
2.661	0.0433
2.667	0.0441
2.673	0.0444
2.678	0.0437
2.684	0.0448
2.69	0.0448
2.696	0.0444
2.702	0.0462
2.713	0.0451
2.721	0.0475
2.726	0.0519
2.733	0.0498
2.739	0.0506
2.744	0.0516
2.75	0.0497
2.756	0.05
2.762	0.0519
2.768	0.052
2.775	0.0542
2.78	0.0533
2.786	0.0535
2.792	0.0543
2.797	0.0544
2.803	0.0535
2.809	0.0552
2.815	0.0581
2.826	0.0559
2.832	0.0583
2.838	0.059
2.844	0.0591
2.85	0.0592
2.856	0.0607
2.867	0.0614
2.873	0.0602
2.879	0.0632
2.885	0.0631
2.89	0.0615
2.897	0.0649
2.903	0.0661
2.909	0.0643
2.914	0.0654
2.92	0.0684
2.926	0.0641
2.931	0.0653
2.937	0.0657
2.949	0.0652
2.955	0.0699
2.96	0.0683
2.966	0.0703
2.972	0.0723
2.978	0.0731
2.983	0.0705
2.989	0.0719
3.001	0.0744
3.013	0.0757
3.019	0.0774
3.025	0.0779
3.03	0.0773
3.042	0.061
3.049	0.064
3.055	0.0649
3.061	0.0641
3.067	0.0625
3.072	0.0645
3.084	0.0665
3.09	0.066
3.096	0.0668
3.102	0.0661
3.108	0.0709
3.114	0.0694
3.119	0.0694
3.125	0.0714
3.131	0.0736
3.137	0.0723
3.142	0.072
3.148	0.0726
3.16	0.0739
3.172	0.0765
3.178	0.0803
3.184	0.0775
3.19	0.0792
3.195	0.0792
3.202	0.0837
3.208	0.0803
3.213	0.0823
3.219	0.0803
3.225	0.0833
3.231	0.0823
3.236	0.0837
3.242	0.0861
3.254	0.0878
3.259	0.0899
3.265	0.0898
3.271	0.0948
3.278	0.091
3.283	0.091
3.295	0.0955
3.301	0.0948
3.312	0.0955
3.318	0.0963
3.324	0.0974
3.33	0.0995
3.336	0.0995
3.341	0.1004
3.348	0.1029
3.36	0.0787
3.367	0.0818
3.373	0.0802
3.379	0.0808
3.384	0.0818
3.391	0.0834
3.403	0.0869
3.408	0.0862
3.414	0.0854
3.42	0.0889
3.426	0.0877
3.438	0.0918
3.443	0.0903
3.449	0.092
3.455	0.0927
3.467	0.0935
3.472	0.0954
3.478	0.1004
3.484	0.1042
3.496	0.0756
3.502	0.0769
3.507	0.076
3.513	0.078
3.519	0.0793
3.525	0.0793
3.53	0.08
3.542	0.0821
3.548	0.0811
3.554	0.0844
3.559	0.0846
3.565	0.084
3.571	0.0846
3.576	0.088
3.588	0.0902
3.594	0.0885
3.6	0.0892
3.606	0.0959
3.618	0.0912
3.624	0.0913
3.629	0.0952
3.635	0.0977
3.641	0.1004
3.646	0.097
3.652	0.0969
3.658	0.0997
3.663	0.0972
3.669	0.1004
3.675	0.1022
3.687	0.08
3.693	0.0815
3.704	0.0802
3.71	0.0825
3.716	0.084
3.728	0.0847
3.734	0.0874
3.74	0.0882
3.746	0.0884
3.752	0.0885
3.757	0.0891
3.77	0.0945
3.776	0.0913
3.782	0.094
3.787	0.0933
3.793	0.0928
3.799	0.0966
3.805	0.0947
3.81	0.097
3.816	0.1007
3.822	0.0974
3.827	0.1014
3.834	0.0995
3.839	0.1015
3.846	0.1028
3.858	0.0799
3.87	0.0838
3.876	0.0846
3.888	0.0864
3.894	0.0832
3.899	0.0887
3.905	0.0877
3.911	0.0885
3.923	0.0915
3.929	0.0886
3.934	0.0922
3.94	0.0933
3.946	0.0922
3.952	0.093
3.958	0.0944
3.964	0.0937
3.97	0.0982
3.976	0.1017
3.982	0.1007
3.994	0.0797
4.	0.0759
4.006	0.0757
4.011	0.0777
4.031	0.0803
4.037	0.0809
4.043	0.0832
4.049	0.0833
4.054	0.0864
4.066	0.0851
4.072	0.0881
4.078	0.0865
4.083	0.088
4.089	0.0899
4.095	0.0918
4.1	0.0903
4.106	0.0942
4.112	0.0914
4.118	0.0957
4.123	0.0932
4.129	0.0972
4.135	0.0945
4.14	0.0968
4.146	0.0978
4.152	0.1007
4.158	0.1002
4.178	0.0801
4.183	0.0803
4.196	0.082
4.202	0.0828
4.208	0.0852
4.214	0.0838
4.219	0.0856
4.226	0.0881
4.232	0.0885
4.238	0.0893
4.25	0.0887
4.256	0.0924
4.262	0.0921
4.267	0.0959
4.273	0.0937
4.279	0.0949
4.285	0.096
4.29	0.0967
4.297	0.101
4.303	0.0995
4.308	0.101
4.32	0.1034
4.333	0.0781
4.345	0.0824
4.351	0.0824
4.357	0.085
4.363	0.0865
4.368	0.083
4.374	0.085
4.38	0.0858
4.385	0.0849
4.397	0.0857
4.403	0.09
4.408	0.0886
4.414	0.0905
4.42	0.0912
4.426	0.0936
4.432	0.093
4.438	0.0921
4.444	0.0955
4.456	0.0958
4.469	0.0979
4.475	0.0986
4.48	0.1011
4.486	0.1011
4.498	0.0788
4.504	0.0783
4.509	0.0818
4.515	0.0815
4.521	0.0856
4.533	0.0822
4.539	0.0824
4.544	0.0871
4.55	0.0867
4.557	0.0883
4.563	0.0883
4.568	0.0885
4.574	0.0895
4.58	0.0893
4.585	0.0922
4.592	0.0933
4.604	0.0944
4.61	0.0967
4.615	0.0959
4.621	0.1002
4.627	0.0992
4.632	0.096
4.638	0.1007
4.65	0.1034
4.662	0.0817
4.668	0.0824
4.674	0.0792
4.681	0.0824
4.687	0.0822
4.692	0.0837
4.699	0.0815
4.71	0.0849
4.717	0.0881
4.723	0.0865
4.728	0.0869
4.734	0.0906
4.74	0.0888
4.746	0.0907
4.758	0.0903
4.764	0.091
4.77	0.0945
4.777	0.0955
4.783	0.0966
4.79	0.0967
4.796	0.0971
4.807	0.0995
4.813	0.105
4.819	0.1023
4.832	0.0809
4.838	0.0785
4.843	0.0821
4.849	0.086
4.861	0.0845
4.867	0.0829
4.872	0.0862
4.878	0.0859
4.884	0.0878
4.895	0.0855
4.903	0.0894
4.908	0.0924
4.914	0.0937
4.92	0.0967
4.926	0.0922
4.932	0.0955
4.938	0.0939
4.944	0.0949
4.955	0.0988
4.961	0.102
4.967	0.1001
4.979	0.0781
4.985	0.0794
4.99	0.079
4.996	0.0805
5.002	0.0809
5.013	0.0825
5.019	0.0834
5.025	0.0838