2.8e-09 infty 2.75 10.9375 145 0 0 154 0 0
2.8e-09 26.4219 2.4375 10.9531 37 0 411601804 45 0 0
2.8e-09 infty 3.45312 11.0156 119 0 0 113 0 0
2.8e-09 infty 2.42188 10.9375 129 0 6394834 123 0 0
2.8e-09 22 2.8125 11.0781 1 0 0 0 0 428274534
2.8e-09 infty 2.39062 11.3281 138 0 281551 148 0 0
2.8e-09 infty 2.95312 11 123 0 0 136 0 0
2.8e-09 23.9062 2.5625 11.2969 0 0 214822 4 0 415310567
2.8e-09 infty 2.9375 10.9844 135 0 0 132 0 0
2.8e-09 19.9375 2.76562 10.9531 0 0 0 0 0 411000152
2.8e-09 infty 2.92188 10.9219 144 0 0 129 0 179564469
2.8e-09 infty 3.32812 11.125 162 0 110636 131 0 0
2.8e-09 infty 3.29688 11.0469 127 0 0 130 0 0
2.8e-09 23.5938 2.35938 11.1562 0 0 410811428 0 0 0
2.8e-09 25.4531 2.39062 11.2969 18 0 0 6 0 525287804
2.8e-09 28.0781 2.54688 11.2812 166 0 411378400 134 0 0
2.8e-09 22.1719 2.35938 11.1719 0 0 429647967 0 0 2
2.8e-09 infty 2.85938 11.1875 136 0 0 123 0 0
2.8e-09 infty 2.875 11.2656 142 0 690297 143 0 0
2.8e-09 infty 3 11.1094 159 0 0 158 0 0
2.8e-09 24.4531 2.46875 11.0312 5 0 413443893 2 0 12362653
2.8e-09 infty 2.40625 11.4375 144 0 0 147 0 0
2.8e-09 22.9531 2.92188 10.9375 1 0 471292965 0 0 0
2.8e-09 infty 2.48438 11.0469 139 0 0 99 0 0
2.8e-09 24.1875 2.5 11.0938 1 0 0 5 0 481400605
2.8e-09 27.875 2.54688 11.2812 152 0 502307466 160 0 0
2.8e-09 infty 3.25 10.9531 149 0 0 137 0 0
2.8e-09 28.2031 2.96875 11.0312 131 0 0 152 0 325209351
2.8e-09 23.4062 2.375 11.25 1 0 420008792 1 0 1057021
2.8e-09 infty 2.92188 10.9375 129 0 0 136 0 0
2.8e-09 infty 2.375 11.2344 148 0 9576585 129 0 0
2.8e-09 infty 2.35938 11.1875 179 0 0 156 0 0
2.8e-09 infty 2.39062 11.3125 142 0 0 152 0 0
2.8e-09 23.9219 2.76562 10.9375 7 0 188447486 2 0 221217999
2.8e-09 infty 2.98438 11.0781 170 0 44 166 0 0
2.8e-09 infty 3.45312 11.0312 123 0 0 112 0 0
2.8e-09 22.2812 2.54688 11.25 0 0 465502682 0 0 0
2.8e-09 28.4844 2.35938 11.1562 154 0 34174464 142 0 255825516
2.8e-09 25.2344 2.46875 11.0312 13 0 219496976 11 0 199100145
2.8e-09 infty 2.45312 11 123 0 0 130 0 0
2.8e-09 20.7656 2.51562 11.1719 0 0 478955917 0 0 38
2.8e-09 22.6562 2.51562 11.1562 1 0 462990613 0 0 0
2.8e-09 infty 2.98438 11.0781 155 0 0 176 0 0
2.8e-09 24.6719 2.98438 11.0938 4 0 522190253 2 0 0
2.8e-09 25.6094 2.5 11.1094 14 0 0 6 0 412565563
2.8e-09 infty 2.8125 11.0781 160 0 0 170 0 0
2.8e-09 infty 2.51562 11.1406 161 0 0 143 0 0
2.8e-09 25.0781 2.48438 11.0469 12 0 0 7 0 398370535
2.8e-09 infty 2.42188 10.9219 126 0 0 149 0 0
2.8e-09 infty 2.78125 10.9844 125 0 0 117 0 0
2.8e-09 infty 3.40625 11.4062 138 0 0 150 0 0
2.8e-09 25.6094 3.4375 10.9688 16 0 401921107 19 0 0
2.8e-09 23.2031 2.84375 11.125 0 0 38765 0 0 398898633
2.8e-09 24.9688 3.26562 10.9688 7 0 462898298 6 0 0
2.8e-09 21.0938 2.85938 11.1719 0 0 452536210 0 0 0
2.8e-09 infty 2.875 11.25 117 0 0 134 0 0
2.8e-09 27.1094 3.29688 11.0156 75 0 0 57 0 464045642
2.8e-09 23.0938 2.51562 11.1719 2 0 516387545 0 0 301316
2.8e-09 23.125 2.9375 10.9688 0 0 172805826 1 0 260502135
2.8e-09 infty 2.375 11.2344 163 0 50005088 176 0 0
2.8e-09 26.4688 2.89062 11.3438 38 0 0 38 0 508759795
2.8e-09 infty 2.54688 11.2656 158 0 0 132 0 0
2.8e-09 25.6406 2.90625 11.4062 18 0 0 14 0 528126570
2.8e-09 infty 2.42188 10.9375 156 0 0 124 0 11872106
2.8e-09 infty 2.40625 11.4375 141 0 0 142 0 0
2.8e-09 infty 2.92188 10.9375 134 0 0 141 0 0
2.8e-09 infty 2.42188 10.9375 132 0 48068 137 0 0
2.8e-09 infty 2.35938 11.1875 134 0 0 152 0 0
2.8e-09 21.8906 2.78125 10.9844 0 0 1195260 0 0 506485230
2.8e-09 24.2656 2.40625 11.3438 5 0 432034477 3 0 0
2.8e-09 infty 2.51562 11.1719 164 0 0 145 0 0
2.8e-09 infty 3.28125 11.0156 118 0 0 117 0 0
2.8e-09 infty 3.26562 10.9688 115 0 0 141 0 0
2.8e-09 infty 2.82812 11.0781 147 0 0 162 0 0
2.8e-09 infty 2.5 11.1094 158 0 0 141 0 0
2.8e-09 infty 2.35938 11.2031 157 0 0 162 0 0
2.8e-09 infty 2.40625 11.4062 138 0 0 153 0 2437873
2.8e-09 infty 2.39062 11.3281 163 0 0 129 0 339
2.8e-09 infty 2.95312 11.0156 114 0 0 124 0 0
2.8e-09 infty 2.9375 10.9844 116 0 179911160 113 0 0
2.8e-09 infty 2.98438 11.0938 159 0 0 147 0 0
2.8e-09 27.0938 2.4375 10.9688 73 0 0 64 0 477463071
2.8e-09 21.7188 2.875 11.2344 0 0 0 1 0 516303077
2.8e-09 infty 2.39062 11.2812 135 0 0 168 0 0
2.8e-09 22.5625 2.42188 10.9375 0 0 399550647 2 0 12062
2.8e-09 23.5781 2.82812 11.0781 1 0 28327563 2 0 484723951
2.8e-09 21.0781 2.45312 10.9844 0 0 496724801 0 0 0
2.8e-09 infty 2.90625 11.4219 140 0 0 149 0 6776
2.8e-09 infty 3.35938 11.2031 152 0 0 128 0 0
2.8e-09 infty 3.03125 11.2188 152 0 0 140 0 0
2.8e-09 26.1406 2.48438 11.0625 21 0 440080102 23 0 0
2.8e-09 infty 2.45312 10.9844 120 0 0 121 0 0
2.8e-09 25.3438 2.90625 11.4219 13 0 0 9 0 461924922
2.8e-09 infty 3.35938 11.2344 143 0 0 149 0 0
2.8e-09 infty 2.84375 11.1562 149 0 88011 160 0 4427161
2.8e-09 infty 2.79688 11 115 0 0 118 0 0
2.8e-09 infty 2.875 11.2344 139 0 38061500 144 0 0
2.8e-09 20.5625 2.54688 11.2656 0 0 92913144 0 0 424832688
2.8e-09 infty 3 11.1406 147 0 0 158 0 0
2.8e-09 22.3594 2.78125 10.9844 0 0 392275304 1 0 9840038
2.8e-09 infty 3.375 11.2344 146 0 0 143 0 0
2.8e-09 23.0625 2.4375 10.9688 0 0 0 0 0 493514929
2.8e-09 24.1875 2.79688 11.0156 5 0 481800956 1 0 0
2.8e-09 20.4375 3.32812 11.125 0 0 485572667 0 0 0
2.8e-09 infty 2.4375 10.9688 131 0 0 119 0 0
2.8e-09 infty 2.40625 11.4219 135 0 0 158 0 0
2.8e-09 infty 2.78125 10.9844 140 0 0 136 0 140184871
2.8e-09 22.125 2.45312 11 0 0 0 1 0 469624778
2.8e-09 infty 3.04688 11.2969 140 0 3625 155 0 0
2.8e-09 infty 2.5 11.0938 164 0 40882 174 0 0
2.8e-09 25.8438 2.35938 11.2031 13 0 0 10 0 420503584
2.8e-09 27.2344 2.85938 11.2188 70 0 32146 69 0 409075708
2.8e-09 infty 2.84375 11.1719 161 0 0 121 0 0
2.8e-09 infty 2.39062 11.2812 165 0 5459900 137 0 184192016
2.8e-09 infty 3.40625 11.4219 134 0 0 140 0 0
2.8e-09 infty 2.95312 11.0156 143 0 41189390 121 0 0
2.8e-09 21.0156 2.95312 11 0 0 405601979 0 0 0
2.8e-09 infty 2.42188 10.9219 118 0 0 132 0 0
2.8e-09 26.0156 2.95312 11 19 0 113873977 16 0 287090568
2.8e-09 26.875 2.39062 11.2812 43 0 0 45 0 413976603
2.8e-09 22.1719 3.32812 11.1094 0 0 539411 0 0 426258128
2.8e-09 infty 3.01562 11.1719 144 0 0 144 0 1790844
2.8e-09 21.0469 2.35938 11.1719 0 0 119653508 1 0 329767091
2.8e-09 28.4688 2.90625 11.3594 136 0 0 127 0 299696243
2.8e-09 infty 2.40625 11.3594 134 0 0 150 0 0
2.8e-09 27.2656 2.46875 11.0469 86 0 0 74 0 442599351
2.8e-09 27.8594 3.3125 11.0625 117 0 400680772 132 0 0
2.8e-09 infty 3.45312 11.0156 130 0 8373894 128 0 0
2.8e-09 23.6562 2.46875 11.0469 2 0 0 2 0 500178094
2.8e-09 infty 2.79688 11.0312 105 0 0 122 0 0
2.8e-09 infty 2.51562 11.1562 150 0 173784 151 0 215165
2.8e-09 22.7656 2.5625 11.2969 2 0 508804448 0 0 0
2.8e-09 24.8906 2.54688 11.2656 8 0 0 9 0 527370078
2.8e-09 infty 2.5 11.0938 176 0 0 156 0 264636
2.8e-09 28.25 3.01562 11.1719 174 0 407919668 145 0 0
2.8e-09 infty 2.79688 11.0156 127 0 0 139 0 0
2.8e-09 20.9062 2.76562 10.9531 0 0 462776064 0 0 187409
2.8e-09 infty 2.35938 11.1875 139 0 0 150 0 25274856
2.8e-09 26.0781 2.96875 11.0469 30 0 0 21 0 488615156
2.8e-09 infty 3.34375 11.1406 168 0 0 176 0 0
2.8e-09 infty 2.5 11.0938 126 0 0 162 0 32409445
2.8e-09 infty 2.39062 11.2812 142 0 0 137 0 0
2.8e-09 infty 3.375 11.2656 163 0 0 152 0 0
2.8e-09 24.4219 2.90625 11.4375 4 0 449990775 0 0 4817810
2.8e-09 infty 2.75 10.9375 142 0 13490723 132 0 0
2.8e-09 26.1094 2.73438 11.3906 36 0 462849208 26 0 0
2.8e-09 21.8438 3.28125 11 0 0 0 0 0 415891331
2.8e-09 22.625 2.4375 10.9688 1 0 488613644 0 0 0
2.8e-09 infty 2.54688 11.2812 130 0 0 151 0 0
2.8e-09 infty 2.42188 10.9219 153 0 0 122 0 0
2.8e-09 22.3125 2.53125 11.1875 0 0 25161886 1 0 422104959
2.8e-09 24.9531 2.95312 11 4 0 0 2 0 431246618
2.8e-09 infty 3.375 11.2656 154 0 0 134 0 0
2.8e-09 infty 2.53125 11.2031 148 0 0 155 0 10059924
2.8e-09 25.625 2.42188 10.9375 14 0 408561942 7 0 0
2.8e-09 28.1719 3.07812 10.9219 122 0 0 123 0 340910119
2.8e-09 infty 2.39062 11.3281 130 0 0 134 0 0
2.8e-09 infty 2.51562 11.1562 157 0 0 158 0 0
2.8e-09 infty 2.78125 10.9844 145 0 0 113 0 487614
2.8e-09 infty 2.46875 11.0469 129 0 804466 127 0 0
2.8e-09 infty 3.0625 11.375 126 0 0 126 0 0
2.8e-09 22.8281 2.375 11.2344 2 0 0 0 0 457693245
2.8e-09 22.2656 3.32812 11.1094 0 0 472309761 0 0 0
2.8e-09 27.625 2.8125 11.0469 87 0 404013090 89 0 0
2.8e-09 infty 2.46875 11.0156 117 0 0 111 0 0
2.8e-09 22.8438 2.5625 11.3438 1 0 0 0 0 411834820
2.8e-09 22.2812 2.39062 11.3281 0 0 421831304 0 0 0
2.8e-09 infty 2.875 11.25 136 0 0 136 0 189495486
2.8e-09 infty 3.35938 11.2031 129 0 2944 141 0 0
2.8e-09 infty 3.01562 11.1719 159 0 0 161 0 0
2.8e-09 22.4531 3.29688 11.0156 0 0 448848840 0 0 0
2.8e-09 infty 2.73438 11.3906 152 0 0 145 0 0
2.8e-09 infty 2.79688 11.0312 116 0 0 111 0 0
2.8e-09 infty 3.01562 11.1719 136 0 843622 154 0 0
2.8e-09 infty 2.75 10.9219 149 0 12341783 133 0 0
2.8e-09 26.3438 2.5 11.1094 38 0 457461439 26 0 0
2.8e-09 27.2969 2.5625 11.2969 97 0 456944129 81 0 16107050
2.8e-09 22.8438 2.92188 10.9375 1 0 1826 0 0 414593319
2.8e-09 25.1406 2.4375 10.9531 13 0 43082832 12 0 413853595
2.8e-09 26.7812 2.95312 11.0156 27 0 0 27 0 397539754
2.8e-09 infty 3.28125 11 129 0 86119417 120 0 13707
2.8e-09 24.3594 2.75 10.9375 1 0 477822232 5 0 10276236
2.8e-09 20.0781 3.28125 11 0 0 442770548 0 0 0
2.8e-09 infty 2.75 10.9375 129 0 0 121 0 0
2.8e-09 infty 3.29688 11.0312 116 0 0 130 0 207994
2.8e-09 25.7969 2.35938 11.1562 16 0 0 10 0 419036041
2.8e-09 infty 3.39062 11.2969 162 0 463 142 0 0
2.8e-09 21.6406 2.82812 11.0938 0 0 446166236 0 0 72822
2.8e-09 infty 2.375 11.2344 145 0 4436 146 0 0
2.8e-09 27.2031 2.4375 10.9531 73 0 431417184 63 0 0
2.8e-09 24.2812 2.53125 11.1719 1 0 412217471 2 0 9849
2.8e-09 infty 2.92188 10.9375 122 0 0 143 0 2817157
2.8e-09 22.2656 2.89062 11.3594 0 0 172714 0 0 495298251
2.8e-09 infty 2.45312 11 115 0 215584929 132 0 0
2.8e-09 infty 2.39062 11.3281 134 0 27745 149 0 0
2.8e-09 infty 2.76562 10.9531 132 0 0 124 0 0
2.8e-09 infty 2.54688 11.2656 151 0 33625 116 0 0
2.8e-09 infty 2.76562 10.9688 112 0 0 149 0 0
2.8e-09 22.625 2.82812 11.0938 0 0 489772051 0 0 0
2.8e-09 24.0312 3.01562 11.1406 4 0 471232672 0 0 0
2.8e-09 21.0312 2.75 10.9219 0 0 403381649 0 0 394968
2.8e-09 27.2031 3.34375 11.1406 66 0 487009146 58 0 0
2.8e-09 infty 2.51562 11.1719 165 0 165440 166 0 0
2.8e-09 28.0469 2.875 11.25 143 0 0 142 0 406181749
2.8e-09 22.7812 3.35938 11.2031 0 0 455514902 0 0 0
2.8e-09 infty 2.48438 11.0781 182 0 25893646 177 0 0
2.8e-09 infty 2.79688 11.0312 110 0 250057708 91 0 0
2.8e-09 23.4531 2.40625 11.375 0 0 526947 1 0 445084362
2.8e-09 infty 2.79688 11.0312 137 0 201462037 122 0 23508
2.8e-09 27.125 2.9375 10.9531 65 0 4873811 71 0 448921103
2.8e-09 infty 2.46875 11.0312 155 0 0 103 0 0
2.8e-09 infty 2.79688 11.0156 146 0 0 149 0 37207
2.8e-09 27.375 2.39062 11.3125 89 0 0 84 0 444468533
2.8e-09 infty 2.48438 11.0781 144 0 0 170 0 0
2.8e-09 infty 3.28125 11.0156 139 0 0 124 0 0
2.8e-09 infty 3.01562 11.1406 151 0 0 178 0 0
2.8e-09 22 3.46875 11.0312 0 0 427787049 0 0 0
2.8e-09 27.875 2.89062 11.2812 152 0 506551269 154 0 0
2.8e-09 infty 3.07812 10.9375 127 0 56123 162 0 0
2.8e-09 infty 2.46875 11.0156 126 0 0 121 0 0
2.8e-09 infty 2.35938 11.2031 150 0 0 149 0 950534
2.8e-09 21.0312 2.46875 11.0312 0 0 145059 0 0 406150442
2.8e-09 infty 2.35938 11.1562 147 0 0 160 0 0
2.8e-09 21.4531 2.78125 10.9844 0 0 190008971 0 0 236015181
2.8e-09 20.9688 2.98438 11.0781 0 0 0 0 0 451230595
2.8e-09 27.0625 3.39062 11.3125 78 0 0 78 0 524761722
2.8e-09 infty 2.39062 11.3125 163 0 0 134 0 25918
2.8e-09 23.7188 2.51562 11.1406 1 0 0 2 0 504017881
2.8e-09 26.3594 2.90625 11.375 37 0 445166311 22 0 0
2.8e-09 infty 2.875 11.25 151 0 605676 143 0 254277
2.8e-09 22.375 2.4375 10.9844 0 0 414694354 0 0 0
2.8e-09 25.7031 2.78125 11 23 0 148751203 12 0 280573416
2.8e-09 infty 3 11.0938 155 0 145589 144 0 0
2.8e-09 26.6719 3.26562 10.9688 30 0 443644416 33 0 0
2.8e-09 25.6094 2.9375 10.9688 20 0 0 23 0 490108082
2.8e-09 25.0312 2.98438 11.0625 2 0 0 5 0 413818890
2.8e-09 23 3 11.0938 0 0 0 0 0 457456925
2.8e-09 25.0156 2.78125 11 2 0 1276 5 0 527516462
2.8e-09 23.2656 2.375 11.2188 1 0 520849237 0 0 0
2.8e-09 22 2.45312 11 0 0 0 1 0 425167616
2.8e-09 infty 2.39062 11.2656 128 0 0 153 0 16429094
2.8e-09 infty 2.35938 11.1562 176 0 0 147 0 0
2.8e-09 22.5625 2.76562 10.9375 0 0 509693363 0 0 0
2.8e-09 22.3125 3.07812 10.9219 1 0 0 0 0 456604209
2.8e-09 infty 2.98438 11.0625 171 0 0 182 0 0
2.8e-09 infty 2.39062 11.2969 147 0 0 156 0 0
2.8e-09 24.1719 2.375 11.2188 0 0 0 2 0 404896874
2.8e-09 infty 3.29688 11.0469 128 0 0 117 0 0
2.8e-09 infty 2.45312 10.9844 147 0 0 134 0 0
2.8e-09 22.0781 2.4375 10.9688 0 0 500191614 0 0 11
2.8e-09 infty 2.45312 11.0156 139 0 1408478 150 0 0
2.8e-09 23.0938 2.5 11.1094 1 0 0 0 0 529508025
2.8e-09 25.5469 3.28125 11 8 0 0 11 0 453384761
2.8e-09 22.0938 2.45312 11 0 0 485442095 0 0 206520
2.8e-09 infty 2.42188 10.9375 142 0 0 127 0 87592214
2.8e-09 20.3125 2.45312 11.0156 0 0 0 0 0 445995768
2.8e-09 26.6562 2.5 11.1094 67 0 523344446 54 0 0
2.8e-09 infty 2.40625 11.4375 105 0 0 135 0 0
2.8e-09 infty 3.4375 10.9844 138 0 71816580 126 0 4343
2.8e-09 26.3438 2.82812 11.0938 39 0 0 34 0 420292672
2.8e-09 infty 2.46875 11.0156 125 0 0 117 0 0
2.8e-09 23.1875 2.85938 11.2031 2 0 452566661 0 0 0
2.8e-09 26.3906 2.51562 11.1562 52 0 526346070 35 0 0
2.8e-09 infty 2.4375 10.9531 143 0 0 133 0 0
2.8e-09 infty 2.40625 11.375 148 0 0 132 0 0
2.8e-09 27.6094 2.40625 11.4219 108 0 0 112 0 431096846
2.8e-09 infty 2.8125 11.0625 139 0 0 161 0 0
2.8e-09 infty 3.3125 11.0625 180 0 0 167 0 0
2.8e-09 25.2656 2.39062 11.2656 10 0 528442813 12 0 0
2.8e-09 25.5156 2.4375 10.9531 13 0 486592675 11 0 0
2.8e-09 infty 2.78125 11 132 0 0 134 0 0
2.8e-09 25.6562 2.5 11.0938 10 0 512947503 17 0 1107447
2.8e-09 infty 2.4375 10.9531 143 0 142654 140 0 38526068
2.8e-09 infty 3.28125 10.9844 145 0 5196 118 0 0
2.8e-09 21.9688 2.98438 11.0938 0 0 458778479 1 0 0
2.8e-09 infty 2.89062 11.2812 134 0 0 125 0 0
2.8e-09 infty 2.42188 10.9375 127 0 0 125 0 0
2.8e-09 infty 2.89062 11.3281 146 0 168183 138 0 0
2.8e-09 21.4062 2.48438 11.0781 0 0 868997 0 0 502065200
2.8e-09 27.9844 2.54688 11.2812 122 0 432263938 130 0 0
2.8e-09 26.7656 3.01562 11.1719 48 0 448136086 52 0 0
2.8e-09 21.3594 2.73438 11.3906 0 0 241420 0 0 408797536
2.8e-09 infty 3.39062 11.2969 152 0 0 140 0 84615
2.8e-09 infty 2.35938 11.1875 159 0 0 167 0 0
2.8e-09 21.875 2.53125 11.2344 0 0 525363146 0 0 0
2.8e-09 infty 2.79688 11.0312 118 0 0 124 0 0
2.8e-09 infty 2.5 11.0938 154 0 987832 156 0 0
2.8e-09 infty 2.48438 11.0469 112 0 0 140 0 243396172
2.8e-09 22.2031 2.39062 11.2812 0 0 400263996 0 0 0
2.8e-09 22.5625 2.8125 11.0781 0 0 4007261 0 0 513973452
2.8e-09 21.5469 2.4375 10.9688 0 0 506744689 0 0 0
2.8e-09 23.4062 2.73438 11.4062 1 0 479717459 3 0 19234343
2.8e-09 27.125 3.46875 11.0625 55 0 419852046 42 0 0
2.8e-09 22.625 2.5 11.1094 1 0 453644746 0 0 542
2.8e-09 infty 2.78125 10.9844 129 0 24600511 128 0 0
2.8e-09 24.9375 2.42188 10.9219 7 0 486881026 4 0 660
2.8e-09 26.5625 2.48438 11.0781 33 0 413318286 29 0 0
2.8e-09 27.9062 2.85938 11.1875 137 0 0 168 0 498401865
2.8e-09 infty 2.375 11.2188 150 0 0 145 0 0
2.8e-09 infty 3.03125 11.2188 152 0 0 131 0 0
2.8e-09 infty 2.92188 10.9219 140 0 0 124 0 84105
2.8e-09 21.3125 3.4375 10.9688 0 0 0 0 0 440926711
2.8e-09 infty 2.42188 10.9375 153 0 18934 153 0 1135065
2.8e-09 infty 2.89062 11.2969 130 0 1439605 145 0 0
2.8e-09 infty 3.03125 11.2344 156 0 0 157 0 0
2.8e-09 25.4531 2.42188 11.4375 12 0 406461656 22 0 106233976
2.8e-09 27.7188 2.8125 11.0625 94 0 0 92 0 399510324
2.8e-09 infty 3.32812 11.125 148 0 0 139 0 0
2.8e-09 infty 2.84375 11.1406 159 0 168018872 161 0 0
2.8e-09 26.75 2.53125 11.2031 34 0 427196203 51 0 0
2.8e-09 infty 2.40625 11.3594 155 0 5214323 140 0 0
2.8e-09 26.8438 3.34375 11.1562 36 0 0 63 0 443390564
2.8e-09 infty 2.96875 11.0469 128 0 0 121 0 0
2.8e-09 infty 2.46875 11.0156 103 0 14720161 132 0 72778165
2.8e-09 27.2188 2.78125 11 100 0 0 85 0 418547769
2.8e-09 infty 2.75 11.4375 132 0 0 121 0 32080284
2.8e-09 23.2812 2.84375 11.125 0 0 511851718 0 0 0
2.8e-09 infty 2.78125 11 127 0 1630810 125 0 0
2.8e-09 24.875 2.5625 11.2969 4 0 167039547 13 0 315340167
2.8e-09 22.8281 3.35938 11.2031 0 0 0 0 0 459385733
2.8e-09 28.5 2.4375 10.9688 134 0 285367210 113 0 0
2.8e-09 infty 2.95312 11 129 0 0 118 0 139775
2.8e-09 22.1406 3 11.1094 0 0 0 0 0 451697585
2.8e-09 infty 2.79688 11.0312 112 0 10617 109 0 0
2.8e-09 infty 2.35938 11.1719 164 0 0 146 0 0
2.8e-09 infty 2.40625 11.4062 142 0 18615 136 0 0
2.8e-09 25.3906 2.4375 10.9531 20 0 0 18 0 494312784
2.8e-09 infty 3 11.125 162 0 0 173 0 164753
2.8e-09 22.5156 2.51562 11.1719 0 0 434207450 0 0 0
2.8e-09 infty 2.82812 11.0781 171 0 0 166 0 3290
2.8e-09 infty 2.4375 10.9531 140 0 58961 130 0 0
2.8e-09 infty 2.82812 11.0938 156 0 0 165 0 0
2.8e-09 21.2031 2.5625 11.2969 0 0 371594795 0 0 29056092
2.8e-09 infty 3.3125 11.0625 159 0 0 147 0 0
2.8e-09 27.0938 2.48438 11.0625 79 0 0 75 0 493823010
2.8e-09 infty 2.84375 11.1562 148 0 0 170 0 0
2.8e-09 infty 2.73438 11.375 136 0 0 162 0 0
2.8e-09 infty 2.89062 11.3594 138 0 0 153 0 0
2.8e-09 infty 3.26562 10.9688 136 0 0 136 0 0
2.8e-09 28.0469 2.46875 11.0312 126 0 0 119 0 396817786
2.8e-09 25.625 3.34375 11.1719 9 0 439705271 11 0 96688
2.8e-09 25.5625 2.39062 11.3281 12 0 499607773 6 0 1290832
2.8e-09 27.1562 2.45312 10.9844 60 0 436023841 66 0 0
2.8e-09 infty 2.84375 11.1406 158 0 260837 163 0 892621
2.8e-09 infty 2.35938 11.2031 164 0 0 147 0 0
2.8e-09 21.0781 2.84375 11.1406 0 0 0 0 0 501853190
2.8e-09 infty 2.79688 11.0156 125 0 0 110 0 0
2.8e-09 23.5312 2.75 10.9375 2 0 0 2 0 416488383
2.8e-09 24.5781 3.40625 11.3906 4 0 475364442 7 0 0
2.8e-09 infty 3.42188 10.9375 135 0 0 121 0 0
2.8e-09 25.0781 2.48438 11.0781 9 0 0 6 0 521417513
2.8e-09 infty 3.0625 11.3125 141 0 0 154 0 0
2.8e-09 infty 3.3125 11.0781 168 0 0 168 0 0
2.8e-09 infty 2.54688 11.25 160 0 0 151 0 0
2.8e-09 infty 2.4375 10.9844 131 0 0 112 0 584395
2.8e-09 infty 2.89062 11.2969 143 0 0 140 0 0
2.8e-09 infty 2.35938 11.1719 145 0 6493 128 0 0
2.8e-09 infty 3 11.0938 153 0 0 161 0 162840372
2.8e-09 infty 2.39062 11.3125 131 0 0 133 0 110
2.8e-09 22.5781 2.35938 11.1875 1 0 0 1 0 525308455
2.8e-09 infty 2.39062 11.3281 143 0 0 143 0 0
2.8e-09 infty 2.92188 10.9375 124 0 0 127 0 0
2.8e-09 infty 3.0625 11.375 139 0 10274081 134 0 0
2.8e-09 24.6562 3.34375 11.1406 2 0 422638557 7 0 0
2.8e-09 infty 3.39062 11.2969 139 0 0 136 0 0
2.8e-09 25.5938 2.79688 11.0312 22 0 437693625 19 0 0
2.8e-09 infty 2.875 11.2656 147 0 0 157 0 0
2.8e-09 25.0938 3.07812 10.9219 7 0 426288705 9 0 52521585
2.8e-09 infty 2.39062 11.2656 138 0 0 129 0 0
2.8e-09 infty 2.5625 11.3438 140 0 0 128 0 2392
2.8e-09 23.7031 2.78125 11 0 0 0 1 0 513842025
2.8e-09 infty 2.8125 11.0469 103 0 19780398 128 0 0
2.8e-09 27.1406 2.82812 11.0938 71 0 467432682 71 0 0
2.8e-09 26.9531 2.76562 10.9688 53 0 287350209 49 0 154868997
2.8e-09 infty 2.79688 11 127 0 0 109 0 0
2.8e-09 infty 3.35938 11.1719 147 0 0 150 0 15941589
2.8e-09 27.7188 2.42188 11.4375 137 0 0 139 0 490757348
2.8e-09 infty 2.8125 11.0625 161 0 0 145 0 0
2.8e-09 27.0312 2.75 10.9219 60 0 0 69 0 408714887
2.8e-09 20.5312 2.48438 11.0625 0 0 407226128 0 0 17
2.8e-09 infty 3.26562 10.9688 118 0 0 129 0 0
2.8e-09 23 2.48438 11.0781 1 0 465763702 1 0 0
2.8e-09 21.5781 2.34375 11.1562 0 0 502257448 0 0 0
2.8e-09 25.5469 2.76562 10.9375 26 0 0 10 0 446545223
2.8e-09 infty 2.90625 11.3906 134 0 0 138 0 7623
2.8e-09 24.5 3.28125 11 3 0 0 0 0 408172239
2.8e-09 21.0625 2.85938 11.1719 0 0 515116282 0 0 0
2.8e-09 23.0625 2.8125 11.0781 0 0 416266718 0 0 0
2.8e-09 infty 3.04688 11.2656 138 0 0 132 0 175739719
2.8e-09 infty 3.34375 11.1562 151 0 0 167 0 0
2.8e-09 24.9219 2.35938 11.2031 3 0 485159 1 0 469252696
2.8e-09 21.4219 2.5625 11.3594 0 0 0 0 0 493655116
2.8e-09 21.2031 2.39062 11.2812 0 0 528348915 0 0 0
2.8e-09 27.0625 2.96875 11.0312 80 0 489672272 105 0 0
2.8e-09 infty 2.82812 11.1094 138 0 0 135 0 0
2.8e-09 27.5781 2.8125 11.0625 103 0 297043154 92 0 170921342
2.8e-09 infty 2.5 11.1094 178 0 0 175 0 0
2.8e-09 infty 3.3125 11.0625 170 0 347356 191 0 32590
2.8e-09 infty 2.92188 10.9375 140 0 0 157 0 0
2.8e-09 infty 2.78125 11 132 0 7672 113 0 5326
2.8e-09 infty 2.5625 11.375 115 0 0 146 0 76008
2.8e-09 infty 2.4375 10.9531 118 0 0 122 0 0
2.8e-09 25.6875 3.01562 11.1562 18 0 493970682 24 0 0
2.8e-09 infty 2.79688 11.0312 139 0 0 120 0 0
2.8e-09 infty 2.76562 10.9531 146 0 0 141 0 0
2.8e-09 23.3125 3.39062 11.3594 0 0 0 0 0 426584440
2.8e-09 infty 2.375 11.2344 128 0 0 160 0 1868354
2.8e-09 27.0781 2.73438 11.4062 79 0 0 72 0 511921926
2.8e-09 25 2.4375 10.9531 12 0 20566 12 0 443452244
2.8e-09 infty 2.42188 11.4375 130 0 224847518 151 0 53189
2.8e-09 25.2656 2.54688 11.25 8 0 527117780 8 0 0
2.8e-09 infty 2.5 11.1094 168 0 0 151 0 0
2.8e-09 infty 3.28125 11 133 0 0 138 0 2634622
2.8e-09 27.0781 2.79688 11.0469 61 0 487369967 72 0 0
2.8e-09 23.6875 2.875 11.2344 0 0 0 1 0 468822685
2.8e-09 25.7969 2.84375 11.1406 18 0 0 14 0 419154431
2.8e-09 23.1875 2.84375 11.1406 0 0 6008291 1 0 495136420
2.8e-09 infty 2.53125 11.1875 160 0 0 135 0 0
2.8e-09 infty 2.76562 10.9688 135 0 0 126 0 0
2.8e-09 infty 3.26562 10.9844 139 0 0 138 0 0
2.8e-09 21.2969 2.375 11.25 0 0 114878758 1 0 393382078
2.8e-09 28.5312 2.78125 11 143 0 0 141 0 273015838
2.8e-09 26.2969 3 11.1406 24 0 0 30 0 493068165
2.8e-09 infty 2.98438 11.0781 156 0 0 163 0 0
2.8e-09 infty 2.51562 11.1562 163 0 0 164 0 159066787
2.8e-09 21.75 3 11.125 0 0 483756789 0 0 529
2.8e-09 27.2812 3 11.1406 79 0 482043283 97 0 0
2.8e-09 23.8594 2.875 11.25 3 0 456215404 0 0 3691564
2.8e-09 22.4531 3.32812 11.1094 0 0 0 0 0 457432728
2.8e-09 26.0938 2.98438 11.0625 36 0 481443651 26 0 0
2.8e-09 20.5781 3.04688 11.25 0 0 0 0 0 497984126
2.8e-09 infty 2.5625 11.2969 134 0 0 141 0 0
2.8e-09 24.875 2.51562 11.1406 6 0 395558165 4 0 41187580
2.8e-09 26.3281 2.82812 11.0781 35 0 0 37 0 464012532
2.8e-09 28.2812 2.82812 11.0781 174 0 388709943 155 0 0
2.8e-09 infty 2.4375 10.9531 132 0 0 161 0 0
2.8e-09 infty 2.76562 10.9375 136 0 0 131 0 0
2.8e-09 infty 2.46875 11.0312 118 0 127817978 120 0 0
2.8e-09 infty 2.4375 10.9531 143 0 0 111 0 0
2.8e-09 infty 2.54688 11.2344 175 0 28526724 153 0 0
2.8e-09 25.6719 3.28125 11 20 0 20172 16 0 504392091
2.8e-09 infty 2.8125 11.0469 121 0 0 95 0 0
2.8e-09 infty 2.51562 11.1562 154 0 0 168 0 75
2.8e-09 infty 3.34375 11.125 174 0 0 157 0 0
2.8e-09 21.5469 2.78125 10.9844 0 0 0 1 0 504233336
2.8e-09 infty 2.5625 11.3438 162 0 0 154 0 0
2.8e-09 infty 2.79688 11.0156 127 0 0 118 0 0
2.8e-09 infty 3.04688 11.2656 139 0 0 137 0 0
2.8e-09 infty 2.51562 11.1406 150 0 0 173 0 0
2.8e-09 26.5312 3.42188 10.9531 39 0 429846362 46 0 0
2.8e-09 infty 2.5 11.125 161 0 0 172 0 0
2.8e-09 20.125 2.90625 11.3594 0 0 425938473 0 0 18077085
2.8e-09 27.1719 2.42188 10.9375 75 0 517057361 75 0 0
2.8e-09 25.6094 3.34375 11.1562 7 0 462507757 6 0 0
2.8e-09 infty 2.82812 11.0781 165 0 0 167 0 5178700
2.8e-09 20.4688 3.01562 11.1562 0 0 0 0 0 453268296
2.8e-09 infty 2.84375 11.125 147 0 0 149 0 0
2.8e-09 24.1406 2.8125 11.0781 2 0 1147438 4 0 518255841
2.8e-09 23.0625 3.40625 10.9219 0 0 0 0 0 502348530
2.8e-09 infty 2.82812 11.0781 154 0 1354411 176 0 217624
2.8e-09 24.4531 3.0625 11.3281 5 0 0 5 0 500488208
2.8e-09 infty 2.75 11.4219 137 0 0 156 0 0
2.8e-09 infty 2.35938 11.2031 144 0 0 168 0 0
2.8e-09 infty 3.3125 11.0781 180 0 0 154 0 0
2.8e-09 20.625 2.98438 11.0781 0 0 99612483 0 0 419662437
2.8e-09 infty 2.82812 11.0938 160 0 0 147 0 0
2.8e-09 infty 3.3125 11.0625 172 0 0 149 0 0
2.8e-09 21.9844 3.34375 11.1406 0 0 0 0 0 436074300
2.8e-09 infty 3.25 10.9375 137 0 0 129 0 0
2.8e-09 infty 2.8125 11.0469 106 0 0 110 0 0
2.8e-09 infty 2.45312 11 121 0 20481 104 0 0
2.8e-09 infty 3.26562 10.9531 129 0 0 142 0 0
2.8e-09 23.1094 2.84375 11.1562 1 0 488793083 0 0 0
2.8e-09 26.5469 3.04688 11.2969 28 0 415655416 36 0 5367813
2.8e-09 20.5 2.53125 11.2031 0 0 2656720 0 0 418988875
2.8e-09 infty 2.90625 11.3906 156 0 1102 134 0 0
2.8e-09 27 2.92188 10.9375 56 0 502213628 49 0 0
2.8e-09 infty 2.39062 11.2656 149 0 132292 175 0 0
2.8e-09 infty 2.46875 11.0156 116 0 0 116 0 13459365
2.8e-09 infty 2.5 11.1094 162 0 0 169 0 0
2.8e-09 22.4375 2.42188 10.9375 1 0 515630697 1 0 0
2.8e-09 infty 2.96875 11.0625 138 0 0 157 0 0
2.8e-09 19.8281 3.39062 11.3594 0 0 438132631 0 0 0
2.8e-09 infty 2.4375 10.9688 132 0 9239 135 0 0
2.8e-09 27.0625 2.92188 10.9375 57 0 200980890 67 0 306494583
2.8e-09 21.0938 2.45312 10.9844 0 0 0 0 0 449191954
2.8e-09 25.4062 2.40625 11.4062 11 0 0 4 0 483166957
2.8e-09 23.8125 2.35938 11.1719 2 0 315105918 1 0 169084171
2.8e-09 infty 3.01562 11.1875 153 0 0 134 0 0
2.8e-09 infty 3.39062 11.2969 144 0 0 137 0 0
2.8e-09 22.5 3.34375 11.1562 0 0 419270490 0 0 0
2.8e-09 25.5938 2.4375 10.9688 24 0 0 16 0 422285080
2.8e-09 infty 3.375 11.2656 150 0 0 147 0 0
2.8e-09 infty 2.46875 11.0469 136 0 497805 114 0 127455
2.8e-09 27.4688 2.92188 10.9219 112 0 522852836 112 0 0
2.8e-09 infty 2.53125 11.1875 142 0 0 131 0 0
2.8e-09 infty 2.35938 11.1875 166 0 0 149 0 27276455
2.8e-09 25.1562 2.78125 11 8 0 0 8 0 462070541
2.8e-09 infty 2.92188 10.9219 154 0 0 129 0 419560
2.8e-09 infty 2.90625 11.4062 120 0 0 140 0 0
2.8e-09 infty 2.92188 10.9219 153 0 103224 123 0 0
2.8e-09 21.5938 3.01562 11.1875 0 0 473934771 1 0 0
2.8e-09 infty 2.75 10.9375 152 0 0 124 0 0
2.8e-09 infty 2.9375 10.9531 106 0 0 146 0 0
2.8e-09 28.0469 2.4375 10.9688 141 0 433989843 138 0 2703
2.8e-09 infty 3.34375 11.1719 180 0 33054272 149 0 0
2.8e-09 24.2656 2.375 11.2344 1 0 0 3 0 464621348
2.8e-09 26.75 3.04688 11.2812 44 0 0 42 0 426110785
2.8e-09 24.6719 2.85938 11.2031 3 0 0 2 0 520904040
2.8e-09 infty 3.28125 11.0156 136 0 0 133 0 0
2.8e-09 22.2031 3.0625 11.3125 0 0 528967383 0 0 0
2.8e-09 20.5469 2.34375 11.1562 0 0 524615665 0 0 62823
2.8e-09 24.7812 2.5625 11.3281 12 0 416023713 10 0 0
2.8e-09 infty 3.26562 10.9688 129 0 0 134 0 2793
2.8e-09 20.8125 2.90625 11.4219 0 0 0 0 0 412475673
2.8e-09 infty 2.54688 11.2812 158 0 0 146 0 0
2.8e-09 24.4375 3.45312 11 3 0 13704525 4 0 418774381
2.8e-09 infty 2.9375 10.9688 136 0 0 133 0 0
2.8e-09 24.0625 2.45312 10.9844 3 0 449002527 2 0 0
2.8e-09 22.8438 2.51562 11.1562 0 0 0 0 0 531467557
2.8e-09 infty 2.89062 11.3125 143 0 41552 137 0 0
2.8e-09 infty 2.46875 11.0156 126 0 0 124 0 0
2.8e-09 23.0938 3.01562 11.1562 0 0 0 0 0 522425728
2.8e-09 27.2344 3 11.1094 95 0 0 97 0 514286538
2.8e-09 21.2812 2.35938 11.1875 0 0 469682842 0 0 0
2.8e-09 27.6719 2.51562 11.1406 117 0 0 120 0 517842758
2.8e-09 infty 3.25 10.9375 125 0 0 132 0 99642
2.8e-09 27.3438 2.875 11.25 75 0 339799618 87 0 123756823
2.8e-09 infty 2.75 10.9219 131 0 0 130 0 212550
2.8e-09 infty 2.82812 11.0938 159 0 0 180 0 0
2.8e-09 22.6094 2.875 11.2188 0 0 466861158 0 0 0
2.8e-09 23.9219 2.75 10.9375 1 0 420224297 0 0 0
2.8e-09 21.4375 3.28125 11.0156 0 0 12111188 0 0 452610163
2.8e-09 25.3906 2.92188 10.9375 11 0 0 7 0 436195544
2.8e-09 24.75 2.85938 11.1875 5 0 411124634 11 0 50076723
2.8e-09 infty 2.42188 10.9219 129 0 0 144 0 4723289
2.8e-09 22.2656 2.84375 11.1406 1 0 1193300 0 0 470356129
2.8e-09 infty 2.875 11.2344 175 0 22545436 161 0 465531
2.8e-09 21.5938 2.46875 11.0312 0 0 390807456 0 0 52763092
2.8e-09 26.4375 2.85938 11.2031 33 0 0 35 0 497038227
2.8e-09 25.4688 2.76562 10.9375 10 0 0 18 0 511834431
2.8e-09 24.9375 2.75 10.9375 10 0 356344032 10 0 138288760
2.8e-09 21.7344 2.53125 11.1875 0 0 0 0 0 483893017
2.8e-09 27.7031 3.34375 11.125 96 0 0 102 0 492691956
2.8e-09 22.4375 2.92188 10.9531 1 0 463893182 0 0 0
2.8e-09 infty 3.03125 11.2031 149 0 0 146 0 0
2.8e-09 22.7188 2.54688 11.2344 1 0 411516420 1 0 0
2.8e-09 22.8125 2.875 11.2656 1 0 0 1 0 433600731
2.8e-09 infty 3.26562 10.9688 125 0 0 148 0 0
2.8e-09 infty 2.45312 10.9844 137 0 0 119 0 0
2.8e-09 infty 2.54688 11.2344 131 0 0 162 0 0
2.8e-09 infty 2.46875 11.0156 137 0 0 119 0 0
2.8e-09 infty 2.5 11.1094 176 0 0 160 0 0
2.8e-09 26.2344 2.4375 10.9844 26 0 0 32 0 401284394
2.8e-09 28.5469 2.54688 11.2812 127 0 0 138 0 268478168
2.8e-09 24.1094 2.82812 11.0938 0 0 0 4 0 417264806
2.8e-09 28.3438 2.46875 11.0312 119 0 0 134 0 267794716
2.8e-09 infty 3.4375 10.9844 127 0 0 121 0 0
2.8e-09 22.8281 3.03125 11.2031 0 0 0 0 0 423663342
2.8e-09 infty 2.375 11.25 138 0 487716 130 0 0
2.8e-09 infty 3.42188 10.9375 146 0 0 153 0 0
2.8e-09 21.2969 2.54688 11.25 0 0 0 0 0 460475005
2.8e-09 26.1094 2.40625 11.3594 22 0 0 31 0 460876157
2.8e-09 22.6406 3.375 11.2656 0 0 444099631 0 0 0
2.8e-09 22.5625 2.75 10.9375 1 0 0 1 0 508167007
2.8e-09 21.1094 2.54688 11.2656 0 0 476068614 0 0 0
2.8e-09 25.625 3.01562 11.1719 8 0 68287844 14 0 445732686
2.8e-09 26.3281 2.51562 11.1719 24 0 11634118 33 0 422148007
2.8e-09 infty 2.89062 11.2969 147 0 0 143 0 9530
2.8e-09 28.0469 2.78125 10.9844 141 0 0 136 0 407023498
2.8e-09 infty 3.0625 11.3125 142 0 0 134 0 34542
2.8e-09 22.6094 2.78125 10.9688 0 0 9523775 0 0 464179072
2.8e-09 23.1719 2.375 11.25 2 0 0 1 0 397922137
2.8e-09 infty 2.75 11.4375 122 0 450095 130 0 0
2.8e-09 21.7656 2.51562 11.1719 0 0 0 0 0 480748262
2.8e-09 infty 2.42188 10.9375 130 0 0 137 0 0
2.8e-09 25.2656 2.39062 11.2656 18 0 445208814 14 0 0
2.8e-09 infty 3.28125 11 131 0 0 145 0 0
2.8e-09 25.4531 2.375 11.2344 20 0 30617085 16 0 487414534
2.8e-09 infty 2.4375 10.9688 137 0 0 126 0 0
2.8e-09 23.1875 2.48438 11.0625 0 0 452223278 0 0 0
2.8e-09 infty 2.40625 11.4219 124 0 0 123 0 0
2.8e-09 26.625 3.39062 11.375 45 0 0 51 0 406271094
2.8e-09 21.0469 2.96875 11.0312 0 0 488177350 0 0 0
2.8e-09 infty 2.73438 11.3906 137 0 0 118 0 0
2.8e-09 21.0938 2.54688 11.2656 0 0 0 0 0 488072074
2.8e-09 25.4844 3.40625 10.9219 7 0 248595374 24 0 160393049
2.8e-09 infty 2.90625 11.4375 147 0 0 114 0 0
2.8e-09 infty 2.34375 11.1406 140 0 0 171 0 0
2.8e-09 infty 2.85938 11.1719 163 0 0 149 0 1785
2.8e-09 infty 2.85938 11.2031 128 0 0 151 0 0
2.8e-09 infty 2.39062 11.2969 147 0 0 154 0 0
2.8e-09 23.7969 2.73438 11.3906 3 0 491709852 2 0 0
2.8e-09 26.8906 2.35938 11.1719 69 0 487786764 71 0 0
2.8e-09 infty 2.54688 11.2344 155 0 0 138 0 0
2.8e-09 infty 2.85938 11.1875 153 0 0 149 0 0
2.8e-09 infty 2.42188 10.9219 138 0 0 151 0 0
2.8e-09 infty 2.54688 11.2812 133 0 216323687 138 0 2491414
2.8e-09 infty 2.75 10.9375 150 0 173941398 132 0 7393
2.8e-09 23.1562 2.79688 11.0312 3 0 11686487 0 0 406648228
2.8e-09 25.125 3.26562 10.9688 3 0 0 4 0 436400751
2.8e-09 infty 3 11.0938 176 0 0 174 0 179709396
2.8e-09 infty 2.39062 11.2969 145 0 5597898 130 0 0
2.8e-09 infty 2.85938 11.1719 152 0 0 137 0 0
2.8e-09 infty 2.53125 11.2188 145 0 0 144 0 0
2.8e-09 21.3906 2.45312 10.9844 0 0 635419 0 0 504600424
2.8e-09 21.875 3.04688 11.2969 0 0 241 0 0 522928410
2.8e-09 20.4688 2.96875 11.0312 0 0 457541571 0 0 0
2.8e-09 25.875 2.51562 11.1562 28 0 0 24 0 449142205
2.8e-09 infty 2.42188 10.9375 153 0 0 156 0 0
2.8e-09 21.9062 2.76562 10.9531 0 0 505155675 0 0 0
2.8e-09 26.1875 2.9375 10.9688 38 0 2493390 24 0 420263578
2.8e-09 infty 3.3125 11.0781 162 0 15929734 145 0 0
2.8e-09 infty 2.35938 11.1875 148 0 0 133 0 0
2.8e-09 infty 2.375 11.2188 155 0 22282 168 0 0
2.8e-09 infty 2.5 11.0938 176 0 38101915 141 0 0
2.8e-09 24.1719 3.3125 11.0469 6 0 101072 2 0 493725529
2.8e-09 28.25 2.84375 11.1562 151 0 395810245 157 0 10142418
2.8e-09 infty 2.40625 11.4062 137 0 0 124 0 0
2.8e-09 22.4219 2.96875 11.0312 0 0 0 1 0 502444786
2.8e-09 23.4062 3.0625 11.3125 2 0 0 0 0 420738032
2.8e-09 infty 2.40625 11.4219 147 0 5133 137 0 14489705
2.8e-09 24.0469 3.07812 11.4375 5 0 449412324 4 0 0
2.8e-09 infty 2.375 11.2188 159 0 0 162 0 0
2.8e-09 infty 3.04688 11.2656 139 0 0 140 0 9674485
2.8e-09 infty 3.03125 11.1875 171 0 0 159 0 0
2.8e-09 25.2188 2.46875 11.0312 3 0 0 15 0 424688583
2.8e-09 28.4531 2.89062 11.3438 153 0 303798373 158 0 0
2.8e-09 24.4375 2.95312 11.0156 5 0 0 2 0 425560271
2.8e-09 20.7812 3.0625 11.3438 0 0 0 0 0 429021299
2.8e-09 infty 2.95312 11 131 0 0 126 0 85232
2.8e-09 infty 2.76562 10.9531 121 0 0 134 0 0
2.8e-09 23.4844 3.28125 11 1 0 491980238 0 0 0
2.8e-09 20.9688 2.42188 10.9219 0 0 107709777 0 0 351375298
2.8e-09 27.1719 3.26562 10.9688 65 0 0 72 0 426084671
2.8e-09 infty 3.40625 11.4062 124 0 0 161 0 0
2.8e-09 infty 2.9375 10.9688 142 0 0 132 0 0
2.8e-09 24.9531 2.40625 11.4219 7 0 480807388 5 0 0
2.8e-09 infty 2.5 11.1094 152 0 16120879 145 0 0
2.8e-09 infty 3.32812 11.1094 153 0 0 133 0 1619
2.8e-09 22.3281 2.85938 11.1719 0 0 391 2 0 440085041
2.8e-09 25.0781 2.95312 10.9844 9 0 0 7 0 448148456
2.8e-09 infty 2.85938 11.2188 144 0 0 145 0 0
2.8e-09 23.5781 2.92188 10.9531 4 0 0 4 0 521654584
2.8e-09 infty 2.48438 11.0625 176 0 0 163 0 0
2.8e-09 26.6875 2.45312 11.0156 60 0 19711 63 0 503580492
2.8e-09 infty 2.5 11.1094 157 0 0 175 0 53033307
2.8e-09 infty 2.34375 11.1562 144 0 0 147 0 0
2.8e-09 infty 2.5625 11.3281 138 0 0 157 0 6071
2.8e-09 20.1094 2.79688 11.0312 0 0 485300793 0 0 0
2.8e-09 infty 2.75 10.9219 139 0 0 152 0 0
2.8e-09 infty 3.04688 11.2812 140 0 11278781 127 0 0
2.8e-09 infty 2.5 11.0938 160 0 0 157 0 0
2.8e-09 infty 3.32812 11.125 176 0 0 152 0 0
2.8e-09 23.8906 3.375 11.2812 0 0 0 1 0 500459622
2.8e-09 21.5 2.4375 10.9531 0 0 426659489 0 0 0
2.8e-09 26.75 2.85938 11.1875 47 0 452418264 47 0 0
2.8e-09 20.0156 2.375 11.2344 0 0 0 0 0 426780359
2.8e-09 infty 2.4375 10.9688 123 0 0 141 0 0
2.8e-09 infty 3.40625 11.375 132 0 0 127 0 16371778
2.8e-09 infty 2.51562 11.1406 169 0 0 165 0 0
2.8e-09 26.8438 2.5 11.0938 64 0 0 46 0 397782459
2.8e-09 22.75 2.89062 11.2812 0 0 0 0 0 518482802
2.8e-09 21.0469 2.375 11.2188 0 0 104458170 0 0 415509185
2.8e-09 25.8438 3.39062 11.3438 21 0 524600136 21 0 2501408
2.8e-09 21.8438 2.4375 10.9531 0 0 1057606 0 0 516964543
2.8e-09 25.8438 2.53125 11.2188 18 0 522696372 17 0 524
2.8e-09 infty 2.51562 11.1562 134 0 160541490 133 0 0
2.8e-09 24.4062 2.39062 11.2812 4 0 403752682 12 0 0
2.8e-09 infty 2.76562 10.9688 137 0 0 130 0 0
2.8e-09 22.0781 2.45312 11.0156 0 0 0 1 0 484777415
2.8e-09 infty 3.45312 11.0312 110 0 67623624 126 0 0
2.8e-09 21.5781 3.40625 11.4375 0 0 765064 0 0 490660014
2.8e-09 infty 2.35938 11.1875 133 0 0 152 0 0
2.8e-09 27.1562 2.4375 10.9688 49 0 400201351 61 0 0
2.8e-09 22.0156 2.89062 11.3594 0 0 413215593 0 0 91197
2.8e-09 22.6875 3.375 11.25 0 0 436757792 0 0 0
2.8e-09 26.1719 3.28125 11.0156 30 0 442112466 28 0 0
2.8e-09 27.7188 2.46875 11.0312 122 0 0 100 0 474515406
2.8e-09 21.5781 2.79688 11.0312 0 0 479834940 0 0 1340749
2.8e-09 infty 2.90625 11.3906 135 0 0 130 0 0
2.8e-09 infty 2.48438 11.0469 136 0 0 132 0 0
2.8e-09 infty 3.01562 11.1719 158 0 39583 146 0 0
2.8e-09 21.125 2.95312 11 0 0 458058061 0 0 0
2.8e-09 infty 3.375 11.2344 137 0 0 166 0 0
2.8e-09 21.0312 2.98438 11.0781 0 0 508721953 0 0 0
2.8e-09 21.2031 2.8125 11.0781 0 0 1049178 0 0 498623065
2.8e-09 21.6094 2.45312 11 0 0 1127 0 0 464665045
2.8e-09 22.4531 2.98438 11.0938 1 0 294969 0 0 456117009
2.8e-09 infty 2.82812 11.0781 174 0 0 156 0 0
2.8e-09 23.5781 2.96875 11.0469 4 0 22242595 0 0 418842313
2.8e-09 infty 2.40625 11.3906 151 0 0 133 0 0
2.8e-09 infty 2.85938 11.1719 164 0 0 143 0 0
2.8e-09 25.2031 2.76562 10.9688 10 0 512040587 2 0 0
2.8e-09 infty 2.95312 11 142 0 2446 121 0 6440054
2.8e-09 infty 3.39062 11.3125 140 0 0 127 0 0
2.8e-09 22.1094 2.79688 11.0156 0 0 0 0 0 470812070
2.8e-09 25.2031 2.85938 11.2031 14 0 430486771 8 0 0
2.8e-09 infty 2.79688 11.0469 125 0 0 129 0 1259207
2.8e-09 26.7656 2.375 11.2188 54 0 0 46 0 516828284
2.8e-09 27.0156 2.76562 10.9531 72 0 525888170 82 0 0
2.8e-09 25.5781 2.4375 10.9688 12 0 25617 16 0 428820319
2.8e-09 infty 2.54688 11.25 138 0 0 144 0 0
2.8e-09 22.5156 2.82812 11.0938 0 0 517491421 0 0 86052
2.8e-09 infty 3.26562 10.9844 135 0 53350182 130 0 203077
2.8e-09 infty 3.29688 11.0312 124 0 3922 134 0 0
2.8e-09 22.0625 2.45312 11 0 0 3863193 0 0 485373219
2.8e-09 21.2812 2.75 11.4375 0 0 1182 0 0 471060209
2.8e-09 infty 2.875 11.2344 135 0 0 161 0 0
2.8e-09 infty 3.42188 10.9531 127 0 34234145 146 0 0
2.8e-09 21.9219 2.5625 11.3125 1 0 0 0 0 484267311
2.8e-09 infty 2.98438 11.0781 166 0 325006 181 0 0
2.8e-09 infty 2.35938 11.1875 158 0 22236163 128 0 0
2.8e-09 28.0156 2.5625 11.3281 153 0 0 148 0 421189450
2.8e-09 20.9531 2.84375 11.125 0 0 468527283 0 0 0
2.8e-09 23.4062 3.26562 10.9531 1 0 4891010 0 0 406977352
2.8e-09 26.6875 3.28125 10.9844 51 0 470024732 61 0 75575
2.8e-09 infty 2.75 10.9375 142 0 0 144 0 0
2.8e-09 21.25 3.04688 11.2969 0 0 199106 0 0 495574197
2.8e-09 25.1094 2.75 10.9375 14 0 0 13 0 499657576
2.8e-09 infty 3.26562 10.9688 147 0 0 150 0 0
2.8e-09 20.1562 2.8125 11.0625 0 0 10389544 0 0 497565912
2.8e-09 infty 2.85938 11.1875 149 0 8467197 156 0 0
2.8e-09 infty 2.53125 11.2188 149 0 0 146 0 0
2.8e-09 infty 2.89062 11.3125 143 0 0 132 0 0
2.8e-09 22.0625 2.42188 10.9219 1 0 0 0 0 513805488
2.8e-09 infty 2.90625 11.4062 165 0 0 138 0 0
2.8e-09 20.9531 2.40625 11.3906 0 0 0 0 0 460777649
2.8e-09 21.1719 2.35938 11.1719 0 0 0 0 0 410737374
2.8e-09 26.1719 3.25 10.9375 29 0 398416884 28 0 0
2.8e-09 infty 2.75 11.4219 148 0 0 128 0 0
2.8e-09 infty 2.5625 11.3125 136 0 163803 137 0 0
2.8e-09 infty 3.42188 10.9375 150 0 0 147 0 0
2.8e-09 21.9062 2.5625 11.375 0 0 0 0 0 496448381
2.8e-09 22.7188 2.875 11.2812 2 0 409549244 0 0 0
2.8e-09 27.9844 2.90625 11.4062 162 0 0 138 0 447110318
2.8e-09 infty 2.79688 11.0156 98 0 0 128 0 0
2.8e-09 infty 2.84375 11.125 180 0 0 155 0 58535
2.8e-09 infty 2.4375 10.9531 152 0 0 135 0 0
2.8e-09 infty 2.75 10.9375 154 0 0 135 0 0
2.8e-09 infty 3.39062 11.2969 150 0 0 151 0 23475425
2.8e-09 23.4531 3.0625 11.3438 1 0 0 1 0 519614386
2.8e-09 24.125 3.03125 11.2031 1 0 0 1 0 402500508
2.8e-09 infty 2.51562 11.1562 151 0 0 137 0 0
2.8e-09 infty 2.46875 11.0469 125 0 0 150 0 0
2.8e-09 20.9219 3 11.125 0 0 437238496 0 0 0
2.8e-09 23.375 3.0625 11.3594 2 0 0 1 0 447262624
2.8e-09 infty 2.45312 11 114 0 0 139 0 13385078
2.8e-09 infty 2.54688 11.2656 132 0 137131000 133 0 0
2.8e-09 21.9375 2.39062 11.3281 0 0 507498711 0 0 1801831
2.8e-09 21.875 2.42188 10.9375 0 0 530600867 0 0 313449
2.8e-09 infty 2.35938 11.1875 177 0 0 143 0 0
2.8e-09 28.4688 2.51562 11.1562 134 0 5752128 149 0 289809484
2.8e-09 28.2969 3.35938 11.2031 172 0 384596200 162 0 0
2.8e-09 infty 3.25 10.9531 138 0 0 117 0 0
2.8e-09 21.9375 3.0625 11.375 0 0 453619689 1 0 4495542
2.8e-09 27.7969 2.54688 11.25 108 0 434494252 101 0 0
2.8e-09 infty 2.35938 11.1875 124 0 148 156 0 0
2.8e-09 infty 2.96875 11.0312 115 0 0 121 0 0
2.8e-09 27.2188 2.51562 11.1406 56 0 475315415 55 0 0
2.8e-09 infty 2.79688 11.0312 132 0 44262 145 0 5244890
2.8e-09 21.2812 2.4375 10.9688 0 0 173 0 0 465726783
2.8e-09 22.5156 2.46875 11.0156 0 0 6 0 0 434149614
2.8e-09 21.3281 3.28125 11 1 0 426523509 0 0 0
2.8e-09 infty 2.48438 11.0781 177 0 1878062 150 0 0
2.8e-09 infty 2.82812 11.0938 156 0 0 164 0 0
2.8e-09 23.9219 3.07812 10.9219 2 0 425820016 1 0 0
2.8e-09 21.2031 3.375 11.25 0 0 245188006 0 0 157499001
2.8e-09 24.7188 3.04688 11.2969 10 0 1222520 8 0 399514193
2.8e-09 infty 2.51562 11.1562 162 0 3925797 132 0 0
2.8e-09 24.0312 2.5 11.0938 1 0 4714187 0 0 451762899
2.8e-09 infty 2.76562 10.9531 140 0 0 131 0 427913
2.8e-09 infty 3.0625 11.375 135 0 0 137 0 0
2.8e-09 26 2.45312 10.9844 24 0 42878 27 0 414864744
2.8e-09 infty 2.42188 10.9531 136 0 12952689 140 0 0
2.8e-09 infty 2.85938 11.1719 154 0 0 154 0 0
2.8e-09 infty 2.9375 10.9688 122 0 242467 122 0 0
2.8e-09 infty 3.375 11.2812 149 0 0 145 0 0
2.8e-09 21.6406 2.5 11.1094 0 0 511522965 0 0 17832575
2.8e-09 infty 2.89062 11.3281 145 0 169251 155 0 0
2.8e-09 infty 2.76562 10.9531 115 0 257184 133 0 0
2.8e-09 26.8594 2.54688 11.2344 64 0 485127005 74 0 0
2.8e-09 infty 2.5 11.1094 163 0 0 167 0 0
2.8e-09 19.9688 2.45312 10.9844 0 0 909756 0 0 450010733
2.8e-09 23.2344 2.39062 11.2812 0 0 418038142 0 0 0
2.8e-09 26.6406 3.42188 10.9375 32 0 399085112 48 0 0
2.8e-09 23.125 2.8125 11.0625 0 0 475063811 3 0 15223099
2.8e-09 23.1875 3.28125 11 0 0 451928398 1 0 0
2.8e-09 infty 2.48438 11.0781 149 0 0 161 0 0
2.8e-09 26.1406 2.84375 11.1562 11 0 0 22 0 410376896
2.8e-09 infty 2.51562 11.1406 141 0 0 153 0 0
2.8e-09 infty 2.5625 11.3125 145 0 0 131 0 0
2.8e-09 infty 3.3125 11.0781 147 0 0 158 0 0
2.8e-09 infty 2.8125 11.0625 170 0 0 174 0 0
2.8e-09 infty 2.40625 11.3906 141 0 6485 138 0 0
2.8e-09 27.2656 2.375 11.25 65 0 443391991 60 0 910299
2.8e-09 27.0469 2.4375 10.9531 57 0 0 61 0 398011751
2.8e-09 infty 2.92188 10.9531 126 0 0 144 0 0
2.8e-09 22.5312 2.98438 11.0938 0 0 424777317 0 0 0
2.8e-09 infty 2.40625 11.3438 148 0 2673 142 0 0
2.8e-09 21.0156 3.32812 11.1094 0 0 16241906 0 0 514649219
2.8e-09 25.6875 2.78125 11 20 0 0 18 0 493687780
2.8e-09 21.4844 2.35938 11.1719 0 0 436952451 0 0 1026459
2.8e-09 22.9062 2.42188 10.9375 0 0 0 0 0 492641602
2.8e-09 infty 2.79688 11.0156 102 0 0 132 0 0
2.8e-09 25.8438 2.54688 11.2812 24 0 474464099 26 0 0
2.8e-09 infty 3.03125 11.1875 149 0 0 172 0 3754186
2.8e-09 22.8125 3.26562 10.9531 0 0 479442537 0 0 4529
2.8e-09 infty 2.39062 11.2969 143 0 0 150 0 0
2.8e-09 28.2031 2.48438 11.0781 167 0 0 174 0 426282951
2.8e-09 infty 2.75 10.9219 139 0 0 136 0 220070475
2.8e-09 22.4844 3 11.1406 0 0 16137914 0 0 419348022
2.8e-09 infty 2.375 11.2656 145 0 0 132 0 0
2.8e-09 infty 2.85938 11.2188 177 0 0 152 0 851753
2.8e-09 22.3281 2.42188 10.9375 1 0 17334 0 0 444619919
2.8e-09 26.2812 3.46875 11.0469 31 0 0 44 0 503547665
2.8e-09 21.6406 3.46875 11.0625 0 0 433198952 0 0 1873396
2.8e-09 22.625 2.84375 11.1562 1 0 486560614 0 0 34213
2.8e-09 21.1406 2.35938 11.1719 0 0 6 0 0 424623646
2.8e-09 22.6719 2.82812 11.125 2 0 442597682 0 0 0
2.8e-09 22.2812 2.73438 11.4062 1 0 489874006 0 0 1063039
2.8e-09 21.5781 3.01562 11.1719 0 0 0 1 0 487423123
2.8e-09 infty 3.0625 11.3906 142 0 0 140 0 0
2.8e-09 infty 2.5 11.125 180 0 0 157 0 209045644
2.8e-09 23.1875 2.375 11.25 2 0 10449107 3 0 498639747
2.8e-09 infty 3.03125 11.2031 146 0 0 149 0 0
2.8e-09 infty 3.04688 11.25 141 0 68075572 145 0 0
2.8e-09 infty 2.375 11.2188 160 0 0 146 0 214986940
2.8e-09 26.7031 2.96875 11.0312 39 0 439635506 30 0 0
2.8e-09 infty 2.40625 11.4375 139 0 3464 137 0 0
2.8e-09 22.5938 3.04688 11.25 1 0 481103909 1 0 0
2.8e-09 infty 2.39062 11.3438 140 0 0 140 0 0
2.8e-09 26.1719 2.79688 11.0469 16 0 0 20 0 420956845
2.8e-09 24.5312 2.75 10.9375 6 0 0 1 0 512383990
2.8e-09 infty 2.48438 11.0469 130 0 0 119 0 701
2.8e-09 infty 2.4375 10.9688 136 0 0 128 0 0
2.8e-09 21.1094 2.89062 11.3125 0 0 471707213 0 0 0
2.8e-09 26.8125 2.39062 11.3125 42 0 467369380 45 0 28998870
2.8e-09 infty 2.8125 11.0781 167 0 0 175 0 0
2.8e-09 infty 2.95312 11.0156 117 0 0 126 0 0
2.8e-09 infty 2.84375 11.1719 183 0 0 138 0 0
2.8e-09 27.2031 2.45312 11 70 0 0 101 0 492553968
2.8e-09 infty 3.0625 11.375 113 0 0 145 0 0
2.8e-09 infty 3.46875 11.0625 153 0 29985668 167 0 561998
2.8e-09 infty 2.5625 11.3438 140 0 0 131 0 0
2.8e-09 24.3281 3.07812 11.4375 6 0 516737021 6 0 1276534
2.8e-09 infty 2.875 11.25 142 0 0 146 0 0
2.8e-09 infty 2.42188 10.9375 136 0 0 123 0 0
2.8e-09 22.2031 2.48438 11.0625 0 0 872208 0 0 524373958
2.8e-09 infty 2.92188 10.9219 140 0 220277313 138 0 0
2.8e-09 infty 2.4375 10.9531 126 0 0 118 0 0
2.8e-09 infty 3 11.1406 139 0 177126871 129 0 0
2.8e-09 23.0938 2.79688 11.0312 1 0 471122649 0 0 0
2.8e-09 infty 3.3125 11.0625 158 0 26564 170 0 0
2.8e-09 22.2031 2.53125 11.2188 0 0 414482371 0 0 0
2.8e-09 23.0781 2.9375 10.9844 1 0 0 0 0 480650582
2.8e-09 27.6875 2.4375 10.9688 89 0 414949449 92 0 0
2.8e-09 infty 2.9375 10.9688 155 0 0 160 0 0
2.8e-09 infty 2.39062 11.3125 148 0 4012863 135 0 0
2.8e-09 infty 3.03125 11.2188 124 0 24191646 154 0 0
2.8e-09 infty 2.4375 10.9688 135 0 0 144 0 0
2.8e-09 25.3594 2.375 11.2031 13 0 0 10 0 460197879
2.8e-09 22.6406 2.54688 11.25 0 0 1097103 1 0 475211719
2.8e-09 infty 2.875 11.2188 151 0 0 163 0 54274335
2.8e-09 infty 2.4375 10.9688 114 0 0 117 0 31846
2.8e-09 22.6094 2.95312 11 0 0 442357438 1 0 2752769
2.8e-09 21.5938 2.4375 10.9688 0 0 58313585 0 0 416559261
2.8e-09 21.8906 2.8125 11.0625 1 0 520018824 0 0 0
2.8e-09 infty 2.82812 11.0938 166 0 152566250 139 0 45304845
2.8e-09 infty 2.8125 11.0625 157 0 0 173 0 0
2.8e-09 infty 2.89062 11.3594 140 0 208671064 124 0 0
2.8e-09 26.8125 2.98438 11.0781 62 0 0 49 0 416760562
2.8e-09 infty 2.54688 11.2344 159 0 0 148 0 0
2.8e-09 24.0938 3.01562 11.1562 3 0 376144048 3 0 25197410
2.8e-09 27.2656 2.96875 11.0625 85 0 514608434 78 0 0
2.8e-09 24.3281 3 11.125 2 0 0 1 0 519304669
2.8e-09 infty 3.03125 11.2344 141 0 0 176 0 0
2.8e-09 infty 2.73438 11.4219 137 0 23123843 152 0 20191510
2.8e-09 infty 2.53125 11.2188 156 0 241427467 148 0 0
2.8e-09 22.5156 2.90625 11.4219 0 0 502666162 0 0 0
2.8e-09 infty 2.75 10.9375 152 0 0 141 0 0
2.8e-09 21.9844 2.8125 11.0625 0 0 166589170 0 0 258460268
2.8e-09 21.7344 2.39062 11.3125 0 0 491820659 0 0 0
2.8e-09 infty 2.53125 11.2188 129 0 0 136 0 0
2.8e-09 infty 2.46875 11.0469 124 0 0 128 0 289966
2.8e-09 24.6406 3.01562 11.1406 7 0 0 1 0 488754208
2.8e-09 22.9375 2.54688 11.2812 2 0 288463293 0 0 181588095
2.8e-09 23.8438 2.4375 10.9531 0 0 420134373 3 0 7419777
2.8e-09 infty 2.5 11.0938 167 0 0 189 0 0
2.8e-09 20.3125 2.875 11.25 0 0 445921245 0 0 2
2.8e-09 infty 2.5625 11.3438 152 0 0 124 0 0
2.8e-09 infty 2.5 11.1094 145 0 0 148 0 0
2.8e-09 23.5469 3.45312 11 0 0 448649569 0 0 0
2.8e-09 21.1406 2.375 11.25 1 0 0 0 0 449821761
2.8e-09 23.6562 2.8125 11.0625 0 0 495932815 1 0 0
2.8e-09 infty 2.85938 11.1719 147 0 0 135 0 0
2.8e-09 22.2812 2.53125 11.2031 0 0 10188 0 0 480433906
2.8e-09 23.3438 2.375 11.2656 0 0 466002564 1 0 112765
2.8e-09 23.5469 2.79688 11.0312 1 0 0 0 0 407673724
2.8e-09 infty 2.40625 11.3438 117 0 0 129 0 0
2.8e-09 20.2812 2.39062 11.2812 0 0 0 0 0 416917535
2.8e-09 23.3125 3.01562 11.1719 1 0 0 1 0 494591225
2.8e-09 infty 3.03125 11.2188 142 0 0 147 0 0
2.8e-09 24.1406 3.35938 11.1875 4 0 16367923 2 0 497378088
2.8e-09 20.6562 2.375 11.2344 0 0 6292560 0 0 421322532
2.8e-09 20.9688 2.5 11.0938 0 0 169098 0 0 530814270
2.8e-09 infty 2.8125 11.0469 125 0 1781 123 0 3361074
2.8e-09 infty 3.45312 11.0156 142 0 0 134 0 6791315
2.8e-09 infty 3.01562 11.1719 127 0 0 173 0 0
2.8e-09 25.3281 2.89062 11.2969 5 0 0 12 0 403264392
2.8e-09 23.6875 2.35938 11.1875 1 0 474659250 3 0 0
2.8e-09 infty 2.51562 11.1562 136 0 0 118 0 0
2.8e-09 infty 2.75 10.9375 117 0 18106159 137 0 0
2.8e-09 infty 3.4375 10.9844 157 0 0 141 0 5014250
2.8e-09 26.8438 2.5 11.1094 48 0 0 46 0 399440163
2.8e-09 infty 2.8125 11.0625 155 0 0 172 0 369179
2.8e-09 infty 2.76562 10.9688 137 0 0 113 0 0
2.8e-09 infty 3.04688 11.2812 150 0 0 140 0 0
2.8e-09 infty 3.07812 10.9219 128 0 0 132 0 0
2.8e-09 22.5781 3.01562 11.1719 1 0 518188809 0 0 0
2.8e-09 infty 2.375 11.2188 160 0 0 142 0 0
2.8e-09 27.7031 3.28125 11.0156 136 0 487236165 137 0 176630
2.8e-09 infty 2.76562 10.9375 177 0 139995 143 0 813870
2.8e-09 22.5312 3.29688 11.0156 1 0 10136 0 0 419225483
2.8e-09 27.2344 2.8125 11.0625 59 0 3318 73 0 404241158
2.8e-09 25.4062 2.76562 10.9531 12 0 0 12 0 429377942
2.8e-09 22.2656 2.875 11.2344 0 0 0 0 0 470555317
2.8e-09 infty 2.42188 10.9375 146 0 346534 147 0 0
2.8e-09 26.375 2.54688 11.2812 46 0 326126212 42 0 99329799
2.8e-09 infty 2.90625 11.375 131 0 0 157 0 0
2.8e-09 infty 2.5625 11.3438 145 0 0 153 0 0
2.8e-09 24.4688 3.4375 10.9688 1 0 0 1 0 413911406
2.8e-09 infty 2.53125 11.2031 143 0 0 153 0 0
2.8e-09 25.2812 3.3125 11.0625 20 0 0 11 0 484652803
2.8e-09 infty 3.40625 10.9219 137 0 0 134 0 0
2.8e-09 22.4688 2.76562 10.9531 1 0 472158780 1 0 0
2.8e-09 27.7031 2.53125 11.2031 116 0 481632835 125 0 0
2.8e-09 infty 2.46875 11.0156 157 0 0 109 0 0
2.8e-09 28.375 2.82812 11.0938 161 0 0 174 0 335386360
2.8e-09 25.6562 3.45312 11.0312 21 0 0 29 0 515635791
2.8e-09 22.0156 3.3125 11.0625 0 0 412885336 0 0 0
2.8e-09 infty 2.54688 11.2344 133 0 0 148 0 0
2.8e-09 25.6562 2.34375 11.1562 15 0 522708622 10 0 0
2.8e-09 infty 2.40625 11.4219 127 0 0 128 0 0
2.8e-09 26.1094 2.95312 11 19 0 464968756 19 0 0
2.8e-09 22.6406 2.34375 11.1406 0 0 365543353 0 0 34795690
2.8e-09 28.5469 2.54688 11.2812 141 0 0 143 0 264924273
2.8e-09 21.9062 2.76562 10.9531 0 0 0 0 0 494811953
2.8e-09 infty 3.29688 11.0156 125 0 0 121 0 0
2.8e-09 infty 2.51562 11.1406 141 0 0 151 0 0
2.8e-09 27.6875 3.40625 10.9219 148 0 492767748 133 0 15443
2.8e-09 28.5469 2.53125 11.2031 129 0 0 161 0 265703631
2.8e-09 infty 2.5625 11.3125 144 0 0 141 0 70184
2.8e-09 infty 2.39062 11.3125 135 0 0 151 0 0
2.8e-09 24.3125 3.39062 11.3438 3 0 400971085 5 0 0
2.8e-09 26.875 3.03125 11.2344 62 0 494198861 70 0 14366009
2.8e-09 26.8594 2.5625 11.3594 52 0 161021878 52 0 327434237
2.8e-09 infty 3.04688 11.2656 127 0 0 128 0 0
2.8e-09 infty 2.76562 10.9688 118 0 0 111 0 0
2.8e-09 infty 2.54688 11.25 154 0 0 147 0 194347
2.8e-09 infty 3.25 10.9375 128 0 157288342 132 0 70150
2.8e-09 27.6094 2.98438 11.0625 56 0 0 62 0 405966024
2.8e-09 infty 2.46875 11.0312 120 0 0 132 0 6938824
2.8e-09 infty 2.9375 10.9844 131 0 0 127 0 0
2.8e-09 25.875 2.51562 11.1562 20 0 0 24 0 494890922
2.8e-09 infty 2.8125 11.0469 132 0 948667 129 0 0
2.8e-09 infty 2.78125 10.9844 126 0 5488 142 0 239942419
2.8e-09 infty 3.45312 11.0156 131 0 0 111 0 0
2.8e-09 infty 2.51562 11.1406 154 0 0 162 0 32094875
2.8e-09 infty 2.9375 10.9688 143 0 0 155 0 0
2.8e-09 22.5 2.5 11.1094 0 0 0 0 0 445299025
2.8e-09 infty 2.39062 11.2812 132 0 0 150 0 0
2.8e-09 infty 2.98438 11.0625 153 0 0 161 0 20962467
2.8e-09 23.4688 3.28125 10.9844 1 0 0 1 0 441948006
2.8e-09 infty 2.51562 11.1719 158 0 0 160 0 0
2.8e-09 21.3281 2.45312 11 0 0 0 0 0 518603809
2.8e-09 26.8281 2.89062 11.3281 43 0 0 49 0 492515649
2.8e-09 infty 2.5625 11.3594 153 0 1376746 135 0 0
2.8e-09 26.0156 2.78125 10.9844 25 0 0 20 0 529778010
2.8e-09 21.3906 2.42188 10.9219 0 0 468000604 0 0 205
2.8e-09 infty 2.8125 11.0625 155 0 11893282 153 0 0
2.8e-09 21.4844 2.98438 11.0625 0 0 443108703 0 0 55281
2.8e-09 25.7969 2.85938 11.2031 17 0 446977826 9 0 0
2.8e-09 21.7812 2.875 11.25 0 0 451610829 0 0 0
2.8e-09 infty 3 11.1094 175 0 0 153 0 0
2.8e-09 infty 2.8125 11.0469 130 0 0 125 0 0
2.8e-09 infty 3.28125 11 132 0 0 115 0 12126155
2.8e-09 19.5938 2.45312 11.0156 0 0 483417521 0 0 6472490
2.8e-09 21.0781 2.79688 11.0312 0 0 0 0 0 512871005
2.8e-09 23.2812 2.54688 11.2656 2 0 0 1 0 448369263
2.8e-09 infty 2.375 11.2344 136 0 0 134 0 0
2.8e-09 22.8438 2.375 11.2188 2 0 496091772 1 0 0
2.8e-09 infty 2.82812 11.125 163 0 1261200 177 0 835309
2.8e-09 infty 2.48438 11.0625 188 0 544146 169 0 0
2.8e-09 infty 2.53125 11.1875 146 0 0 134 0 0
2.8e-09 infty 2.39062 11.2812 146 0 0 132 0 1848356
2.8e-09 25.8906 2.39062 11.3281 21 0 249298722 19 0 196672399
2.8e-09 21.4688 2.5625 11.3594 0 0 448824305 0 0 0
2.8e-09 infty 3.03125 11.2031 138 0 0 141 0 0
2.8e-09 24.7656 2.5 11.1094 2 0 314 3 0 448443155
