2.8e-09 20.2969 2.34375 10.6875 0 0 498326344 0 0 0
2.8e-09 infty 2.34375 10.7188 204 0 0 232 0 0
2.8e-09 23.3125 2.5 10.7031 8 0 0 17 0 386188051
2.8e-09 26.0938 3.01562 10.875 210 0 389429358 223 0 0
2.8e-09 infty 1.96875 10.5469 254 0 0 257 0 0
2.8e-09 infty 2.01562 10.6875 219 0 0 212 0 401637
2.8e-09 26.7188 2.9375 10.5625 235 0 290995849 217 0 0
2.8e-09 infty 2.21875 10.8438 210 0 0 196 0 0
2.8e-09 infty 2.73438 10.4844 225 0 0 276 0 0
2.8e-09 infty 2.03125 10.75 242 0 4410506 252 0 33573
2.8e-09 21.9688 2.53125 10.8281 2 0 7764302 0 0 398714510
2.8e-09 infty 1.98438 10.5938 239 0 100257 257 0 0
2.8e-09 infty 2.76562 10.5312 260 0 0 265 0 0
2.8e-09 infty 2.375 10.8281 242 0 0 202 0 0
2.8e-09 infty 2.04688 10.7656 219 0 0 235 0 0
2.8e-09 infty 2.45312 10.5625 246 0 0 279 0 0
2.8e-09 infty 1.98438 10.6094 234 0 0 243 0 33575762
2.8e-09 infty 2.875 10.9531 267 0 0 313 0 0
2.8e-09 infty 1.98438 10.5781 235 0 0 258 0 0
2.8e-09 infty 2.29688 10.5781 268 0 0 217 0 0
2.8e-09 23.0625 2.375 10.875 11 0 0 5 0 477812943
2.8e-09 infty 2.95312 10.6406 238 0 40096398 270 0 0
2.8e-09 21.6719 2.21875 10.8438 2 0 455566298 1 0 0
2.8e-09 infty 2.40625 10.4531 297 0 0 278 0 3180379
2.8e-09 22.1875 2.9375 10.5938 3 0 0 2 0 395352930
2.8e-09 infty 2.39062 10.875 296 0 0 280 0 0
2.8e-09 infty 2.85938 10.8906 290 0 0 266 0 113091161
2.8e-09 23.0781 2.89062 10.4844 10 0 13 11 0 408601540
2.8e-09 25.5781 1.96875 10.5625 148 0 453811467 156 0 0
2.8e-09 infty 2.26562 10.5156 277 0 0 255 0 216237295
2.8e-09 25.8906 2.39062 10.9219 143 0 428368850 149 0 0
2.8e-09 21.8594 2.54688 10.9219 2 0 460253320 1 0 16064864
2.8e-09 infty 2.42188 10.4844 287 0 243501307 262 0 0
2.8e-09 24.125 2.5 10.7188 33 0 5819354 25 0 466327917
2.8e-09 infty 2.90625 10.5156 244 0 0 270 0 0
2.8e-09 infty 2.51562 10.7344 247 0 0 228 0 0
2.8e-09 22.6562 2.42188 10.4844 5 0 423721535 4 0 0
2.8e-09 infty 2.34375 10.7188 217 0 0 216 0 0
2.8e-09 infty 2.73438 10.4844 288 0 0 275 0 0
2.8e-09 infty 2.01562 10.6719 215 0 0 250 0 0
2.8e-09 infty 2.96875 10.6875 228 0 0 219 0 7616301
2.8e-09 infty 2.76562 10.5625 269 0 0 248 0 0
2.8e-09 26.7188 2.42188 10.4688 278 0 280317188 257 0 0
2.8e-09 26.6562 1.98438 10.5625 255 0 0 239 0 308308543
2.8e-09 infty 2.375 10.8125 229 0 0 196 0 0
2.8e-09 infty 2.01562 10.7031 217 0 0 217 0 33157862
2.8e-09 23.8281 2.375 10.7969 13 0 0 20 0 456971849
2.8e-09 infty 2.46875 10.625 230 0 7954411 246 0 0
2.8e-09 infty 2 10.6094 250 0 432133 242 0 1120753
2.8e-09 24.8125 2.5 10.7188 74 0 250865090 82 0 187379082
2.8e-09 infty 2.89062 10.4688 286 0 120242 293 0 0
2.8e-09 infty 2 10.625 206 0 0 234 0 0
2.8e-09 infty 2.75 10.5 288 0 0 268 0 0
2.8e-09 infty 2.21875 10.8438 224 0 0 238 0 0
2.8e-09 infty 2.28125 10.5312 261 0 0 273 0 205769302
2.8e-09 24.625 2.48438 10.625 25 0 392579808 41 0 0
2.8e-09 infty 1.98438 10.5938 273 0 2095 253 0 1293094
2.8e-09 23.6719 2.82812 10.7188 14 0 445273833 14 0 0
2.8e-09 23.6562 2.01562 10.6562 13 0 405843834 16 0 0
2.8e-09 21.8594 2.28125 10.5156 1 0 432562069 1 0 0
2.8e-09 infty 2.32812 10.6406 229 0 0 255 0 0
2.8e-09 infty 2 10.6562 237 0 0 223 0 0
2.8e-09 infty 2.75 10.5156 258 0 0 267 0 0
2.8e-09 25.9844 2.42188 10.5 190 0 453726776 196 0 0
2.8e-09 infty 1.96875 10.5469 247 0 0 229 0 67360
2.8e-09 infty 1.98438 10.5938 258 0 0 243 0 5380
2.8e-09 infty 2.8125 10.6562 226 0 0 237 0 0
2.8e-09 infty 2.28125 10.5469 269 0 0 237 0 365
2.8e-09 infty 2.375 10.8125 228 0 150809050 229 0 0
2.8e-09 infty 2.73438 10.4844 289 0 125346 254 0 0
2.8e-09 infty 2.45312 10.5625 250 0 0 221 0 0
2.8e-09 infty 2.25 10.4688 275 0 0 255 0 0
2.8e-09 20.8438 2.26562 10.5156 0 0 0 0 0 449025636
2.8e-09 25.6406 2.42188 10.5 151 0 0 157 0 393629854
2.8e-09 infty 2.28125 10.5312 261 0 468001 258 0 0
2.8e-09 infty 2.84375 10.7812 242 0 0 237 0 0
2.8e-09 infty 2.40625 10.4688 279 0 0 258 0 0
2.8e-09 20.8281 2.42188 10.4844 0 0 457646314 0 0 0
2.8e-09 infty 2.25 10.4531 268 0 0 334 0 1016763
2.8e-09 infty 2.45312 10.5625 253 0 76083242 242 0 0
2.8e-09 infty 2.75 10.5 232 0 0 278 0 0
2.8e-09 24.7344 2.34375 10.6875 54 0 0 56 0 438318617
2.8e-09 infty 2.375 10.8438 200 0 0 217 0 0
2.8e-09 infty 2.28125 10.5312 262 0 0 243 0 0
2.8e-09 26.0312 1.96875 10.5469 195 0 441349711 214 0 6423
2.8e-09 infty 1.98438 10.5781 253 0 0 260 0 12561
2.8e-09 infty 1.96875 10.5469 242 0 0 269 0 0
2.8e-09 infty 2.51562 10.7344 241 0 0 241 0 0
2.8e-09 infty 2.8125 10.6875 239 0 5933 278 0 0
2.8e-09 infty 2.875 10.9531 262 0 0 292 0 0
2.8e-09 21.0781 1.95312 10.5 3 0 438428732 2 0 0
2.8e-09 20.25 2.04688 10.75 0 0 403742845 0 0 0
2.8e-09 20.5938 2.42188 10.5 0 0 45023045 0 0 412794472
2.8e-09 21.5469 2.85938 10.9062 3 0 380864167 0 0 0
2.8e-09 infty 2.96875 10.6562 234 0 0 243 0 305704
2.8e-09 26.7031 2.39062 10.4375 281 0 0 275 0 286819584
2.8e-09 infty 1.96875 10.5469 281 0 192918717 274 0 0
2.8e-09 22.1094 2.45312 10.5625 1 0 0 3 0 409816718
2.8e-09 infty 2.34375 10.6875 239 0 3531728 241 0 0
2.8e-09 infty 2 10.625 255 0 0 228 0 0
2.8e-09 infty 2.29688 10.5781 238 0 0 285 0 0
2.8e-09 infty 2.35938 10.7344 234 0 0 226 0 0
2.8e-09 infty 2.21875 10.8906 311 0 0 281 0 98283
2.8e-09 infty 2.32812 10.6406 231 0 0 238 0 0
2.8e-09 22.8594 2.5 10.6875 3 0 410841534 6 0 0
2.8e-09 26.6562 2.79688 10.6094 252 0 0 261 0 306355063
2.8e-09 infty 2.25 10.4531 284 0 0 299 0 0
2.8e-09 infty 2.35938 10.75 219 0 0 221 0 0
2.8e-09 infty 2.29688 10.5781 279 0 0 255 0 0
2.8e-09 25.9375 2.01562 10.6875 236 0 0 213 0 485353870
2.8e-09 infty 2.26562 10.4844 256 0 0 275 0 0
2.8e-09 22.6875 2 10.6406 3 0 0 6 0 409077032
2.8e-09 infty 2.01562 10.6562 239 0 40534 234 0 0
2.8e-09 infty 2.76562 10.5312 240 0 0 278 0 0
2.8e-09 21.1562 1.95312 10.5156 3 0 126690257 3 0 371293192
2.8e-09 21.0781 2.51562 10.7344 1 0 431424425 2 0 0
2.8e-09 22.1094 2.34375 10.7188 1 0 440871164 3 0 0
2.8e-09 23.2344 2.8125 10.6719 11 0 430158861 9 0 58927635
2.8e-09 infty 2.21875 10.875 315 0 0 311 0 0
2.8e-09 21.1406 2.95312 10.6094 1 0 481482680 1 0 308427
2.8e-09 infty 2.03125 10.75 210 0 0 207 0 0
2.8e-09 23.5 1.98438 10.5781 15 0 490738697 24 0 429820
2.8e-09 infty 2.23438 10.4375 289 0 0 276 0 0
2.8e-09 25.6094 2.4375 10.5312 144 0 489271192 141 0 0
2.8e-09 23.1406 1.95312 10.5 6 0 35402408 7 0 397814790
2.8e-09 25.2812 2.95312 10.6406 99 0 0 101 0 457370548
2.8e-09 infty 2.42188 10.5 265 0 1821 283 0 0
2.8e-09 infty 2.8125 10.6875 255 0 0 237 0 0
2.8e-09 infty 2.3125 10.6094 217 0 0 227 0 0
2.8e-09 infty 2.53125 10.8281 209 0 32342122 248 0 0
2.8e-09 infty 2.04688 10.7656 208 0 0 212 0 0
2.8e-09 infty 2.5625 10.4375 272 0 0 278 0 0
2.8e-09 infty 2.45312 10.5469 245 0 0 255 0 0
2.8e-09 infty 1.96875 10.5469 270 0 0 264 0 0
2.8e-09 infty 2.85938 10.8281 227 0 0 202 0 49694
2.8e-09 infty 2.96875 10.6562 243 0 4037 227 0 0
2.8e-09 infty 2.48438 10.6562 234 0 0 227 0 0
2.8e-09 22.6406 2.40625 10.4688 9 0 0 4 0 448102929
2.8e-09 infty 2.875 10.4531 278 0 0 288 0 0
2.8e-09 infty 2.01562 10.6875 243 0 0 226 0 0
2.8e-09 24.8281 2.01562 10.6562 85 0 0 65 0 408818425
2.8e-09 infty 2.82812 10.7031 198 0 0 198 0 0
2.8e-09 22.0781 2.48438 10.625 2 0 469881369 1 0 0
2.8e-09 infty 2.26562 10.5 277 0 96116643 245 0 0
2.8e-09 infty 2.25 10.4844 257 0 0 270 0 0
2.8e-09 infty 1.98438 10.5938 240 0 0 213 0 0
2.8e-09 23.5469 2.26562 10.5 17 0 2921 20 0 470813466
2.8e-09 infty 3.03125 10.8906 286 0 0 274 0 0
2.8e-09 infty 2.35938 10.75 241 0 0 212 0 0
2.8e-09 23.2812 1.98438 10.5781 13 0 0 7 0 468128290
2.8e-09 infty 2.375 10.8594 287 0 0 250 0 0
2.8e-09 22.2812 2.8125 10.6406 8 0 454625611 2 0 0
2.8e-09 infty 2.76562 10.5469 236 0 0 264 0 0
2.8e-09 infty 2.04688 10.7656 201 0 0 245 0 0
2.8e-09 25.3438 2.96875 10.6562 127 0 446134992 140 0 20067764
2.8e-09 infty 2.4375 10.5312 246 0 7523 264 0 0
2.8e-09 21.5156 2.01562 10.6719 4 0 0 2 0 439177500
2.8e-09 22.1719 2.8125 10.6562 0 0 451129907 1 0 0
2.8e-09 infty 2.9375 10.5938 255 0 0 242 0 0
2.8e-09 infty 2.89062 10.4531 308 0 0 287 0 0
2.8e-09 infty 2.45312 10.5781 241 0 0 265 0 0
2.8e-09 infty 2.46875 10.6094 246 0 0 254 0 0
2.8e-09 23.25 2.46875 10.5938 6 0 3518887 6 0 375490656
2.8e-09 infty 2.78125 10.5938 252 0 2134 237 0 0
2.8e-09 infty 2.5625 10.4531 306 0 0 273 0 0
2.8e-09 infty 1.98438 10.5625 275 0 0 274 0 0
2.8e-09 infty 2.8125 10.6562 205 0 0 254 0 118032319
2.8e-09 infty 2.45312 10.5625 251 0 0 279 0 2353218
2.8e-09 infty 1.95312 10.5 256 0 0 279 0 0
2.8e-09 infty 2.4375 10.5469 256 0 0 255 0 0
2.8e-09 21.5469 2.29688 10.5625 1 0 424252013 1 0 0
2.8e-09 infty 2.29688 10.5781 258 0 0 228 0 0
2.8e-09 infty 2.25 10.4531 276 0 0 251 0 0
2.8e-09 24.0156 2.85938 10.8906 42 0 0 33 0 409744818
2.8e-09 infty 2.01562 10.6875 219 0 0 262 0 0
2.8e-09 infty 2.01562 10.6719 222 0 0 219 0 37097575
2.8e-09 25.7188 2.76562 10.5469 184 0 482661197 167 0 11406922
2.8e-09 infty 2.76562 10.5469 238 0 173689635 264 0 0
2.8e-09 infty 2.03125 10.7344 251 0 0 235 0 0
2.8e-09 26.2812 2.78125 10.5781 274 0 385617973 244 0 0
2.8e-09 22.6719 2.45312 10.5781 6 0 442588033 2 0 0
2.8e-09 infty 1.96875 10.5312 251 0 1380301 262 0 0
2.8e-09 infty 2.29688 10.5938 229 0 0 234 0 128326
2.8e-09 infty 2.9375 10.5938 240 0 7301 259 0 0
2.8e-09 23.0469 2.3125 10.625 5 0 409711766 3 0 0
2.8e-09 infty 2.98438 10.6875 252 0 0 222 0 0
2.8e-09 infty 2.5 10.6719 242 0 1456697 227 0 0
2.8e-09 21.4531 2.3125 10.5938 1 0 0 1 0 491124917
2.8e-09 infty 2.54688 10.9531 286 0 0 281 0 0
2.8e-09 infty 1.98438 10.6094 245 0 2840504 261 0 0
2.8e-09 22.7344 2.98438 10.7188 2 0 402410930 4 0 0
2.8e-09 22.5625 2.76562 10.5312 2 0 0 6 0 498769988
2.8e-09 infty 3 10.7344 223 0 0 227 0 0
2.8e-09 infty 2.35938 10.7344 228 0 0 240 0 0
2.8e-09 infty 2.23438 10.4375 260 0 11646129 269 0 291
2.8e-09 21.9844 2.21875 10.8281 2 0 0 3 0 413345714
2.8e-09 24.2031 3 10.7812 12 0 3440 23 0 436487514
2.8e-09 infty 2.01562 10.6875 228 0 0 244 0 0
2.8e-09 20.8594 1.95312 10.5156 1 0 20231092 0 0 421601080
2.8e-09 25.125 2.8125 10.6719 71 0 427327792 68 0 0
2.8e-09 25.7969 2.53125 10.8438 141 0 250508461 158 0 181504039
2.8e-09 22.1562 2.32812 10.6719 0 0 0 1 0 401496244
2.8e-09 infty 1.96875 10.5312 262 0 0 278 0 0
2.8e-09 26.4219 2.23438 10.4375 288 0 423673215 248 0 0
2.8e-09 infty 2.03125 10.75 226 0 10004059 241 0 3487
2.8e-09 infty 2.45312 10.5625 252 0 0 250 0 0
2.8e-09 infty 2.9375 10.5781 258 0 28945906 251 0 0
2.8e-09 24.8594 2.98438 10.7031 76 0 0 73 0 481581020
2.8e-09 infty 2.45312 10.5625 270 0 0 266 0 0
2.8e-09 infty 2.23438 10.4531 282 0 0 255 0 0
2.8e-09 infty 2.9375 10.5625 240 0 3110 268 0 6549484
2.8e-09 infty 2.45312 10.5625 262 0 0 239 0 0
2.8e-09 infty 2.95312 10.6094 242 0 0 259 0 0
2.8e-09 infty 2.39062 10.9531 281 0 3722 272 0 0
2.8e-09 21.0781 2.40625 10.4531 0 0 400984810 0 0 0
2.8e-09 21.4219 2.4375 10.5156 0 0 20492 2 0 440830666
2.8e-09 infty 2.04688 10.7812 229 0 0 223 0 0
2.8e-09 infty 2.23438 10.4531 306 0 0 253 0 0
2.8e-09 22.9531 2.53125 10.8281 9 0 467120749 8 0 0
2.8e-09 infty 2.03125 10.75 223 0 0 229 0 6059091
2.8e-09 21.7812 2.34375 10.6875 2 0 0 0 0 420157108
2.8e-09 20.3594 2.76562 10.5312 1 0 422695326 0 0 4670444
2.8e-09 infty 2.28125 10.5469 254 0 0 289 0 1242774
2.8e-09 infty 1.95312 10.5156 280 0 67888 246 0 0
2.8e-09 infty 2.28125 10.5156 274 0 0 262 0 676273
2.8e-09 infty 2.875 10.9531 278 0 0 288 0 0
2.8e-09 infty 2.46875 10.6094 240 0 0 242 0 0
2.8e-09 23.6719 2.35938 10.7812 8 0 0 22 0 396805795
2.8e-09 26.375 2.21875 10.8438 220 0 358369938 211 0 0
2.8e-09 23.0625 2.39062 10.9375 12 0 0 12 0 468726287
2.8e-09 infty 2.51562 10.7812 237 0 0 225 0 4207
2.8e-09 infty 2.35938 10.7656 207 0 0 225 0 0
2.8e-09 26.7812 2.39062 10.9375 278 0 0 320 0 258776270
2.8e-09 infty 2.21875 10.8438 207 0 0 208 0 0
2.8e-09 infty 2.32812 10.6406 253 0 359438 234 0 0
2.8e-09 25 3.01562 10.8281 73 0 0 68 0 498896401
2.8e-09 infty 2.84375 10.8125 229 0 0 218 0 1266
2.8e-09 20.6094 2.5625 10.4688 0 0 0 0 0 386371429
2.8e-09 24.3594 2.23438 10.4375 41 0 0 44 0 435197507
2.8e-09 infty 2 10.6094 276 0 0 213 0 0
2.8e-09 24.7812 2.78125 10.5938 61 0 0 84 0 441493487
2.8e-09 infty 2.34375 10.7188 230 0 0 197 0 52723368
2.8e-09 infty 2.75 10.5 234 0 0 276 0 0
2.8e-09 26.2969 2.82812 10.7031 231 0 0 243 0 383435653
2.8e-09 infty 2.53125 10.8281 230 0 109275 225 0 0
2.8e-09 infty 2.48438 10.6562 224 0 0 227 0 0
2.8e-09 22.6562 2.89062 10.4688 3 0 426469459 6 0 0
2.8e-09 23.2969 2.84375 10.7969 9 0 394558496 7 0 0
2.8e-09 20.6094 2.8125 10.6719 0 0 383132058 0 0 423198
2.8e-09 23.6562 2 10.6406 18 0 405257718 20 0 0
2.8e-09 infty 2.21875 10.8594 273 0 0 290 0 0
2.8e-09 25.7188 1.98438 10.5781 178 0 470070791 186 0 17596
2.8e-09 infty 2.95312 10.625 238 0 0 233 0 209971573
2.8e-09 infty 2.34375 10.6875 229 0 0 227 0 0
2.8e-09 22.0469 2 10.625 2 0 494042495 3 0 0
2.8e-09 23.2031 2.34375 10.7188 11 0 398661085 8 0 3456034
2.8e-09 24.6094 2.48438 10.625 43 0 436675272 43 0 56308558
2.8e-09 infty 2 10.6406 260 0 0 255 0 0
2.8e-09 infty 2.40625 10.4531 249 0 0 274 0 0
2.8e-09 infty 2.51562 10.7812 233 0 0 222 0 0
2.8e-09 infty 2.8125 10.6719 229 0 159938816 246 0 0
2.8e-09 infty 2.35938 10.7656 224 0 41 213 0 0
2.8e-09 20.9844 2.79688 10.6094 1 0 0 2 0 469371046
2.8e-09 infty 2.21875 10.875 280 0 0 287 0 0
2.8e-09 infty 3.03125 10.9531 283 0 0 265 0 0
2.8e-09 infty 2.42188 10.4844 271 0 0 258 0 0
2.8e-09 infty 2.46875 10.6094 264 0 8891549 243 0 0
2.8e-09 20.4062 2.90625 10.5 0 0 405629907 0 0 0
2.8e-09 infty 1.98438 10.5938 259 0 0 263 0 0
2.8e-09 infty 2.21875 10.8438 201 0 0 231 0 0
2.8e-09 infty 2.35938 10.75 223 0 0 223 0 27361162
2.8e-09 infty 1.95312 10.5156 252 0 0 255 0 0
2.8e-09 infty 2.8125 10.6875 226 0 0 229 0 0
2.8e-09 22.625 2.48438 10.6406 6 0 0 1 0 487752729
2.8e-09 21.3438 1.95312 10.5156 2 0 444953263 1 0 0
2.8e-09 21.6562 2.46875 10.5781 0 0 0 0 0 458642427
2.8e-09 25.8125 2.29688 10.5781 222 0 0 164 0 426587596
2.8e-09 23.2344 2.79688 10.625 12 0 0 10 0 388227145
2.8e-09 infty 2.42188 10.5 261 0 0 265 0 0
2.8e-09 23.2031 1.96875 10.5469 12 0 414506703 13 0 0
2.8e-09 infty 2 10.6094 265 0 0 228 0 0
2.8e-09 infty 2.01562 10.6562 247 0 187837245 233 0 0
2.8e-09 infty 2.29688 10.5625 240 0 0 250 0 0
2.8e-09 infty 2 10.6406 265 0 0 239 0 0
2.8e-09 24.3125 2.53125 10.7969 35 0 465690637 39 0 0
2.8e-09 24.75 1.96875 10.5469 57 0 313397735 63 0 88835065
2.8e-09 21.0312 2.23438 10.9531 1 0 435926656 0 0 0
2.8e-09 22.5625 2.39062 10.9375 2 0 1779 6 0 499224758
2.8e-09 infty 2.78125 10.5938 238 0 0 253 0 94399
2.8e-09 infty 2.03125 10.7344 235 0 0 214 0 0
2.8e-09 infty 2.23438 10.9062 267 0 0 269 0 0
2.8e-09 infty 2.26562 10.4844 259 0 0 260 0 189720
2.8e-09 infty 2.01562 10.6875 235 0 0 237 0 0
2.8e-09 infty 2.29688 10.5625 255 0 0 253 0 0
2.8e-09 20.125 2 10.625 0 0 12887578 0 0 469634825
2.8e-09 23.7344 1.98438 10.5781 24 0 473694076 26 0 0
2.8e-09 infty 2.90625 10.5 261 0 0 243 0 0
2.8e-09 infty 2.75 10.5312 268 0 8585711 240 0 0
2.8e-09 infty 2.26562 10.5 283 0 0 288 0 176728114
2.8e-09 26.4219 2.32812 10.6562 258 0 0 221 0 337011132
2.8e-09 infty 1.95312 10.5156 234 0 0 251 0 0
2.8e-09 infty 2.82812 10.7031 220 0 0 255 0 0
2.8e-09 20.6875 1.98438 10.5938 1 0 0 1 0 440354820
2.8e-09 infty 2.89062 10.4844 236 0 0 272 0 16376316
2.8e-09 infty 2.03125 10.75 242 0 0 234 0 17562
2.8e-09 infty 1.98438 10.5938 220 0 0 257 0 5130380
2.8e-09 20.8125 2.5 10.6875 2 0 88780509 0 0 329812771
2.8e-09 24.8594 2.54688 10.8906 68 0 12576575 72 0 465712578
2.8e-09 infty 2.42188 10.4844 285 0 0 284 0 507291
2.8e-09 25.2969 1.98438 10.5938 90 0 79213519 105 0 312712117
2.8e-09 infty 2.92188 10.5312 251 0 0 295 0 0
2.8e-09 infty 2.42188 10.4844 254 0 0 274 0 0
2.8e-09 20.7812 2.5625 10.4531 0 0 497914333 1 0 2979247
2.8e-09 infty 2.23438 10.4531 264 0 76817 271 0 4895
2.8e-09 infty 2.25 10.4531 275 0 0 309 0 0
2.8e-09 infty 2.01562 10.6562 245 0 0 263 0 77076720
2.8e-09 infty 2.85938 10.8281 232 0 0 192 0 0
2.8e-09 infty 2.21875 10.8906 285 0 0 296 0 0
2.8e-09 infty 2.25 10.4844 268 0 0 265 0 0
2.8e-09 20.4688 3.03125 10.4375 0 0 0 0 0 378116112
2.8e-09 infty 2.53125 10.8125 231 0 874774 193 0 60102
2.8e-09 25.1094 1.96875 10.5469 56 0 0 56 0 417952421
2.8e-09 infty 2.23438 10.9375 262 0 0 272 0 0
2.8e-09 22.8281 2.21875 10.8438 17 0 157 11 0 444617573
2.8e-09 25.6719 2.40625 10.4531 189 0 0 161 0 443964200
2.8e-09 26.5 1.95312 10.5156 290 0 0 266 0 382971273
2.8e-09 22.5781 2.48438 10.6406 8 0 423288004 5 0 32804232
2.8e-09 24.4219 2.53125 10.7969 31 0 0 45 0 396587349
2.8e-09 20.6406 2.28125 10.5156 0 0 0 0 0 481516724
2.8e-09 25.7188 2.76562 10.5312 182 0 473967821 225 0 0
2.8e-09 25.8906 2.375 10.8125 185 0 79339748 166 0 301472740
2.8e-09 infty 2.51562 10.7656 217 0 0 223 0 0
2.8e-09 22.3281 2.03125 10.7031 4 0 399471706 4 0 3252366
2.8e-09 23.5625 2.5625 10.4375 21 0 464302489 25 0 0
2.8e-09 22.6406 2.29688 10.5781 5 0 0 3 0 441227632
2.8e-09 23.6406 2.34375 10.7188 11 0 464497056 7 0 0
2.8e-09 infty 2.78125 10.5781 275 0 156098359 235 0 0
2.8e-09 infty 1.98438 10.5781 245 0 0 258 0 232340213
2.8e-09 infty 2.79688 10.6094 220 0 58030001 252 0 0
2.8e-09 infty 2.45312 10.5781 228 0 170188046 238 0 0
2.8e-09 infty 2.34375 10.7188 193 0 0 222 0 0
2.8e-09 infty 2.34375 10.6875 210 0 72946123 237 0 179083
2.8e-09 infty 2.35938 10.7656 215 0 118464037 210 0 51616479
2.8e-09 22.0312 2 10.625 6 0 471728202 3 0 0
2.8e-09 infty 2.5 10.6875 209 0 0 245 0 1118458
2.8e-09 infty 1.96875 10.5312 263 0 0 260 0 0
2.8e-09 infty 2.5625 10.4531 237 0 0 270 0 0
2.8e-09 infty 2.3125 10.5938 236 0 43138 250 0 0
2.8e-09 24.2969 2.39062 10.8906 44 0 0 20 0 478041030
2.8e-09 infty 2.26562 10.4844 285 0 890 282 0 143447040
2.8e-09 infty 2.26562 10.5156 241 0 0 281 0 0
2.8e-09 22.0312 2.25 10.4531 3 0 500052799 3 0 0
2.8e-09 26.6406 2.26562 10.4844 264 0 314865529 255 0 0
2.8e-09 infty 2.32812 10.6719 260 0 0 207 0 0
2.8e-09 infty 2.39062 10.9375 281 0 0 288 0 0
2.8e-09 infty 2.29688 10.5781 242 0 0 249 0 0
2.8e-09 21.9531 1.98438 10.5938 2 0 436751233 5 0 0
2.8e-09 infty 2.01562 10.6719 265 0 0 243 0 0
2.8e-09 infty 2.75 10.5156 268 0 0 248 0 0
2.8e-09 23.1875 2.35938 10.7344 5 0 220775 5 0 422343461
2.8e-09 infty 2.84375 10.75 236 0 0 230 0 0
2.8e-09 infty 2.92188 10.5469 234 0 0 259 0 0
2.8e-09 22.4844 2.9375 10.5781 3 0 464790945 2 0 1388
2.8e-09 infty 2.875 10.4375 268 0 0 279 0 0
2.8e-09 21.0469 2.54688 10.9219 0 0 3669 2 0 455229394
2.8e-09 25.0312 2.375 10.875 82 0 0 91 0 492874610
2.8e-09 infty 2.79688 10.6406 223 0 0 219 0 0
2.8e-09 21.5 2.5 10.6719 1 0 0 5 0 486612575
2.8e-09 21.125 2.8125 10.6875 1 0 399020009 0 0 0
2.8e-09 infty 2.39062 10.9219 254 0 0 283 0 0
2.8e-09 infty 2.95312 10.625 230 0 0 235 0 0
2.8e-09 infty 1.96875 10.5625 237 0 0 243 0 0
2.8e-09 infty 2.34375 10.6875 216 0 28844675 229 0 0
2.8e-09 infty 2.32812 10.6406 241 0 0 238 0 0
2.8e-09 23.5469 2.46875 10.6094 11 0 473093013 18 0 20044
2.8e-09 infty 2.3125 10.625 218 0 0 242 0 0
2.8e-09 26.2031 2.90625 10.5156 299 0 435676889 255 0 28941320
2.8e-09 infty 2.76562 10.5469 233 0 0 261 0 0
2.8e-09 infty 2.34375 10.7188 208 0 18768 197 0 0
2.8e-09 infty 2.26562 10.4844 274 0 0 263 0 0
2.8e-09 infty 2.53125 10.8281 225 0 0 232 0 2809
2.8e-09 infty 2.40625 10.4688 266 0 0 267 0 49504161
2.8e-09 21.2031 2.04688 10.7969 1 0 0 1 0 469493139
2.8e-09 25.375 2.5 10.7031 138 0 424869881 140 0 38
2.8e-09 20.6094 2.01562 10.6562 0 0 0 1 0 400310516
2.8e-09 infty 2.32812 10.6719 257 0 0 247 0 0
2.8e-09 20.4688 2.32812 10.6406 0 0 0 2 0 377107798
2.8e-09 infty 2.95312 10.625 242 0 0 238 0 0
2.8e-09 infty 1.96875 10.5469 244 0 78645711 259 0 0
2.8e-09 25.7969 2.95312 10.625 174 0 0 195 0 493275212
2.8e-09 infty 2.32812 10.6562 228 0 0 227 0 0
2.8e-09 25.3594 2.51562 10.75 145 0 462267555 117 0 0
2.8e-09 infty 2.28125 10.5469 265 0 0 277 0 18165
2.8e-09 19.2344 2.23438 10.4375 0 0 412606933 0 0 4914
2.8e-09 infty 2.5625 10.4531 267 0 0 277 0 0
2.8e-09 infty 2.45312 10.5625 247 0 1011046 270 0 0
2.8e-09 infty 1.96875 10.5469 248 0 0 253 0 0
2.8e-09 26.0938 2.3125 10.6094 193 0 385667754 210 0 0
2.8e-09 infty 2.01562 10.6875 237 0 0 226 0 0
2.8e-09 infty 2.39062 10.4375 262 0 0 281 0 677
2.8e-09 infty 2.42188 10.4844 251 0 0 299 0 0
2.8e-09 24.9688 2.04688 10.7969 84 0 313842568 91 0 137304817
2.8e-09 26.0312 2.21875 10.8906 189 0 413236536 231 0 0
2.8e-09 21.1875 2.29688 10.5781 0 0 440071909 0 0 0
2.8e-09 infty 1.96875 10.5625 253 0 82937031 277 0 16974720
2.8e-09 21.9219 2.04688 10.7656 0 0 393307239 0 0 0
2.8e-09 infty 2.01562 10.6875 226 0 5121866 234 0 0
2.8e-09 22.6094 2.4375 10.5312 5 0 4401 6 0 419250977
2.8e-09 infty 2.34375 10.6875 224 0 0 223 0 96297944
2.8e-09 25.8594 2.35938 10.7812 150 0 407140717 152 0 0
2.8e-09 22.9844 2.5625 10.4375 9 0 435988417 12 0 0
2.8e-09 infty 2.42188 10.4844 262 0 0 260 0 0
2.8e-09 19.4531 2.29688 10.5469 0 0 378917221 0 0 67
2.8e-09 22.3594 2.54688 10.9531 9 0 0 8 0 433863863
2.8e-09 infty 2.26562 10.5156 273 0 0 230 0 16160554
2.8e-09 infty 3.03125 10.4375 262 0 0 275 0 0
2.8e-09 infty 2.28125 10.5312 262 0 0 263 0 0
2.8e-09 infty 2.21875 10.8438 228 0 0 207 0 0
2.8e-09 infty 2.84375 10.7656 221 0 0 206 0 0
2.8e-09 infty 2.375 10.8594 295 0 16350736 269 0 0
2.8e-09 24.3125 2.5 10.7031 41 0 471253611 41 0 0
2.8e-09 21.8906 2.39062 10.875 3 0 464360193 5 0 2480296
2.8e-09 infty 1.98438 10.5781 251 0 0 256 0 0
2.8e-09 infty 2.51562 10.7344 235 0 142630180 229 0 0
2.8e-09 22.1719 1.96875 10.5312 4 0 0 2 0 403175712
2.8e-09 infty 2.32812 10.6406 244 0 3653607 245 0 0
2.8e-09 25.0781 2.29688 10.5625 100 0 483723320 103 0 0
2.8e-09 20.5625 2.35938 10.7656 0 0 408198557 0 0 183553
2.8e-09 infty 2.8125 10.6562 241 0 0 221 0 0
2.8e-09 infty 2.34375 10.6875 228 0 0 230 0 0
2.8e-09 22.4375 2.35938 10.75 5 0 283968 2 0 376434234
2.8e-09 infty 2.26562 10.5 301 0 5338231 263 0 0
2.8e-09 infty 2.39062 10.8906 271 0 0 264 0 0
2.8e-09 infty 3 10.7344 210 0 0 227 0 0
2.8e-09 infty 2.40625 10.4688 286 0 0 304 0 0
2.8e-09 infty 2.32812 10.6562 231 0 0 251 0 0
2.8e-09 26.7969 1.96875 10.5625 254 0 0 258 0 255273524
2.8e-09 26.7031 2.46875 10.5938 262 0 287465941 249 0 0
2.8e-09 infty 2.96875 10.6562 199 0 0 232 0 558781
2.8e-09 infty 1.96875 10.5625 269 0 0 224 0 7861589
2.8e-09 infty 1.96875 10.5469 273 0 0 231 0 0
2.8e-09 21.0156 2.45312 10.5625 0 0 2825417 0 0 476609912
2.8e-09 23.2656 1.98438 10.6094 12 0 495630367 13 0 2417429
2.8e-09 23.7969 3 10.7969 20 0 382536924 25 0 36184460
2.8e-09 infty 2.375 10.8125 220 0 0 216 0 0
2.8e-09 infty 2.21875 10.8281 221 0 0 197 0 0
2.8e-09 infty 2.28125 10.5469 246 0 0 265 0 0
2.8e-09 infty 2.29688 10.5781 258 0 0 248 0 0
2.8e-09 infty 1.96875 10.5312 258 0 0 238 0 0
2.8e-09 infty 2.48438 10.6406 242 0 0 231 0 0
2.8e-09 infty 2.46875 10.5781 236 0 0 257 0 0
2.8e-09 infty 2.5625 10.4375 269 0 0 296 0 0
2.8e-09 infty 2.54688 10.9531 290 0 0 317 0 0
2.8e-09 infty 2.51562 10.7656 201 0 0 218 0 0
2.8e-09 infty 1.98438 10.6094 228 0 0 239 0 0
2.8e-09 infty 2.03125 10.7031 254 0 0 244 0 116904
2.8e-09 25.4375 2.23438 10.9219 117 0 475679593 126 0 2893
2.8e-09 26.2812 2 10.6406 234 0 412249339 203 0 0
2.8e-09 infty 2.29688 10.5625 258 0 0 272 0 0
2.8e-09 infty 1.96875 10.5625 235 0 0 287 0 0
2.8e-09 infty 2.01562 10.6875 218 0 0 222 0 2780798
2.8e-09 infty 2.92188 10.5469 221 0 7293 255 0 7885971
2.8e-09 infty 2.34375 10.6875 261 0 0 256 0 224310947
2.8e-09 infty 1.96875 10.5469 274 0 0 247 0 0
2.8e-09 infty 2.01562 10.6875 232 0 0 244 0 0
2.8e-09 infty 1.96875 10.5625 248 0 0 219 0 5337793
2.8e-09 infty 2.53125 10.7812 239 0 0 221 0 23808
2.8e-09 22.0469 2.39062 10.9531 1 0 5859220 4 0 449632459
2.8e-09 infty 2.04688 10.7812 202 0 0 214 0 0
2.8e-09 infty 2.85938 10.9062 284 0 0 263 0 0
2.8e-09 22.5625 2.73438 10.4844 5 0 31409109 6 0 418427134
2.8e-09 infty 1.96875 10.5312 270 0 0 277 0 0
2.8e-09 infty 2.21875 10.8281 228 0 0 203 0 0
2.8e-09 infty 2.54688 10.8906 319 0 0 307 0 0
2.8e-09 22.3281 2.34375 10.6875 4 0 401383665 2 0 617429
2.8e-09 infty 2.21875 10.8906 298 0 6949 284 0 0
2.8e-09 21.0312 2.32812 10.6406 0 0 434160871 0 0 0
2.8e-09 infty 2.375 10.7969 234 0 35116994 220 0 0
2.8e-09 infty 2.96875 10.6562 239 0 18520718 213 0 0
2.8e-09 infty 1.98438 10.5938 231 0 0 242 0 0
2.8e-09 infty 2.48438 10.6406 244 0 0 265 0 0
2.8e-09 infty 2.04688 10.7656 227 0 0 235 0 1330181
2.8e-09 infty 2.3125 10.625 234 0 156060022 252 0 0
2.8e-09 23.7344 2.03125 10.7344 11 0 0 17 0 399381966
2.8e-09 infty 1.96875 10.5469 238 0 0 249 0 0
2.8e-09 infty 2.23438 10.9375 304 0 0 282 0 0
2.8e-09 infty 2.04688 10.8281 216 0 0 225 0 0
2.8e-09 infty 2.03125 10.7188 246 0 0 249 0 0
2.8e-09 22.4375 1.96875 10.5469 2 0 419340583 2 0 0
2.8e-09 26.7344 2.28125 10.5156 259 0 274422619 252 0 111482
2.8e-09 infty 2.28125 10.5156 255 0 0 249 0 0
2.8e-09 infty 2.76562 10.5312 264 0 0 269 0 0
2.8e-09 infty 2.01562 10.6875 207 0 0 229 0 0
2.8e-09 infty 2.03125 10.7031 225 0 0 230 0 0
2.8e-09 infty 1.96875 10.5469 253 0 0 283 0 0
2.8e-09 infty 2.48438 10.6562 243 0 120526 238 0 0
2.8e-09 infty 2.21875 10.8594 277 0 0 306 0 0
2.8e-09 infty 2.03125 10.7031 221 0 5691 248 0 0
2.8e-09 infty 2.89062 10.4688 269 0 0 237 0 6875048
2.8e-09 22.4219 2.28125 10.5312 4 0 0 1 0 471073893
2.8e-09 infty 2.3125 10.5938 253 0 3866 249 0 0
2.8e-09 infty 2.82812 10.7188 221 0 0 216 0 0
2.8e-09 infty 2.45312 10.5625 259 0 0 234 0 0
2.8e-09 infty 2.42188 10.4844 294 0 0 257 0 0
2.8e-09 24.9375 2.21875 10.8438 53 0 415370680 51 0 0
2.8e-09 infty 2.46875 10.6094 257 0 1867907 226 0 0
2.8e-09 infty 2.5625 10.4531 285 0 0 262 0 0
2.8e-09 23.375 2.54688 10.9062 6 0 0 8 0 493756384
2.8e-09 23.2188 2.5 10.6719 11 0 444514478 13 0 0
2.8e-09 infty 2.04688 10.7656 227 0 232839342 224 0 0
2.8e-09 infty 2.85938 10.8906 278 0 0 293 0 0
2.8e-09 20.8281 2.26562 10.4844 1 0 463401701 1 0 183
2.8e-09 21.3438 2.04688 10.8125 0 0 447826866 0 0 11
2.8e-09 infty 2.53125 10.8438 191 0 0 209 0 0
2.8e-09 20.9688 2.21875 10.8594 0 0 0 0 0 490188445
2.8e-09 25.7812 2.90625 10.5156 127 0 0 161 0 433407921
2.8e-09 22.375 2.28125 10.5156 0 0 381532944 4 0 0
2.8e-09 infty 2.39062 10.8906 267 0 10835455 256 0 0
2.8e-09 22.0781 2.9375 10.5625 3 0 0 5 0 466772396
2.8e-09 24.2031 2.29688 10.5625 10 0 403607058 20 0 0
2.8e-09 infty 2.9375 10.5781 234 0 0 232 0 116001407
2.8e-09 infty 2.29688 10.5469 226 0 0 244 0 0
2.8e-09 infty 2.35938 10.7656 231 0 0 220 0 0
2.8e-09 infty 2.76562 10.5625 271 0 0 277 0 0
2.8e-09 infty 2.3125 10.625 240 0 0 260 0 441207
2.8e-09 infty 2.875 10.4375 276 0 170101930 289 0 60537
2.8e-09 infty 2.45312 10.5469 257 0 244200 238 0 0
2.8e-09 infty 1.96875 10.5312 239 0 0 253 0 7567154
2.8e-09 infty 2.54688 10.9062 302 0 0 273 0 0
2.8e-09 26.4062 2.04688 10.8125 245 0 0 217 0 324393913
2.8e-09 20.6094 1.98438 10.5938 0 0 0 0 0 381283450
2.8e-09 infty 3 10.7812 200 0 0 228 0 0
2.8e-09 23.2656 2.78125 10.5938 12 0 177 12 0 495418517
2.8e-09 26.75 2.34375 10.6875 246 0 0 250 0 271170336
2.8e-09 infty 2.40625 10.4688 303 0 145097953 283 0 16234
2.8e-09 23.1406 2.51562 10.7344 10 0 494046900 10 0 0
2.8e-09 20.875 2.51562 10.7656 0 0 456544311 0 0 0
2.8e-09 infty 2.26562 10.5 261 0 2276743 265 0 0
2.8e-09 22.0312 2.89062 10.4844 0 0 0 5 0 500684445
2.8e-09 infty 2.29688 10.5469 243 0 0 233 0 0
2.8e-09 25.7188 2.25 10.4688 220 0 494576276 204 0 0
2.8e-09 infty 3 10.7656 218 0 0 207 0 0
2.8e-09 infty 2.28125 10.5469 248 0 0 259 0 0
2.8e-09 infty 1.98438 10.5938 272 0 0 254 0 0
2.8e-09 21.0312 2.25 10.4531 2 0 472506954 0 0 599241
2.8e-09 21.5 2.40625 10.4531 0 0 451901847 1 0 0
2.8e-09 infty 2.9375 10.5781 260 0 112443 279 0 0
2.8e-09 infty 2.35938 10.7656 221 0 0 235 0 3513692
2.8e-09 infty 2.375 10.8281 206 0 0 215 0 40622849
2.8e-09 infty 2.5625 10.4531 273 0 0 277 0 0
2.8e-09 infty 1.95312 10.5156 285 0 0 257 0 0
2.8e-09 infty 2.45312 10.5625 245 0 0 248 0 0
2.8e-09 25.375 2.35938 10.7812 86 0 0 86 0 396702838
2.8e-09 infty 1.96875 10.5469 229 0 0 265 0 0
2.8e-09 infty 2.23438 10.4531 306 0 0 282 0 0
2.8e-09 infty 2.32812 10.6406 253 0 0 245 0 0
2.8e-09 23.0469 2.3125 10.5938 1 0 416989041 5 0 0
2.8e-09 24.7812 1.96875 10.5625 59 0 405204267 65 0 0
2.8e-09 infty 1.96875 10.5469 257 0 0 262 0 0
2.8e-09 22.1094 2.73438 10.4844 4 0 0 3 0 439712423
2.8e-09 infty 2.5625 10.4688 252 0 0 278 0 0
2.8e-09 23.4844 2.84375 10.7969 14 0 16 11 0 455331569
2.8e-09 infty 2.39062 10.875 302 0 9003902 314 0 0
2.8e-09 22.1875 2.26562 10.5156 2 0 33 0 0 428000102
2.8e-09 infty 2.5625 10.4688 278 0 0 274 0 0
2.8e-09 20.4531 2.39062 10.9219 0 0 498247806 0 0 577454
2.8e-09 infty 2.89062 10.4688 258 0 0 276 0 0
2.8e-09 25.2812 2.82812 10.7344 127 0 0 125 0 483666589
2.8e-09 infty 2.8125 10.6875 251 0 0 226 0 0
2.8e-09 24.3906 2.32812 10.6719 37 0 0 41 0 420730738
2.8e-09 infty 2.98438 10.6875 226 0 0 226 0 0
2.8e-09 infty 2.23438 10.9219 271 0 0 264 0 0
2.8e-09 22.7969 2.34375 10.7188 5 0 446407920 7 0 0
2.8e-09 25.0312 2.90625 10.5156 70 0 0 59 0 467857653
2.8e-09 infty 1.98438 10.6094 209 0 0 247 0 39785066
2.8e-09 22.5938 2.34375 10.6875 5 0 0 2 0 476193952
2.8e-09 22.0781 2.29688 10.5781 2 0 468874461 3 0 0
2.8e-09 20.4219 2.95312 10.625 0 0 404750052 0 0 0
2.8e-09 21.7031 2.35938 10.7812 0 0 0 2 0 484012940
2.8e-09 21.0938 2.79688 10.6406 0 0 6 1 0 421942502
2.8e-09 21.9375 2.42188 10.4844 0 0 377675426 0 0 0
2.8e-09 infty 2.28125 10.5469 243 0 0 274 0 0
2.8e-09 infty 2.29688 10.5781 264 0 0 225 0 0
2.8e-09 infty 2.25 10.4531 265 0 0 283 0 0
2.8e-09 infty 2.8125 10.6875 220 0 13178456 215 0 0
2.8e-09 21.1406 1.98438 10.5781 0 0 388627940 1 0 0
2.8e-09 infty 2.84375 10.7969 203 0 0 212 0 0
2.8e-09 22.8438 2.53125 10.8125 4 0 0 1 0 413608744
2.8e-09 21.7188 1.96875 10.5625 0 0 412037677 1 0 0
2.8e-09 infty 2.5 10.6875 217 0 67738 219 0 2878526
2.8e-09 infty 2 10.625 226 0 0 246 0 30731783
2.8e-09 21.5 2.78125 10.5938 1 0 450945913 2 0 0
2.8e-09 infty 2.39062 10.8906 315 0 111947393 289 0 0
2.8e-09 infty 2.4375 10.5156 264 0 141 259 0 0
2.8e-09 24.0156 2.45312 10.5625 21 0 445197189 15 0 0
2.8e-09 23.9531 3.03125 10.9375 29 0 455766560 26 0 0
2.8e-09 infty 2.76562 10.5625 253 0 0 259 0 0
2.8e-09 infty 2.375 10.8281 194 0 0 220 0 0
2.8e-09 22.4531 1.98438 10.5781 4 0 10774394 1 0 410834636
2.8e-09 20.5469 2.40625 10.4531 0 0 443838155 0 0 0
2.8e-09 infty 2.01562 10.6875 218 0 182737380 222 0 0
2.8e-09 26.3906 2.85938 10.8125 222 0 0 220 0 350181082
2.8e-09 22.625 2.01562 10.6719 6 0 30405432 2 0 411840114
2.8e-09 22.5 2.42188 10.4844 3 0 0 5 0 411814743
2.8e-09 infty 2 10.6406 230 0 6859 257 0 0
2.8e-09 infty 2.75 10.5156 248 0 0 258 0 69009
2.8e-09 infty 2.96875 10.6406 266 0 0 231 0 0
2.8e-09 20.5156 2.48438 10.6406 0 0 2060 0 0 444176157
2.8e-09 21.0625 2.75 10.5 0 0 402443649 0 0 0
2.8e-09 infty 2.28125 10.5312 248 0 0 262 0 2842450
2.8e-09 25 2.28125 10.5469 58 0 0 65 0 394061589
2.8e-09 infty 2.84375 10.7969 211 0 0 232 0 0
2.8e-09 24.7031 3 10.7656 56 0 461809891 63 0 0
2.8e-09 21.625 2.01562 10.6719 0 0 0 2 0 416352827
2.8e-09 23.125 1.98438 10.5938 7 0 460788200 11 0 0
2.8e-09 20.0312 2.40625 10.4531 0 0 424810477 0 0 2824737
2.8e-09 infty 2.29688 10.5781 264 0 0 234 0 0
2.8e-09 infty 2.34375 10.7031 227 0 25528402 219 0 0
2.8e-09 infty 3.03125 10.4375 267 0 0 274 0 1262137
2.8e-09 infty 2.51562 10.75 215 0 0 238 0 0
2.8e-09 infty 2.39062 10.8906 294 0 0 288 0 30684856
2.8e-09 infty 2.9375 10.5938 238 0 0 223 0 0
2.8e-09 19.7344 2.84375 10.7969 0 0 27116551 0 0 420637697
2.8e-09 22.0625 2.26562 10.5156 4 0 457000522 3 0 0
2.8e-09 infty 2.32812 10.6562 268 0 0 241 0 0
2.8e-09 infty 2 10.625 258 0 0 274 0 0
2.8e-09 24.1719 2.45312 10.5625 27 0 375328225 42 0 47370849
2.8e-09 infty 2.25 10.4531 280 0 0 269 0 0
2.8e-09 infty 2.79688 10.6094 241 0 0 253 0 0
2.8e-09 21.1406 2.01562 10.7031 1 0 0 1 0 472608163
2.8e-09 infty 2.5 10.6875 243 0 0 233 0 0
2.8e-09 24.25 2.48438 10.6562 35 0 385083227 23 0 0
2.8e-09 infty 2 10.6094 228 0 0 247 0 0
2.8e-09 infty 2.4375 10.5469 246 0 0 255 0 0
2.8e-09 infty 2.45312 10.5469 282 0 0 248 0 0
2.8e-09 infty 2.01562 10.6562 246 0 0 235 0 0
2.8e-09 infty 2.26562 10.5 270 0 79823 285 0 4894891
2.8e-09 infty 1.95312 10.5156 238 0 0 268 0 0
2.8e-09 26.7188 1.96875 10.5625 255 0 280941191 244 0 35267
2.8e-09 infty 2.78125 10.5625 214 0 265758 245 0 0
2.8e-09 22.1562 2.95312 10.6406 6 0 237527 4 0 405923526
2.8e-09 23.4062 2.25 10.4844 11 0 0 15 0 494869677
2.8e-09 infty 2.26562 10.5 288 0 0 251 0 0
2.8e-09 26.625 2.9375 10.5938 255 0 335644569 253 0 0
2.8e-09 23.9219 2.03125 10.7344 36 0 479693047 32 0 0
2.8e-09 infty 2.9375 10.5625 262 0 5246 259 0 0
2.8e-09 infty 2.28125 10.5312 258 0 65339887 270 0 0
2.8e-09 infty 2.375 10.8125 211 0 8424007 213 0 6221907
2.8e-09 infty 2.23438 10.9062 302 0 0 306 0 0
2.8e-09 26.4688 2.04688 10.7812 216 0 0 216 0 301166378
2.8e-09 22.5 2.23438 10.4375 5 0 0 9 0 408239185
2.8e-09 infty 2 10.6406 238 0 186896524 262 0 0
2.8e-09 21.1875 2.34375 10.7344 0 0 436873514 0 0 0
2.8e-09 infty 2.26562 10.5156 274 0 0 267 0 76961
2.8e-09 23.1719 2.76562 10.5469 12 0 0 13 0 471976394
2.8e-09 23.4219 2.03125 10.7344 22 0 1089841 17 0 431178304
2.8e-09 infty 2.9375 10.5781 273 0 4351248 245 0 0
2.8e-09 infty 2.92188 10.5312 274 0 32032239 261 0 0
2.8e-09 20.4375 2.45312 10.5625 0 0 458790129 0 0 14044845
2.8e-09 infty 2.9375 10.5625 263 0 0 254 0 9201489
2.8e-09 24.9688 2.85938 10.9062 87 0 0 101 0 454183861
2.8e-09 infty 2.34375 10.7188 213 0 0 229 0 0
2.8e-09 infty 2.34375 10.7344 230 0 5049953 225 0 3419729
2.8e-09 infty 2.76562 10.5312 218 0 0 248 0 0
2.8e-09 infty 1.98438 10.5938 238 0 93205455 282 0 0
2.8e-09 infty 2.5625 10.4531 270 0 0 278 0 0
2.8e-09 infty 2.375 10.8281 244 0 0 205 0 0
2.8e-09 infty 2.01562 10.6719 211 0 148998733 249 0 0
2.8e-09 19.9688 2.46875 10.5938 0 0 486895265 0 0 0
2.8e-09 infty 2.28125 10.5312 257 0 0 280 0 14064252
2.8e-09 infty 1.98438 10.5625 246 0 474974 241 0 0
2.8e-09 infty 2.34375 10.6875 238 0 53199572 228 0 0
2.8e-09 23.8594 2.32812 10.6406 20 0 0 22 0 441316853
2.8e-09 22.625 2.03125 10.7031 2 0 0 5 0 447000522
2.8e-09 infty 1.95312 10.5156 275 0 3489 279 0 0
2.8e-09 infty 2.51562 10.75 224 0 0 230 0 0
2.8e-09 infty 2.35938 10.7344 214 0 173135617 218 0 0
2.8e-09 infty 2.82812 10.7188 238 0 0 227 0 0
2.8e-09 23.4688 2.51562 10.75 14 0 0 9 0 473343821
2.8e-09 infty 1.98438 10.6094 231 0 0 257 0 0
2.8e-09 23.1406 2.3125 10.6094 6 0 0 3 0 461049666
2.8e-09 infty 2.3125 10.5938 209 0 0 233 0 0
2.8e-09 20.6406 2 10.6406 0 0 172739 0 0 473713034
2.8e-09 infty 2.84375 10.7812 237 0 0 207 0 51304001
2.8e-09 21.6875 2.04688 10.7812 0 0 376941800 0 0 0
2.8e-09 infty 2.5 10.7188 234 0 0 209 0 1384470
2.8e-09 25.6719 2.03125 10.7031 143 0 442060647 123 0 0
2.8e-09 infty 2.375 10.7969 238 0 131903073 224 0 0
2.8e-09 infty 2.96875 10.6719 222 0 0 214 0 0
2.8e-09 infty 2.29688 10.5625 223 0 0 258 0 0
2.8e-09 23.8594 2.39062 10.8906 30 0 20190 26 0 392540648
2.8e-09 infty 2.48438 10.6406 250 0 0 242 0 0
2.8e-09 24.7188 2.84375 10.75 70 0 447146637 62 0 3118
2.8e-09 infty 2.23438 10.9531 278 0 0 280 0 0
2.8e-09 infty 2.28125 10.5312 237 0 0 271 0 1286062
2.8e-09 23.6719 2.90625 10.5156 24 0 704 21 0 390721713
2.8e-09 infty 2.28125 10.5469 240 0 0 243 0 16411968
2.8e-09 20.5625 2 10.625 1 0 0 0 0 417754138
2.8e-09 infty 2.32812 10.625 252 0 220939928 226 0 0
2.8e-09 25.1875 2.46875 10.5781 73 0 372745477 84 0 12860346
2.8e-09 infty 2.01562 10.6562 217 0 0 252 0 0
2.8e-09 infty 2.46875 10.6094 237 0 0 239 0 2715
2.8e-09 infty 2.5 10.6875 242 0 0 215 0 0
2.8e-09 infty 2.54688 10.8906 304 0 2605 301 0 0
2.8e-09 infty 2.25 10.4531 288 0 49927595 274 0 0
2.8e-09 infty 2.45312 10.5781 258 0 0 263 0 0
2.8e-09 24.0625 2.3125 10.5938 11 0 393908538 7 0 0
2.8e-09 19.8438 2.21875 10.9062 0 0 391076125 0 0 31080547
2.8e-09 26.7344 2.90625 10.5156 244 0 0 279 0 276219729
2.8e-09 infty 1.95312 10.5312 246 0 0 285 0 0
2.8e-09 infty 2.79688 10.6406 256 0 0 221 0 0
2.8e-09 infty 2.82812 10.7344 200 0 0 190 0 0
2.8e-09 infty 2.375 10.8281 215 0 0 222 0 25872
2.8e-09 infty 2.84375 10.7656 235 0 18866 217 0 0
2.8e-09 infty 1.96875 10.5469 251 0 30581 244 0 0
2.8e-09 infty 2.76562 10.5469 233 0 47805022 303 0 0
2.8e-09 23.8594 2.04688 10.7969 17 0 0 23 0 391930792
2.8e-09 infty 2.42188 10.5 262 0 0 229 0 0
2.8e-09 infty 2.375 10.7969 214 0 0 216 0 0
2.8e-09 infty 2.29688 10.5625 239 0 0 223 0 8403297
2.8e-09 24.6406 2.28125 10.5312 50 0 376838299 43 0 0
2.8e-09 infty 2.90625 10.5156 288 0 0 283 0 0
2.8e-09 26.2969 2.32812 10.6562 240 0 146282 245 0 382272398
2.8e-09 20.2969 2.04688 10.75 2 0 490236861 1 0 1273836
2.8e-09 26.8125 2.4375 10.5156 259 0 0 287 0 248956003
2.8e-09 25.5 2.26562 10.4844 99 0 435504778 139 0 0
2.8e-09 21.5781 2.01562 10.6719 2 0 454076377 1 0 0
2.8e-09 infty 2.40625 10.4531 287 0 0 285 0 0
2.8e-09 infty 2.42188 10.5 258 0 0 260 0 1364464
2.8e-09 infty 2.32812 10.6562 244 0 0 211 0 0
2.8e-09 26.75 2.45312 10.5781 258 0 271117925 259 0 0
2.8e-09 infty 2.54688 10.9062 288 0 642 269 0 0
2.8e-09 22.875 2.85938 10.8594 8 0 0 5 0 398043710
2.8e-09 infty 2.76562 10.5469 250 0 381013 250 0 0
2.8e-09 infty 1.95312 10.5 251 0 0 290 0 141987946
2.8e-09 20.4219 2.75 10.5 0 0 0 0 0 394131802
2.8e-09 22.7812 2.51562 10.7344 2 0 16583658 3 0 422656715
2.8e-09 infty 2.29688 10.5625 266 0 0 278 0 329
2.8e-09 24.4844 2.04688 10.7812 52 0 0 45 0 478487129
2.8e-09 infty 2.375 10.8438 235 0 0 194 0 0
2.8e-09 infty 2.03125 10.75 214 0 20889860 211 0 0
2.8e-09 infty 2.25 10.4531 257 0 0 293 0 10000
2.8e-09 infty 2.89062 10.4688 268 0 0 255 0 0
2.8e-09 infty 2.45312 10.5469 276 0 0 236 0 0
2.8e-09 infty 2.23438 10.4531 251 0 0 295 0 0
2.8e-09 23.0156 2.90625 10.5 4 0 423539 1 0 415043708
2.8e-09 19.375 2.73438 10.4844 0 0 44337284 0 0 353411337
2.8e-09 infty 2.45312 10.5625 277 0 78471 233 0 0
2.8e-09 25.6406 2.25 10.4688 160 0 0 147 0 410277546
2.8e-09 infty 1.98438 10.5625 238 0 0 270 0 0
2.8e-09 infty 2.03125 10.7188 259 0 0 222 0 0
2.8e-09 21.4688 2.28125 10.5312 0 0 483793779 1 0 0
2.8e-09 infty 3.03125 10.9531 280 0 0 293 0 0
2.8e-09 21.9062 3 10.75 3 0 486607973 0 0 14384927
2.8e-09 20.4844 2.46875 10.5781 0 0 309263587 0 0 96395794
2.8e-09 infty 2.5625 10.4375 299 0 0 287 0 2139409
2.8e-09 infty 2 10.6094 245 0 0 244 0 0
2.8e-09 infty 2.375 10.7969 210 0 0 220 0 0
2.8e-09 26.3594 2.79688 10.625 252 0 368448460 235 0 0
2.8e-09 22.4062 2.51562 10.7812 3 0 0 8 0 488761452
2.8e-09 infty 2 10.625 268 0 0 266 0 0
2.8e-09 infty 2.42188 10.4844 277 0 5352 253 0 0
2.8e-09 22.4219 2.4375 10.5312 1 0 455760525 4 0 3466940
2.8e-09 20.1875 2.3125 10.5938 0 0 290773518 1 0 88284533
2.8e-09 infty 1.96875 10.5469 248 0 0 263 0 63301193
2.8e-09 infty 1.95312 10.5156 260 0 0 286 0 0
2.8e-09 23.8125 2.23438 10.9219 26 0 0 22 0 420080387
2.8e-09 infty 2.21875 10.875 328 0 0 287 0 0
2.8e-09 22.1406 2.48438 10.6406 2 0 0 4 0 469246584
2.8e-09 22.0156 2.40625 10.4531 4 0 444850307 0 0 0
2.8e-09 21.875 2.42188 10.5 2 0 418689468 1 0 0
2.8e-09 infty 2.04688 10.7812 196 0 0 234 0 0
2.8e-09 infty 1.98438 10.6094 226 0 0 245 0 0
2.8e-09 21.8438 2.875 10.9375 1 0 387443113 3 0 12749
2.8e-09 infty 2.4375 10.5469 254 0 0 253 0 242
2.8e-09 infty 2.42188 10.5 267 0 205476 277 0 0
2.8e-09 26.0469 2.73438 10.4844 176 0 0 201 0 409450501
2.8e-09 22.0469 2.23438 10.9531 1 0 456776135 5 0 25
2.8e-09 26.7344 2.01562 10.6719 250 0 274405094 219 0 0
2.8e-09 25.6875 2.01562 10.6719 114 0 34936716 124 0 390338462
2.8e-09 infty 2 10.625 234 0 665419 224 0 0
2.8e-09 25.9844 2.51562 10.75 251 0 445894449 228 0 0
2.8e-09 infty 2.29688 10.5625 261 0 0 231 0 0
2.8e-09 infty 2.39062 10.9375 292 0 0 300 0 0
2.8e-09 infty 2.82812 10.7188 225 0 0 202 0 0
2.8e-09 24.75 2.32812 10.6562 69 0 0 63 0 420879698
2.8e-09 infty 2.42188 10.5 247 0 0 250 0 0
2.8e-09 infty 2.73438 10.4844 262 0 0 265 0 0
2.8e-09 21.5781 2.46875 10.5781 0 0 0 2 0 449180789
2.8e-09 infty 2.78125 10.5625 258 0 0 239 0 0
2.8e-09 infty 2.9375 10.5781 259 0 0 247 0 0
2.8e-09 20 2.5 10.7031 1 0 0 0 0 464447348
2.8e-09 23.2969 2.5 10.7031 7 0 0 10 0 464005598
2.8e-09 25.9844 2.53125 10.8281 211 0 0 221 0 452943975
2.8e-09 22.75 2.53125 10.7969 5 0 476136129 2 0 74119
2.8e-09 infty 2.25 10.4531 280 0 0 284 0 39352356
2.8e-09 infty 2.375 10.8594 310 0 0 315 0 0
2.8e-09 infty 2.39062 10.4375 305 0 0 281 0 0
2.8e-09 infty 2 10.6094 238 0 0 267 0 0
2.8e-09 21.5781 2.34375 10.7031 0 0 398525766 2 0 0
2.8e-09 infty 2 10.6406 235 0 149620801 207 0 0
2.8e-09 26.125 2 10.6094 180 0 392534714 207 0 0
2.8e-09 infty 2.28125 10.5469 253 0 0 218 0 0
2.8e-09 infty 2.51562 10.75 232 0 0 207 0 0
2.8e-09 25.8438 2.82812 10.7031 160 0 0 162 0 454689345
2.8e-09 21.3594 2.34375 10.7188 2 0 487044220 1 0 0
2.8e-09 20.7656 2.01562 10.6719 0 0 463423509 0 0 0
2.8e-09 infty 2.32812 10.6719 202 0 0 219 0 1248008
2.8e-09 23.5938 2.95312 10.5938 10 0 10099 8 0 380678470
2.8e-09 23.0781 2.23438 10.4375 11 0 0 4 0 410404223
2.8e-09 infty 1.95312 10.5156 243 0 0 274 0 56347
2.8e-09 infty 2.73438 10.4844 267 0 78003 264 0 0
2.8e-09 26.1719 2.54688 10.9219 298 0 0 276 0 447670007
2.8e-09 infty 2.89062 10.4688 291 0 7514 269 0 0
2.8e-09 infty 2.04688 10.7656 236 0 0 235 0 0
2.8e-09 24.4375 2.23438 10.9531 25 0 0 23 0 398458268
2.8e-09 26.2344 2.03125 10.75 246 0 0 217 0 442158649
2.8e-09 infty 1.98438 10.5781 241 0 0 266 0 0
2.8e-09 22.0625 2.39062 10.4375 2 0 466326808 3 0 2662467
2.8e-09 infty 2.42188 10.5 250 0 4023 273 0 0
2.8e-09 infty 2.01562 10.6719 222 0 0 224 0 1190
2.8e-09 infty 2 10.6094 260 0 0 228 0 0
2.8e-09 25.6562 2.26562 10.5156 155 0 0 133 0 406004329
2.8e-09 infty 2.26562 10.5156 283 0 0 263 0 0
2.8e-09 23.125 2.76562 10.5312 6 0 0 11 0 464230395
2.8e-09 infty 2.29688 10.5781 262 0 0 255 0 0
2.8e-09 infty 2 10.625 229 0 0 238 0 0
2.8e-09 20.5312 2.32812 10.6719 0 0 433905023 1 0 547
2.8e-09 infty 1.95312 10.5312 251 0 0 268 0 2364
2.8e-09 24.0469 2.42188 10.5 27 0 15371 20 0 395841428
2.8e-09 20 2.75 10.5156 1 0 212777 0 0 457440455
2.8e-09 infty 2.95312 10.6094 248 0 0 217 0 127111034
2.8e-09 infty 3.03125 10.9062 295 0 83251 287 0 14157277
2.8e-09 infty 2.03125 10.7031 236 0 0 239 0 0
2.8e-09 infty 2.45312 10.5781 260 0 37823 257 0 75595629
2.8e-09 infty 2.4375 10.5312 272 0 0 277 0 9936553
2.8e-09 infty 2 10.6406 239 0 0 245 0 0
2.8e-09 23.5938 1.95312 10.5312 8 0 0 8 0 382554829
2.8e-09 infty 2.98438 10.7344 240 0 0 215 0 0
2.8e-09 infty 2.84375 10.75 226 0 34840 216 0 31858409
2.8e-09 infty 2.53125 10.8281 209 0 0 221 0 0
2.8e-09 infty 2.4375 10.5156 247 0 0 267 0 0
2.8e-09 infty 1.95312 10.5156 240 0 0 271 0 0
2.8e-09 23.3125 2.34375 10.7188 6 0 530969 5 0 463175783
2.8e-09 22.9844 2.21875 10.875 11 0 472865507 8 0 0
2.8e-09 infty 2.9375 10.5625 273 0 0 228 0 0
2.8e-09 19.9375 2.46875 10.5938 0 0 0 0 0 387789646
2.8e-09 infty 2.5 10.6875 224 0 0 219 0 0
2.8e-09 infty 2.3125 10.6094 247 0 0 244 0 0
2.8e-09 infty 2.03125 10.7031 215 0 0 231 0 0
2.8e-09 21.7031 2.21875 10.8281 4 0 0 3 0 495082950
2.8e-09 26.125 2.48438 10.6406 244 0 476528763 242 0 631854
2.8e-09 infty 2.26562 10.5 287 0 29108984 237 0 0
2.8e-09 infty 2.34375 10.6875 233 0 0 218 0 0
2.8e-09 21.2969 2.375 10.8281 1 0 490471096 0 0 0
2.8e-09 infty 2.54688 10.9531 268 0 492739 256 0 0
2.8e-09 26.7188 2.42188 10.4844 276 0 0 251 0 284602038
2.8e-09 22.5625 2.5 10.6719 8 0 497991093 4 0 0
2.8e-09 24.5781 2.26562 10.5 54 0 0 34 0 416185969
2.8e-09 infty 2.4375 10.5156 264 0 0 245 0 0
2.8e-09 infty 2.75 10.5 269 0 0 241 0 18378234
2.8e-09 infty 2.8125 10.6719 251 0 0 238 0 0
2.8e-09 infty 2.82812 10.75 235 0 0 217 0 0
2.8e-09 25.3594 2.01562 10.6562 120 0 0 143 0 459150905
2.8e-09 21.4531 1.96875 10.5469 0 0 486075721 0 0 645935
2.8e-09 infty 2.26562 10.5 257 0 0 275 0 0
2.8e-09 infty 2.29688 10.5625 263 0 0 238 0 0
2.8e-09 infty 2.26562 10.4844 236 0 0 300 0 0
2.8e-09 infty 2.51562 10.75 223 0 0 243 0 26813187
2.8e-09 infty 2.03125 10.7188 231 0 0 260 0 0
2.8e-09 20.875 2.375 10.7969 0 0 451563662 2 0 0
2.8e-09 infty 2.5625 10.4688 256 0 17283261 280 0 58669
2.8e-09 infty 2.75 10.5 265 0 0 267 0 7155
2.8e-09 21.1562 2.48438 10.6562 1 0 131998683 1 0 328984294
2.8e-09 infty 1.95312 10.5312 292 0 0 254 0 0
2.8e-09 22.4219 2.26562 10.5 1 0 69582 6 0 379983682
2.8e-09 infty 2 10.6094 240 0 0 229 0 0
2.8e-09 infty 2.53125 10.8125 224 0 0 216 0 0
2.8e-09 23.6094 2.34375 10.6875 18 0 0 10 0 480069994
2.8e-09 infty 2.78125 10.5938 270 0 215888 253 0 1076
2.8e-09 infty 2.03125 10.7188 226 0 0 207 0 0
2.8e-09 21.6719 2.48438 10.6406 1 0 389251237 0 0 627
2.8e-09 infty 2.26562 10.5156 265 0 0 256 0 0
2.8e-09 21.5781 2.78125 10.5781 3 0 20344707 2 0 460946166
2.8e-09 20.9062 1.96875 10.5312 2 0 385644208 1 0 21661472
2.8e-09 24.3906 2.39062 10.875 39 0 406979405 47 0 547084
2.8e-09 infty 2.26562 10.5 251 0 0 264 0 0
2.8e-09 infty 2.40625 10.4688 265 0 0 264 0 111654018
2.8e-09 22.3281 2.03125 10.75 3 0 434229511 4 0 0
2.8e-09 infty 1.96875 10.5312 265 0 0 260 0 0
2.8e-09 infty 2.76562 10.5625 262 0 0 237 0 0
2.8e-09 21.7656 1.98438 10.6094 1 0 378795990 2 0 4
2.8e-09 infty 2.46875 10.5938 256 0 0 256 0 0
2.8e-09 26.6719 2.54688 10.9062 266 0 304748874 288 0 2323769
2.8e-09 21.25 2.375 10.8594 5 0 0 1 0 438237213
2.8e-09 infty 3.01562 10.875 277 0 0 281 0 0
2.8e-09 infty 2.42188 10.4844 279 0 0 283 0 0
2.8e-09 25.2031 2.35938 10.75 101 0 231382924 87 0 238089007
2.8e-09 26.0781 2.21875 10.8594 190 0 0 219 0 396822398
2.8e-09 infty 2 10.625 272 0 0 243 0 96866
2.8e-09 infty 2.84375 10.7969 208 0 0 204 0 0
2.8e-09 21.125 2.89062 10.4844 0 0 0 2 0 407709759
2.8e-09 21.0781 1.96875 10.5469 0 0 434454379 0 0 59
2.8e-09 25.1406 1.96875 10.5469 54 0 0 49 0 391415813
2.8e-09 25.8438 2.51562 10.7188 163 0 0 159 0 452126999
2.8e-09 20.5156 2.3125 10.625 0 0 453660441 0 0 0
2.8e-09 infty 2.34375 10.7031 230 0 189086393 218 0 7151294
2.8e-09 infty 2.51562 10.7656 250 0 0 232 0 0
2.8e-09 21.9844 2.90625 10.5 2 0 11210249 2 0 383914740
2.8e-09 22.3594 2.5 10.7031 3 0 388522119 3 0 318106
2.8e-09 infty 1.95312 10.5312 285 0 2595426 276 0 92227
2.8e-09 infty 3.03125 10.9531 278 0 0 281 0 0
2.8e-09 infty 2.21875 10.875 293 0 0 312 0 0
2.8e-09 23.2188 2.01562 10.6562 8 0 0 9 0 403400115
2.8e-09 infty 2.46875 10.5938 242 0 0 253 0 0
2.8e-09 infty 2.29688 10.5625 253 0 0 271 0 0
2.8e-09 infty 2 10.6094 262 0 0 250 0 66660014
2.8e-09 infty 2.28125 10.5469 261 0 0 239 0 47178971
2.8e-09 25.6562 2.75 10.5 142 0 6324 154 0 390444818
2.8e-09 infty 2.85938 10.9062 251 0 361428 276 0 0
2.8e-09 infty 1.96875 10.5469 251 0 0 245 0 0
2.8e-09 infty 2.26562 10.5156 267 0 0 273 0 0
2.8e-09 infty 2.28125 10.5156 262 0 0 287 0 0
2.8e-09 21.2031 2.375 10.8125 0 0 434 0 0 427006032
2.8e-09 25.2344 2 10.6094 112 0 1891467 108 0 413062880
2.8e-09 24.625 2 10.625 43 0 132045555 41 0 293778198
2.8e-09 21.6875 2.96875 10.6562 0 0 376226316 1 0 0
2.8e-09 infty 2.78125 10.5781 239 0 215261693 255 0 0
2.8e-09 20.4375 2.76562 10.5625 0 0 553740 0 0 377981819
2.8e-09 infty 2.89062 10.4688 256 0 7793 240 0 0
2.8e-09 infty 2 10.625 241 0 3900 240 0 0
2.8e-09 20.4375 1.96875 10.5469 0 0 0 2 0 395347150
2.8e-09 24.0781 2.39062 10.875 35 0 500476947 39 0 0
2.8e-09 infty 1.96875 10.5625 259 0 6497052 292 0 0
2.8e-09 infty 2.51562 10.7344 225 0 0 228 0 0
2.8e-09 infty 2.875 10.9375 264 0 784433 318 0 0
2.8e-09 25.3125 2.8125 10.6875 108 0 426356649 114 0 0
2.8e-09 infty 2.79688 10.6094 255 0 0 254 0 0
2.8e-09 21.2969 2.875 10.4531 0 0 467 0 0 492360117
2.8e-09 26.375 2.79688 10.625 222 0 115702 243 0 347432982
2.8e-09 infty 2.5 10.7031 255 0 0 232 0 0
2.8e-09 infty 2.8125 10.6719 249 0 41990 217 0 0
2.8e-09 infty 2.4375 10.5469 249 0 0 246 0 0
2.8e-09 infty 2.84375 10.75 224 0 0 245 0 0
2.8e-09 infty 2.40625 10.4531 298 0 16429 285 0 0
2.8e-09 infty 2.84375 10.7969 228 0 0 209 0 0
2.8e-09 20.5 1.96875 10.5469 0 0 0 0 0 465617804
2.8e-09 infty 2.35938 10.75 240 0 109750 231 0 0
2.8e-09 infty 2.79688 10.625 216 0 0 233 0 80997
2.8e-09 infty 2.03125 10.75 227 0 0 204 0 0
2.8e-09 infty 2.40625 10.4531 278 0 1292 246 0 0
2.8e-09 infty 2.5 10.7031 219 0 34926043 231 0 75779746
2.8e-09 23.1875 2.51562 10.75 6 0 421917045 6 0 4332
2.8e-09 20.6562 2.5 10.6875 0 0 432894736 0 0 0
2.8e-09 infty 2.375 10.8438 229 0 666 210 0 0
2.8e-09 25.2969 2.01562 10.7031 106 0 0 84 0 440119260
2.8e-09 26.5625 2.375 10.7969 264 0 266670598 218 0 0
2.8e-09 infty 2.23438 10.9062 280 0 0 262 0 0
2.8e-09 20.1562 2.84375 10.75 0 0 476112577 1 0 0
2.8e-09 24.2969 2.32812 10.6562 30 0 0 37 0 477581398
2.8e-09 20.5 1.98438 10.5625 1 0 419190889 0 0 38055440
2.8e-09 26.0625 2.76562 10.5469 207 0 118139990 184 0 318782543
2.8e-09 infty 2.25 10.4688 277 0 0 314 0 0
2.8e-09 23.2812 2.85938 10.8281 13 0 468682331 10 0 36358
2.8e-09 23.4062 2.03125 10.7188 8 0 387194088 9 0 0
2.8e-09 26.1875 2.73438 10.4688 269 0 0 260 0 450620036
2.8e-09 infty 2.76562 10.5625 243 0 112805 251 0 0
2.8e-09 infty 2.23438 10.9375 258 0 137067603 279 0 0
2.8e-09 infty 2 10.6094 266 0 0 230 0 3339502
2.8e-09 infty 2.42188 10.4844 291 0 0 279 0 0
2.8e-09 infty 2.40625 10.4531 281 0 0 272 0 0
2.8e-09 infty 2.03125 10.75 195 0 127309091 233 0 0
2.8e-09 infty 2.29688 10.5625 241 0 0 262 0 0
2.8e-09 infty 2.25 10.4688 272 0 0 278 0 0
2.8e-09 infty 2.82812 10.7031 251 0 0 230 0 0
2.8e-09 21.3906 2.25 10.4688 0 0 458533550 1 0 0
2.8e-09 infty 2.25 10.4688 239 0 25706 301 0 110670275
2.8e-09 22.5 2.23438 10.4531 3 0 411687527 6 0 0
2.8e-09 infty 2.40625 10.4688 259 0 2730704 256 0 0
2.8e-09 20.6562 2 10.6094 0 0 496619506 0 0 0
2.8e-09 24.4844 2.54688 10.8594 50 0 41538227 63 0 423677758
2.8e-09 infty 2.04688 10.8125 218 0 0 229 0 4413505
2.8e-09 21.2344 2.01562 10.6719 0 0 0 0 0 401420606
2.8e-09 25.3594 2.03125 10.7188 81 0 0 100 0 404495511
2.8e-09 infty 2.85938 10.875 280 0 0 278 0 728071
2.8e-09 23.6406 2.4375 10.5156 36 0 0 9 0 416371867
2.8e-09 infty 2.51562 10.7188 240 0 233314510 238 0 720528
2.8e-09 20.6094 2.3125 10.6094 0 0 57663981 0 0 408140684
2.8e-09 infty 2.34375 10.7031 226 0 0 239 0 66984587
2.8e-09 infty 2 10.6406 241 0 0 256 0 0
2.8e-09 infty 2.42188 10.5 255 0 0 268 0 0
2.8e-09 infty 2.42188 10.4844 252 0 0 264 0 0
2.8e-09 infty 2.82812 10.7188 221 0 0 218 0 0
2.8e-09 25.2344 2.96875 10.6562 107 0 0 105 0 484999148
2.8e-09 22.6719 2.01562 10.6875 2 0 442564133 3 0 0
2.8e-09 infty 2 10.625 249 0 0 228 0 0
2.8e-09 22.125 1.96875 10.5312 5 0 419428803 2 0 43976
2.8e-09 infty 2.54688 10.9531 299 0 0 309 0 0
2.8e-09 25.2969 2.03125 10.7188 92 0 423183081 101 0 9728993
2.8e-09 infty 2.32812 10.6562 226 0 1367 252 0 0
