2.8e-09 24.375 2.73438 11.25 12 0 437038809 4 0 25817413
2.8e-09 20.3594 2.8125 10.8906 0 0 0 0 0 410080940
2.8e-09 infty 3.4375 10.8125 138 0 0 130 0 397420
2.8e-09 infty 3.3125 10.9219 142 0 0 104 0 0
2.8e-09 25.0625 2.375 11.1094 10 0 23805 8 0 441380495
2.8e-09 infty 2.40625 11.2812 130 0 0 120 0 0
2.8e-09 21.875 2.92188 10.7812 0 0 1429879 0 0 415461036
2.8e-09 22.7656 2.39062 11.125 2 0 505108202 2 0 0
2.8e-09 infty 2.82812 10.9219 123 0 0 115 0 0
2.8e-09 28.2344 2.34375 10.9844 127 0 0 127 0 306829012
2.8e-09 25.0938 2.375 11.0938 6 0 0 10 0 515675580
2.8e-09 infty 2.875 11.0781 174 0 25322 151 0 0
2.8e-09 infty 2.96875 10.875 141 0 0 131 0 104408981
2.8e-09 20.8281 3.46875 10.875 0 0 426987228 0 0 4
2.8e-09 22.0625 2.5 10.9531 1 0 441867773 0 0 7514728
2.8e-09 infty 2.89062 11.1875 136 0 12390055 149 0 0
2.8e-09 26.4219 2.73438 11.25 42 0 72691 44 0 500118464
2.8e-09 infty 3.45312 10.8594 130 0 0 128 0 0
2.8e-09 24.8438 3.42188 10.7812 10 0 500700733 12 0 5762552
2.8e-09 infty 3.04688 11.125 157 0 0 134 0 0
2.8e-09 26.4219 2.42188 10.7812 26 0 512929412 33 0 0
2.8e-09 27.8594 2.9375 10.8125 103 0 0 110 0 395469245
2.8e-09 infty 2.75 11.2656 153 0 0 144 0 0
2.8e-09 25.5312 2.51562 11 11 0 409862904 15 0 0
2.8e-09 infty 3.40625 11.2188 138 0 199200 145 0 0
2.8e-09 25.75 3.04688 11.0938 17 0 442877456 14 0 0
2.8e-09 infty 2.9375 10.8125 129 0 0 114 0 0
2.8e-09 infty 2.875 11.0781 153 0 0 132 0 0
2.8e-09 infty 2.92188 11.2969 129 0 0 157 0 0
2.8e-09 infty 2.51562 11.0156 113 0 0 108 0 0
2.8e-09 26.0156 2.85938 11.0469 26 0 494786837 36 0 0
2.8e-09 26.7812 3.0625 11.1562 47 0 432891824 44 0 0
2.8e-09 24.4844 2.84375 11 3 0 414132196 5 0 0
2.8e-09 infty 2.75 10.7812 153 0 0 149 0 0
2.8e-09 infty 2.84375 11 112 0 0 99 0 9557
2.8e-09 21.8594 3 10.9844 0 0 407852730 0 0 0
2.8e-09 infty 2.46875 10.875 151 0 0 131 0 0
2.8e-09 infty 2.42188 10.7812 154 0 0 121 0 0
2.8e-09 23.1406 2.34375 10.9688 0 0 0 0 0 437094460
2.8e-09 infty 2.35938 11.0156 112 0 0 126 0 0
2.8e-09 infty 3.0625 11.1719 155 0 0 127 0 0
2.8e-09 infty 3.29688 10.8906 124 0 0 137 0 246477
2.8e-09 infty 3.3125 10.9219 123 0 0 133 0 131504
2.8e-09 infty 2.75 11.2812 141 0 487869 129 0 0
2.8e-09 25.625 2.54688 11.1094 9 0 0 11 0 406868839
2.8e-09 infty 3.01562 10.9844 115 0 0 112 0 0
2.8e-09 infty 2.84375 11 109 0 5234 105 0 0
2.8e-09 26.7812 2.89062 11.1406 57 0 121317 50 0 406210081
2.8e-09 infty 2.8125 10.9062 128 0 0 141 0 0
2.8e-09 27.9844 2.9375 10.8281 144 0 438871252 128 0 0
2.8e-09 21.75 2.42188 10.7969 0 0 493116576 0 0 45518
2.8e-09 infty 2.9375 10.8125 115 0 0 134 0 0
2.8e-09 28.2188 2.48438 10.9219 142 0 0 110 0 318801640
2.8e-09 infty 2.96875 10.8906 137 0 41752926 115 0 85049577
2.8e-09 infty 3.32812 10.9375 128 0 0 121 0 0
2.8e-09 infty 2.46875 10.875 121 0 21783 127 0 57543833
2.8e-09 23.5625 2.875 11.0781 0 0 0 1 0 496601211
2.8e-09 26.9844 2.42188 10.7969 56 0 408805436 59 0 0
2.8e-09 23.1875 2.39062 11.1719 1 0 441391319 1 0 4128067
2.8e-09 infty 2.4375 10.7969 134 0 1639538 142 0 0
2.8e-09 infty 2.53125 11.0312 103 0 0 109 0 0
2.8e-09 24.375 3.45312 10.8594 4 0 488225984 4 0 0
2.8e-09 infty 2.85938 11.0469 121 0 0 105 0 0
2.8e-09 26.2969 2.54688 11.125 38 0 447419961 34 0 0
2.8e-09 25.4531 2.46875 10.875 18 0 2565240 22 0 450345747
2.8e-09 22.3906 2.51562 11.0156 0 0 597 0 0 501463532
2.8e-09 21.125 2.90625 11.2812 1 0 441724579 0 0 0
2.8e-09 22.5156 2.82812 10.9531 1 0 49 0 0 436646765
2.8e-09 28.4375 2.39062 11.1406 129 0 0 138 0 308199515
2.8e-09 26.9219 2.78125 10.8438 50 0 467201942 41 0 0
2.8e-09 infty 2.39062 11.1875 149 0 0 161 0 0
2.8e-09 infty 2.34375 10.9688 120 0 0 146 0 150627
2.8e-09 infty 2.85938 11.0156 115 0 0 114 0 0
2.8e-09 infty 2.82812 10.9531 102 0 0 121 0 0
2.8e-09 27.3125 2.42188 10.7812 96 0 466488527 79 0 0
2.8e-09 22.125 2.75 10.7812 1 0 474151980 0 0 0
2.8e-09 infty 3.0625 11.2344 155 0 0 149 0 0
2.8e-09 22.1562 2.92188 10.7812 0 0 0 0 0 444329009
2.8e-09 infty 2.375 11.1094 142 0 0 161 0 0
2.8e-09 26.0625 2.78125 10.8438 44 0 460936536 33 0 0
2.8e-09 21.5625 3 10.9531 0 0 495354388 0 0 0
2.8e-09 infty 2.375 11.0938 173 0 0 132 0 0
2.8e-09 27.2031 2.5 10.9531 67 0 408014806 72 0 231568
2.8e-09 21.4688 2.78125 10.8281 0 0 431244280 0 0 3593186
2.8e-09 infty 2.32812 10.9688 138 0 109885 128 0 0
2.8e-09 infty 3.01562 11.0156 108 0 322271 125 0 0
2.8e-09 21.375 2.45312 10.8594 0 0 0 0 0 527168629
2.8e-09 infty 2.875 11.0781 161 0 0 144 0 174715254
2.8e-09 infty 3.29688 10.8906 105 0 160089276 134 0 0
2.8e-09 infty 2.35938 11.0156 120 0 0 106 0 3487
2.8e-09 infty 2.39062 11.1562 152 0 0 177 0 0
2.8e-09 infty 3.39062 11.1875 135 0 0 153 0 54722
2.8e-09 infty 2.875 11.0781 149 0 239384 140 0 0
2.8e-09 infty 2.92188 10.7969 137 0 0 151 0 4612
2.8e-09 22.1719 2.35938 11.0156 0 0 0 1 0 417522654
2.8e-09 infty 2.34375 11.0156 96 0 12147748 130 0 0
2.8e-09 infty 3.32812 10.9688 128 0 0 120 0 0
2.8e-09 infty 3.35938 11.0156 118 0 0 104 0 6262263
2.8e-09 infty 2.39062 11.1719 145 0 0 123 0 0
2.8e-09 26.7656 3.03125 11.0469 46 0 0 38 0 449414327
2.8e-09 infty 2.98438 10.9062 145 0 0 102 0 0
2.8e-09 infty 2.46875 10.875 135 0 0 145 0 0
2.8e-09 infty 3.4375 10.8125 140 0 0 100 0 0
2.8e-09 25.9844 2.34375 10.9688 12 0 33407179 16 0 368304266
2.8e-09 infty 2.5 10.9688 136 0 0 130 0 1894
2.8e-09 26.5625 2.51562 11.0156 33 0 0 38 0 411174647
2.8e-09 21.0312 2.34375 10.9688 1 0 485146419 0 0 0
2.8e-09 infty 2.375 11.0625 161 0 0 149 0 0
2.8e-09 infty 2.45312 10.8438 131 0 0 141 0 0
2.8e-09 20.5312 2.32812 10.9531 0 0 463826275 0 0 0
2.8e-09 27.5 2.51562 11 77 0 415529510 71 0 0
2.8e-09 20.5 2.375 11.0781 0 0 425283583 0 0 770541
2.8e-09 22.7656 2.875 11.0781 0 0 475728965 0 0 0
2.8e-09 21.25 2.90625 11.2812 0 0 494145258 0 0 0
2.8e-09 21.1875 2.40625 11.2812 0 0 409953617 0 0 0
2.8e-09 infty 2.5 10.9531 114 0 0 113 0 0
2.8e-09 24 2.32812 10.9688 1 0 352566545 0 0 71177876
2.8e-09 infty 2.39062 11.1562 150 0 0 139 0 0
2.8e-09 infty 3.25 10.7969 135 0 0 138 0 0
2.8e-09 24.4062 2.78125 10.8594 6 0 0 2 0 457472307
2.8e-09 infty 3.28125 10.8438 125 0 0 125 0 19149586
2.8e-09 infty 3 10.9688 112 0 0 125 0 0
2.8e-09 24.9844 3.28125 10.8281 5 0 0 10 0 453236811
2.8e-09 infty 2.9375 10.8125 131 0 4016 123 0 555592
2.8e-09 infty 2.75 11.2812 147 0 0 125 0 0
2.8e-09 24.5 2.46875 10.8906 2 0 44454369 5 0 401452090
2.8e-09 27.3906 2.40625 11.2188 74 0 436546621 94 0 0
2.8e-09 20 2.48438 10.9219 0 0 432777192 0 0 0
2.8e-09 24.5156 3 10.9531 4 0 515359764 2 0 0
2.8e-09 26.5625 3 10.9531 36 0 447458899 39 0 0
2.8e-09 27.5 2.34375 11 102 0 477120704 97 0 0
2.8e-09 infty 2.40625 11.2188 135 0 0 128 0 0
2.8e-09 infty 2.84375 10.9688 108 0 0 116 0 107696634
2.8e-09 infty 2.89062 11.1875 151 0 0 159 0 1006
2.8e-09 infty 3.0625 11.2188 156 0 0 135 0 7223154
2.8e-09 infty 2.34375 11 127 0 0 110 0 0
2.8e-09 infty 3 10.9375 123 0 0 120 0 0
2.8e-09 infty 3.39062 11.1719 157 0 38387336 146 0 0
2.8e-09 infty 2.40625 11.2656 125 0 131158 117 0 0
2.8e-09 21.2031 2.96875 10.8906 1 0 436705378 0 0 49035197
2.8e-09 22.3438 2.40625 11.2656 0 0 430377151 0 0 0
2.8e-09 infty 2.76562 10.7969 143 0 180464371 147 0 0
2.8e-09 infty 3.29688 10.8906 140 0 0 103 0 130516446
2.8e-09 infty 2.79688 10.8594 131 0 715243 152 0 0
2.8e-09 infty 2.34375 10.9844 121 0 0 116 0 0
2.8e-09 infty 2.5 10.9375 127 0 0 132 0 0
2.8e-09 21.2188 2.89062 11.125 0 0 0 0 0 525647033
2.8e-09 23.5 2.54688 11.125 0 0 0 1 0 434749770
2.8e-09 26.2344 3 10.9844 28 0 0 34 0 403245979
2.8e-09 infty 2.73438 11.2344 132 0 0 120 0 0
2.8e-09 infty 2.42188 10.7812 136 0 0 142 0 42136
2.8e-09 22.7344 3.28125 10.8594 1 0 510714333 2 0 6123507
2.8e-09 25.4219 2.76562 10.8125 6 0 410693739 13 0 0
2.8e-09 infty 3.01562 10.9844 116 0 0 130 0 0
2.8e-09 infty 2.82812 10.9688 126 0 0 109 0 462
2.8e-09 22.7188 2.54688 11.1094 0 0 0 1 0 505290983
2.8e-09 infty 3.29688 10.8594 142 0 0 121 0 0
2.8e-09 infty 2.5625 11.1562 156 0 0 160 0 16229
2.8e-09 20.6719 3.26562 10.8281 0 0 421700987 0 0 0
2.8e-09 infty 2.42188 10.7812 153 0 0 150 0 0
2.8e-09 infty 2.46875 10.875 140 0 896349 131 0 0
2.8e-09 21.8125 3.07812 11.2344 0 0 0 0 0 443194937
2.8e-09 infty 3.25 10.7969 159 0 0 142 0 0
2.8e-09 infty 2.4375 10.8125 132 0 0 127 0 0
2.8e-09 infty 3.29688 10.875 130 0 0 135 0 0
2.8e-09 22.75 2.79688 10.875 1 0 481700887 0 0 0
2.8e-09 infty 2.89062 11.1875 154 0 0 131 0 0
2.8e-09 25.9531 3.07812 11.2656 26 0 0 24 0 408772023
2.8e-09 25.5625 2.32812 10.9688 13 0 0 18 0 447239197
2.8e-09 infty 2.54688 11.1406 181 0 0 132 0 61641861
2.8e-09 28.5156 2.76562 10.7969 119 0 0 135 0 275634490
2.8e-09 22.9531 2.76562 10.8281 2 0 496776733 1 0 0
2.8e-09 26.0469 2.51562 11 18 0 502123273 23 0 0
2.8e-09 infty 2.4375 10.8125 124 0 0 130 0 0
2.8e-09 21.4062 2.42188 11.2969 0 0 0 0 0 503261880
2.8e-09 22.0469 2.8125 10.8906 0 0 228395 0 0 520378153
2.8e-09 infty 2.53125 11.0625 142 0 555341 162 0 28408868
2.8e-09 21.1562 2.75 10.7812 0 0 430466817 0 0 0
2.8e-09 infty 3.35938 11.0156 146 0 0 128 0 0
2.8e-09 infty 2.32812 10.9688 104 0 0 113 0 0
2.8e-09 21.8125 2.48438 10.9062 0 0 150398218 0 0 285617023
2.8e-09 26.7188 2.35938 11.0312 52 0 0 41 0 443619413
2.8e-09 22 3.29688 10.8594 0 0 345137716 0 0 151512727
2.8e-09 25.3125 2.45312 10.8438 12 0 0 16 0 468897342
2.8e-09 infty 2.42188 10.7812 157 0 0 121 0 0
2.8e-09 26.1406 2.34375 11 22 0 30159 28 0 439200947
2.8e-09 26.5469 2.32812 10.9688 27 0 1213 28 0 423680762
2.8e-09 23.9531 2.51562 11 3 0 0 3 0 515140288
2.8e-09 infty 2.9375 10.8125 144 0 0 136 0 0
2.8e-09 25.9062 2.76562 10.8281 21 0 467409900 23 0 0
2.8e-09 infty 2.5 10.9688 110 0 0 128 0 0
2.8e-09 26.5156 2.32812 10.9688 43 0 0 35 0 474143323
2.8e-09 23.1719 3.34375 10.9844 2 0 0 1 0 518710538
2.8e-09 23.875 2.73438 11.2344 0 0 0 0 0 454658652
2.8e-09 infty 2.92188 10.7812 149 0 0 133 0 0
2.8e-09 infty 2.90625 11.2812 124 0 0 144 0 0
2.8e-09 23.4219 2.96875 10.875 1 0 402908119 1 0 0
2.8e-09 22.2969 2.4375 10.8281 1 0 199649081 1 0 258132910
2.8e-09 25.625 2.53125 11.0625 24 0 305320928 16 0 207710893
2.8e-09 infty 2.39062 11.1719 137 0 6198720 160 0 194203387
2.8e-09 infty 3.01562 11 132 0 0 91 0 0
2.8e-09 22.0312 2.53125 11.0312 0 0 481875330 0 0 10729414
2.8e-09 infty 3.42188 10.7969 147 0 0 134 0 0
2.8e-09 infty 2.51562 10.9844 122 0 0 106 0 0
2.8e-09 infty 2.98438 10.9375 106 0 0 133 0 0
2.8e-09 24.9219 3.29688 10.875 5 0 0 8 0 500823103
2.8e-09 25.5625 2.54688 11.1094 11 0 438830234 15 0 0
2.8e-09 infty 2.42188 10.7969 128 0 0 145 0 0
2.8e-09 23.7812 2.95312 10.8594 1 0 0 0 0 447044139
2.8e-09 infty 2.82812 10.9375 137 0 0 137 0 0
2.8e-09 27.3438 2.53125 11.0469 52 0 394045447 68 0 4070246
2.8e-09 infty 3.32812 10.9375 103 0 0 118 0 0
2.8e-09 24.0312 3.32812 10.9688 5 0 230148213 6 0 244688436
2.8e-09 infty 2.78125 10.8594 128 0 0 120 0 0
2.8e-09 infty 2.85938 11.0469 104 0 0 126 0 0
2.8e-09 infty 2.4375 10.8281 148 0 0 142 0 0
2.8e-09 27.25 2.35938 11.0312 38 0 407113950 43 0 0
2.8e-09 27.125 2.89062 11.125 56 0 0 56 0 473328153
2.8e-09 infty 2.84375 10.9844 127 0 0 119 0 3163
2.8e-09 infty 2.79688 10.875 117 0 0 117 0 0
2.8e-09 21.3125 2.40625 11.25 0 0 0 0 0 440796637
2.8e-09 infty 3.0625 11.2188 155 0 2590079 109 0 0
2.8e-09 24.3281 3.45312 10.875 2 0 0 1 0 516569382
2.8e-09 infty 3.39062 11.1562 145 0 4308 146 0 0
2.8e-09 infty 2.76562 10.7969 127 0 0 139 0 0
2.8e-09 22.25 2.42188 11.2969 1 0 0 0 0 489291875
2.8e-09 26.0469 2.42188 10.7969 41 0 0 16 0 478085105
2.8e-09 25.25 2.54688 11.0938 10 0 407086016 6 0 0
2.8e-09 25.6562 2.32812 10.9688 15 0 0 21 0 507813299
2.8e-09 25.2656 3.4375 10.8281 21 0 500512651 14 0 0
2.8e-09 infty 2.92188 10.7969 137 0 7377349 128 0 0
2.8e-09 21.0938 2.89062 11.1875 0 0 486609383 0 0 0
2.8e-09 22.6875 2.85938 11.0469 1 0 416847117 0 0 72008887
2.8e-09 infty 2.39062 11.1406 157 0 0 133 0 0
2.8e-09 infty 3.39062 11.1719 131 0 125171 140 0 0
2.8e-09 infty 2.78125 10.8438 135 0 0 127 0 121303749
2.8e-09 24.1875 3.375 11.0625 5 0 0 7 0 472919338
2.8e-09 27.4062 2.45312 10.8594 80 0 405012984 87 0 0
2.8e-09 23.0156 2.34375 10.9844 0 0 443046812 0 0 0
2.8e-09 infty 3.34375 10.9688 123 0 14168364 121 0 335650
2.8e-09 26.625 2.8125 10.9219 40 0 404368424 27 0 0
2.8e-09 infty 2.92188 10.7812 139 0 0 123 0 0
2.8e-09 25.3281 3.04688 11.125 7 0 0 8 0 418132514
2.8e-09 infty 2.34375 10.9844 107 0 0 140 0 0
2.8e-09 infty 3.40625 11.2812 122 0 37275722 125 0 0
2.8e-09 infty 2.75 10.7812 139 0 13087426 160 0 0
2.8e-09 infty 2.875 11.0781 137 0 0 147 0 0
2.8e-09 20.8594 2.32812 10.9688 0 0 329457660 0 0 169065004
2.8e-09 infty 2.51562 11 125 0 6839927 115 0 0
2.8e-09 27.6094 2.5 10.9844 78 0 20097373 106 0 387445299
2.8e-09 infty 3.25 10.7969 130 0 0 155 0 0
2.8e-09 27.5312 2.51562 11 83 0 88015138 94 0 370996272
2.8e-09 infty 2.46875 10.9062 110 0 0 136 0 0
2.8e-09 infty 2.5625 11.2031 158 0 0 148 0 0
2.8e-09 infty 2.75 10.7812 136 0 0 161 0 296912
2.8e-09 20.8594 2.90625 11.2812 0 0 0 0 0 413614483
2.8e-09 23.5625 2.84375 10.9688 2 0 435208993 2 0 0
2.8e-09 infty 2.54688 11.1094 131 0 0 138 0 0
2.8e-09 infty 2.75 11.2969 138 0 0 142 0 29984711
2.8e-09 28.3281 2.875 11.0938 148 0 0 162 0 361771887
2.8e-09 24.5156 2.8125 10.9219 3 0 0 3 0 524973635
2.8e-09 infty 2.54688 11.0938 160 0 0 126 0 0
2.8e-09 25.4062 3.42188 10.7969 11 0 0 10 0 424608079
2.8e-09 20.7656 3.32812 10.9375 0 0 321424707 0 0 156683293
2.8e-09 infty 2.4375 10.8125 152 0 0 137 0 80123
2.8e-09 infty 2.45312 10.8438 134 0 13142796 130 0 0
2.8e-09 infty 2.45312 10.8438 104 0 0 138 0 389109
2.8e-09 28.3906 2.375 11.0781 125 0 333589454 152 0 0
2.8e-09 infty 2.375 11.0625 146 0 0 141 0 0
2.8e-09 22.1562 3.35938 11.0469 0 0 433305579 0 0 0
2.8e-09 21.25 2.40625 11.25 0 0 16327834 0 0 413990853
2.8e-09 27.7812 2.375 11.0938 97 0 448804561 91 0 0
2.8e-09 25.0938 3.35938 11.0625 6 0 0 4 0 454279333
2.8e-09 25.3438 2.96875 10.875 5 0 26046049 12 0 422185812
2.8e-09 22.2188 2.75 10.7812 0 0 506289455 0 0 0
2.8e-09 infty 3.07812 11.2344 146 0 0 155 0 0
2.8e-09 infty 2.98438 10.9375 115 0 0 116 0 0
2.8e-09 infty 3.34375 11 107 0 0 132 0 0
2.8e-09 26.7344 2.5 10.9844 48 0 450453194 56 0 7530147
2.8e-09 23.4531 2.34375 10.9844 0 0 24195307 0 0 470806839
2.8e-09 infty 3.375 11.0781 160 0 173572 144 0 9171851
2.8e-09 infty 2.98438 10.9219 121 0 0 114 0 0
2.8e-09 infty 2.8125 10.9062 147 0 0 107 0 0
2.8e-09 infty 3.35938 11.0625 155 0 1099215 151 0 644
2.8e-09 infty 2.45312 10.8594 134 0 0 117 0 0
2.8e-09 infty 2.4375 10.7969 145 0 0 153 0 0
2.8e-09 25.0625 2.875 11.0625 15 0 16969661 9 0 482372081
2.8e-09 infty 2.34375 10.9688 122 0 0 120 0 0
2.8e-09 infty 2.79688 10.875 111 0 0 132 0 0
2.8e-09 24.8438 3.42188 10.7969 9 0 0 7 0 419037569
2.8e-09 23.5 2.89062 11.125 0 0 181072957 0 0 283460223
2.8e-09 infty 3.3125 10.9062 130 0 172999 102 0 4751
2.8e-09 infty 2.40625 11.25 125 0 0 125 0 1149248
2.8e-09 22.4375 2.82812 10.9531 0 0 572514 0 0 458996243
2.8e-09 infty 2.75 11.2812 148 0 0 163 0 5435298
2.8e-09 25.1094 2.89062 11.1406 2 0 445322746 3 0 0
2.8e-09 infty 3.45312 10.8594 142 0 938168 137 0 0
2.8e-09 25.9219 2.79688 10.8594 17 0 0 21 0 457538795
2.8e-09 23.5312 2.78125 10.8281 1 0 397315715 1 0 0
2.8e-09 25.7344 2.89062 11.1875 19 0 456370237 15 0 0
2.8e-09 21.2656 3.29688 10.875 0 0 319678 0 0 477875346
2.8e-09 27.2812 2.42188 10.7812 66 0 488456913 74 0 0
2.8e-09 infty 2.375 11.0625 162 0 0 156 0 0
2.8e-09 26.8906 2.42188 10.7969 47 0 820401 37 0 436236459
2.8e-09 infty 2.32812 10.9531 111 0 0 130 0 120267865
2.8e-09 24.7656 3.03125 11.0625 4 0 438921294 3 0 0
2.8e-09 22.3594 2.48438 10.9375 0 0 0 1 0 418198134
2.8e-09 24.25 2.375 11.0625 16 0 426423917 7 0 0
2.8e-09 26.2031 2.5625 11.1562 16 0 415890156 21 0 0
2.8e-09 21.2812 3.3125 10.9375 0 0 447760932 0 0 0
2.8e-09 infty 3.26562 10.8125 151 0 0 135 0 0
2.8e-09 infty 2.82812 10.9531 104 0 9354 122 0 7753890
2.8e-09 28.2344 2.5 10.9844 131 0 312097546 137 0 0
2.8e-09 infty 3.34375 10.9844 132 0 112313 88 0 0
2.8e-09 infty 2.73438 11.2188 137 0 0 130 0 140100
2.8e-09 infty 3.45312 10.875 117 0 0 102 0 0
2.8e-09 21.9062 2.96875 10.8906 2 0 495550187 0 0 390
2.8e-09 26.2188 2.35938 11.0312 33 0 0 27 0 503468817
2.8e-09 infty 3.0625 11.1719 155 0 0 142 0 2021655
2.8e-09 infty 2.78125 10.8438 144 0 2026 152 0 0
2.8e-09 infty 3.45312 10.8438 136 0 533 130 0 0
2.8e-09 23.5469 2.48438 10.9062 1 0 416949535 1 0 19205380
2.8e-09 22.9062 2.40625 11.2656 0 0 479826387 1 0 2307949
2.8e-09 infty 2.39062 11.1719 141 0 0 151 0 0
2.8e-09 24.9375 2.90625 11.2188 8 0 445930013 6 0 0
2.8e-09 21.1719 2.9375 10.8125 1 0 10787868 0 0 498445428
2.8e-09 20.75 2.8125 10.8906 0 0 0 0 0 481862240
2.8e-09 infty 2.39062 11.1406 145 0 0 139 0 0
2.8e-09 22.8594 2.9375 10.8281 1 0 475024247 1 0 51974622
2.8e-09 21.5469 2.34375 10.9844 0 0 61 0 0 515604017
2.8e-09 24.0469 2.96875 10.875 2 0 0 2 0 453024906
2.8e-09 infty 3.03125 11.0625 133 0 32469 150 0 0
2.8e-09 infty 3.45312 10.8438 128 0 0 138 0 0
2.8e-09 infty 2.78125 10.8438 139 0 0 119 0 164891
2.8e-09 25.2969 2.4375 10.8125 9 0 78846996 11 0 399769252
2.8e-09 24.5625 2.34375 10.9844 5 0 410407250 3 0 0
2.8e-09 infty 2.375 11.0938 151 0 0 147 0 0
2.8e-09 28.0156 2.5 10.9844 111 0 190289165 115 0 231213393
2.8e-09 infty 2.46875 10.9062 124 0 0 127 0 0
2.8e-09 infty 2.89062 11.1406 145 0 0 151 0 0
2.8e-09 infty 2.84375 10.9844 141 0 0 120 0 141908524
2.8e-09 22.8438 3 10.9688 0 0 406697581 1 0 0
2.8e-09 infty 2.42188 11.2812 155 0 0 129 0 0
2.8e-09 22.5312 2.82812 10.9531 0 0 45 0 0 398408153
2.8e-09 infty 2.45312 10.8594 122 0 0 121 0 0
2.8e-09 26.4531 2.75 10.7812 23 0 0 38 0 479150971
2.8e-09 19.1875 3.29688 10.8594 0 0 158407554 0 0 263336302
2.8e-09 21.75 2.46875 10.875 0 0 148517 0 0 485075213
2.8e-09 infty 2.5 10.9688 119 0 0 105 0 471408
2.8e-09 21.7812 2.42188 10.7812 0 0 0 0 0 465014886
2.8e-09 infty 2.96875 10.9062 140 0 22113 127 0 0
2.8e-09 infty 3.4375 10.8125 132 0 24935112 137 0 0
2.8e-09 21.4062 2.35938 11.0625 0 0 502235314 0 0 0
2.8e-09 infty 3.01562 11 99 0 0 106 0 0
2.8e-09 23.2656 2.89062 11.1562 1 0 37839 2 0 525770498
2.8e-09 21.9062 2.42188 11.2812 0 0 494375945 0 0 0
2.8e-09 infty 3.03125 11.0312 113 0 0 111 0 0
2.8e-09 infty 2.54688 11.1094 141 0 0 126 0 0
2.8e-09 infty 3.39062 11.1719 124 0 0 139 0 0
2.8e-09 infty 2.35938 11.0156 123 0 0 110 0 0
2.8e-09 22.0781 2.84375 11 0 0 504104427 0 0 0
2.8e-09 26.9688 2.96875 10.8906 52 0 117567 43 0 420850107
2.8e-09 infty 2.46875 10.875 123 0 0 117 0 0
2.8e-09 infty 3.29688 10.8594 120 0 0 142 0 0
2.8e-09 infty 2.95312 10.875 114 0 0 131 0 1279959
2.8e-09 infty 2.40625 11.2344 146 0 189826250 139 0 1901127
2.8e-09 infty 3.39062 11.1406 155 0 0 153 0 0
2.8e-09 21.1094 2.90625 11.2188 0 0 244361 0 0 443269544
2.8e-09 23.1406 2.875 11.0781 3 0 374773429 0 0 133880443
2.8e-09 infty 2.89062 11.1875 131 0 0 135 0 0
2.8e-09 20.5781 2.39062 11.1406 0 0 124928047 0 0 371750385
2.8e-09 infty 3.04688 11.1094 158 0 0 116 0 0
2.8e-09 22.625 2.90625 11.25 0 0 0 1 0 487141420
2.8e-09 infty 3.26562 10.8125 127 0 0 150 0 0
2.8e-09 22.4531 2.5 10.9688 0 0 480569595 0 0 190559
2.8e-09 infty 2.54688 11.1094 136 0 0 178 0 0
2.8e-09 infty 3.4375 10.8438 120 0 0 116 0 2421344
2.8e-09 infty 2.40625 11.2344 152 0 0 155 0 0
2.8e-09 infty 2.90625 11.2344 129 0 0 149 0 0
2.8e-09 infty 2.34375 10.9688 119 0 0 135 0 3258
2.8e-09 infty 2.375 11.0938 152 0 33770378 153 0 0
2.8e-09 23.0781 2.5 10.9531 1 0 0 0 0 404107315
2.8e-09 infty 2.34375 10.9844 122 0 0 126 0 0
2.8e-09 infty 3.28125 10.8438 123 0 0 118 0 0
2.8e-09 infty 2.53125 11.0312 113 0 0 114 0 0
2.8e-09 25.7344 3.03125 11.0312 28 0 52805085 19 0 417125074
2.8e-09 21.4062 3.28125 10.8281 0 0 0 0 0 493987079
2.8e-09 26.4219 2.5 10.9531 45 0 10473544 36 0 490053445
2.8e-09 25.5938 2.46875 10.875 20 0 417729042 13 0 5520
2.8e-09 infty 2.40625 11.25 129 0 0 142 0 0
2.8e-09 22.0625 3.04688 11.0938 0 0 0 0 0 518120432
2.8e-09 infty 3.03125 11.0469 117 0 0 116 0 0
2.8e-09 infty 3.26562 10.8125 123 0 0 142 0 0
2.8e-09 22.7031 3.07812 11.25 0 0 0 1 0 418772340
2.8e-09 infty 2.9375 10.8281 153 0 0 144 0 0
2.8e-09 infty 2.5625 11.2031 137 0 0 176 0 0
2.8e-09 26.0781 2.46875 10.875 31 0 279874103 25 0 177360632
2.8e-09 25.8594 2.79688 10.875 16 0 0 16 0 503978552
2.8e-09 19.9062 3.34375 10.9688 0 0 0 0 0 514710295
2.8e-09 infty 2.85938 11.0469 102 0 0 134 0 0
2.8e-09 23.3906 2.34375 11 0 0 427762345 0 0 0
2.8e-09 28.4375 2.89062 11.1406 125 0 0 149 0 309947432
2.8e-09 27.5156 3.28125 10.8594 79 0 0 106 0 474158775
2.8e-09 infty 2.4375 10.7969 130 0 0 127 0 0
2.8e-09 infty 2.32812 10.9688 118 0 0 117 0 0
2.8e-09 22.9062 2.5 10.9531 0 0 0 0 0 487768715
2.8e-09 21.7188 2.875 11.0938 0 0 515253554 0 0 0
2.8e-09 infty 2.76562 10.8125 120 0 0 140 0 0
2.8e-09 20.0312 3.34375 10.9844 0 0 0 0 0 413865667
2.8e-09 24.6094 2.53125 11.0625 1 0 409892650 2 0 0
2.8e-09 infty 2.54688 11.1094 158 0 0 166 0 0
2.8e-09 infty 3.3125 10.9219 119 0 0 129 0 383150
2.8e-09 infty 2.95312 10.8438 114 0 0 122 0 0
2.8e-09 25.9844 2.85938 11.0156 14 0 1082326 21 0 417377676
2.8e-09 22.7344 2.73438 11.2656 1 0 438533293 1 0 0
2.8e-09 infty 2.76562 10.8125 136 0 0 140 0 0
2.8e-09 27.2812 3.04688 11.0938 94 0 0 79 0 481231437
2.8e-09 28.5469 2.53125 11.0625 133 0 268466695 149 0 0
2.8e-09 22.3281 2.45312 10.8438 0 0 0 0 0 420519980
2.8e-09 infty 3.375 11.0938 150 0 440187 176 0 0
2.8e-09 24.5625 2.375 11.0625 1 0 1791335 4 0 455006118
2.8e-09 25.4844 2.76562 10.8125 17 0 426401338 8 0 53173525
2.8e-09 infty 2.54688 11.1406 157 0 0 144 0 2901084
2.8e-09 infty 3.03125 11.0625 156 0 0 147 0 579469
2.8e-09 infty 2.53125 11.0312 116 0 138551 130 0 0
2.8e-09 infty 3.28125 10.8438 129 0 3713795 130 0 0
2.8e-09 22.2969 2.75 10.7812 0 0 478203404 1 0 0
2.8e-09 28.4531 2.8125 10.9062 118 0 0 126 0 302716668
2.8e-09 25.5469 3.03125 11.0312 15 0 446456872 20 0 0
2.8e-09 infty 2.8125 10.9219 125 0 0 126 0 0
2.8e-09 23.5469 2.5 10.9688 0 0 447123928 0 0 0
2.8e-09 26.5 2.34375 10.9844 34 0 453015476 33 0 0
2.8e-09 infty 3.01562 11.0156 128 0 0 107 0 0
2.8e-09 infty 2.5 10.9688 112 0 56230365 133 0 0
2.8e-09 28.0938 3.3125 10.9062 128 0 290320 119 0 379468326
2.8e-09 27.1562 2.98438 10.9219 76 0 437519987 61 0 954856
2.8e-09 infty 2.79688 10.875 145 0 0 127 0 0
2.8e-09 infty 2.34375 10.9844 110 0 0 122 0 91127
2.8e-09 infty 2.42188 10.7812 139 0 0 144 0 0
2.8e-09 infty 2.8125 10.9062 123 0 0 135 0 0
2.8e-09 infty 3.03125 11.0625 147 0 0 151 0 0
2.8e-09 infty 3.375 11.1094 174 0 0 143 0 0
2.8e-09 infty 3.01562 11 135 0 0 120 0 0
2.8e-09 infty 2.73438 11.25 162 0 0 135 0 21349824
2.8e-09 infty 3.34375 10.9844 113 0 0 139 0 640626
2.8e-09 23.5 2.5 10.9531 3 0 411342391 0 0 0
2.8e-09 infty 3.40625 11.2344 128 0 48986 126 0 0
2.8e-09 infty 2.78125 10.8281 129 0 1115415 125 0 0
2.8e-09 infty 2.4375 10.8281 139 0 0 145 0 0
2.8e-09 27.4219 2.76562 10.7969 73 0 0 76 0 417420679
2.8e-09 21.8438 2.5 10.9844 0 0 418387837 0 0 0
2.8e-09 22.4062 2.84375 10.9844 0 0 520791778 0 0 0
2.8e-09 infty 2.40625 11.2344 163 0 0 113 0 0
2.8e-09 26.0938 2.48438 10.9375 42 0 487921659 36 0 248012
2.8e-09 23.1406 2.53125 11.0469 1 0 0 1 0 492199377
2.8e-09 26.4062 2.39062 11.1719 32 0 59550 36 0 420053967
2.8e-09 infty 2.98438 10.9375 132 0 0 117 0 0
2.8e-09 24.2812 3.07812 11.2812 2 0 44285 4 0 414084345
2.8e-09 infty 2.39062 11.125 168 0 271576 143 0 0
2.8e-09 20.5469 3.39062 11.1406 0 0 273934 0 0 512690791
2.8e-09 infty 2.5 10.9531 120 0 0 128 0 0
2.8e-09 infty 2.46875 10.9062 145 0 0 131 0 0
2.8e-09 infty 2.78125 10.8594 135 0 35 116 0 0
2.8e-09 28.125 3.375 11.1094 157 0 0 136 0 472961725
2.8e-09 infty 2.46875 10.8906 120 0 0 125 0 0
2.8e-09 infty 3.40625 11.25 121 0 0 133 0 0
2.8e-09 24.1562 2.375 11.0625 1 0 0 2 0 508787073
2.8e-09 infty 2.5625 11.2188 124 0 0 148 0 6281
2.8e-09 infty 2.4375 10.8125 139 0 0 142 0 0
2.8e-09 26.5469 2.35938 11.0469 27 0 0 35 0 468943592
2.8e-09 infty 2.89062 11.1875 150 0 55697001 163 0 0
2.8e-09 22.1875 2.85938 11.0312 0 0 406781521 0 0 3309
2.8e-09 infty 2.8125 10.9062 142 0 0 108 0 0
2.8e-09 28.5469 2.51562 10.9844 109 0 267962404 135 0 0
2.8e-09 infty 2.98438 10.9062 148 0 0 125 0 0
2.8e-09 23.9062 2.9375 10.8281 0 0 0 0 0 430391063
2.8e-09 24.7656 2.85938 11.0625 7 0 13030349 8 0 454474670
2.8e-09 infty 2.53125 11.0781 134 0 0 137 0 0
2.8e-09 infty 2.90625 11.2188 140 0 0 141 0 131487460
2.8e-09 infty 3.07812 11.25 158 0 0 160 0 252904988
2.8e-09 infty 2.79688 10.875 132 0 0 126 0 0
2.8e-09 25 2.90625 11.2812 4 0 0 6 0 445127565
2.8e-09 infty 2.45312 10.8438 143 0 5934 155 0 0
2.8e-09 infty 2.79688 10.8594 131 0 0 128 0 0
2.8e-09 22.6406 2.51562 11.0156 0 0 3681250 0 0 411306977
2.8e-09 20.9062 2.5 10.9531 0 0 0 0 0 507746372
2.8e-09 infty 2.35938 11.0469 98 0 0 126 0 0
2.8e-09 21.7656 2.75 10.7812 0 0 510108060 0 0 0
2.8e-09 infty 2.35938 11.0156 117 0 0 113 0 124168359
2.8e-09 27.7188 2.34375 10.9688 111 0 466513292 120 0 0
2.8e-09 21.0938 2.82812 10.9688 0 0 23948203 0 0 461989863
2.8e-09 infty 2.54688 11.1094 138 0 644942 169 0 5014377
2.8e-09 infty 3.34375 10.9844 123 0 0 112 0 0
2.8e-09 infty 2.79688 10.875 130 0 0 129 0 0
2.8e-09 infty 3.07812 10.7812 137 0 0 133 0 4593
2.8e-09 infty 2.5625 11.1875 141 0 0 153 0 297320
2.8e-09 infty 2.39062 11.1406 161 0 0 152 0 0
2.8e-09 infty 2.375 11.0781 164 0 262180 135 0 23174
2.8e-09 25.0938 3 10.9531 12 0 0 7 0 514988274
2.8e-09 28.5156 2.5625 11.1719 144 0 278926790 162 0 8145
2.8e-09 infty 2.78125 10.8281 125 0 0 152 0 0
2.8e-09 infty 2.40625 11.2031 135 0 92972744 135 0 0
2.8e-09 26.5781 2.96875 10.8906 26 0 0 30 0 397551894
2.8e-09 26.4219 2.73438 11.2344 36 0 0 37 0 513978484
2.8e-09 infty 2.76562 10.8125 128 0 0 133 0 0
2.8e-09 infty 2.73438 11.25 137 0 0 133 0 0
2.8e-09 22.4531 2.48438 10.9062 1 0 0 0 0 485569415
2.8e-09 infty 3.07812 11.2812 144 0 0 126 0 0
2.8e-09 28.4062 2.75 10.7812 170 0 321579798 124 0 0
2.8e-09 21.7812 2.75 10.7812 0 0 0 0 0 458311280
2.8e-09 infty 2.79688 10.8594 142 0 162325947 124 0 0
2.8e-09 23.7656 3.07812 11.2656 3 0 411397710 1 0 0
2.8e-09 26.5312 2.84375 11.0156 44 0 397913650 27 0 55467403
2.8e-09 infty 2.4375 10.8281 137 0 0 142 0 0
2.8e-09 20.625 2.34375 11.0156 0 0 0 0 0 422205879
2.8e-09 infty 2.5 10.9531 108 0 55708 119 0 2642916
2.8e-09 infty 3.32812 10.9375 116 0 0 135 0 0
2.8e-09 infty 3.45312 10.8438 120 0 0 124 0 0
2.8e-09 infty 3 10.9531 129 0 0 128 0 0
2.8e-09 infty 2.79688 10.875 145 0 46954073 160 0 0
2.8e-09 infty 2.46875 10.8906 144 0 0 116 0 0
2.8e-09 infty 2.51562 11.0156 123 0 51012670 108 0 0
2.8e-09 22.7812 2.46875 10.875 1 0 411001648 0 0 0
2.8e-09 infty 2.39062 11.1719 146 0 0 150 0 0
2.8e-09 infty 3.25 10.7812 135 0 0 141 0 0
2.8e-09 22.125 3.375 11.125 0 0 0 0 0 459340043
2.8e-09 26.5625 2.375 11.0781 34 0 443630336 39 0 0
2.8e-09 22.375 2.45312 10.8594 1 0 430339644 0 0 91533616
2.8e-09 infty 2.45312 10.8438 136 0 10420 122 0 0
2.8e-09 26.125 2.35938 11.0312 20 0 10696483 19 0 434477564
2.8e-09 25.9531 2.75 10.7812 14 0 449040851 23 0 789
2.8e-09 22.9531 2.53125 11.0469 1 0 420754276 0 0 0
2.8e-09 23.7031 2.39062 11.1562 3 0 1680566 1 0 424726102
2.8e-09 27.8906 2.54688 11.0938 141 0 477689081 156 0 28389135
2.8e-09 23.1719 3.04688 11.0938 1 0 461955358 0 0 195195
2.8e-09 27.3906 2.46875 10.875 80 0 417485207 61 0 0
2.8e-09 infty 2.76562 10.7969 131 0 0 122 0 0
2.8e-09 24.8125 2.39062 11.125 7 0 391728904 4 0 32282219
2.8e-09 infty 3.29688 10.8594 109 0 0 147 0 0
2.8e-09 infty 2.45312 10.8281 141 0 0 133 0 0
2.8e-09 infty 3.40625 11.2656 135 0 0 144 0 0
2.8e-09 24.2656 2.39062 11.1406 2 0 0 6 0 428389733
2.8e-09 infty 3.04688 11.125 136 0 0 161 0 0
2.8e-09 infty 3.04688 11.125 146 0 0 129 0 0
2.8e-09 infty 2.82812 10.9375 135 0 0 94 0 0
2.8e-09 24.6562 2.85938 11.0312 8 0 0 13 0 504064272
2.8e-09 infty 2.39062 11.125 133 0 0 169 0 0
2.8e-09 21.8906 2.48438 10.9062 1 0 10026194 0 0 487151743
2.8e-09 26.4219 2.92188 10.7812 58 0 503766572 51 0 0
2.8e-09 28.5469 3.26562 10.8281 141 0 433314 146 0 266594094
2.8e-09 infty 2.89062 11.1719 154 0 143479 146 0 0
2.8e-09 21.3594 2.96875 10.9062 0 0 5694 0 0 486961276
2.8e-09 infty 2.48438 10.9219 111 0 0 125 0 0
2.8e-09 27.4844 2.82812 10.9531 76 0 0 76 0 484171402
2.8e-09 infty 2.46875 10.8906 123 0 0 148 0 0
2.8e-09 27.2188 3.32812 10.9375 61 0 0 69 0 400067967
2.8e-09 26.3906 2.40625 11.2812 30 0 426198523 33 0 0
2.8e-09 22.75 3.25 10.7969 1 0 0 0 0 481599826
2.8e-09 infty 2.8125 10.9219 133 0 1576 113 0 0
2.8e-09 20.4531 2.84375 10.9844 0 0 467684096 0 0 151353
2.8e-09 infty 3.0625 11.1562 146 0 0 162 0 0
2.8e-09 22.9844 2.4375 10.7969 1 0 180316 2 0 476609725
2.8e-09 24.7969 2.5625 11.1562 10 0 406629904 3 0 104298
2.8e-09 infty 2.5625 11.2031 116 0 0 127 0 0
2.8e-09 infty 3 10.9688 98 0 0 122 0 0
2.8e-09 26.2969 2.54688 11.0938 19 0 0 24 0 458169166
2.8e-09 infty 2.8125 10.9062 143 0 170759101 144 0 0
2.8e-09 infty 2.40625 11.2188 134 0 0 140 0 204123138
2.8e-09 infty 2.375 11.0781 149 0 0 154 0 77582887
2.8e-09 26.1562 2.53125 11.0469 13 0 408898142 13 0 725459
2.8e-09 27.0469 2.76562 10.7969 74 0 395295837 48 0 0
2.8e-09 infty 2.48438 10.9219 116 0 11514 138 0 0
2.8e-09 infty 3.0625 11.1719 141 0 11515088 140 0 0
2.8e-09 23.5938 2.40625 11.1875 1 0 0 2 0 408957299
2.8e-09 21.2969 3 10.9688 0 0 0 0 0 454874684
2.8e-09 infty 2.89062 11.1719 144 0 0 146 0 0
2.8e-09 21.9062 2.40625 11.2812 0 0 335133194 0 0 165505483
2.8e-09 infty 2.76562 10.8125 146 0 0 142 0 362894
2.8e-09 28.2812 3.34375 10.9844 127 0 287342691 111 0 0
2.8e-09 23.0938 2.89062 11.1719 0 0 478922729 0 0 11
2.8e-09 22.2812 2.48438 10.9062 0 0 5480 0 0 483685298
2.8e-09 20.8281 2.95312 10.8438 0 0 0 0 0 438169557
2.8e-09 25.0469 2.5 10.9531 7 0 414151727 5 0 278
2.8e-09 23.3438 2.5 10.9688 1 0 113967452 0 0 299411904
2.8e-09 infty 2.375 11.0938 141 0 0 166 0 0
2.8e-09 infty 2.40625 11.2344 127 0 0 162 0 0
2.8e-09 infty 3.07812 10.7812 141 0 0 159 0 0
2.8e-09 21.4531 2.5 10.9531 0 0 13612623 0 0 414765480
2.8e-09 infty 2.79688 10.8906 115 0 1169101 116 0 0
2.8e-09 23.3281 2.75 10.7969 1 0 0 0 0 472783204
2.8e-09 26.7031 2.875 11.0781 40 0 14157 46 0 451873377
2.8e-09 infty 3.26562 10.7969 152 0 0 140 0 0
2.8e-09 21.0312 3.32812 10.9531 0 0 10015151 0 0 392614896
2.8e-09 23.4219 2.46875 10.875 1 0 0 1 0 404764299
2.8e-09 infty 3.26562 10.8125 137 0 0 120 0 0
2.8e-09 infty 2.46875 10.875 129 0 0 126 0 0
2.8e-09 24.1562 2.84375 10.9688 2 0 501036714 5 0 0
2.8e-09 infty 3.28125 10.8281 149 0 0 135 0 0
2.8e-09 infty 2.73438 11.25 148 0 0 159 0 0
2.8e-09 infty 2.4375 10.8281 153 0 0 149 0 172099101
2.8e-09 infty 2.375 11.1094 124 0 0 157 0 0
2.8e-09 26.0781 2.79688 10.875 34 0 244980411 19 0 205091262
2.8e-09 infty 2.45312 10.8438 131 0 7331 128 0 2406239
2.8e-09 infty 2.32812 10.9531 139 0 0 116 0 0
2.8e-09 21.6406 2.34375 10.9844 0 0 0 0 0 447982414
2.8e-09 22.7969 2.46875 10.875 0 0 365029223 0 0 53876519
2.8e-09 infty 2.96875 10.9062 139 0 0 132 0 0
2.8e-09 infty 2.42188 11.2812 154 0 0 148 0 0
2.8e-09 26.2812 2.75 10.7812 40 0 0 36 0 501710316
2.8e-09 infty 2.39062 11.125 151 0 0 145 0 0
2.8e-09 23.9062 2.46875 10.8906 0 0 486674813 1 0 0
2.8e-09 infty 2.4375 10.8281 128 0 0 132 0 0
2.8e-09 22.2812 2.98438 10.9219 1 0 78742 0 0 497448660
2.8e-09 infty 2.35938 11.0469 131 0 0 112 0 0
2.8e-09 22.0312 2.84375 10.9844 0 0 330771786 0 0 117501743
2.8e-09 infty 2.8125 10.9219 118 0 0 138 0 13429286
2.8e-09 infty 2.78125 10.8281 145 0 0 124 0 0
2.8e-09 22.3281 2.42188 10.7969 0 0 424821836 0 0 53569
2.8e-09 20.8906 2.40625 11.2656 0 0 0 0 0 519175829
2.8e-09 infty 2.45312 10.8594 145 0 0 120 0 0
2.8e-09 infty 3.375 11.125 140 0 0 128 0 0
2.8e-09 infty 3.03125 11.0625 125 0 25 146 0 0
2.8e-09 infty 2.53125 11.0469 101 0 0 106 0 26574117
2.8e-09 28.125 2.78125 10.8438 153 0 0 122 0 359408224
2.8e-09 21.4531 2.375 11.0625 0 0 210126259 0 0 231664434
2.8e-09 24.2344 2.90625 11.2344 3 0 448417932 2 0 3159992
2.8e-09 infty 2.54688 11.125 146 0 0 140 0 0
2.8e-09 infty 2.73438 11.2344 147 0 0 144 0 0
2.8e-09 26.5938 2.79688 10.8594 56 0 523932320 61 0 0
2.8e-09 21.9375 2.45312 10.8594 0 0 470416980 0 0 280924
2.8e-09 24.7031 2.39062 11.125 5 0 526860576 8 0 0
2.8e-09 infty 3.35938 11.0625 152 0 0 158 0 0
2.8e-09 24.7812 2.5625 11.1406 8 0 0 7 0 465729347
2.8e-09 infty 2.78125 10.8438 133 0 206577298 124 0 35148364
2.8e-09 infty 3.26562 10.7969 141 0 0 145 0 0
2.8e-09 infty 2.5 10.9531 127 0 10782191 109 0 12102074
2.8e-09 infty 3 10.9844 132 0 0 118 0 0
2.8e-09 26.9531 3.46875 10.875 43 0 399669301 40 0 0
2.8e-09 21.3906 2.48438 10.9375 0 0 0 0 0 495084301
2.8e-09 22.2969 2.46875 10.8906 1 0 191188609 1 0 278701474
2.8e-09 infty 2.42188 10.7812 145 0 8378016 144 0 0
2.8e-09 infty 2.95312 10.8438 148 0 0 127 0 0
2.8e-09 28.5312 2.75 10.7812 119 0 271252052 141 0 0
2.8e-09 25.375 2.9375 10.8125 12 0 322662713 7 0 88530995
2.8e-09 infty 2.5 10.9844 109 0 0 118 0 0
2.8e-09 infty 2.89062 11.125 134 0 0 120 0 0
2.8e-09 infty 3.40625 11.2812 145 0 0 145 0 0
2.8e-09 23.3438 2.46875 10.875 1 0 470240030 1 0 0
2.8e-09 infty 2.4375 10.8281 147 0 0 121 0 0
2.8e-09 23.2344 2.73438 11.25 1 0 422384387 2 0 0
2.8e-09 infty 2.375 11.1094 155 0 0 156 0 0
2.8e-09 20.9062 2.78125 10.8594 0 0 0 0 0 503553890
2.8e-09 24.5938 3.04688 11.0938 5 0 466346668 2 0 0
2.8e-09 infty 2.39062 11.1875 152 0 0 150 0 0
2.8e-09 27 2.45312 10.8438 45 0 428617125 38 0 0
2.8e-09 20.8281 3.3125 10.9219 0 0 437751526 0 0 0
2.8e-09 infty 2.46875 10.8906 131 0 29225 154 0 24369969
2.8e-09 26.6094 2.78125 10.8438 35 0 0 33 0 509154853
2.8e-09 23.7969 2.42188 10.7969 0 0 87014 1 0 522768121
2.8e-09 21.2031 2.90625 11.2344 0 0 0 0 0 400328538
2.8e-09 23.0625 2.8125 10.9219 0 0 497671736 0 0 17873
2.8e-09 infty 2.51562 11.0156 118 0 0 115 0 1786084
2.8e-09 22.5469 2.84375 10.9844 1 0 0 2 0 410527935
2.8e-09 infty 3.40625 11.2812 152 0 0 147 0 1966365
2.8e-09 infty 3.45312 10.8438 145 0 0 121 0 0
2.8e-09 24.9531 2.96875 10.9062 4 0 430863304 3 0 0
2.8e-09 infty 2.40625 11.2812 145 0 0 115 0 0
2.8e-09 infty 2.84375 10.9844 113 0 0 110 0 0
2.8e-09 infty 2.875 11.0781 127 0 0 158 0 0
2.8e-09 21.0156 2.35938 11.0625 0 0 673867 0 0 508325307
2.8e-09 27.375 2.76562 10.8125 67 0 0 85 0 444004918
2.8e-09 infty 2.54688 11.0938 153 0 9893 142 0 428338
2.8e-09 infty 3.03125 11.0781 142 0 0 152 0 50093
2.8e-09 26.1719 2.39062 11.1406 34 0 397190316 19 0 0
2.8e-09 infty 2.34375 11 104 0 0 102 0 107100145
2.8e-09 infty 2.40625 11.2812 112 0 0 121 0 0
2.8e-09 21.4688 2.46875 10.875 0 0 0 0 0 430252770
2.8e-09 infty 2.5625 11.1719 153 0 0 143 0 0
2.8e-09 26.6719 2.375 11.0938 35 0 474308942 52 0 635599
2.8e-09 infty 2.54688 11.0938 139 0 709551 144 0 180662
2.8e-09 22.875 3.3125 10.9219 0 0 235954135 1 0 275905383
2.8e-09 27.7812 2.54688 11.1094 108 0 0 95 0 448661733
2.8e-09 infty 2.4375 10.8125 122 0 52895 136 0 0
2.8e-09 infty 2.42188 10.7812 118 0 0 132 0 0
2.8e-09 infty 2.9375 10.8281 140 0 0 143 0 0
2.8e-09 24.2344 2.40625 11.25 7 0 27065206 7 0 397404417
2.8e-09 infty 3.4375 10.8125 121 0 17330768 123 0 0
2.8e-09 infty 2.375 11.0781 162 0 0 143 0 0
2.8e-09 22.9375 2.9375 10.8281 1 0 0 0 0 517074297
2.8e-09 26.3438 2.92188 10.7812 31 0 0 18 0 430692503
2.8e-09 26.0625 2.98438 10.9375 39 0 244851316 18 0 267620409
2.8e-09 25.2969 2.39062 11.1719 9 0 0 12 0 474240166
2.8e-09 infty 3.32812 10.9375 130 0 139353383 131 0 0
2.8e-09 infty 2.42188 10.7969 134 0 0 151 0 18103
2.8e-09 infty 3.42188 10.7812 114 0 0 152 0 0
2.8e-09 infty 2.4375 10.8125 134 0 0 134 0 0
2.8e-09 infty 3 10.9531 120 0 0 121 0 0
2.8e-09 infty 2.35938 11.0156 121 0 386 106 0 0
2.8e-09 infty 2.42188 10.7812 139 0 175809783 135 0 0
2.8e-09 19.8906 2.34375 11.0156 0 0 0 0 0 444173103
2.8e-09 26.25 2.53125 11.0469 37 0 519226035 34 0 346814
2.8e-09 25.625 2.82812 10.9375 5 0 400955128 11 0 0
2.8e-09 20.7969 2.42188 11.2812 0 0 0 0 0 460196781
2.8e-09 infty 2.48438 10.9062 118 0 0 119 0 0
2.8e-09 infty 2.4375 10.8125 106 0 0 124 0 0
2.8e-09 infty 2.98438 10.9375 107 0 174067 132 0 0
2.8e-09 21.6094 2.54688 11.0938 0 0 464578256 0 0 0
2.8e-09 22.6406 3.03125 11.0312 0 0 465719519 1 0 0
2.8e-09 infty 2.48438 10.9219 144 0 6405434 113 0 0
2.8e-09 infty 2.92188 11.2969 135 0 72227 143 0 304131
2.8e-09 infty 2.54688 11.1406 144 0 0 151 0 0
2.8e-09 infty 2.92188 10.7969 142 0 0 135 0 0
2.8e-09 26.4844 2.76562 10.8125 54 0 0 47 0 499925176
2.8e-09 21.3594 3.34375 11 0 0 224521143 0 0 300137598
2.8e-09 22.0469 2.84375 11 0 0 0 0 0 522392133
2.8e-09 infty 3.26562 10.7969 142 0 0 144 0 0
2.8e-09 21.3906 2.76562 10.7969 0 0 499714462 0 0 1914742
2.8e-09 24.2344 2.92188 10.7812 0 0 0 2 0 447191287
2.8e-09 infty 2.45312 10.8594 142 0 85528 103 0 22742753
2.8e-09 26.125 2.48438 10.9062 22 0 461300225 27 0 764270
2.8e-09 infty 2.53125 11.0469 119 0 0 114 0 158410
2.8e-09 infty 2.92188 11.2969 126 0 0 153 0 0
2.8e-09 infty 2.42188 10.7812 148 0 0 133 0 0
2.8e-09 infty 2.92188 10.7969 153 0 0 145 0 0
2.8e-09 infty 2.9375 10.8281 123 0 0 134 0 0
2.8e-09 infty 2.79688 10.8906 117 0 80608 95 0 0
2.8e-09 infty 3.01562 11.0156 102 0 242171 136 0 0
2.8e-09 infty 2.875 11.0938 167 0 0 145 0 1895204
2.8e-09 infty 2.90625 11.2344 163 0 0 128 0 0
2.8e-09 23.25 3.28125 10.8281 0 0 410138892 0 0 0
2.8e-09 23.8906 2.5 10.9688 1 0 444625149 1 0 0
2.8e-09 infty 2.90625 11.2656 146 0 0 125 0 0
2.8e-09 22.9062 2.78125 10.8438 0 0 487216617 0 0 0
2.8e-09 infty 2.875 11.1094 151 0 0 176 0 0
2.8e-09 infty 3 10.9531 130 0 0 129 0 0
2.8e-09 22.2656 2.95312 10.8438 0 0 2413 1 0 495739114
2.8e-09 infty 2.42188 10.7812 123 0 0 142 0 0
2.8e-09 infty 2.5625 11.1406 148 0 0 151 0 0
2.8e-09 21.2812 3 10.9531 0 0 0 0 0 467893135
2.8e-09 infty 2.73438 11.2656 144 0 0 147 0 0
2.8e-09 infty 2.89062 11.125 137 0 0 146 0 0
2.8e-09 infty 2.39062 11.125 151 0 0 162 0 0
2.8e-09 20.0781 2.54688 11.0938 0 0 504212557 0 0 0
2.8e-09 27.9844 3.25 10.7969 156 0 432221066 124 0 0
2.8e-09 25.5625 2.32812 10.9688 9 0 297 16 0 440679828
2.8e-09 infty 3.3125 10.9219 117 0 0 140 0 0
2.8e-09 infty 2.53125 11.0625 138 0 0 147 0 0
2.8e-09 21.1562 2.89062 11.1406 0 0 436768009 0 0 0
2.8e-09 21.5469 3.04688 11.0938 1 0 0 0 0 507401680
2.8e-09 19.7656 2.51562 10.9844 0 0 0 0 0 485053732
2.8e-09 25.2812 3.35938 11.0469 6 0 0 10 0 513757922
2.8e-09 27.1094 2.46875 10.875 87 0 0 59 0 487377040
2.8e-09 25.3594 2.79688 10.8906 14 0 509745361 7 0 0
2.8e-09 26.2656 2.40625 11.2344 27 0 472572224 40 0 18115
2.8e-09 21.1406 3.35938 11.0156 0 0 0 0 0 443034718
2.8e-09 infty 2.46875 10.875 147 0 0 118 0 0
2.8e-09 infty 2.96875 10.9062 117 0 0 112 0 0
2.8e-09 24.1562 2.75 11.2656 3 0 0 2 0 505001307
2.8e-09 23.9844 3.35938 11.0469 4 0 490621345 0 0 1221
2.8e-09 22.1094 3.39062 11.1719 0 0 176184 0 0 461516111
2.8e-09 infty 2.5 10.9844 112 0 0 117 0 118178331
2.8e-09 infty 3.29688 10.8594 124 0 0 137 0 0
2.8e-09 infty 2.4375 10.8125 153 0 0 121 0 6505701
2.8e-09 26.625 2.53125 11.0625 33 0 0 30 0 493459948
2.8e-09 22.0312 2.53125 11.0781 0 0 402457111 0 0 206801
2.8e-09 infty 2.5 10.9531 117 0 0 134 0 0
2.8e-09 22.2031 2.75 11.2656 0 0 409649080 0 0 0
2.8e-09 24.0938 2.84375 11.0156 2 0 0 1 0 421341101
2.8e-09 infty 2.92188 10.7812 157 0 0 139 0 0
2.8e-09 infty 2.34375 10.9844 120 0 111815321 124 0 1127
2.8e-09 infty 3.07812 11.2812 148 0 0 162 0 0
2.8e-09 26.1719 2.35938 11.0625 21 0 0 26 0 403674781
2.8e-09 25.2031 2.53125 11.0625 7 0 435831865 9 0 0
2.8e-09 infty 2.8125 10.8906 121 0 0 149 0 5321357
2.8e-09 infty 2.92188 10.7969 142 0 0 142 0 0
2.8e-09 infty 2.54688 11.0781 159 0 0 158 0 0
2.8e-09 23.3438 2.8125 10.9062 3 0 0 0 0 463386720
2.8e-09 22.2344 2.89062 11.1562 1 0 39710797 1 0 420997776
2.8e-09 infty 3.40625 11.2188 166 0 0 136 0 0
2.8e-09 infty 2.82812 10.9531 144 0 0 91 0 0
2.8e-09 infty 3.40625 11.2344 163 0 0 154 0 0
2.8e-09 infty 2.95312 10.875 125 0 0 123 0 0
2.8e-09 infty 2.53125 11.0625 149 0 0 144 0 0
2.8e-09 27.8906 2.39062 11.1875 141 0 0 134 0 504982523
2.8e-09 infty 2.95312 10.8438 124 0 48500098 128 0 67515
2.8e-09 21.7031 2.45312 10.8438 0 0 5758539 1 0 495907965
2.8e-09 26.0156 3.07812 11.2812 21 0 524878928 25 0 0
2.8e-09 28.1406 2.95312 10.8594 131 0 371603204 133 0 0
2.8e-09 25.0312 2.79688 10.8594 8 0 418885701 7 0 209010
2.8e-09 infty 2.45312 10.8438 123 0 0 137 0 0
2.8e-09 25.1719 2.875 11.0781 9 0 0 5 0 528050672
2.8e-09 24.7031 2.51562 11.0156 8 0 403702121 14 0 0
2.8e-09 25.625 2.34375 11.0156 17 0 406454742 13 0 0
2.8e-09 21.1406 2.39062 11.1562 0 0 0 0 0 443746014
2.8e-09 22.8906 3.29688 10.875 1 0 68036786 0 0 407995423
2.8e-09 infty 2.35938 11.0469 119 0 0 116 0 0
2.8e-09 26 2.45312 10.8594 30 0 0 37 0 503100074
2.8e-09 infty 2.78125 10.8438 133 0 0 138 0 0
2.8e-09 infty 2.51562 11 118 0 0 120 0 0
2.8e-09 infty 3.26562 10.8281 142 0 0 137 0 0
2.8e-09 22.1875 3.03125 11.0312 0 0 0 0 0 420980775
2.8e-09 infty 2.48438 10.9375 118 0 0 108 0 0
2.8e-09 19.9062 2.4375 10.8125 0 0 502832870 0 0 0
2.8e-09 23.0938 2.40625 11.2344 1 0 397334219 0 0 0
2.8e-09 infty 3.07812 11.2656 139 0 0 141 0 8722
2.8e-09 infty 2.4375 10.7969 141 0 0 149 0 9216
2.8e-09 infty 3.40625 11.2812 110 0 0 127 0 0
2.8e-09 20.8906 2.48438 10.9219 0 0 466427336 0 0 17510488
2.8e-09 infty 3.375 11.0938 140 0 0 138 0 0
2.8e-09 infty 2.4375 10.8125 141 0 0 132 0 0
2.8e-09 infty 2.35938 11.0156 104 0 8950983 98 0 0
2.8e-09 infty 2.8125 10.9219 139 0 7613359 119 0 0
2.8e-09 26.1875 3.32812 10.9375 25 0 403861472 26 0 0
2.8e-09 25.7656 2.54688 11.125 24 0 64927774 27 0 390362099
2.8e-09 21.4375 3.3125 10.9219 0 0 0 0 0 407818528
2.8e-09 24.8438 2.76562 10.7969 11 0 512527705 11 0 0
2.8e-09 infty 3.42188 10.7969 136 0 71074 135 0 0
2.8e-09 23.9531 3.45312 10.8438 1 0 403101410 0 0 0
2.8e-09 23.8594 3 10.9688 0 0 462998804 3 0 0
2.8e-09 infty 3.375 11.0781 148 0 0 165 0 141918685
2.8e-09 infty 2.51562 11 123 0 0 112 0 10845717
2.8e-09 infty 2.5625 11.1562 128 0 0 168 0 0
2.8e-09 infty 2.78125 10.8438 112 0 0 125 0 0
2.8e-09 20.9844 2.5 10.9531 0 0 404287596 0 0 0
2.8e-09 infty 2.34375 11 146 0 0 142 0 389358
2.8e-09 20.7344 2.54688 11.1406 0 0 0 0 0 458837315
2.8e-09 infty 2.78125 10.8281 135 0 0 139 0 0
2.8e-09 infty 2.5625 11.1562 133 0 618216 155 0 6846
2.8e-09 infty 2.375 11.0625 131 0 28427791 143 0 0
2.8e-09 infty 2.82812 10.9375 155 0 0 118 0 8024035
2.8e-09 24.5 2.42188 11.2969 1 0 28 5 0 399575186
2.8e-09 20.5938 2.92188 10.7969 0 0 492175489 0 0 0
2.8e-09 infty 2.48438 10.9375 119 0 0 117 0 0
2.8e-09 infty 2.79688 10.8594 120 0 0 123 0 0
2.8e-09 infty 2.4375 10.8125 126 0 58270 141 0 0
2.8e-09 21.25 2.96875 10.875 0 0 487515632 0 0 0
2.8e-09 21.8594 2.79688 10.875 0 0 22877994 1 0 486311035
2.8e-09 27.1719 2.48438 10.9062 65 0 0 60 0 418916914
2.8e-09 infty 2.375 11.0938 137 0 0 137 0 0
2.8e-09 infty 3.07812 11.2344 135 0 0 122 0 0
2.8e-09 21.6094 2.73438 11.25 0 0 456165553 0 0 0
2.8e-09 infty 2.34375 11 91 0 0 131 0 0
2.8e-09 infty 3.32812 10.9531 108 0 13104500 127 0 0
2.8e-09 infty 2.79688 10.875 149 0 0 136 0 0
2.8e-09 22.7969 2.9375 10.8125 0 0 1258685 1 0 435689463
2.8e-09 infty 3.04688 11.125 154 0 0 145 0 0
2.8e-09 infty 2.34375 10.9844 113 0 84 131 0 125697
2.8e-09 infty 2.51562 11.0312 130 0 0 122 0 0
2.8e-09 21.2188 2.5625 11.1406 1 0 0 0 0 489765063
2.8e-09 infty 3.28125 10.8438 135 0 113103886 144 0 2374
2.8e-09 25.6875 2.53125 11.0312 18 0 438837691 25 0 0
2.8e-09 infty 2.90625 11.2812 140 0 0 138 0 36707279
2.8e-09 infty 2.73438 11.2344 166 0 0 147 0 0
2.8e-09 infty 2.96875 10.9062 135 0 169298231 100 0 0
2.8e-09 infty 2.34375 10.9844 108 0 0 127 0 12908032
2.8e-09 22.6094 3.375 11.125 0 0 0 0 0 494767026
2.8e-09 infty 2.39062 11.125 165 0 0 164 0 0
2.8e-09 infty 3.34375 11 124 0 36425 136 0 0
2.8e-09 21.8438 3.32812 10.9375 0 0 416239020 0 0 0
2.8e-09 infty 3.32812 10.9688 132 0 0 152 0 0
2.8e-09 23.9688 3.01562 10.9844 1 0 473282370 2 0 0
2.8e-09 infty 2.375 11.1094 142 0 0 159 0 0
2.8e-09 infty 2.45312 10.8438 138 0 0 130 0 0
2.8e-09 infty 2.78125 10.8281 132 0 0 151 0 87729732
2.8e-09 26.9219 2.75 10.7812 59 0 479007771 66 0 0
2.8e-09 26.2188 3.40625 11.2656 20 0 408719958 21 0 0
2.8e-09 21.6875 2.9375 10.8125 1 0 0 0 0 528441186
2.8e-09 infty 2.96875 10.8906 123 0 0 122 0 0
2.8e-09 infty 2.32812 10.9688 132 0 10509599 111 0 0
2.8e-09 24.2812 3.0625 11.2188 5 0 413549187 4 0 0
2.8e-09 25.6719 2.34375 10.9688 19 0 507689627 23 0 0
2.8e-09 infty 2.39062 11.125 144 0 0 141 0 0
2.8e-09 infty 2.4375 10.8125 118 0 0 142 0 0
2.8e-09 21.8906 2.53125 11.0625 0 0 0 0 0 515081620
2.8e-09 24.5625 2.8125 10.9219 10 0 0 9 0 485910156
2.8e-09 infty 2.75 11.2812 119 0 0 157 0 0
2.8e-09 21.7188 3.28125 10.8281 0 0 0 0 0 507234064
2.8e-09 21.6094 2.35938 11.0312 0 0 464640093 0 0 0
2.8e-09 26.5625 2.34375 10.9844 34 0 0 32 0 412313822
2.8e-09 22.1094 3.0625 11.1562 0 0 443368643 0 0 14113284
2.8e-09 22.9375 2.78125 10.8594 1 0 86911 0 0 508035059
2.8e-09 23.8906 2.76562 10.8125 2 0 504500502 0 0 0
2.8e-09 25.5 2.8125 10.9062 13 0 472413099 17 0 0
2.8e-09 25.1094 2.53125 11.0625 4 0 411284306 11 0 51934491
2.8e-09 21.5312 2.39062 11.1719 0 0 511154384 0 0 6978380
2.8e-09 infty 3.28125 10.8594 129 0 0 148 0 0
2.8e-09 27.9688 2.8125 10.8906 111 0 456194101 130 0 0
2.8e-09 infty 2.82812 10.9688 120 0 0 130 0 0
2.8e-09 21.4375 3.01562 11.0156 0 0 73502 0 0 472381329
2.8e-09 24.3438 3.07812 11.2344 2 0 0 5 0 506903531
2.8e-09 infty 2.5625 11.2188 150 0 0 125 0 0
2.8e-09 24.5156 2.5 10.9531 3 0 525658743 5 0 0
2.8e-09 infty 3.28125 10.8281 142 0 0 127 0 0
2.8e-09 20.0625 3.0625 11.1562 0 0 506439817 0 0 0
2.8e-09 22.2188 2.45312 10.8438 0 0 527674088 0 0 0
2.8e-09 21.4844 2.35938 11.0469 0 0 0 0 0 440428799
2.8e-09 infty 2.76562 10.7969 124 0 0 136 0 0
2.8e-09 25.7812 2.5625 11.2031 16 0 53471663 16 0 344884864
2.8e-09 21.5469 2.35938 11.0156 0 0 499320358 0 0 2599691
2.8e-09 28.375 2.42188 10.7812 109 0 0 152 0 341025678
2.8e-09 infty 3.42188 10.7969 153 0 0 142 0 0
2.8e-09 25.2812 3.26562 10.8125 4 0 0 10 0 450607476
2.8e-09 infty 2.53125 11.0625 142 0 0 139 0 0
2.8e-09 infty 2.95312 10.8438 133 0 0 145 0 0
2.8e-09 24.1719 2.54688 11.1094 3 0 0 7 0 490419882
2.8e-09 infty 2.54688 11.1094 140 0 0 120 0 0
2.8e-09 21.6094 2.375 11.1094 0 0 444507274 0 0 5736164
2.8e-09 20.5156 3.3125 10.9219 0 0 505778484 0 0 0
2.8e-09 infty 2.375 11.0938 142 0 0 126 0 0
2.8e-09 26.3906 2.8125 10.9062 13 0 0 14 0 397849157
2.8e-09 25.3906 2.89062 11.1406 9 0 0 10 0 498487944
2.8e-09 24.7656 2.42188 11.2812 7 0 423204423 5 0 0
2.8e-09 22.6875 2.54688 11.125 0 0 106692880 0 0 307733906
2.8e-09 20.8594 3.46875 10.875 1 0 497956263 0 0 0
2.8e-09 21.7656 3.0625 11.1562 0 0 0 0 0 473113534
2.8e-09 infty 3.375 11.125 129 0 0 169 0 0
2.8e-09 21.2188 3.07812 10.7812 0 0 0 0 0 515631862
2.8e-09 infty 2.32812 10.9688 131 0 0 106 0 0
2.8e-09 26.7656 2.92188 10.7812 26 0 132437193 41 0 311301621
2.8e-09 21.0469 3.01562 11.0312 0 0 527889412 0 0 0
2.8e-09 infty 2.35938 11.0469 126 0 0 111 0 4577
2.8e-09 23.5 2.48438 10.9219 2 0 0 1 0 435635026
2.8e-09 infty 2.54688 11.1094 145 0 0 154 0 3440450
2.8e-09 26.8438 3.07812 11.2969 70 0 526149269 46 0 0
2.8e-09 25.1562 2.98438 10.9219 5 0 468551110 10 0 0
2.8e-09 26.0156 2.4375 10.8281 23 0 0 21 0 410729731
2.8e-09 27.0156 2.98438 10.9219 55 0 0 46 0 413327411
2.8e-09 infty 2.375 11.0625 145 0 4801 160 0 2564466
2.8e-09 23.9844 2.92188 10.7812 1 0 0 1 0 511014968
2.8e-09 infty 3.07812 11.2344 149 0 0 150 0 0
2.8e-09 infty 2.34375 10.9844 107 0 0 127 0 0
2.8e-09 22.0469 3.03125 11.0625 0 0 98505 0 0 523655979
2.8e-09 infty 2.98438 10.9219 142 0 0 111 0 0
2.8e-09 infty 2.90625 11.25 127 0 0 124 0 0
2.8e-09 infty 2.4375 10.8281 125 0 0 148 0 4969
2.8e-09 infty 2.5 10.9531 128 0 110277068 139 0 0
2.8e-09 27.2188 2.54688 11.1406 91 0 526024888 79 0 0
2.8e-09 24.4844 2.82812 10.9375 3 0 475421325 8 0 0
2.8e-09 infty 2.35938 11.0469 119 0 14453869 127 0 0
2.8e-09 21.7812 2.46875 10.875 0 0 0 0 0 463362373
2.8e-09 23.8438 3.26562 10.8281 3 0 457985686 4 0 0
2.8e-09 infty 3.29688 10.8594 122 0 0 133 0 0
2.8e-09 infty 2.96875 10.9062 122 0 6663092 125 0 0
2.8e-09 infty 2.54688 11.0938 159 0 0 156 0 0
2.8e-09 25.4531 2.78125 10.8438 17 0 511311859 16 0 25712
2.8e-09 22.7188 3.0625 11.1562 0 0 515665236 1 0 0
2.8e-09 25.4375 3.4375 10.8125 9 0 400326654 7 0 540318
2.8e-09 infty 3.28125 10.8438 142 0 211499 128 0 0
2.8e-09 infty 2.5625 11.1719 129 0 0 149 0 8175
2.8e-09 infty 2.40625 11.2031 125 0 0 139 0 0
2.8e-09 24.7344 2.39062 11.1562 7 0 0 7 0 464897918
2.8e-09 26.6406 2.39062 11.125 58 0 3797029 48 0 522367031
2.8e-09 infty 3.01562 11.0156 118 0 0 128 0 0
2.8e-09 20.5 2.34375 10.9688 0 0 0 0 0 435689359
2.8e-09 infty 3.03125 11.0469 132 0 0 106 0 0
2.8e-09 24.8594 2.89062 11.1406 9 0 1136450 7 0 408805390
2.8e-09 23.0469 2.5 10.9688 0 0 471986508 1 0 4758481
2.8e-09 infty 3.40625 11.2344 132 0 0 150 0 0
2.8e-09 24.3281 2.79688 10.875 3 0 3993082 4 0 511321690
2.8e-09 21.0156 2.53125 11.0312 0 0 411024661 0 0 4992
2.8e-09 24.9375 3.45312 10.8438 10 0 0 4 0 488652977
2.8e-09 27.3281 2.39062 11.1719 88 0 21066 84 0 476918033
2.8e-09 22.6875 3.39062 11.1562 0 0 405519674 1 0 0
2.8e-09 infty 2.73438 11.25 162 0 0 128 0 19996819
2.8e-09 23.7656 3.375 11.125 3 0 0 4 0 517438638
2.8e-09 infty 3 10.9844 130 0 0 105 0 0
2.8e-09 infty 2.375 11.0781 133 0 0 167 0 0
2.8e-09 infty 2.5 10.9688 112 0 0 119 0 987438
2.8e-09 infty 2.40625 11.2812 146 0 5636 141 0 143464
2.8e-09 infty 2.34375 10.9844 111 0 0 118 0 795058
2.8e-09 27.3281 2.42188 10.7812 68 0 475748854 70 0 0
2.8e-09 26.2656 3.39062 11.1406 29 0 0 29 0 512206201
2.8e-09 20.4844 2.34375 10.9844 0 0 436955708 0 0 202237
2.8e-09 infty 3.39062 11.1562 139 0 743460 130 0 0
2.8e-09 22.9844 2.35938 11.0625 0 0 467599193 0 0 34370
2.8e-09 24.4531 3.3125 10.9062 6 0 432391880 11 0 0
2.8e-09 infty 2.35938 11.0156 113 0 0 128 0 0
2.8e-09 23.3906 2.79688 10.8594 0 0 472102354 3 0 6404048
2.8e-09 infty 2.84375 10.9844 134 0 682973 137 0 0
2.8e-09 infty 2.85938 11.0156 120 0 51382561 108 0 252149
2.8e-09 25.9219 2.84375 10.9688 12 0 0 15 0 453909260
2.8e-09 22.4844 3.32812 10.9531 0 0 482693494 0 0 0
2.8e-09 20.6094 2.5625 11.1562 0 0 92102834 0 0 386080209
2.8e-09 28.375 2.35938 11.0625 152 0 345969941 159 0 0
2.8e-09 26.6562 2.35938 11.0312 32 0 3512529 32 0 468701766
2.8e-09 infty 2.39062 11.1719 132 0 0 173 0 0
2.8e-09 infty 2.375 11.0938 151 0 10472476 170 0 0
2.8e-09 infty 2.9375 10.8281 132 0 0 148 0 0
2.8e-09 23.7812 2.92188 11.2969 2 0 0 4 0 459863188
2.8e-09 infty 2.89062 11.1406 168 0 0 159 0 12953046
2.8e-09 infty 2.39062 11.1875 139 0 0 139 0 645929
2.8e-09 infty 2.375 11.0938 155 0 592575 126 0 0
2.8e-09 21.5625 3.0625 11.2031 0 0 504223143 0 0 0
2.8e-09 infty 2.45312 10.8438 141 0 63815 134 0 0
2.8e-09 23.4062 2.8125 10.9219 0 0 0 1 0 505063708
2.8e-09 27.2812 3.40625 11.2812 74 0 487075362 69 0 0
2.8e-09 26.0625 2.54688 11.0938 25 0 0 23 0 460232336
2.8e-09 20.625 2.875 11.0781 0 0 0 0 0 460760259
2.8e-09 infty 2.98438 10.9219 113 0 0 120 0 0
2.8e-09 infty 2.39062 11.1562 163 0 0 155 0 0
