2.8e-09 26.2344 2.90625 11.2656 30 0 422321595 39 0 0
2.8e-09 22.7656 2.5 11.1094 1 0 0 0 0 519333738
2.8e-09 infty 2.78125 11.5 217 0 325195 192 0 0
2.8e-09 21.7188 3.39062 11.1719 1 0 0 0 0 402462014
2.8e-09 21.4844 3.32812 11.0312 0 0 437536837 0 0 0
2.8e-09 infty 3.79688 11.3281 222 0 0 252 0 0
2.8e-09 22.9375 2.5625 11.2812 3 0 0 2 0 408536253
2.8e-09 infty 3.29688 11.4688 205 0 0 220 0 0
2.8e-09 25.75 3.04688 11.1719 28 0 485293261 29 0 4159507
2.8e-09 22.625 2.5 11.125 0 0 0 2 0 522482518
2.8e-09 22.0625 3.3125 11.5156 0 0 413556608 0 0 0
2.8e-09 infty 2.78125 11.4688 229 0 0 240 0 0
2.8e-09 27.3594 2.5625 11.2969 184 0 149223 168 0 511977875
2.8e-09 26.75 3.32812 11.0156 66 0 417998095 57 0 0
2.8e-09 infty 3.39062 11.1562 166 0 0 174 0 0
2.8e-09 24.0938 3.29688 11.4062 8 0 463017127 6 0 0
2.8e-09 27.8438 3.07812 11.2812 216 0 478742335 226 0 0
2.8e-09 24.5781 2.51562 11.1562 7 0 0 8 0 526805997
2.8e-09 infty 2.90625 11.2812 227 0 95691661 224 0 0
2.8e-09 infty 3.01562 11.0938 166 0 0 166 0 0
2.8e-09 infty 2.75 11.3438 209 0 0 189 0 89710
2.8e-09 infty 2.51562 11.1719 206 0 0 161 0 16009015
2.8e-09 infty 3.54688 11.125 178 0 306291 203 0 0
2.8e-09 26.6719 3.375 11.1406 80 0 433289640 93 0 0
2.8e-09 infty 2.53125 11.2031 176 0 0 162 0 0
2.8e-09 23.7188 2.82812 11.0781 4 0 0 4 0 468118677
2.8e-09 25.1719 2.89062 11.2344 14 0 875050 12 0 424478367
2.8e-09 infty 3.3125 11.5 214 0 0 196 0 38815387
2.8e-09 23.1562 2.96875 11.0156 2 0 199038730 1 0 261587611
2.8e-09 21.625 3.32812 11.0312 0 0 526962064 0 0 716
2.8e-09 27.2812 3.42188 11.25 129 0 430205776 123 0 0
2.8e-09 22.25 2.875 11.1719 0 0 2252 2 0 400942795
2.8e-09 22.75 3.01562 11.0938 2 0 0 0 0 527779505
2.8e-09 infty 3.39062 11.1719 187 0 0 181 0 0
2.8e-09 infty 2.53125 11.2031 164 0 0 189 0 0
2.8e-09 23.6562 2.89062 11.2344 2 0 515516986 1 0 981498
2.8e-09 infty 3.04688 11.1719 191 0 24029 189 0 523482
2.8e-09 infty 2.82812 11.0938 180 0 225962 192 0 0
2.8e-09 22.7344 2.54688 11.25 0 0 428979620 0 0 127
2.8e-09 infty 2.75 11.3594 232 0 0 216 0 0
2.8e-09 26.3906 3.0625 11.2031 68 0 444972699 56 0 0
2.8e-09 21.7812 2.75 11.3594 0 0 487489686 3 0 0
2.8e-09 26.7344 2.48438 11.0938 73 0 470385266 78 0 3055
2.8e-09 21.4219 3.5 11.0156 0 0 0 1 0 500576773
2.8e-09 infty 3.29688 11.4375 232 0 0 196 0 0
2.8e-09 infty 3.35938 11.0938 171 0 0 196 0 0
2.8e-09 infty 3.46875 11.4375 220 0 1549046 203 0 0
2.8e-09 25.6094 2.82812 11.0938 27 0 0 24 0 458487882
2.8e-09 25.5469 2.76562 11.4375 20 0 48605704 15 0 389964048
2.8e-09 infty 3.4375 11.3281 247 0 0 201 0 0
2.8e-09 22.3281 3.29688 11.4688 0 0 418753136 0 0 1357631
2.8e-09 20.5625 3.5 11.0312 0 0 20 0 0 487462651
2.8e-09 22.4688 2.5625 11.3125 2 0 481945954 1 0 17106431
2.8e-09 infty 2.48438 11.1094 199 0 3099375 191 0 0
2.8e-09 infty 3.39062 11.1406 188 0 0 180 0 24694
2.8e-09 20.5156 3.375 11.125 0 0 435960340 0 0 0
2.8e-09 23.5938 2.51562 11.1562 1 0 487644825 0 0 0
2.8e-09 infty 2.53125 11.2031 190 0 0 174 0 0
2.8e-09 infty 2.76562 11.3906 211 0 0 224 0 0
2.8e-09 21.1875 2.54688 11.2812 0 0 405310732 0 0 1195488
2.8e-09 22.5781 3.375 11.125 1 0 0 1 0 416447536
2.8e-09 25.1406 3.46875 11.4375 27 0 508681802 31 0 0
2.8e-09 24.1875 2.5 11.1406 6 0 0 2 0 517526016
2.8e-09 21.2031 2.89062 11.2188 0 0 0 0 0 415915280
2.8e-09 21.5156 2.95312 11.4688 0 0 0 0 0 430102686
2.8e-09 infty 3.32812 11.0312 180 0 0 230 0 0
2.8e-09 25.9375 2.92188 11.3125 59 0 514212083 49 0 0
2.8e-09 27.3125 2.84375 11.1094 148 0 144894882 125 0 271757909
2.8e-09 27.3906 3.0625 11.2188 177 0 484213595 169 0 0
2.8e-09 infty 3.78125 11.2812 180 0 0 222 0 79392695
2.8e-09 infty 2.8125 11.0469 212 0 40562 205 0 0
2.8e-09 27.125 3.45312 11.375 155 0 506808326 166 0 9186296
2.8e-09 infty 3.46875 11.4375 235 0 0 226 0 0
2.8e-09 infty 3.0625 11.2344 160 0 14587466 158 0 0
2.8e-09 21.375 3.5 11.0312 0 0 0 0 0 405735177
2.8e-09 infty 2.48438 11.0938 218 0 19398 196 0 0
2.8e-09 infty 2.48438 11.0938 190 0 0 181 0 0
2.8e-09 27.2031 2.82812 11.0625 141 0 424784604 144 0 36942420
2.8e-09 26.4062 2.75 11.3438 78 0 0 65 0 442343349
2.8e-09 25.1406 2.96875 11.5156 26 0 0 29 0 449790697
2.8e-09 infty 3.28125 11.3906 234 0 0 211 0 74664042
2.8e-09 infty 3.4375 11.2812 248 0 0 229 0 0
2.8e-09 infty 2.89062 11.2344 184 0 0 190 0 0
2.8e-09 27.9688 2.51562 11.1719 180 0 286903977 165 0 585147
2.8e-09 27.3906 2.89062 11.25 180 0 496749952 167 0 0
2.8e-09 infty 3.51562 11.0625 181 0 0 196 0 0
2.8e-09 infty 3.04688 11.1719 194 0 0 165 0 0
2.8e-09 24.125 3.8125 11.4219 8 0 423397781 6 0 0
2.8e-09 22.2344 3.35938 11.0781 0 0 5714731 1 0 498103624
2.8e-09 24.5469 2.48438 11.0938 7 0 0 6 0 505593512
2.8e-09 24.1094 3.53125 11.0938 2 0 175038 1 0 437251642
2.8e-09 infty 3.53125 11.1094 186 0 0 168 0 0
2.8e-09 infty 2.82812 11.0781 208 0 108935 210 0 0
2.8e-09 26.4219 3.42188 11.25 75 0 467541377 79 0 0
2.8e-09 25.5156 2.46875 11.0781 40 0 441338689 35 0 41838660
2.8e-09 27.3906 2.92188 11.3125 155 0 249 161 0 484242017
2.8e-09 22.8125 3.45312 11.3594 2 0 0 0 0 423422983
2.8e-09 infty 2.76562 11.4219 205 0 29372756 206 0 0
2.8e-09 infty 3.42188 11.2656 234 0 0 218 0 0
2.8e-09 24.375 3.4375 11.2812 6 0 0 5 0 404610794
2.8e-09 21.25 2.875 11.1875 0 0 508732512 0 0 0
2.8e-09 23.2656 3.39062 11.1562 2 0 440514178 6 0 40596961
2.8e-09 21.25 2.76562 11.375 0 0 5764766 0 0 477960005
2.8e-09 23.4688 2.90625 11.2969 2 0 397887417 0 0 0
2.8e-09 22.1562 2.875 11.2031 0 0 439576453 0 0 0
2.8e-09 24.1875 3.39062 11.1719 3 0 0 6 0 524170633
2.8e-09 infty 2.95312 11.5 218 0 0 192 0 0
2.8e-09 21.9688 2.75 11.375 0 0 477142173 0 0 0
2.8e-09 23.0938 2.78125 11.4688 1 0 0 1 0 404440377
2.8e-09 27.9531 3.26562 11.3281 230 0 0 219 0 392100248
2.8e-09 infty 2.79688 11 203 0 0 225 0 0
2.8e-09 infty 2.79688 11.0156 205 0 0 221 0 43202120
2.8e-09 27 2.54688 11.25 122 0 462870542 142 0 0
2.8e-09 23.6562 2.89062 11.25 2 0 889 1 0 519839115
2.8e-09 21.6719 3.45312 11.3438 0 0 2891030 0 0 419349448
2.8e-09 infty 3.53125 11.0625 189 0 0 187 0 0
2.8e-09 infty 2.79688 11.0156 216 0 0 196 0 0
2.8e-09 infty 2.79688 11.0156 198 0 0 219 0 42796
2.8e-09 infty 2.95312 11.4688 213 0 0 203 0 8806107
2.8e-09 22.8438 3.78125 11.2812 1 0 416529028 4 0 0
2.8e-09 infty 3.32812 11.0312 199 0 0 206 0 0
2.8e-09 infty 3.32812 11.0156 193 0 0 210 0 0
2.8e-09 20.5781 3.51562 11.0469 1 0 517373138 0 0 0
2.8e-09 infty 3.0625 11.2031 175 0 0 187 0 0
2.8e-09 22.25 2.54688 11.2344 0 0 405375808 1 0 0
2.8e-09 26.2188 3.53125 11.0938 81 0 7431102 54 0 451858736
2.8e-09 infty 3.78125 11.2969 227 0 0 200 0 0
2.8e-09 27.7656 2.79688 11.0312 201 0 0 201 3 408632333
2.8e-09 infty 3.40625 11.1875 181 0 0 185 0 0
2.8e-09 20.25 3.04688 11.1719 0 0 0 1 0 436642244
2.8e-09 28.0938 2.46875 11.0781 210 0 0 188 0 320296943
2.8e-09 20.625 2.5625 11.2969 0 0 369869310 0 0 146207233
2.8e-09 infty 2.8125 11.0312 193 0 0 230 0 0
2.8e-09 26.875 3.45312 11.375 86 0 498501532 97 0 0
2.8e-09 27.3125 2.82812 11.0781 153 0 396945911 156 0 0
2.8e-09 27.7969 3.5 11.0312 198 0 0 193 0 371785133
2.8e-09 infty 2.79688 11.0156 190 0 0 205 0 0
2.8e-09 26.75 3.5625 11.1719 92 0 0 93 0 522174980
2.8e-09 24.375 3.5625 11.1719 10 0 403983166 10 0 767
2.8e-09 infty 3.28125 11.3438 236 0 0 204 0 0
2.8e-09 infty 2.89062 11.2344 184 0 0 172 0 0
2.8e-09 27.5156 3.07812 11.2812 175 0 0 186 0 413488460
2.8e-09 infty 3.8125 11.4219 190 0 7942560 204 0 0
2.8e-09 infty 2.875 11.2031 175 0 0 183 0 12171
2.8e-09 22.4375 3.45312 11.375 1 0 413239559 2 0 2641424
2.8e-09 25.2969 2.51562 11.1562 19 0 414830511 17 0 92271
2.8e-09 21.5156 2.76562 11.4219 0 0 16654275 0 0 498962524
2.8e-09 infty 3.03125 11.1406 184 0 0 182 0 4551383
2.8e-09 28.0625 2.78125 11.5156 207 0 340534501 211 0 281974
2.8e-09 infty 2.9375 11.4219 220 0 0 219 0 188512749
2.8e-09 26.6719 2.48438 11.0781 83 0 411902681 77 0 0
2.8e-09 infty 2.79688 11 229 0 0 220 0 921157
2.8e-09 infty 2.92188 11.3281 217 0 0 244 0 6540
2.8e-09 22.8438 3.04688 11.1875 3 0 472515082 2 0 0
2.8e-09 infty 3 11.0625 174 0 5544 203 0 0
2.8e-09 20.5156 3 11.0938 0 0 527145688 1 0 0
2.8e-09 19.0625 3.48438 11.5156 0 0 400896780 0 0 0
2.8e-09 infty 2.89062 11.25 164 0 0 167 0 0
2.8e-09 22.3594 2.78125 11.4844 1 0 140 0 0 442406855
2.8e-09 26.4062 2.76562 11.4219 72 0 471918800 81 0 308201
2.8e-09 infty 3.29688 11.4219 210 0 588 217 0 466460
2.8e-09 infty 3.28125 11.3594 236 0 0 202 0 0
2.8e-09 27.0469 3.84375 11 97 0 0 114 0 430060566
2.8e-09 24.2812 3.26562 11.2969 4 0 457339430 6 0 0
2.8e-09 21.7812 3.45312 11.375 0 0 0 0 0 475558819
2.8e-09 24.9531 3.79688 11.2969 12 0 0 16 0 500573732
2.8e-09 infty 2.51562 11.1562 198 0 0 191 0 0
2.8e-09 infty 2.90625 11.2969 219 0 0 235 0 587823
2.8e-09 25.0469 3.48438 11.5 11 0 510255444 9 0 8309345
2.8e-09 infty 2.98438 11.0625 192 0 0 180 0 0
2.8e-09 infty 2.78125 11 209 0 0 203 0 0
2.8e-09 23.625 3.53125 11.0781 1 0 411589554 0 0 0
2.8e-09 infty 3.3125 11 218 0 0 198 0 0
2.8e-09 infty 3.35938 11.0938 186 0 0 208 0 596
2.8e-09 21.4062 2.48438 11.0938 0 0 512102835 0 0 0
2.8e-09 infty 2.53125 11.1875 177 0 0 174 0 0
2.8e-09 infty 3.59375 11.25 182 0 0 181 0 0
2.8e-09 infty 3.46875 11.4219 208 0 11897805 227 0 0
2.8e-09 infty 2.85938 11.1406 193 0 0 178 0 14139984
2.8e-09 infty 2.89062 11.25 177 0 0 165 0 0
2.8e-09 21.4531 3 11.0781 0 0 281451 0 0 473750478
2.8e-09 22.3594 2.78125 11.4531 0 0 448266383 1 0 2257
2.8e-09 infty 2.75 11.3594 229 0 0 234 0 2830119
2.8e-09 infty 3.04688 11.1875 184 0 0 193 0 0
2.8e-09 19.5156 3.48438 11.5156 0 0 0 0 0 436350030
2.8e-09 infty 2.85938 11.1406 176 0 0 181 0 0
2.8e-09 22.4844 3.3125 11.5156 1 0 450895839 1 0 7
2.8e-09 27.6562 2.96875 11.0156 221 0 455096455 212 0 0
2.8e-09 infty 2.5 11.1406 180 0 0 182 0 0
2.8e-09 21.9375 2.78125 11.4844 0 0 497343780 0 0 0
2.8e-09 25.9062 2.9375 11.4219 49 0 511270206 53 0 0
2.8e-09 22.3594 2.75 11.3281 1 0 1114 0 0 413452144
2.8e-09 26.9531 3.26562 11.2969 132 0 0 121 0 498369666
2.8e-09 24.8594 3.78125 11.2812 11 0 428009039 17 0 0
2.8e-09 27.7812 2.78125 11 213 0 193164379 199 0 185693785
2.8e-09 24.1562 2.54688 11.25 4 0 405304399 1 0 0
2.8e-09 19.7188 2.85938 11.1562 0 0 0 0 0 472286204
2.8e-09 infty 3.04688 11.1875 186 0 0 154 0 0
2.8e-09 infty 3.4375 11.2812 219 0 0 208 0 147670991
2.8e-09 infty 3.42188 11.25 158 0 0 193 0 0
2.8e-09 24.1094 3.3125 11 4 0 0 2 0 446061219
2.8e-09 infty 2.78125 11.5 227 0 0 216 0 0
2.8e-09 22.0469 2.76562 11.4219 0 0 478403284 0 0 0
2.8e-09 infty 2.90625 11.2969 242 0 0 232 0 0
2.8e-09 22.0156 2.78125 11.5 1 0 441883372 0 0 0
2.8e-09 21.2188 2.84375 11.125 0 0 517293399 0 0 3564320
2.8e-09 25.0469 3.32812 11.0312 16 0 453368929 18 0 0
2.8e-09 infty 3.57812 11.1875 166 0 70351681 155 0 0
2.8e-09 21.4375 2.5 11.125 0 0 492361603 0 0 264029
2.8e-09 infty 3.51562 11.0469 203 0 0 207 0 0
2.8e-09 infty 3 11.0781 210 0 0 167 0 0
2.8e-09 infty 3.40625 11.1875 170 0 0 166 0 0
2.8e-09 25.9219 2.90625 11.2656 34 0 174430 43 0 502583912
2.8e-09 infty 2.75 11.3594 224 0 0 220 0 15571778
2.8e-09 infty 3.78125 11.2812 238 0 0 232 0 0
2.8e-09 23.625 3.39062 11.1562 1 0 432861727 3 0 0
2.8e-09 infty 2.75 11.3594 232 0 0 210 0 0
2.8e-09 infty 3.46875 11.3906 227 0 0 228 0 0
2.8e-09 infty 3.29688 11.4531 196 0 0 219 0 0
2.8e-09 22.9531 3.48438 11.4688 1 0 522881323 1 0 0
2.8e-09 27.0625 2.92188 11.3281 118 0 398081729 120 0 31478187
2.8e-09 20.2656 2.90625 11.2969 0 0 0 0 0 504110928
2.8e-09 infty 2.79688 11.0156 185 0 0 210 0 0
2.8e-09 infty 2.98438 11.0469 183 0 0 185 0 0
2.8e-09 infty 3.07812 11.2656 234 0 0 210 0 4455
2.8e-09 infty 3.26562 11.3125 228 0 0 209 0 0
2.8e-09 23.75 2.85938 11.1406 6 0 87313708 3 0 431641220
2.8e-09 infty 2.54688 11.25 178 0 0 169 0 0
2.8e-09 22.0156 2.48438 11.0938 0 0 0 0 0 427391324
2.8e-09 infty 2.9375 11.3906 208 0 0 216 0 23841035
2.8e-09 infty 3.48438 11.5 183 0 3965 204 0 0
2.8e-09 infty 3.01562 11.125 202 0 0 213 0 0
2.8e-09 25.0312 3.51562 11.0625 17 0 523787317 37 0 0
2.8e-09 24.2188 3.04688 11.1719 5 0 476525887 6 0 0
2.8e-09 27.4219 3.45312 11.3281 162 0 476362384 167 0 1188371
2.8e-09 22.5625 2.875 11.2031 1 0 427293889 0 0 4814
2.8e-09 24.8281 3.01562 11.125 15 0 429027353 17 0 1537045
2.8e-09 22.8281 2.875 11.2031 1 0 482484533 0 0 0
2.8e-09 infty 2.53125 11.2188 163 0 0 192 0 0
2.8e-09 infty 2.96875 11 220 0 54986 226 0 84815856
2.8e-09 infty 3.375 11.1406 157 0 0 195 0 0
2.8e-09 20.7969 3.46875 11.4062 1 0 116161153 0 0 386985130
2.8e-09 infty 2.82812 11.0938 186 0 0 197 0 0
2.8e-09 25.5938 2.84375 11.125 37 0 433249455 37 0 0
2.8e-09 26.9062 2.75 11.3594 96 0 0 95 0 415022241
2.8e-09 22.0625 2.53125 11.2031 0 0 408344914 0 0 111
2.8e-09 infty 2.90625 11.2969 216 0 860807 222 0 0
2.8e-09 infty 3.29688 11.4844 215 0 0 203 0 0
2.8e-09 26.7812 2.85938 11.1562 99 0 500536922 92 0 0
2.8e-09 20.9844 2.84375 11.1094 0 0 454408508 0 0 0
2.8e-09 26.4688 2.9375 11.375 77 0 435237299 76 0 0
2.8e-09 infty 2.92188 11.3125 237 0 0 238 0 1364
2.8e-09 22.4531 3.28125 11.375 2 0 126528906 1 0 369945250
2.8e-09 infty 2.53125 11.2031 168 0 0 191 0 11272587
2.8e-09 infty 2.85938 11.1562 172 0 0 213 0 0
2.8e-09 28.2188 3.32812 11.0312 177 0 8459 215 0 272917098
2.8e-09 infty 3.375 11.1406 179 0 0 187 0 0
2.8e-09 infty 2.46875 11.0781 199 0 0 223 0 0
2.8e-09 infty 3.4375 11.2969 241 0 0 206 0 5972503
2.8e-09 infty 2.85938 11.1562 177 0 0 185 0 37972
2.8e-09 infty 3.40625 11.2031 199 0 0 193 0 0
2.8e-09 infty 3.32812 11.0469 191 0 0 191 0 0
2.8e-09 25.625 3.01562 11.0938 20 0 443993022 21 0 0
2.8e-09 20.4062 3.3125 11.0156 0 0 3920255 0 0 500403794
2.8e-09 27.9219 2.5 11.125 212 0 310137566 188 0 0
2.8e-09 infty 2.875 11.1719 183 0 0 173 0 0
2.8e-09 infty 3.375 11.1094 224 0 0 193 0 0
2.8e-09 infty 2.92188 11.3125 242 0 0 219 0 0
2.8e-09 26.25 3.0625 11.2031 64 0 332 54 0 447564068
2.8e-09 23.0938 3.0625 11.2344 3 0 248955406 0 0 254111513
2.8e-09 25.2812 2.53125 11.2031 24 0 426713245 15 0 0
2.8e-09 infty 3.78125 11.2812 223 0 0 228 0 0
2.8e-09 27.8906 2.75 11.3281 235 0 386410726 205 0 37883666
2.8e-09 25.7969 2.85938 11.1406 32 0 471745731 39 0 0
2.8e-09 infty 2.84375 11.125 169 0 0 196 0 0
2.8e-09 25.7969 3.40625 11.1875 26 0 0 28 0 459497581
2.8e-09 23.4844 2.95312 11.5156 3 0 343880606 4 0 96064677
2.8e-09 21.6719 2.84375 11.1094 0 0 0 1 0 430659785
2.8e-09 22.7031 3.375 11.1406 2 0 0 0 0 409769684
2.8e-09 infty 2.96875 11.0156 188 0 0 203 0 0
2.8e-09 infty 3.26562 11.3281 230 0 27610 213 0 0
2.8e-09 infty 3.5 11.0156 209 0 0 215 0 0
2.8e-09 infty 2.54688 11.2344 173 0 26795 169 0 0
2.8e-09 21.0938 2.84375 11.125 0 0 469373608 0 0 82
2.8e-09 infty 3.3125 11.0156 217 0 104807104 216 0 55656
2.8e-09 22.0312 2.48438 11.0781 0 0 429455150 1 0 0
2.8e-09 21.0156 3.375 11.1094 0 0 0 0 0 425566806
2.8e-09 27.1562 2.98438 11.0469 163 0 0 143 0 516836046
2.8e-09 infty 3.04688 11.1875 211 0 0 183 0 0
2.8e-09 infty 3.79688 11.3281 227 0 13941803 226 0 0
2.8e-09 27.875 3 11.0938 201 0 0 164 0 348709397
2.8e-09 infty 2.53125 11.2188 177 0 0 158 0 176106013
2.8e-09 22.0625 3 11.0625 0 0 0 1 0 408485124
2.8e-09 infty 2.89062 11.2188 182 0 7764 166 0 0
2.8e-09 infty 3.04688 11.1719 180 0 0 179 0 0
2.8e-09 infty 2.54688 11.2344 171 0 15821 184 0 0
2.8e-09 infty 3.39062 11.1875 178 0 0 173 0 0
2.8e-09 27.9531 2.76562 11.375 212 0 395966265 209 0 0
2.8e-09 22.4375 3.3125 11.5 0 0 482783917 0 0 0
2.8e-09 22.2344 3.40625 11.2188 1 0 2918504 0 0 485359555
2.8e-09 infty 2.5625 11.3125 203 0 202182588 215 0 0
2.8e-09 infty 2.85938 11.1562 202 0 0 200 0 0
2.8e-09 25.9062 3.46875 11.4531 39 0 0 41 0 404031308
2.8e-09 infty 2.95312 11.4531 217 0 0 198 0 0
2.8e-09 infty 2.875 11.1875 198 0 0 173 0 0
2.8e-09 infty 2.89062 11.2188 180 0 61369269 189 0 0
2.8e-09 21.2031 2.5 11.1406 0 0 415220211 0 0 0
2.8e-09 28.2188 2.90625 11.2812 202 0 0 215 0 272734584
2.8e-09 infty 3.34375 11.0469 216 0 0 214 0 0
2.8e-09 23.8438 3.04688 11.1719 7 0 508771632 4 0 0
2.8e-09 25.1562 2.79688 11.0156 34 0 497942409 32 0 0
2.8e-09 infty 3.29688 11.4844 229 0 0 212 0 0
2.8e-09 26.7344 2.54688 11.2344 85 0 5926562 60 0 456874158
2.8e-09 infty 2.78125 11.5 206 0 0 202 0 18357515
2.8e-09 21.1719 3.4375 11.2812 0 0 166284912 0 0 358144686
2.8e-09 24.6406 3.39062 11.1562 7 0 398260324 5 0 11459633
2.8e-09 infty 2.76562 11.4219 207 0 0 220 0 8926755
2.8e-09 infty 2.90625 11.2812 248 0 0 222 0 0
2.8e-09 23.8125 2.51562 11.1719 4 0 523120023 8 0 0
2.8e-09 infty 2.84375 11.1094 191 0 0 178 0 358715
2.8e-09 21.8906 3.28125 11.375 0 0 408683895 1 0 0
2.8e-09 infty 2.5625 11.3125 225 0 0 219 0 0
2.8e-09 infty 3.28125 11.3594 225 0 0 221 0 0
2.8e-09 infty 3.39062 11.1719 197 0 0 175 0 0
2.8e-09 26.125 2.98438 11.0469 60 0 300265975 45 0 202111127
2.8e-09 22.5469 3.375 11.125 0 0 0 0 0 436465007
2.8e-09 23.3125 2.54688 11.25 2 0 0 1 0 513851370
2.8e-09 infty 3.03125 11.125 197 0 0 189 0 0
2.8e-09 23.6094 2.53125 11.2031 2 0 816091 0 0 423848004
2.8e-09 infty 2.98438 11.0312 200 0 4981670 220 0 0
2.8e-09 24.6875 2.54688 11.25 9 0 502560329 11 0 10022128
2.8e-09 infty 3.46875 11.4219 215 0 0 202 0 0
2.8e-09 infty 3.39062 11.1562 169 0 0 184 0 77577
2.8e-09 21.4531 3.29688 11.4688 0 0 479907668 1 0 0
2.8e-09 22.0156 2.48438 11.0781 0 0 439248579 0 0 0
2.8e-09 21.4219 2.76562 11.4062 0 0 495895194 0 0 798
2.8e-09 infty 3.28125 11.3594 210 0 0 241 0 0
2.8e-09 23.7031 2.51562 11.1719 6 0 0 5 0 500230063
2.8e-09 25.5312 2.82812 11.0625 12 0 416267997 14 0 0
2.8e-09 20.6094 3.51562 11.0469 0 0 43060827 0 0 454630981
2.8e-09 26.9062 2.85938 11.1562 130 0 1825 149 0 525597919
2.8e-09 22.4375 2.78125 11.4688 0 0 528178008 1 0 0
2.8e-09 infty 2.5 11.1406 192 0 0 192 0 0
2.8e-09 infty 3.48438 11.4688 207 0 0 202 0 0
2.8e-09 23.4844 2.48438 11.0938 1 0 408652138 0 0 0
2.8e-09 24.1094 2.96875 11.0156 9 0 329050675 12 0 177757452
2.8e-09 infty 2.82812 11.0625 192 0 0 215 0 0
2.8e-09 25.3281 2.875 11.1719 26 0 484974209 23 0 34539427
2.8e-09 27.8906 2.90625 11.2812 237 0 0 223 0 431710810
2.8e-09 infty 2.98438 11.0312 197 0 0 195 0 0
2.8e-09 infty 2.89062 11.2188 167 0 0 150 0 0
2.8e-09 25.0312 2.76562 11.4375 18 0 463254182 16 0 0
2.8e-09 infty 2.90625 11.25 179 0 0 163 0 0
2.8e-09 infty 3.01562 11.0938 232 0 0 177 0 0
2.8e-09 28.25 2.82812 11.0938 190 0 0 200 0 261663542
2.8e-09 infty 2.54688 11.2344 170 0 0 179 0 0
2.8e-09 infty 3.03125 11.1406 173 0 0 182 0 0
2.8e-09 24.5625 2.96875 11.0156 5 0 0 5 0 488892874
2.8e-09 24.3125 2.84375 11.125 7 0 0 7 0 438517351
2.8e-09 27.3281 3.45312 11.3438 160 0 0 141 0 519548731
2.8e-09 infty 3.32812 11.0156 196 0 0 222 0 0
2.8e-09 infty 3.40625 11.1875 175 0 0 203 0 0
2.8e-09 21.3281 3.42188 11.2344 0 0 439675716 0 0 0
2.8e-09 infty 3.84375 11 194 0 0 190 0 140648606
2.8e-09 infty 3.07812 11.2656 257 0 0 222 0 12275
2.8e-09 infty 3.29688 11.4375 209 0 0 225 0 8351
2.8e-09 infty 3.8125 11.375 226 0 0 213 0 0
2.8e-09 infty 2.54688 11.25 160 0 9721376 163 0 55763136
2.8e-09 22.125 2.875 11.1875 0 0 522696506 0 0 0
2.8e-09 20.5938 2.79688 11 0 0 0 0 0 493157175
2.8e-09 infty 3.0625 11.2344 171 0 176084205 168 0 0
2.8e-09 infty 3.78125 11.2812 243 0 41799477 215 0 0
2.8e-09 22.9531 2.5625 11.2812 1 0 398042057 1 0 0
2.8e-09 26.7031 2.54688 11.2344 61 0 396849588 63 0 0
2.8e-09 infty 3.32812 11.0469 193 0 0 197 0 0
2.8e-09 infty 2.92188 11.3594 232 0 0 214 0 0
2.8e-09 infty 3.54688 11.1094 192 0 0 185 0 0
2.8e-09 infty 3.0625 11.2188 178 0 27088 190 0 55110197
2.8e-09 infty 2.5625 11.2969 232 0 0 229 0 0
2.8e-09 21.875 3.32812 11.0469 0 0 0 0 0 500742470
2.8e-09 infty 3.34375 11.0469 195 0 47509596 185 0 3496
2.8e-09 infty 2.84375 11.1094 178 0 0 189 0 0
2.8e-09 26.7969 2.53125 11.2188 74 0 425853301 77 0 0
2.8e-09 20.5938 3.32812 11.0156 0 0 470420053 0 0 0
2.8e-09 infty 2.53125 11.1875 176 0 0 182 0 0
2.8e-09 infty 2.84375 11.0938 217 0 6881 168 0 0
2.8e-09 infty 2.5625 11.2812 236 0 0 204 0 0
2.8e-09 21.125 3.26562 11.2969 0 0 27694 0 0 468179852
2.8e-09 21.2344 3.5625 11.1719 0 0 0 0 0 517902439
2.8e-09 infty 3.01562 11.1094 196 0 39861 169 0 0
2.8e-09 24.7812 2.5 11.125 12 0 503612041 9 0 9328744
2.8e-09 infty 2.98438 11.0469 182 0 0 208 0 0
2.8e-09 23.5938 2.46875 11.0781 3 0 433432069 6 0 2684545
2.8e-09 infty 2.875 11.2031 169 0 0 162 0 73555
2.8e-09 23.125 2.48438 11.0781 2 0 523468161 0 0 0
2.8e-09 27.375 2.53125 11.2188 206 0 507275375 177 0 0
2.8e-09 25.7656 3 11.0625 43 0 0 51 0 497672971
2.8e-09 21.9531 2.9375 11.4062 0 0 385324851 0 0 50535988
2.8e-09 infty 2.53125 11.2031 162 0 3501388 191 0 0
2.8e-09 21.6094 3.375 11.1406 1 0 487888728 0 0 0
2.8e-09 23.3281 3.375 11.1406 4 0 0 2 0 506797789
2.8e-09 infty 2.96875 11.0312 202 0 77908895 202 0 0
2.8e-09 24.4688 2.75 11.3438 6 0 0 7 0 434119065
2.8e-09 infty 2.82812 11.0781 206 0 100854 193 0 41233
2.8e-09 infty 2.8125 11.0469 199 0 0 219 0 0
2.8e-09 25.1406 3 11.0625 16 0 82304272 13 0 407528390
2.8e-09 infty 2.75 11.3594 222 0 107367129 218 0 0
2.8e-09 25.75 2.53125 11.1875 38 0 239951652 34 0 261079710
2.8e-09 infty 3.8125 11.375 204 0 0 227 0 16326
2.8e-09 infty 3.78125 11.2656 231 0 0 225 0 0
2.8e-09 infty 2.84375 11.0938 164 0 0 194 0 0
2.8e-09 infty 2.75 11.375 206 0 607822 200 0 0
2.8e-09 26.2812 2.875 11.1719 55 0 0 53 0 398720655
2.8e-09 infty 2.875 11.2031 173 0 195744920 185 0 2075848
2.8e-09 21.5938 2.875 11.1875 0 0 66397161 0 0 379819972
2.8e-09 infty 2.92188 11.3438 231 0 0 204 0 0
2.8e-09 infty 3.01562 11.0938 172 0 176048 197 0 0
2.8e-09 infty 2.875 11.1719 184 0 262299 201 0 0
2.8e-09 infty 2.78125 11.4688 211 0 183423530 219 0 0
2.8e-09 26.0469 2.82812 11.0781 47 0 0 50 0 431811413
2.8e-09 infty 2.84375 11.125 159 0 0 206 0 2241744
2.8e-09 infty 2.95312 11.5 244 0 8669 201 0 189536
2.8e-09 infty 3.59375 11.2188 167 0 0 174 0 0
2.8e-09 infty 2.9375 11.4219 226 0 31871 260 0 0
2.8e-09 infty 3.375 11.1406 181 0 0 172 0 30509
2.8e-09 20.9062 3.32812 11.0312 0 0 0 0 0 498620362
2.8e-09 24.3594 3.04688 11.1875 6 0 0 4 0 408855593
2.8e-09 infty 3.04688 11.1875 194 0 0 178 0 47161192
2.8e-09 25.9531 2.95312 11.4375 39 0 488624686 40 0 0
2.8e-09 infty 2.92188 11.3281 204 0 520113 232 0 0
2.8e-09 infty 2.84375 11.125 207 0 128717908 201 0 0
2.8e-09 infty 3.39062 11.1562 202 0 0 176 0 0
2.8e-09 24.5312 2.92188 11.3281 7 0 423021542 9 0 98184981
2.8e-09 infty 2.92188 11.3125 227 0 25700599 254 0 0
2.8e-09 25.5312 3 11.0781 26 0 0 27 0 517163975
2.8e-09 22.2188 3.28125 11.3594 0 0 527563121 1 0 0
2.8e-09 infty 3.57812 11.2031 164 0 0 183 0 0
2.8e-09 21.3438 2.90625 11.2969 0 0 0 0 0 435073485
2.8e-09 infty 2.76562 11.3906 222 0 0 216 0 0
2.8e-09 infty 3 11.0781 206 0 0 175 0 0
2.8e-09 20.4062 2.95312 11.4531 0 0 0 0 0 506072570
2.8e-09 infty 2.78125 11.4844 204 0 0 201 0 0
2.8e-09 23.7344 2.85938 11.1562 1 0 0 2 0 509362541
2.8e-09 24.6875 2.96875 11.0156 4 0 397553674 11 0 268180
2.8e-09 infty 3.4375 11.2969 207 0 0 212 0 55264008
2.8e-09 infty 3.28125 11.3594 207 0 409186 223 0 0
2.8e-09 infty 3.4375 11.3281 226 0 69631142 221 0 0
2.8e-09 25.3438 2.75 11.3594 26 0 514453329 11 0 0
2.8e-09 23.1406 3.375 11.125 2 0 513822842 3 0 0
2.8e-09 22.4844 3.8125 11.4062 0 0 442088533 1 0 0
2.8e-09 24.0156 2.78125 11.5 8 0 0 6 0 513969423
2.8e-09 infty 2.51562 11.1562 177 0 0 189 0 2470
2.8e-09 infty 2.76562 11.4375 235 0 0 245 0 0
2.8e-09 infty 2.48438 11.0938 176 0 0 195 0 0
2.8e-09 infty 2.9375 11.4219 204 0 27156652 228 0 0
2.8e-09 21.3125 2.54688 11.2656 0 0 407649275 1 0 0
2.8e-09 infty 2.51562 11.1719 197 0 4405362 176 0 0
2.8e-09 27.125 2.5 11.125 141 0 221141470 138 0 301226736
2.8e-09 24.7969 3.03125 11.1562 13 0 16315794 20 0 472584983
2.8e-09 infty 2.85938 11.1562 193 0 0 178 0 0
2.8e-09 26.8906 3.0625 11.2031 94 0 0 97 0 484804375
2.8e-09 infty 3.54688 11.1094 207 0 0 181 0 0
2.8e-09 22.0312 2.76562 11.4375 0 0 0 0 0 435207913
2.8e-09 infty 2.92188 11.3125 225 0 2036813 220 0 150990560
2.8e-09 24.2344 2.98438 11.0469 9 0 0 10 0 438700456
2.8e-09 infty 3.34375 11.0469 205 0 0 209 0 0
2.8e-09 23.6406 3.3125 11 3 0 72032 2 0 404199199
2.8e-09 22.9219 2.90625 11.2812 0 0 16024493 1 0 501684684
2.8e-09 infty 3 11.0625 199 0 0 189 0 0
2.8e-09 infty 2.90625 11.2812 196 0 0 235 0 0
2.8e-09 25.7031 2.84375 11.125 21 0 0 20 0 514354906
2.8e-09 23.6406 3.07812 11.2656 1 0 0 1 0 449959864
2.8e-09 infty 3.07812 11.25 190 0 0 169 0 0
2.8e-09 infty 2.53125 11.1875 168 0 0 189 0 0
2.8e-09 infty 2.53125 11.2344 198 0 0 197 0 0
2.8e-09 infty 3.54688 11.125 203 0 0 174 0 0
2.8e-09 27.25 2.8125 11.0312 157 0 253222125 138 0 221521016
2.8e-09 23.8438 2.53125 11.2031 1 0 418358341 0 0 5182
2.8e-09 infty 2.75 11.3281 216 0 0 226 0 113118275
2.8e-09 20.9219 2.75 11.3438 0 0 0 0 0 461959086
2.8e-09 infty 2.5625 11.3125 200 0 0 217 0 0
2.8e-09 26.5625 2.98438 11.0469 76 0 474859766 80 0 0
2.8e-09 infty 3.34375 11.0625 219 0 0 188 0 0
2.8e-09 infty 3.53125 11.0938 190 0 0 198 0 238206495
2.8e-09 infty 2.51562 11.1719 181 0 776 181 0 20184653
2.8e-09 infty 3.8125 11.3906 219 0 0 244 0 0
2.8e-09 24.875 2.54688 11.2344 12 0 0 14 0 446616250
2.8e-09 infty 2.89062 11.2344 169 0 98209314 194 0 0
2.8e-09 infty 2.53125 11.1875 189 0 0 174 0 0
2.8e-09 infty 2.8125 11.0469 213 0 0 180 0 0
2.8e-09 21.6875 3.03125 11.1406 0 0 411211561 0 0 2004242
2.8e-09 22.1562 2.8125 11.0625 0 0 254779 1 0 437770612
2.8e-09 22.6875 3.32812 11.0312 5 0 518628080 1 0 52
2.8e-09 22.4531 2.82812 11.0781 0 0 514392173 0 0 0
2.8e-09 infty 3.03125 11.1562 203 0 11654 179 0 0
2.8e-09 27.7344 2.46875 11.0781 202 0 0 196 0 397882554
2.8e-09 21.0938 2.79688 11.0156 0 0 0 0 0 481656249
2.8e-09 25.8281 2.53125 11.2188 53 0 0 25 0 437560063
2.8e-09 24 2.95312 11.4531 6 0 519078636 5 0 0
2.8e-09 23.9062 2.78125 11.5 5 0 0 2 0 455074006
2.8e-09 infty 2.89062 11.2188 184 0 0 178 0 0
2.8e-09 25.4531 2.5625 11.2812 28 0 497637254 38 0 0
2.8e-09 22.7656 2.5625 11.2969 0 0 54 1 0 438267949
2.8e-09 22.0156 2.82812 11.0938 0 0 823342 0 0 438691792
2.8e-09 27.5 3.26562 11.2969 171 0 0 171 0 417110471
2.8e-09 21.0781 2.5 11.125 0 0 162559 0 0 505935785
2.8e-09 26.2656 2.8125 11.0469 63 0 484131252 76 0 37288913
2.8e-09 23.5938 2.78125 11.5156 5 0 0 3 0 411238275
2.8e-09 27.1406 2.5 11.1406 160 0 507625235 122 0 0
2.8e-09 22.6719 3.375 11.1406 1 0 0 2 0 431427475
2.8e-09 28.1719 2.48438 11.1094 187 0 290305636 170 0 0
2.8e-09 infty 3.03125 11.1406 161 0 0 177 0 0
2.8e-09 23.25 3.5625 11.1562 0 0 239285702 1 0 173647716
2.8e-09 26.7188 2.85938 11.1562 72 0 403877777 65 0 0
2.8e-09 infty 2.875 11.1719 149 0 12946 184 0 0
2.8e-09 22.8438 3.79688 11.3594 0 0 475894207 3 0 0
2.8e-09 22.4219 3.82812 11.4844 1 0 491645710 1 0 0
2.8e-09 infty 2.8125 11.0469 192 0 0 187 0 0
2.8e-09 24.7188 3.4375 11.3125 10 0 418091170 9 0 0
2.8e-09 20.2656 3.07812 11.2812 0 0 50209 1 0 445529356
2.8e-09 infty 2.5 11.125 183 0 1810559 165 0 0
2.8e-09 infty 2.48438 11.1094 206 0 123316844 194 0 0
2.8e-09 22.3438 2.76562 11.4219 2 0 0 0 0 492925138
2.8e-09 infty 3.35938 11.0938 190 0 0 174 0 74616
2.8e-09 infty 2.48438 11.0781 188 0 0 200 0 0
2.8e-09 infty 2.95312 11.5 216 0 69150898 231 0 141438
2.8e-09 21.9531 2.95312 11.4844 0 0 437605 0 0 471103228
2.8e-09 infty 3.4375 11.2969 202 0 0 233 0 0
2.8e-09 infty 2.54688 11.2656 254 0 0 230 0 0
2.8e-09 infty 3.82812 11.4375 231 0 403144 225 0 0
2.8e-09 24.7812 3.0625 11.2031 24 0 438081548 28 0 0
2.8e-09 infty 2.51562 11.1562 189 0 0 184 0 3135
2.8e-09 infty 3.32812 11.0469 190 0 0 226 0 46794705
2.8e-09 21.3438 2.9375 11.4062 0 0 70 0 0 415135674
2.8e-09 infty 3.34375 11.0469 204 0 182617 192 0 0
2.8e-09 20.8281 3.78125 11.2969 0 0 0 0 0 449727663
2.8e-09 infty 2.5625 11.2969 233 0 145462524 220 0 0
2.8e-09 infty 2.8125 11.0312 221 0 0 184 0 0
2.8e-09 20.9375 3.01562 11.1094 0 0 498006752 0 0 0
2.8e-09 24.5 2.76562 11.4062 10 0 19192260 6 0 402905431
2.8e-09 infty 3.79688 11.3281 216 0 0 229 0 0
2.8e-09 infty 3.59375 11.2344 156 0 0 174 0 0
2.8e-09 27.2812 2.84375 11.125 133 0 0 138 0 419243440
2.8e-09 infty 2.48438 11.0938 191 0 0 191 0 0
2.8e-09 22.3594 3.28125 11.375 0 0 441126841 0 0 14680
2.8e-09 infty 3.54688 11.125 190 0 0 181 0 91437
2.8e-09 21.2188 2.5 11.1094 0 0 399044040 0 0 0
2.8e-09 24.7344 2.5 11.1406 14 0 401828694 15 0 0
2.8e-09 infty 2.8125 11.0625 226 0 0 204 0 0
2.8e-09 infty 3.45312 11.3594 235 0 3734823 188 0 0
2.8e-09 25.8594 3.40625 11.2188 38 0 0 42 0 402796350
2.8e-09 25.6406 3.5 11.0312 21 0 21302968 28 0 414584553
2.8e-09 infty 2.92188 11.3281 210 0 0 230 0 0
2.8e-09 infty 2.84375 11.125 204 0 0 189 0 0
2.8e-09 21.8125 3.07812 11.25 1 0 461881755 0 0 0
2.8e-09 infty 3.53125 11.0938 190 0 0 212 0 9121414
2.8e-09 20.0312 2.89062 11.2031 0 0 75423032 0 0 345524632
2.8e-09 24.2812 2.85938 11.1562 8 0 91 4 0 465407923
2.8e-09 21.0469 2.96875 11.0156 0 0 0 0 0 408210764
2.8e-09 20.7031 3.4375 11.2812 0 0 128504565 1 0 287435084
2.8e-09 27.8125 2.82812 11.0938 194 0 366050340 195 0 0
2.8e-09 infty 3.51562 11.0312 192 0 182024 213 0 0
2.8e-09 infty 2.875 11.1875 186 0 0 192 0 0
2.8e-09 infty 3.28125 11.3438 230 0 152143 241 0 60011
2.8e-09 24.4531 3.8125 11.4219 7 0 428115220 9 0 0
2.8e-09 21.7188 2.53125 11.2188 1 0 29920 1 0 407372595
2.8e-09 25.5781 2.78125 11.5 31 0 487374321 38 0 0
2.8e-09 22.3906 2.5625 11.2812 1 0 412929035 1 0 0
2.8e-09 infty 3.82812 11.4531 192 0 0 225 0 0
2.8e-09 infty 2.95312 11.4688 177 0 0 228 0 659165
2.8e-09 infty 3.07812 11.2812 231 0 0 250 0 211247046
2.8e-09 21.6406 2.8125 11.0312 0 0 451655060 0 0 0
2.8e-09 infty 3.42188 11.25 165 0 0 162 0 0
2.8e-09 infty 2.53125 11.1875 150 0 0 170 0 0
2.8e-09 21.7812 2.76562 11.4375 0 0 43536026 0 0 397763110
2.8e-09 25.3594 3.0625 11.2344 41 0 0 38 0 443347527
2.8e-09 infty 2.82812 11.0625 185 0 0 191 0 0
2.8e-09 26.7031 2.53125 11.1875 100 0 0 102 0 523132356
2.8e-09 28.0312 2.90625 11.2656 215 0 335873212 220 0 21581573
2.8e-09 infty 3.07812 11.2812 245 0 71289466 227 0 0
2.8e-09 infty 2.96875 11 226 0 0 187 0 0
2.8e-09 infty 2.48438 11.0781 164 0 91928109 174 0 335599
2.8e-09 infty 2.9375 11.4062 205 0 1141932 222 0 0
2.8e-09 24.2812 2.5625 11.3125 2 0 0 4 0 460775612
2.8e-09 infty 2.92188 11.3438 227 0 0 217 0 0
2.8e-09 infty 2.8125 11.0469 201 0 0 226 0 0
2.8e-09 23.75 2.82812 11.0781 3 0 450197554 0 0 4868
2.8e-09 27.2656 3 11.0781 144 0 431223317 143 0 0
2.8e-09 infty 3.35938 11.0938 185 0 0 177 0 0
2.8e-09 infty 2.84375 11.0938 191 0 0 189 0 0
2.8e-09 infty 2.85938 11.1719 185 0 0 176 0 732
2.8e-09 infty 3.07812 11.2656 240 0 0 227 0 0
2.8e-09 23 2.5 11.125 2 0 0 0 0 504006668
2.8e-09 25.3594 2.95312 11.4375 23 0 0 26 0 505736653
2.8e-09 infty 2.89062 11.25 167 0 0 142 0 0
2.8e-09 infty 3.375 11.125 180 0 0 190 0 0
2.8e-09 infty 2.5 11.1406 207 0 0 175 0 0
2.8e-09 25.1406 2.96875 11 30 0 85178586 34 0 378819301
2.8e-09 infty 3.4375 11.3125 220 0 0 222 0 0
2.8e-09 infty 3.8125 11.375 219 0 2936 232 0 0
2.8e-09 22.8438 2.90625 11.25 0 0 0 1 0 431225516
2.8e-09 21.5938 3 11.0781 0 0 0 0 0 492431916
2.8e-09 20.4844 2.51562 11.1562 0 0 27810637 0 0 379869199
2.8e-09 20.6719 2.89062 11.2188 0 0 406410068 0 0 5943331
2.8e-09 infty 3.29688 11.4219 218 0 0 201 0 82942875
2.8e-09 21.7969 3.29688 11.4688 0 0 464528159 0 0 0
2.8e-09 19.4844 2.78125 11.5156 0 0 15248 0 0 519247495
2.8e-09 24.7031 2.51562 11.1562 11 0 0 9 0 428838159
2.8e-09 infty 2.51562 11.1719 197 0 5997909 179 0 0
2.8e-09 23.9062 3.0625 11.2188 1 0 709 5 0 465662103
2.8e-09 20.625 2.75 11.3438 0 0 470423524 0 0 0
2.8e-09 28.0312 3.32812 11.0156 226 0 0 208 0 348751710
2.8e-09 21.3594 2.54688 11.25 0 0 48 1 0 414972289
2.8e-09 21.1406 3.51562 11.0625 0 0 453808287 0 0 8
2.8e-09 27.6875 2.85938 11.1562 187 0 0 159 0 432340577
2.8e-09 infty 2.51562 11.1562 188 0 0 173 0 0
2.8e-09 infty 3.0625 11.2188 181 0 0 170 0 0
2.8e-09 infty 3.04688 11.1875 173 0 2783 199 0 0
2.8e-09 infty 2.53125 11.2031 187 0 0 176 0 0
2.8e-09 infty 3.01562 11.1094 178 0 0 206 0 0
2.8e-09 24.4688 2.9375 11.375 5 0 457428580 9 0 3980516
2.8e-09 infty 3.03125 11.125 189 0 1248 176 0 0
2.8e-09 infty 2.5 11.125 170 0 0 195 0 447238
2.8e-09 infty 2.54688 11.25 175 0 0 161 0 0
2.8e-09 28.125 2.48438 11.0938 180 0 0 187 0 306550973
2.8e-09 infty 2.5 11.1406 180 0 0 189 0 0
2.8e-09 26.2656 3.4375 11.3125 50 0 393322409 43 0 41921212
2.8e-09 25.8125 3.01562 11.1094 49 0 297034992 44 0 153267529
2.8e-09 infty 2.90625 11.2969 239 0 25579602 247 0 0
2.8e-09 21.6875 3.54688 11.1094 0 0 425622097 0 0 0
2.8e-09 25.9375 2.5625 11.2812 72 0 0 73 0 518796087
2.8e-09 infty 2.5625 11.2812 235 0 0 234 0 0
2.8e-09 23.8438 2.54688 11.2656 8 0 0 7 0 500307757
2.8e-09 infty 2.5625 11.3281 238 0 0 210 0 0
2.8e-09 27.9219 3.79688 11.3281 200 0 0 232 0 410820653
2.8e-09 21.125 2.5 11.125 0 0 0 0 0 454180404
2.8e-09 infty 2.92188 11.3594 210 0 0 209 0 0
2.8e-09 27.1094 2.78125 11.5156 115 0 398228189 110 0 1570046
2.8e-09 21.5469 3.01562 11.125 0 0 0 0 0 401206691
2.8e-09 infty 2.92188 11.3594 220 0 0 200 0 0
2.8e-09 infty 3.26562 11.3281 218 0 0 210 0 0
2.8e-09 infty 3.42188 11.2344 185 0 0 195 0 0
2.8e-09 23.6875 2.79688 11 4 0 439878411 0 0 74283005
2.8e-09 20.7031 2.82812 11.0938 0 0 414938531 0 0 43489
2.8e-09 25.6406 2.82812 11.0781 11 0 439042182 17 0 0
2.8e-09 infty 3.01562 11.0938 200 0 104568 209 0 0
2.8e-09 27.2344 2.79688 11.0156 134 0 0 167 0 461077362
2.8e-09 25.0781 2.95312 11.5156 24 0 416659644 20 0 0
2.8e-09 24.5312 3.79688 11.3438 2 0 0 5 0 510165190
2.8e-09 infty 3.01562 11.0938 197 0 0 177 0 0
2.8e-09 23.4844 2.92188 11.3438 3 0 514110936 2 0 463
2.8e-09 23.8281 3.29688 11.4531 7 0 0 4 0 517140483
2.8e-09 21.5469 3.04688 11.1875 0 0 14 0 0 403910594
2.8e-09 27.5312 3.48438 11.5 233 0 523566504 199 0 0
2.8e-09 22.0312 2.85938 11.1406 0 0 0 1 0 415498451
2.8e-09 infty 3.5 11.0156 185 0 0 185 0 128697087
2.8e-09 infty 2.48438 11.1094 176 0 0 178 0 0
2.8e-09 infty 2.48438 11.1094 189 0 433669 189 0 0
2.8e-09 infty 3.48438 11 176 0 0 236 0 0
2.8e-09 20.9219 2.98438 11.0469 0 0 0 0 0 510988431
2.8e-09 25.7188 2.51562 11.1719 24 0 0 35 0 397358412
2.8e-09 21.2188 3.42188 11.2344 0 0 402751760 0 0 381208
2.8e-09 infty 2.79688 11.0156 209 0 14552042 200 0 38946
2.8e-09 infty 2.85938 11.1406 156 0 0 193 0 0
2.8e-09 21.6719 2.5625 11.2812 0 0 419702261 0 0 1915788
2.8e-09 26.6875 2.85938 11.1406 75 0 0 72 0 428006983
2.8e-09 20.625 3.78125 11.2656 1 0 0 0 0 475404326
2.8e-09 27.7812 3.0625 11.2188 193 0 376491642 193 0 0
2.8e-09 infty 2.79688 11.0312 190 0 0 198 0 16221189
2.8e-09 infty 3.59375 11.2344 165 0 0 217 0 0
2.8e-09 25.0625 2.95312 11.4688 10 0 444668796 11 0 0
2.8e-09 25.1406 2.5 11.125 20 0 0 17 0 522678321
2.8e-09 28.25 2.79688 11 234 0 259794106 205 0 0
2.8e-09 infty 2.5 11.125 168 0 0 191 0 0
2.8e-09 24.6406 2.51562 11.1719 6 0 144130 9 0 472590975
2.8e-09 20.6875 3.39062 11.1562 0 0 113 0 0 528527303
2.8e-09 infty 3.03125 11.1406 219 0 0 161 0 27022
2.8e-09 infty 3.5 11.0312 231 0 0 184 0 0
2.8e-09 infty 2.76562 11.4375 217 0 308728 204 0 37434723
2.8e-09 infty 3.40625 11.2031 175 0 0 179 0 0
2.8e-09 infty 3.8125 11.3906 220 0 1246398 188 0 0
2.8e-09 infty 3.54688 11.125 184 0 0 191 0 295586
2.8e-09 23.0781 2.98438 11.0312 3 0 508751673 0 0 0
2.8e-09 25.8594 2.84375 11.125 50 0 431624218 43 0 0
2.8e-09 22.1094 3.53125 11.0625 0 0 507658141 0 0 11
2.8e-09 infty 2.84375 11.125 184 0 0 171 0 7197390
2.8e-09 21.4062 2.96875 11.0156 0 0 0 0 0 513229030
2.8e-09 infty 2.8125 11.0469 203 0 0 211 0 210714406
2.8e-09 infty 2.5625 11.3125 231 0 0 237 0 0
2.8e-09 27.875 2.5 11.1406 193 0 0 188 0 326734725
2.8e-09 infty 3.07812 11.25 185 0 0 170 0 0
2.8e-09 infty 2.54688 11.2656 212 0 0 219 0 5013488
2.8e-09 24.6094 2.85938 11.1406 4 0 0 9 0 454523779
2.8e-09 21.4375 2.96875 11.0156 0 0 0 0 0 490330859
2.8e-09 26.7344 2.51562 11.1562 80 0 0 100 0 497735161
2.8e-09 26.0312 2.90625 11.2812 37 0 0 36 0 430123081
2.8e-09 infty 3.01562 11.0938 178 0 0 207 0 1179623
2.8e-09 26.9375 2.54688 11.2812 128 0 505107493 137 0 0
2.8e-09 infty 3.4375 11.2812 244 0 0 216 0 0
2.8e-09 26.2656 2.54688 11.25 39 0 405143191 42 0 0
2.8e-09 infty 2.8125 11.0469 194 0 0 220 0 0
2.8e-09 infty 3.03125 11.1562 198 0 0 167 0 0
2.8e-09 21.3438 2.54688 11.2656 0 0 428768185 0 0 0
2.8e-09 25.625 2.79688 11.0156 23 0 411552916 41 0 0
2.8e-09 22.1875 3.28125 11.3438 1 0 419074356 0 0 456371
2.8e-09 infty 3.45312 11.3281 222 0 0 206 0 0
2.8e-09 infty 2.82812 11.0781 191 0 9989902 183 0 0
2.8e-09 26.25 2.89062 11.2344 69 0 0 51 0 442994228
2.8e-09 21.8125 2.75 11.3438 0 0 435230871 2 0 1830495
2.8e-09 infty 2.85938 11.1562 194 0 0 181 0 0
2.8e-09 28.1562 2.79688 11.0156 220 0 300315013 212 0 0
2.8e-09 27.6719 3.48438 11.5156 210 0 0 220 0 434205194
2.8e-09 infty 3.32812 11.0156 190 0 0 215 0 0
2.8e-09 infty 2.98438 11.0469 221 0 0 199 0 0
2.8e-09 infty 2.75 11.3594 210 0 0 200 0 0
2.8e-09 infty 3.35938 11.0938 193 0 222577319 201 0 0
2.8e-09 infty 2.85938 11.1719 172 0 0 159 0 0
2.8e-09 22.0312 2.51562 11.1719 0 0 436363607 0 0 0
2.8e-09 25.1875 2.82812 11.0938 20 0 472733619 29 0 0
2.8e-09 26.5156 3.07812 11.2656 79 0 408432588 96 0 0
2.8e-09 infty 2.5 11.1094 178 0 11403620 176 0 0
2.8e-09 infty 2.75 11.375 221 0 0 207 0 0
2.8e-09 20.7188 3.0625 11.2188 0 0 503787531 0 0 0
2.8e-09 27.3281 3.04688 11.1562 135 0 405495002 108 0 0
2.8e-09 22.375 2.95312 11.5 0 0 766856 0 0 397165931
2.8e-09 infty 3.53125 11.0781 191 0 7131041 183 0 0
2.8e-09 infty 3.01562 11.1094 179 0 0 173 0 0
2.8e-09 24.4219 3.07812 11.2812 6 0 0 2 0 484226494
2.8e-09 25.0938 3.01562 11.0938 14 0 0 11 0 428158740
2.8e-09 28.0469 2.96875 11.0156 201 0 0 208 0 349279436
2.8e-09 24.0625 3.53125 11.0938 5 0 483990564 3 0 38179
2.8e-09 26.7969 2.875 11.2031 61 0 0 98 0 512284164
2.8e-09 infty 2.51562 11.1719 165 0 226540 176 0 0
2.8e-09 infty 3.8125 11.3594 236 0 0 231 0 0
2.8e-09 24.4844 2.79688 11.0156 9 0 309788941 6 0 118929106
2.8e-09 20.9844 3.35938 11.1094 0 0 447874037 0 0 0
2.8e-09 22.2188 3.03125 11.1562 0 0 418798573 0 0 132
2.8e-09 22.6094 2.82812 11.0781 1 0 520521130 0 0 0
2.8e-09 22.875 3.29688 11.4375 0 0 0 1 0 454094458
2.8e-09 infty 2.85938 11.1562 168 0 0 179 0 0
2.8e-09 infty 3.34375 11.0625 211 0 0 187 0 0
2.8e-09 24.3438 2.84375 11.1094 2 0 418398411 3 0 0
2.8e-09 22.5625 3 11.0625 4 0 515875947 0 0 0
2.8e-09 22.0469 2.82812 11.0781 1 0 428496496 0 0 57225404
2.8e-09 infty 2.53125 11.2188 151 0 10819112 190 0 0
2.8e-09 infty 2.92188 11.3281 203 0 2154 232 0 61549
2.8e-09 infty 2.9375 11.4219 226 0 0 201 0 0
2.8e-09 infty 3.4375 11.2812 221 0 3074 203 0 0
2.8e-09 25.2812 2.5 11.1406 16 0 474570770 17 0 0
2.8e-09 20.6562 2.5 11.125 0 0 0 0 0 448358654
2.8e-09 infty 2.96875 11 186 0 0 195 0 0
2.8e-09 infty 2.78125 11.5 190 0 0 223 0 0
2.8e-09 22.75 2.5 11.125 1 0 0 2 0 416479624
2.8e-09 infty 3.82812 11.4844 204 0 31312878 221 0 0
2.8e-09 24.9531 2.95312 11.5 7 0 373573243 23 0 93213815
2.8e-09 22.7031 2.8125 11.0469 0 0 5 1 0 434177099
2.8e-09 26.7188 2.51562 11.1875 92 0 512845476 88 0 0
2.8e-09 infty 2.48438 11.1094 188 0 0 170 0 0
2.8e-09 22.9062 3.07812 11.2812 1 0 1756072 0 0 418677881
2.8e-09 25.4219 2.53125 11.2031 26 0 0 28 0 453423757
2.8e-09 infty 2.51562 11.1719 179 0 11863930 179 0 0
2.8e-09 21.7812 2.95312 11.4688 0 0 488722511 0 0 0
2.8e-09 24.5625 2.75 11.3438 11 0 495287697 9 0 0
2.8e-09 infty 3.28125 11.3438 235 0 0 218 0 0
2.8e-09 infty 3.28125 11.3438 239 0 98897 203 0 0
2.8e-09 infty 2.78125 11 211 0 0 229 0 0
2.8e-09 21.7344 2.84375 11.1094 1 0 505547817 1 0 1137720
2.8e-09 19.4062 2.8125 11.0469 0 0 0 0 0 439724036
2.8e-09 21.875 2.92188 11.3281 1 0 337298679 1 0 94856110
2.8e-09 22.0312 3.46875 11.4531 0 0 410310911 0 0 0
2.8e-09 infty 3.59375 11.2656 229 0 0 249 0 195236
2.8e-09 23.9219 2.75 11.3438 2 0 347 1 0 485121059
2.8e-09 infty 2.84375 11.125 172 0 0 169 0 0
2.8e-09 21.4531 2.82812 11.0781 0 0 471569527 0 0 0
2.8e-09 26.5312 2.90625 11.2812 69 0 397549853 66 0 0
2.8e-09 infty 2.5 11.1094 191 0 0 197 0 91441511
2.8e-09 21.375 3.46875 11.4219 1 0 407493044 0 0 0
2.8e-09 20.0938 3.54688 11.125 0 0 449728297 0 0 7706
2.8e-09 infty 2.53125 11.2031 209 0 0 162 0 0
2.8e-09 23.8906 2.92188 11.3438 6 0 0 7 0 452130606
2.8e-09 25.2969 3.79688 11.3438 17 0 488972890 26 0 0
2.8e-09 22.2188 2.89062 11.2344 0 0 410209324 0 0 2550907
2.8e-09 23.4531 3.28125 11.3281 10 0 0 5 0 419322891
2.8e-09 infty 3 11.0625 203 0 0 194 0 0
2.8e-09 infty 3.34375 11.0469 215 0 0 187 0 0
2.8e-09 22.6406 3.39062 11.1719 0 0 446009361 0 0 0
2.8e-09 infty 2.90625 11.2969 201 0 0 198 0 0
2.8e-09 23.2812 2.53125 11.2031 2 0 404542027 0 0 0
2.8e-09 infty 3.40625 11.1875 172 0 0 164 0 55665
2.8e-09 infty 3.48438 11.4688 206 0 0 215 0 0
2.8e-09 23.6406 3 11.0781 4 0 117043954 6 0 346237096
2.8e-09 infty 2.79688 11.0156 221 0 69456 211 0 0
2.8e-09 infty 2.92188 11.3281 200 0 0 209 0 0
2.8e-09 infty 2.84375 11.125 188 0 0 193 0 6538292
2.8e-09 infty 3.3125 11.0156 242 0 129005967 208 0 0
2.8e-09 infty 3.07812 11.25 153 0 0 168 0 2088132
2.8e-09 24.4844 2.76562 11.4375 7 0 453864132 9 0 0
2.8e-09 infty 2.96875 11.0156 211 0 0 231 0 0
2.8e-09 infty 2.79688 11.0156 196 0 0 195 0 0
2.8e-09 23.3281 2.90625 11.2969 5 0 443598312 2 0 16640677
2.8e-09 infty 3.35938 11.0938 202 0 0 193 0 0
2.8e-09 infty 2.75 11.3438 217 0 0 226 0 200617275
2.8e-09 infty 2.96875 11.0156 203 0 1549 194 0 0
2.8e-09 infty 3.375 11.1406 178 0 0 188 0 0
2.8e-09 infty 3.78125 11.2812 222 0 7350 229 0 62608
2.8e-09 infty 2.51562 11.1562 194 0 141342569 184 0 0
2.8e-09 infty 2.96875 11 200 0 388201 207 0 0
2.8e-09 25.75 2.48438 11.1094 42 0 0 40 0 464305580
2.8e-09 infty 2.5 11.125 187 0 5021 182 0 91894660
2.8e-09 27.6406 3.46875 11.3906 209 0 360565987 197 0 96863667
2.8e-09 infty 2.84375 11.1094 190 0 68513384 211 0 0
2.8e-09 23.0625 3.82812 11.4844 1 0 273738128 0 0 164694810
2.8e-09 infty 3.79688 11.3438 236 0 0 231 0 0
2.8e-09 infty 2.76562 11.375 229 0 5349393 212 0 0
2.8e-09 20.9375 2.78125 11.5156 0 0 217553763 0 0 235272400
2.8e-09 infty 3.53125 11.0781 196 0 216 161 0 0
2.8e-09 23.4531 2.76562 11.4531 2 0 5219086 2 0 436713047
2.8e-09 26.5469 3.34375 11.0625 67 0 0 68 0 462502882
2.8e-09 23.5312 3.01562 11.0938 4 0 373762204 7 0 82521876
2.8e-09 infty 2.89062 11.2188 178 0 0 162 0 973
2.8e-09 infty 2.85938 11.1562 194 0 0 186 0 0
2.8e-09 24.625 2.48438 11.0781 10 0 456520929 12 0 0
2.8e-09 infty 3.03125 11.1562 178 0 766 185 0 0
2.8e-09 27.6562 2.5 11.125 176 0 443388131 193 0 0
2.8e-09 infty 3.0625 11.2344 160 0 0 169 0 268
2.8e-09 infty 2.95312 11.5 217 0 0 203 0 0
2.8e-09 infty 2.89062 11.2188 187 0 0 169 0 0
2.8e-09 22.9062 3.3125 11.5156 3 0 0 2 0 429140620
2.8e-09 24.1719 2.78125 11.5 4 0 456189684 2 0 43109917
2.8e-09 27.3281 3.34375 11.0469 157 0 409729523 138 0 0
2.8e-09 24.4688 2.54688 11.2656 8 0 460475034 7 0 0
2.8e-09 25.4375 2.9375 11.4062 33 0 405847058 28 0 0
2.8e-09 infty 3.375 11.1406 201 0 0 182 0 0
2.8e-09 infty 3.07812 11.25 159 0 3598 187 0 0
2.8e-09 infty 2.53125 11.2344 194 0 255122 172 0 0
2.8e-09 infty 2.51562 11.1719 178 0 0 174 0 0
2.8e-09 23.5781 2.96875 11.0156 1 0 0 2 0 439461465
2.8e-09 27.6094 2.82812 11.0781 199 0 0 221 0 488338888
2.8e-09 21 2.9375 11.3906 0 0 421638353 0 0 0
2.8e-09 25.2656 3.53125 11.0938 14 0 0 11 0 469322561
2.8e-09 24.6562 2.89062 11.2188 11 0 0 16 0 465650583
2.8e-09 infty 3.46875 11.4531 234 0 0 232 0 0
2.8e-09 infty 3.01562 11.125 167 0 19110645 167 0 0
2.8e-09 infty 2.76562 11.4375 213 0 0 230 0 8616
2.8e-09 22.9375 3.4375 11.3125 1 0 0 3 0 477478873
2.8e-09 infty 2.51562 11.1875 173 0 195 189 0 0
2.8e-09 infty 3.34375 11.0469 186 0 0 193 0 0
2.8e-09 22.6562 2.95312 11.5 1 0 444179615 1 0 1
2.8e-09 infty 2.5 11.1406 169 0 0 162 0 0
2.8e-09 23.6875 2.98438 11.0469 1 0 7844047 2 0 469949688
2.8e-09 24.8594 3.42188 11.25 11 0 0 17 0 456926518
2.8e-09 25.4062 2.95312 11.4531 23 0 417367353 26 0 0
2.8e-09 infty 2.76562 11.4375 207 0 0 225 0 54801
2.8e-09 infty 3.53125 11.0781 206 0 0 193 0 0
2.8e-09 23.875 2.5625 11.2812 2 0 478856785 1 0 0
2.8e-09 27.0625 2.95312 11.4531 120 0 0 109 0 423129588
2.8e-09 27.7969 2.48438 11.1094 196 0 0 205 0 362924675
2.8e-09 24 2.79688 11.0312 9 0 0 13 0 457266207
2.8e-09 25.9688 2.90625 11.2812 69 0 242 34 0 492290544
2.8e-09 24.5938 3.35938 11.0781 4 0 4340 11 0 516280823
2.8e-09 22.8906 3.78125 11.2969 2 0 141573685 2 0 302193180
2.8e-09 infty 2.48438 11.0938 200 0 120920 175 0 0
2.8e-09 infty 2.8125 11.0469 209 0 0 198 0 9475
2.8e-09 24.0781 2.78125 11.5156 5 0 4658 3 0 443100240
2.8e-09 27.4531 3.28125 11.3438 172 0 941910 183 0 449895805
2.8e-09 infty 3.8125 11.3594 211 0 3583 211 0 0
2.8e-09 infty 2.82812 11.0625 219 0 0 185 0 0
2.8e-09 22.5625 3.5 11.0156 0 0 415829095 0 0 5660
2.8e-09 25.3125 3.35938 11.0938 14 0 401310746 23 0 0
2.8e-09 21.2031 3.01562 11.0938 0 0 225911 0 0 407027631
2.8e-09 21.7031 3.26562 11.3281 0 0 407867530 0 0 0
2.8e-09 25.125 2.95312 11.4375 23 0 513081975 29 0 0
2.8e-09 22.8281 3.28125 11.3906 1 0 434053498 0 0 19117255
2.8e-09 infty 2.95312 11.4688 201 0 49339068 208 0 0
2.8e-09 26.8438 2.75 11.3438 99 0 33864921 79 0 393312887
2.8e-09 infty 3.40625 11.2188 162 0 0 165 0 0
2.8e-09 23.8906 3.4375 11.2812 9 0 67211542 11 0 419213989
2.8e-09 infty 2.8125 11.0469 191 0 0 203 0 0
2.8e-09 infty 2.75 11.375 196 0 0 209 0 0
2.8e-09 infty 3 11.0781 191 0 0 198 0 174606810
2.8e-09 27.2188 2.48438 11.0938 97 0 454730435 104 0 1937046
2.8e-09 23.3594 2.89062 11.25 2 0 486633 3 0 445813881
2.8e-09 22.875 2.76562 11.4219 1 0 525649396 2 0 0
2.8e-09 infty 2.89062 11.2344 185 0 646816 163 0 85402420
2.8e-09 21.0312 2.84375 11.125 0 0 418874705 0 0 0
2.8e-09 25.3594 3.79688 11.3438 15 0 508602949 13 0 0
2.8e-09 26.1719 2.98438 11.0469 61 0 459248995 59 0 0
2.8e-09 22.2812 2.5625 11.3281 0 0 0 1 0 435928372
2.8e-09 22.5 2.82812 11.0781 3 0 232420 1 0 470717413
2.8e-09 infty 2.89062 11.2188 179 0 0 157 0 0
2.8e-09 27.4688 3.04688 11.1875 170 0 0 188 0 441045875
2.8e-09 26.2656 3.0625 11.2031 75 0 0 51 0 436376672
2.8e-09 21.6562 3.35938 11.0781 0 0 0 1 0 426994521
2.8e-09 21.2031 2.9375 11.375 0 0 0 0 0 416601598
2.8e-09 infty 3.48438 11.5156 210 0 0 237 0 0
2.8e-09 infty 3 11.0625 205 0 0 193 0 0
2.8e-09 infty 3.51562 11.0625 180 0 1260 186 0 0
2.8e-09 26.2969 2.53125 11.2031 63 0 0 80 0 520728813
2.8e-09 infty 2.875 11.1875 170 0 0 192 0 0
2.8e-09 infty 3.48438 11 191 0 0 187 0 0
2.8e-09 infty 3.375 11.1094 196 0 0 201 0 673714
2.8e-09 28.1406 2.78125 11.4844 224 0 9116836 225 0 296482097
2.8e-09 infty 2.48438 11.0938 196 0 17306 216 0 0
2.8e-09 infty 2.96875 11.0156 212 0 0 198 0 0
2.8e-09 27.6562 2.79688 11 194 0 434416179 217 0 6912668
2.8e-09 infty 3.26562 11.2969 202 0 0 219 0 0
2.8e-09 infty 2.76562 11.4219 182 0 0 223 0 0
2.8e-09 infty 2.79688 11.0312 196 0 0 207 0 0
2.8e-09 infty 3.5 11.0156 192 0 0 215 0 0
2.8e-09 infty 3.375 11.1094 214 0 5718 177 0 0
2.8e-09 25.8594 2.76562 11.375 39 0 397510882 32 0 0
2.8e-09 22.3125 3.26562 11.3125 1 0 475354872 0 0 0
2.8e-09 infty 2.5625 11.2969 219 0 0 231 0 0
2.8e-09 20.0312 2.46875 11.0781 1 0 0 0 0 428919054
2.8e-09 infty 2.5 11.1406 173 0 0 185 0 51826
2.8e-09 26 2.96875 11 47 0 943 62 0 469817052
2.8e-09 21.625 3.48438 11.5156 0 0 0 1 0 474358337
2.8e-09 20.3906 2.48438 11.0938 0 0 395565915 0 0 2317100
2.8e-09 22.7031 2.82812 11.0938 1 0 47610239 1 0 401109284
2.8e-09 infty 2.85938 11.1562 176 0 0 179 0 0
2.8e-09 infty 3.32812 11.0312 208 0 0 180 0 0
2.8e-09 25.9531 2.5625 11.2969 59 0 469749117 56 0 9842
2.8e-09 27.125 3.01562 11.1094 121 0 0 134 0 519593868
2.8e-09 28.25 3.51562 11.0469 204 0 0 185 14 262319683
2.8e-09 24 3.29688 11.4219 4 0 398151038 1 0 0
2.8e-09 infty 3.84375 11.5156 201 0 137652 214 0 0
2.8e-09 28.125 2.96875 11.0156 187 0 311342689 197 0 0
2.8e-09 26.3906 3.28125 11.3594 37 0 0 45 0 426916739
2.8e-09 20.0312 3.48438 11.5156 0 0 0 0 0 418497435
2.8e-09 21.9062 2.5625 11.2969 0 0 0 0 0 497979439
2.8e-09 20.9844 3.51562 11.0625 0 0 145081345 0 0 284015356
2.8e-09 22.0312 2.79688 11.0156 3 0 449460801 2 0 0
2.8e-09 22.7344 3.28125 11.375 0 0 421675578 1 0 0
2.8e-09 infty 2.5625 11.2969 255 0 0 217 0 0
2.8e-09 infty 2.90625 11.2969 234 0 147952926 233 0 0
2.8e-09 20.0156 2.89062 11.2188 0 0 200507147 0 0 232771666
2.8e-09 infty 3.53125 11.0938 171 0 0 189 0 0
2.8e-09 infty 2.75 11.3281 229 0 712564 219 0 0
2.8e-09 infty 3.40625 11.2031 183 0 0 169 0 0
2.8e-09 infty 3.40625 11.2188 182 0 0 176 0 367
2.8e-09 25.9844 2.96875 11.0156 37 0 3066557 48 0 483999778
2.8e-09 25.9531 3.57812 11.2031 29 0 497369592 43 0 0
2.8e-09 infty 2.5 11.125 175 0 457816 191 0 0
2.8e-09 26.4531 3.3125 11.5 70 0 0 66 0 417942562
2.8e-09 infty 3.375 11.1094 170 0 0 174 0 3600729
2.8e-09 infty 2.96875 11.0156 196 0 0 213 0 0
2.8e-09 26.6719 2.98438 11.0469 84 0 0 94 0 506188865
2.8e-09 infty 3.46875 11.4219 214 0 0 224 0 0
2.8e-09 24.0469 2.79688 11.0156 5 0 0 4 0 480919136
2.8e-09 24.6875 3.07812 11.2656 9 0 0 4 0 404229079
2.8e-09 21.375 2.78125 11 1 0 0 0 0 409048879
2.8e-09 25.9844 2.90625 11.2812 49 0 0 34 0 463439439
2.8e-09 21.1719 2.875 11.1875 1 0 2401696 0 0 412491048
2.8e-09 infty 2.84375 11.125 170 0 0 185 0 1575911
2.8e-09 20.625 3.79688 11.3281 0 0 476511325 0 0 0
2.8e-09 22.1875 2.5625 11.3125 2 0 0 0 0 441041862
2.8e-09 25.3281 3.39062 11.1719 13 0 0 12 0 432448903
2.8e-09 25.0156 2.82812 11.0938 12 0 27305396 15 0 454443620
2.8e-09 infty 3.0625 11.2188 171 0 0 159 0 0
2.8e-09 21.5469 2.89062 11.2344 0 0 11675 1 0 404841811
2.8e-09 infty 2.48438 11.0938 163 0 0 211 0 0
2.8e-09 infty 3.375 11.1406 175 0 0 184 0 9363
2.8e-09 24.0469 2.78125 11.5 2 0 487733901 2 0 0
2.8e-09 infty 3.26562 11.2969 227 0 0 251 0 0
2.8e-09 27.5938 2.95312 11.4688 236 0 402884 204 0 480987980
2.8e-09 infty 2.82812 11.0938 202 0 13781 212 0 0
2.8e-09 infty 3.57812 11.1719 210 0 0 198 0 0
2.8e-09 infty 3.78125 11.2969 218 0 0 248 0 25585735
2.8e-09 infty 3.03125 11.125 188 0 31952135 216 0 0
2.8e-09 infty 2.79688 11.0312 223 0 0 190 0 34510
2.8e-09 infty 3.79688 11.2969 189 0 0 211 0 9883006
2.8e-09 22.2969 2.85938 11.1562 0 0 244477 0 0 489936671
2.8e-09 infty 3.04688 11.1719 171 0 7635001 189 0 0
2.8e-09 21.4531 2.78125 11.5 0 0 469820250 0 0 0
2.8e-09 26.6406 2.8125 11.0625 68 0 425020269 70 0 31843069
2.8e-09 27.5625 3.29688 11.4688 150 0 0 136 0 417280508
2.8e-09 22.2188 3.42188 11.25 1 0 419645044 0 0 0
2.8e-09 infty 3.51562 11.0469 194 0 0 193 0 0
2.8e-09 infty 2.48438 11.0781 178 0 255287547 203 0 0
2.8e-09 26.3594 3.03125 11.1406 72 0 511599562 56 0 0
2.8e-09 22.2031 2.84375 11.1094 0 0 146 0 0 409372727
2.8e-09 27.7969 3.04688 11.1719 171 0 374688452 149 0 0
2.8e-09 infty 3.42188 11.2344 172 0 0 163 0 0
2.8e-09 22.125 2.78125 11.5 0 0 0 0 0 486951700
2.8e-09 23.5156 2.78125 11 1 0 488394487 2 0 0
2.8e-09 infty 2.54688 11.2656 230 0 0 238 0 0
2.8e-09 infty 2.5 11.125 166 0 42958 177 0 0
2.8e-09 infty 3.53125 11.0781 180 0 0 214 0 1434
2.8e-09 infty 3.04688 11.2031 212 0 0 162 0 140204
2.8e-09 infty 2.51562 11.1875 183 0 0 186 0 5621
2.8e-09 infty 3.51562 11.0625 201 0 25886173 217 0 0
2.8e-09 22.7656 3.46875 11.4062 3 0 53977741 1 0 426189588
2.8e-09 23.3438 3.82812 11.4375 2 0 0 3 0 491922321
2.8e-09 24.6875 2.51562 11.1719 13 0 441181104 15 0 0
2.8e-09 infty 3.34375 11.0625 196 0 0 200 0 0
2.8e-09 21.8125 2.875 11.2031 0 0 0 0 0 468511889
2.8e-09 infty 2.53125 11.2188 153 0 0 194 0 0
2.8e-09 26.7031 2.89062 11.2344 90 0 0 65 0 414908199
2.8e-09 infty 2.79688 11 201 0 0 226 0 0
2.8e-09 infty 2.82812 11.0938 180 0 0 195 0 0
