0.015625	8065058	0	0	8064791	0	0	0.00317017
0.03125	8312757	0	0	8313511	0	0	0.00326774
0.046875	8568540	0	0	8569382	0	0	0.0033683
0.0625	8832264	0	0	8833542	0	0	0.00347205
0.078125	9103582	0	0	9104984	0	0	0.00357873
0.09375	9384085	0	0	9385175	0	0	0.00368893
0.109375	9673154	0	0	9673711	0	0	0.00380245
0.125	9971482	0	0	9971996	0	0	0.00391971
0.140625	10278202	0	0	10278906	0	0	0.00404031
0.15625	10594018	0	0	10595893	0	0	0.00416468
0.171875	10918924	0	0	10922203	0	0	0.00429267
0.1875	11255223	0	0	11258667	0	0	0.0044249
0.203125	11601522	0	0	11604373	0	0	0.00456091
0.21875	11958388	0	0	11963167	0	0	0.00470156
0.234375	12327259	0	0	12330413	0	0	0.00484624
0.25	12707401	0	0	12710132	0	0	0.00499558
0.265625	13098861	0	0	13101641	0	0	0.00514947
0.28125	13501444	0	0	13505262	0	0	0.00530792
0.296875	13916820	0	0	13920714	0	0	0.00547121
0.3125	14345939	0	0	14348432	0	0	0.00563962
0.328125	14787278	0	0	14790573	0	0	0.00581326
0.34375	15242718	0	0	15245316	0	0	0.00599214
0.359375	15711242	0	0	15714550	0	0	0.00617645
0.375	16194611	0	0	16198497	0	0	0.00636657
0.390625	16690949	0	0	16697124	0	0	0.00656212
0.40625	17205068	0	0	17211111	0	0	0.00676419
0.421875	17736171	0	0	17741065	0	0	0.00697273
0.4375	18281807	0	0	18286584	0	0	0.00718718
0.453125	18843983	0	0	18848264	0	0	0.00740807
0.46875	19423753	0	0	19428717	0	0	0.0076361
0.484375	20022922	0	0	20026980	0	0	0.00787144
0.5	20638749	0	0	20643051	0	0	0.00811356
0.515625	15959023	0	0	15960267	0	0	0.00627345
0.53125	16450340	0	0	16451285	0	0	0.00646651
0.546875	16956195	0	0	16957765	0	0	0.00666548
0.5625	17478440	0	0	17480645	0	0	0.00687089
0.578125	18015661	0	0	18018584	0	0	0.0070822
0.59375	18569858	0	0	18572720	0	0	0.00730003
0.609375	19140718	0	0	19144244	0	0	0.00752456
0.625	19729432	0	0	19732781	0	0	0.00775594
0.640625	20336314	0	0	20338967	0	0	0.00799436
0.65625	20962224	0	0	20965120	0	0	0.00824044
0.671875	21608678	0	0	21611425	0	0	0.00849452
0.6875	22273266	0	0	22274924	0	0	0.00875554
0.703125	22959807	0	0	22960187	0	0	0.00902516
0.71875	23666440	0	0	23667507	0	0	0.00930306
0.734375	24394656	0	0	24396010	0	0	0.00958936
0.75	25145039	0	0	25147328	0	0	0.00988451
0.765625	25918984	0	0	25921574	0	0	0.0101888
0.78125	26716823	0	0	26718960	0	0	0.0105023
0.796875	27538758	0	0	27540240	0	0	0.0108253
0.8125	28386176	0	0	28388107	0	0	0.0111585
0.828125	29259377	0	0	29260701	0	0	0.0115016
0.84375	30159699	0	0	30159413	0	0	0.0118552
0.859375	31087226	0	0	31087411	0	0	0.0122199
0.875	32041515	0	0	32045021	0	0	0.0125956
0.890625	33026902	0	0	33032822	0	0	0.0129834
0.90625	34042625	0	0	34050128	0	0	0.013383
0.921875	35089794	0	0	35096866	0	0	0.0137945
0.9375	36169758	0	0	36176138	0	0	0.0142189
0.953125	37282364	0	0	37289071	0	0	0.0146563
0.96875	38428484	0	0	38436002	0	0	0.015107
0.984375	39611577	0	0	39619509	0	0	0.0155721
1	40829360	0	0	40838468	0	0	0.0160511
1.01562	42087355	0	0	42095067	0	0	0.0165453
1.03125	32539155	0	0	32542056	0	0	0.0127911
1.04688	33540625	0	0	33542116	0	0	0.0131845
1.0625	34571549	0	0	34573082	0	0	0.0135897
1.07812	35633094	0	0	35637254	0	0	0.0140075
1.09375	36730294	0	0	36732184	0	0	0.0144384
1.10938	37862957	0	0	37863422	0	0	0.0148833
1.125	39028356	0	0	39028110	0	0	0.0153413
1.14062	40229398	0	0	40230174	0	0	0.0158136
1.15625	41466457	0	0	41469954	0	0	0.0163004
1.17188	42743141	0	0	42745921	0	0	0.0168021
1.1875	44057872	0	0	44063008	0	0	0.0173194
1.20312	45413054	0	0	45418732	0	0	0.0178522
1.21875	46809089	0	0	46818529	0	0	0.0184017
1.23438	48248827	0	0	48258230	0	0	0.0189676
1.25	49732705	0	0	49743528	0	0	0.0195511
1.26562	51264539	0	0	51275588	0	0	0.0201533
1.28125	52842790	0	0	52856170	0	0	0.0207742
1.29688	54465512	0	0	54483003	0	0	0.0214128
1.3125	56141642	0	0	56158664	0	0	0.0220716
1.32812	57869988	0	0	57887197	0	0	0.022751
1.34375	59651607	0	0	59666984	0	0	0.023451
1.35938	61488348	0	0	61502005	0	0	0.0241726
1.375	63381439	0	0	63394729	0	0	0.0249167
1.39062	65331815	0	0	65344208	0	0	0.0256832
1.40625	67343349	0	0	67354057	0	0	0.0264735
1.42188	69415869	0	0	69425516	0	0	0.027288
1.4375	71550920	0	0	71562621	0	0	0.0281277
1.45312	73753484	0	0	73762749	0	0	0.028993
1.46875	76024447	0	0	76031080	0	0	0.0298851
1.48438	78363399	0	0	78372051	0	0	0.0308049
1.5	80776921	0	0	80782480	1	0	0.031753
1.51562	83265152	0	0	83268516	1	0	0.0327307
1.53125	85827311	0	0	85832397	1	0	0.0337381
1.54688	66347511	0	0	66353637	1	0	0.0260812
1.5625	68388393	0	0	68395644	1	0	0.0268837
1.57812	70492242	0	0	70501781	1	0	0.0277111
1.59375	72664009	0	0	72672751	1	0	0.0285646
1.60938	74900945	0	0	74909136	1	0	0.0294438
1.625	77204494	0	0	77215480	1	0	0.0303498
1.64062	79577727	0	0	79594599	1	0	0.0312839
1.65625	82024180	0	0	82044013	1	0	0.0322461
1.67188	84553494	0	0	84568475	1	0	0.0332394
1.6875	87156643	0	0	87173084	1	0	0.0342629
1.70312	89838129	0	0	89855806	1	0	0.0353172
1.71875	92603111	0	0	92620609	1	0	0.036404
1.73438	95453605	0	0	95470512	1	0	0.0375244
1.75	98389552	0	0	98408303	1	0	0.0386788
1.76562	101419815	0	0	101437436	1	0	0.0398697
1.78125	104537724	0	0	104561581	1	0	0.0410966
1.79688	107751364	0	0	107778560	1	1	0.0423604
1.8125	111067578	0	0	111092891	1	1	0.0436636
1.82812	114485132	0	0	114513870	1	1	0.0450077
1.84375	118007736	0	0	118039197	1	1	0.0463929
1.85938	121637778	0	0	121671127	1	1	0.0478201
1.875	125379746	0	0	125414424	1	1	0.0492913
1.89062	129235742	0	0	129276201	2	1	0.0508082
1.90625	133212068	0	0	133255587	2	1	0.0523718
1.92188	137315045	1	0	137357243	2	1	0.0539843
1.9375	141537590	1	0	141583827	2	1	0.0556449
1.95312	145895121	1	0	145937680	2	1	0.0573571
1.96875	150383986	1	0	150427078	2	1	0.0591217
1.98438	155009556	1	0	155054790	2	1	0.0609403
2	159781047	1	0	159825617	2	1	0.0628158
2.01562	164696179	1	0	164747284	2	1	0.0647491
2.03125	169768701	1	0	169821242	2	1	0.0667433
2.04688	174993326	1	0	175049961	2	1	0.0687978
2.0625	135282202	1	0	135333955	2	1	0.0531871
2.07812	139443933	1	0	139500541	2	1	0.054824
2.09375	143731774	1	0	143790459	2	1	0.0565099
2.10938	148152832	1	0	148217503	2	1	0.0582489
2.125	152711980	1	0	152779775	2	2	0.0600416
2.14062	157409187	1	0	157481123	2	2	0.0618888
2.15625	162251740	1	0	162328806	2	2	0.0637933
2.17188	167246351	1	0	167326841	3	3	0.0657573
2.1875	172391814	1	0	172479192	3	3	0.0677812
2.20312	177697298	1	0	177789466	3	3	0.0698677
2.21875	183169691	1	0	183260815	3	3	0.0720186
2.23438	188804006	1	0	188904600	3	4	0.0742352
2.25	194614001	1	0	194720280	3	4	0.0765201
2.26562	200600263	1	0	200709220	3	4	0.0788737
2.28125	206774999	1	0	206884382	3	4	0.081301
2.29688	213136944	1	0	213253958	3	4	0.0838032
2.3125	219698091	1	0	219817276	3	4	0.0863827
2.32812	226459705	1	0	226580059	3	4	0.0890408
2.34375	233426579	1	0	233552011	3	4	0.0917804
2.35938	240610820	1	0	240737180	3	4	0.0946046
2.375	248011229	1	0	248146353	3	4	0.0975152
2.39062	255646563	1	0	255784927	3	4	0.100517
2.40625	197641116	0	0	197745411	2	3	0.0777096
2.42188	203725371	0	0	203828408	2	3	0.080101
2.4375	209993857	0	0	210103099	2	4	0.0825662
2.45312	216459653	0	0	216567765	2	4	0.0851076
2.46875	223119663	0	0	223232080	2	4	0.0877264
2.48438	229988437	0	0	230101798	2	4	0.0904265
2.5	237061641	0	0	237184357	2	5	0.0932087
2.51562	244358921	0	0	244482509	2	6	0.0960773
2.53125	251880529	0	0	252004903	2	6	0.0990341
2.54688	259633141	0	0	259761639	2	6	0.102082
2.5625	200711252	0	0	200822772	0	5	0.0789179
2.57812	206886761	0	0	207001097	0	5	0.0813459
2.59375	213250446	0	0	213375037	0	5	0.0838493
2.60938	219815634	0	0	219944391	0	5	0.0864308
2.625	226577707	0	0	226715810	0	5	0.0890907
2.64062	233551602	0	0	233688672	0	5	0.0918318
2.65625	240739514	0	0	240881370	0	5	0.0946582
2.67188	248148592	0	0	248292583	0	5	0.097571
2.6875	255790155	0	0	255931181	0	6	0.100574
2.70312	197731346	0	0	197860904	0	3	0.07775
2.71875	203815287	0	0	203949638	0	3	0.0801425
2.73438	210084773	0	0	210220130	0	3	0.0826071
2.75	216548779	0	0	216694149	0	3	0.0851499
2.76562	223212935	0	0	223361661	1	3	0.0877702
2.78125	230084816	0	0	230237371	1	3	0.0904721
2.79688	237166191	0	0	237323984	1	3	0.0932567
2.8125	244464715	0	0	244625390	1	3	0.0961262
2.82812	251991529	0	0	252155538	1	3	0.0990855
2.84375	259744528	0	0	259917963	1	3	0.102135
2.85938	200806870	0	0	200935197	0	2	0.0789587
2.875	206983464	0	0	207118671	1	2	0.081388
2.89062	213358139	0	0	213495367	1	2	0.0838942
2.90625	219923248	0	0	220063418	1	2	0.0864754
2.92188	226691986	0	0	226834880	1	2	0.0891366
2.9375	233667357	0	0	233815553	1	2	0.0918795
2.95312	240853399	0	0	241011794	1	2	0.0947062
2.96875	248263262	0	0	248427184	1	2	0.09762
2.98438	255905064	0	0	256072063	1	2	0.100624
3	197839880	0	0	197967564	2	0	0.0777923
3.01562	203933343	0	0	204058945	2	0	0.0801872
3.03125	210207060	0	0	210342467	2	0	0.0826552
3.04688	216679922	0	0	216816394	2	0	0.0851997
3.0625	223347079	0	0	223495092	2	0	0.0878228
3.07812	230221203	0	0	230377144	2	0	0.0905264
3.09375	237300275	0	0	237466501	2	0	0.0933111
3.10938	244601968	0	0	244773662	2	0	0.0961823
3.125	252131663	0	0	252306680	2	0	0.0991428
3.14062	259888896	0	0	260070547	2	0	0.102193
3.15625	200907780	0	0	201050421	1	0	0.0790012
3.17188	207091883	0	0	207237705	1	0	0.0814327
3.1875	213462159	0	0	213618329	1	0	0.0839388
3.20312	220032160	0	0	220193580	1	0	0.0865223
3.21875	226801909	0	0	226970408	1	0	0.0891848
3.23438	233781148	0	0	233955225	1	0	0.0919293
3.25	240975040	0	0	241150986	1	0	0.0947575
3.26562	248383366	0	0	248577788	1	0	0.0976732
3.28125	256027464	0	0	256223905	1	0	0.100678
3.29688	197930350	0	0	198083457	1	0	0.0778329
3.3125	204023917	0	0	204176897	1	0	0.0802281
3.32812	210303685	0	0	210461592	1	0	0.0826976
3.34375	216776176	0	0	216936421	1	0	0.0852423
3.35938	223449444	0	0	223612889	1	0	0.087866
3.375	230322345	0	0	230494683	1	0	0.0905694
3.39062	237408844	0	0	237585498	1	0	0.0933558
3.40625	244717566	0	0	244894499	2	0	0.0962288
3.42188	252246417	0	0	252429280	2	0	0.0991894
3.4375	260004527	0	0	260196113	2	0	0.102241
3.45312	201004800	0	0	201166494	2	0	0.0790431
3.46875	207189103	0	0	207355169	2	0	0.0814749
3.48438	213565823	0	0	213737603	2	0	0.0839826
3.5	220137732	0	0	220314445	2	0	0.0865669
3.51562	226916169	0	0	227095154	2	0	0.0892318
3.53125	233900432	0	0	234083975	2	0	0.0919781
3.54688	241098823	0	0	241284817	2	0	0.0948081
3.5625	248515972	0	0	248715468	2	0	0.0977263
3.57812	256163922	0	0	256366483	2	0	0.100733
3.59375	198044833	0	0	198197951	2	0	0.0778779
3.60938	204136823	0	0	204298843	2	0	0.0802743
3.625	210420822	0	0	210582910	2	0	0.0827444
3.64062	216898666	0	0	217058903	2	0	0.0852904
3.65625	223571032	0	0	223741262	2	0	0.0879152
3.67188	230449406	0	0	230624835	2	0	0.0906199
3.6875	237544239	0	0	237716290	2	0	0.0934081
3.70312	244859276	0	0	245033399	2	0	0.0962839
3.71875	252393814	0	0	252576779	2	0	0.0992474
3.73438	260164916	0	0	260349774	2	0	0.102302
3.75	201125798	0	0	201273557	2	0	0.0790879
3.76562	207317379	1	0	207465030	2	0	0.0815217
3.78125	213696326	1	0	213848850	2	0	0.0840301
3.79688	220271903	1	0	220432251	2	0	0.0866164
3.8125	227049458	1	0	227216479	2	0	0.0892818
3.82812	234035263	1	0	234208672	2	0	0.0920291
3.84375	241237961	1	0	241416592	2	0	0.0948614
3.85938	248662467	1	0	248847425	2	0	0.097781
3.875	256311178	1	0	256500997	3	0	0.100789
3.89062	198131386	1	0	198302509	3	0	0.0779155
3.90625	204230593	1	0	204405232	3	0	0.0803136
3.92188	210515622	1	0	210691197	3	1	0.0827844
3.9375	216991917	1	0	217178432	3	1	0.0853322
3.95312	223667302	1	1	223857986	3	1	0.087957
3.96875	230551397	1	2	230744588	3	1	0.0906635
3.98438	237652098	1	2	237843015	3	1	0.0934542
4	244960312	1	2	245157913	3	1	0.0963283
4.01562	252498847	1	2	252704907	3	1	0.0992932
4.03125	260269066	1	2	260480165	3	1	0.102349
4.04688	201213774	1	2	201369403	3	1	0.079124
4.0625	207406880	2	3	207567964	3	1	0.0815595
4.07812	213788875	2	3	213955382	3	1	0.0840692
4.09375	220371509	2	3	220543270	3	1	0.0866578
4.10938	227152000	2	3	227328367	3	1	0.089324
4.125	234143381	2	3	234326925	3	1	0.0920736
4.14062	241348914	2	4	241540590	3	2	0.0949075
4.15625	248780027	2	4	248970390	3	2	0.0978283
4.17188	256437253	2	4	256630900	3	2	0.100839
4.1875	198254210	2	5	198390667	2	2	0.0779569
4.20312	204354658	2	5	204497995	2	2	0.0803563
4.21875	210645051	2	5	210791834	3	2	0.0828296
4.23438	217128981	2	5	217278762	3	2	0.0853789
4.25	223807274	2	5	223964003	3	2	0.0880054
4.26562	230692718	2	6	230853263	3	2	0.0907127
4.28125	237799659	2	7	237953012	3	2	0.0935048
4.29688	245119312	2	7	245275568	3	3	0.0963826
4.3125	252666040	2	7	252824066	3	3	0.0993495
4.32812	260439660	2	7	260605586	5	3	0.102407
4.34375	201348127	1	6	201471577	6	2	0.0791705
4.35938	207550252	1	6	207670798	6	2	0.0816079
4.375	213937810	1	6	214062575	6	2	0.0841196
4.39062	220520118	1	6	220651680	6	2	0.0867083
4.40625	227312105	1	6	227442642	6	3	0.0893779
4.42188	234302932	1	6	234444414	6	3	0.092128
4.4375	241515110	1	7	241655188	6	3	0.0949627
4.45312	248943899	1	7	249089218	6	3	0.0978839
4.46875	256598225	1	7	256753594	6	3	0.100895
4.48438	192453578	0	6	192572147	6	4	0.078002
4.5	192453578	0	6	192572147	6	4	0.0804023
4.51562	192453578	0	6	192572147	6	4	0.0828761
4.53125	192453578	0	7	192572147	6	5	0.0854253
4.54688	192453578	0	7	192572147	6	5	0.0880517
4.5625	192453578	0	8	192572147	6	5	0.0907575
4.57812	192453578	0	8	192572147	6	5	0.0935447
4.59375	192453578	0	8	192572147	6	5	0.0964152
4.60938	192453578	0	8	192572147	6	6	0.0993711
4.625	192453578	0	8	192572147	6	6	0.102415
4.64062	144347359	0	6	144436084	6	3	0.0791646
4.65625	144347359	0	6	144436084	6	3	0.0815833
4.67188	144347359	0	6	144436084	6	3	0.0840724
4.6875	144347359	0	6	144436084	6	3	0.0866336
4.70312	144347359	0	6	144436084	6	4	0.0892685
4.71875	144347359	0	6	144436084	6	4	0.0919787
4.73438	144347359	0	6	144436084	6	4	0.0947659
4.75	144347359	0	6	144436084	6	4	0.0976317
4.76562	144347359	0	6	144436084	6	4	0.100578
4.78125	108256534	0	4	108333618	4	3	0.0777054
4.79688	108256534	0	4	108333618	4	3	0.0800392
4.8125	108256534	0	4	108333618	4	3	0.0824371
4.82812	108256534	0	4	108333618	4	3	0.0849001
4.84375	108256534	0	4	108333618	4	3	0.0874296
4.85938	108256534	0	4	108333618	4	3	0.0900268
4.875	108256534	0	4	108333618	4	3	0.092693
4.89062	108256534	0	4	108333618	4	4	0.0954293
4.90625	108256534	0	5	108333618	4	4	0.0982369
4.92188	108256534	0	5	108333618	5	4	0.101117
4.9375	81188800	0	5	81249661	5	2	0.0780511
4.95312	81188800	0	5	81249661	5	2	0.0803225
4.96875	81188800	0	5	81249661	5	2	0.0826508
4.98438	81188800	0	5	81249661	5	2	0.0850369
5	81188800	0	5	81249661	5	2	0.0874816
5.01562	81188800	0	5	81249661	5	2	0.0899856
5.03125	81188800	0	5	81249661	5	2	0.0925496
5.04688	81188800	0	5	81249661	5	2	0.0951745
5.0625	81188800	0	5	81249661	5	2	0.0978607
5.07812	81188800	0	5	81249661	5	2	0.100609
5.09375	60895727	0	4	60933498	4	2	0.0775654
5.10938	60895727	0	4	60933498	4	2	0.0797211
5.125	60895727	0	4	60933498	4	2	0.0819247
5.14062	60895727	0	4	60933498	4	2	0.0841765
5.15625	60895727	0	4	60933498	4	2	0.0864768
5.17188	60895727	0	4	60933498	4	2	0.0888258
5.1875	60895727	0	4	60933498	4	2	0.0912239
5.20312	60895727	0	4	60933498	4	2	0.0936712
5.21875	60895727	0	4	60933498	4	2	0.0961678
5.23438	60895727	0	4	60933498	4	2	0.0987139
5.25	60895727	0	4	60933498	4	2	0.101309
5.26562	45672958	0	4	45705565	3	2	0.0779715
5.28125	45672958	0	4	45705565	3	2	0.0799924
5.29688	45672958	0	5	45705565	3	2	0.0820504
5.3125	45672958	0	5	45705565	3	2	0.0841451
5.32812	45672958	0	5	45705565	3	2	0.0862764
5.34375	45672958	0	5	45705565	3	2	0.0884442
5.35938	45672958	0	5	45705565	3	2	0.090648
5.375	45672958	0	5	45705565	3	2	0.0928875
5.39062	45672958	0	5	45705565	3	2	0.0951623
5.40625	45672958	0	6	45705565	3	3	0.097472
5.42188	45672958	0	7	45705565	3	3	0.0998161
5.4375	45672958	0	7	45705565	3	3	0.102194
5.45312	34252167	0	8	34275169	2	2	0.0784461
5.46875	34252167	0	8	34275169	2	2	0.0802783
5.48438	34252167	0	9	34275169	2	2	0.0821343
5.5	34252167	0	9	34275169	2	2	0.0840133
5.51562	34252167	0	9	34275169	2	2	0.0859147
5.53125	34252167	0	9	34275169	2	2	0.0878377
5.54688	34252167	0	9	34275169	2	2	0.0897816
5.5625	34252167	0	9	34275169	2	2	0.0917454
5.57812	34252167	0	9	34275169	2	2	0.0937282
5.59375	34252167	0	9	34275169	2	3	0.0957292
5.60938	34252167	0	9	34275169	2	3	0.0977472
5.625	34252167	0	9	34275169	2	3	0.0997812
5.64062	34252167	0	9	34275169	2	3	0.10183
5.65625	25690229	0	9	25706907	1	3	0.0779218
5.67188	25690229	0	9	25706907	1	3	0.079478
5.6875	25690229	0	9	25706907	1	3	0.0810424
5.70312	25690229	0	9	25706907	1	3	0.0826142
5.71875	25690229	0	9	25706907	1	3	0.084192
5.73438	25690229	0	9	25706907	1	3	0.085775
5.75	25690229	0	9	25706907	1	3	0.0873618
5.76562	25690229	0	10	25706907	1	4	0.0889512
5.78125	25690229	0	10	25706907	1	4	0.0905421
5.79688	25690229	0	10	25706907	1	4	0.092133
5.8125	25690229	0	10	25706907	1	4	0.0937228
5.82812	25690229	0	10	25706907	1	4	0.0953099
5.84375	25690229	0	10	25706907	1	4	0.096893
5.85938	25690229	0	10	25706907	1	4	0.0984706
5.875	25690229	0	10	25706907	1	4	0.100041
5.89062	19268079	0	6	19280153	1	4	0.0762032
5.90625	19268079	0	6	19280153	1	6	0.0773672
5.92188	19268079	0	6	19280153	1	7	0.0785224
5.9375	19268079	0	7	19280153	1	8	0.0796677
5.95312	19268079	0	7	19280153	1	9	0.0808017
5.96875	19268079	0	7	19280153	1	9	0.0819232
5.98438	19268079	0	7	19280153	1	9	0.083031
6	19268079	0	8	19280153	1	9	0.0841237
6.01562	19268079	0	8	19280153	1	9	0.0852
6.03125	19268079	0	8	19280153	1	9	0.0862586
6.04688	19268079	0	8	19280153	1	9	0.0872981
6.0625	19268079	0	8	19280153	1	10	0.0883173
6.07812	19268079	0	8	19280153	1	11	0.0893148
6.09375	19268079	0	8	19280153	1	13	0.0902892
6.10938	19268079	0	8	19280153	1	13	0.0912391
6.125	19268079	0	8	19280153	1	13	0.0921633
6.14062	19268079	0	8	19280153	1	13	0.0930604
6.15625	19268079	0	8	19280153	1	13	0.0939291
6.17188	19268079	0	8	19280153	1	13	0.094768
6.1875	19268079	0	8	19280153	1	13	0.0955758
6.20312	19268079	0	8	19280153	1	13	0.0963512
6.21875	19268079	0	8	19280153	1	14	0.097093
6.23438	19268079	0	9	19280153	1	14	0.0977999
6.25	19268079	0	9	19280153	1	14	0.0984707
6.26562	19268079	0	9	19280153	1	14	0.0991042
6.28125	19268079	0	10	19280153	1	15	0.0996991
6.29688	19268079	0	10	19280153	1	15	0.100254
6.3125	14453271	0	6	14457285	0	11	0.0755752
6.32812	14453271	0	6	14457285	0	12	0.0759298
6.34375	14453271	0	7	14457285	0	12	0.0762523
6.35938	14453271	0	7	14457285	0	12	0.0765421
6.375	14453271	0	7	14457285	0	12	0.0767983
6.39062	14453271	0	7	14457285	0	12	0.0770203
6.40625	14453271	0	7	14457285	0	12	0.0772077
6.42188	14453271	0	7	14457285	0	13	0.0773597
6.4375	14453271	0	7	14457285	0	14	0.0774758
6.45312	14453271	0	7	14457285	0	14	0.0775557
6.46875	14453271	0	7	14457285	0	14	0.0775988
6.48438	14453271	0	7	14457285	0	15	0.0776049
6.5	14453271	0	7	14457285	0	15	0.0776049
6.51562	14453271	0	7	14457285	0	15	0.0776049
6.53125	14453271	0	7	14457285	0	15	0.0776049
6.54688	14453271	0	7	14457285	0	16	0.0776049
6.5625	14453271	0	7	14457285	0	17	0.0776049
6.57812	14453271	0	7	14457285	0	17	0.0776049
6.59375	14453271	0	7	14457285	0	17	0.0776049
6.60938	14453271	0	7	14457285	0	18	0.0776049
6.625	14453271	0	7	14457285	0	19	0.0776049
6.64062	14453271	0	8	14457285	0	20	0.0776049
6.65625	14453271	0	8	14457285	0	20	0.0776049
6.67188	14453271	0	8	14457285	0	20	0.0776049
6.6875	14453271	0	9	14457285	0	21	0.0776049
6.70312	14453271	0	9	14457285	0	22	0.0776049
6.71875	14453271	0	9	14457285	0	22	0.0776049
6.73438	14453271	0	9	14457285	0	22	0.0776049
6.75	14453271	0	9	14457285	0	22	0.0776049
6.76562	14453271	0	11	14457285	0	22	0.0776049
6.78125	14453271	0	11	14457285	0	22	0.0776049
6.79688	14453271	0	11	14457285	0	23	0.0776049
6.8125	14453271	0	11	14457285	0	23	0.0776049
6.82812	10839763	0	7	10841721	0	21	0.0581998
6.84375	10839763	0	7	10841721	0	21	0.0581998
6.85938	10839763	0	8	10841721	0	21	0.0581998
6.875	10839763	0	8	10841721	0	21	0.0581998
6.89062	10839763	0	8	10841721	0	21	0.0581998
6.90625	10839763	0	8	10841721	0	22	0.0581998
6.92188	10839763	0	8	10841721	0	23	0.0581998
6.9375	10839763	0	8	10841721	0	24	0.0581998
6.95312	10839763	0	8	10841721	0	24	0.0581998
6.96875	10839763	0	8	10841721	0	25	0.0581998
6.98438	10839763	0	8	10841721	0	25	0.0581998
7	10839763	0	8	10841721	0	25	0.0581998
7.01562	10839763	0	8	10841721	0	25	0.0581998
7.03125	10839763	0	8	10841721	0	25	0.0581998
7.04688	10839763	0	8	10841721	0	26	0.0581998
7.0625	10839763	0	8	10841721	0	26	0.0581998
7.07812	10839763	0	8	10841721	0	26	0.0581998
7.09375	10839763	0	8	10841721	0	26	0.0581998
7.10938	10839763	0	8	10841721	0	27	0.0581998
7.125	10839763	0	8	10841721	0	28	0.0581998
7.14062	10839763	0	8	10841721	0	30	0.0581998
7.15625	10839763	0	8	10841721	0	31	0.0581998
7.17188	10839763	0	8	10841721	0	31	0.0581998
7.1875	10839763	0	9	10841721	0	31	0.0581998
7.20312	10839763	0	9	10841721	0	31	0.0581998
7.21875	10839763	0	10	10841721	0	31	0.0581998
7.23438	10839763	0	10	10841721	0	33	0.0581998
7.25	10839763	0	10	10841721	0	33	0.0581998
7.26562	10839763	0	11	10841721	0	35	0.0581998
7.28125	10839763	0	11	10841721	0	35	0.0581998
7.29688	10839763	0	11	10841721	0	35	0.0581998
7.3125	10839763	0	11	10841721	0	37	0.0581998
7.32812	10839763	0	11	10841721	0	38	0.0581998
7.34375	8128317	0	7	8128982	0	28	0.0436396
7.35938	8128317	0	7	8128982	0	30	0.0436396
7.375	8128317	0	7	8128982	0	30	0.0436396
7.39062	8128317	0	7	8128982	0	30	0.0436396
7.40625	8128317	0	7	8128982	0	30	0.0436396
7.42188	8128317	0	7	8128982	0	31	0.0436396
7.4375	8128317	0	7	8128982	0	33	0.0436396
7.45312	8128317	0	7	8128982	0	34	0.0436396
7.46875	8128317	0	7	8128982	0	34	0.0436396
7.48438	8128317	0	7	8128982	0	35	0.0436396
7.5	8128317	0	8	8128982	0	35	0.0436396
7.51562	8128317	0	8	8128982	0	36	0.0436396
7.53125	8128317	0	8	8128982	0	36	0.0436396
7.54688	8128317	0	8	8128982	0	38	0.0436396
7.5625	8128317	0	8	8128982	0	39	0.0436396
7.57812	8128317	0	8	8128982	0	39	0.0436396
7.59375	8128317	0	8	8128982	0	39	0.0436396
7.60938	8128317	0	9	8128982	0	42	0.0436396
7.625	8128317	0	10	8128982	0	44	0.0436396
7.64062	8128317	0	10	8128982	0	46	0.0436396
7.65625	8128317	0	10	8128982	0	46	0.0436396
7.67188	8128317	0	10	8128982	0	47	0.0436396
7.6875	8128317	0	10	8128982	0	48	0.0436396
7.70312	8128317	0	10	8128982	0	49	0.0436396
7.71875	8128317	0	10	8128982	0	49	0.0436396
7.73438	8128317	0	11	8128982	0	50	0.0436396
7.75	8128317	0	11	8128982	0	51	0.0436396
7.76562	8128317	0	12	8128982	0	52	0.0436396
7.78125	8128317	0	12	8128982	0	52	0.0436396
7.79688	8128317	0	13	8128982	0	52	0.0436396
7.8125	8128317	0	13	8128982	0	53	0.0436396
7.82812	8128317	0	13	8128982	0	55	0.0436396
7.84375	8128317	0	14	8128982	0	56	0.0436396
7.85938	6095978	0	11	6097593	0	44	0.0327313
7.875	6095978	0	11	6097593	0	47	0.0327313
7.89062	6095978	0	11	6097593	0	48	0.0327313
7.90625	6095978	0	11	6097593	0	48	0.0327313
7.92188	6095978	0	11	6097593	0	50	0.0327313
7.9375	6095978	0	11	6097593	0	51	0.0327313
7.95312	6095978	0	11	6097593	0	52	0.0327313
7.96875	6095978	0	11	6097593	0	52	0.0327313
7.98438	6095978	0	11	6097593	0	53	0.0327313
8	6095978	0	12	6097593	0	53	0.0327313
8.01562	6095978	0	12	6097593	0	54	0.0327313
8.03125	6095978	0	12	6097593	0	54	0.0327313
8.04688	6095978	0	12	6097593	0	56	0.0327313
8.0625	6095978	0	12	6097593	0	56	0.0327313
8.07812	6095978	0	12	6097593	0	57	0.0327313
8.09375	6095978	0	12	6097593	0	59	0.0327313
8.10938	6095978	0	12	6097593	0	59	0.0327313
8.125	6095978	0	12	6097593	0	60	0.0327313
8.14062	6095978	0	12	6097593	0	60	0.0327313
8.15625	6095978	0	12	6097593	0	62	0.0327313
8.17188	6095978	0	13	6097593	0	62	0.0327313
8.1875	6095978	0	13	6097593	0	62	0.0327313
8.20312	6095978	0	14	6097593	0	63	0.0327313
8.21875	6095978	0	15	6097593	0	63	0.0327313
8.23438	6095978	0	15	6097593	0	66	0.0327313
8.25	6095978	0	17	6097593	0	67	0.0327313
8.26562	6095978	0	17	6097593	0	69	0.0327313
8.28125	6095978	0	17	6097593	0	72	0.0327313
8.29688	6095978	0	17	6097593	0	73	0.0327313
8.3125	6095978	0	17	6097593	0	75	0.0327313
8.32812	6095978	0	17	6097593	0	78	0.0327313
8.34375	6095978	0	17	6097593	0	82	0.0327313
8.35938	6095978	0	17	6097593	0	82	0.0327313
8.375	4571860	0	8	4574616	0	62	0.024552
8.39062	4571860	0	8	4574616	0	62	0.024552
8.40625	4571860	0	9	4574616	0	64	0.024552
8.42188	4571860	0	9	4574616	0	64	0.024552
8.4375	4571860	0	9	4574616	0	64	0.024552
8.45312	4571860	0	10	4574616	0	64	0.024552
8.46875	4571860	0	10	4574616	0	65	0.024552
8.48438	4571860	0	11	4574616	0	67	0.024552
8.5	4571860	0	12	4574616	0	69	0.024552
8.51562	4571860	0	12	4574616	0	71	0.024552
8.53125	4571860	0	12	4574616	0	71	0.024552
8.54688	4571860	0	12	4574616	0	71	0.024552
8.5625	4571860	0	13	4574616	0	72	0.024552
8.57812	4571860	0	13	4574616	0	73	0.024552
8.59375	4571860	0	14	4574616	0	74	0.024552
8.60938	4571860	0	14	4574616	0	78	0.024552
8.625	4571860	0	14	4574616	0	80	0.024552
8.64062	4571860	0	14	4574616	0	82	0.024552
8.65625	4571860	0	14	4574616	0	84	0.024552
8.67188	4571860	0	14	4574616	0	90	0.024552
8.6875	4571860	0	15	4574616	0	92	0.024552
8.70312	4571860	0	15	4574616	0	95	0.024552
8.71875	4571860	0	15	4574616	0	95	0.024552
8.73438	4571860	0	15	4574616	0	97	0.024552
8.75	4571860	0	15	4574616	0	99	0.024552
8.76562	4571860	0	15	4574616	0	101	0.024552
8.78125	4571860	0	15	4574616	0	106	0.024552
8.79688	4571860	0	15	4574616	0	108	0.024552
8.8125	4571860	0	15	4574616	0	111	0.024552
8.82812	4571860	0	15	4574616	0	115	0.024552
8.84375	4571860	0	15	4574616	0	121	0.024552
8.85938	4571860	0	15	4574616	0	124	0.024552
8.875	4571860	0	15	4574616	0	126	0.024552
8.89062	3429415	0	13	3430211	0	95	0.0184134
8.90625	3429415	0	14	3430211	0	95	0.0184134
8.92188	3429415	0	14	3430211	0	97	0.0184134
8.9375	3429415	0	14	3430211	0	99	0.0184134
8.95312	3429415	0	15	3430211	0	100	0.0184134
8.96875	3429415	0	15	3430211	0	105	0.0184134
8.98438	3429415	0	15	3430211	0	109	0.0184134
9	3429415	0	15	3430211	0	109	0.0184134
9.01562	3429415	0	15	3430211	0	112	0.0184134
9.03125	3429415	0	15	3430211	0	116	0.0184134
9.04688	3429415	0	16	3430211	0	116	0.0184134
9.0625	3429415	0	16	3430211	0	117	0.0184134
9.07812	3429415	0	16	3430211	0	117	0.0184134
9.09375	3429415	0	16	3430211	0	119	0.0184134
9.10938	3429415	0	16	3430211	0	119	0.0184134
9.125	3429415	0	16	3430211	0	122	0.0184134
9.14062	3429415	0	16	3430211	0	130	0.0184134
9.15625	3429415	0	16	3430211	0	135	0.0184134
9.17188	3429415	0	16	3430211	0	138	0.0184134
9.1875	3429415	0	16	3430211	0	141	0.0184134
9.20312	3429415	0	18	3430211	0	142	0.0184134
9.21875	3429415	0	18	3430211	0	144	0.0184134
9.23438	3429415	0	18	3430211	0	145	0.0184134
9.25	3429415	0	20	3430211	0	149	0.0184134
9.26562	3429415	0	20	3430211	0	154	0.0184134
9.28125	3429415	0	20	3430211	0	158	0.0184134
9.29688	3429415	0	20	3430211	0	160	0.0184134
9.3125	3429415	0	20	3430211	0	167	0.0184134
9.32812	3429415	0	20	3430211	0	171	0.0184134
9.34375	3429415	0	20	3430211	0	177	0.0184134
9.35938	3429415	0	21	3430211	0	183	0.0184134
9.375	3429415	0	22	3430211	0	189	0.0184134
9.39062	3429415	0	22	3430211	0	191	0.0184134
9.40625	2572793	0	15	2572228	0	141	0.0138109
9.42188	2572793	0	15	2572228	0	144	0.0138109
9.4375	2572793	0	15	2572228	0	151	0.0138109
9.45312	2572793	0	15	2572228	0	154	0.0138109
9.46875	2572793	0	15	2572228	0	159	0.0138109
9.48438	2572793	0	15	2572228	0	163	0.0138109
9.5	2572793	0	15	2572228	0	166	0.0138109
9.51562	2572793	0	15	2572228	0	169	0.0138109
9.53125	2572793	0	15	2572228	0	173	0.0138109
9.54688	2572793	0	17	2572228	0	179	0.0138109
9.5625	2572793	0	17	2572228	0	183	0.0138109
9.57812	2572793	0	17	2572228	0	187	0.0138109
9.59375	2572793	0	17	2572228	0	187	0.0138109
9.60938	2572793	0	18	2572228	0	191	0.0138109
9.625	2572793	0	18	2572228	0	199	0.0138109
9.64062	2572793	0	19	2572228	0	201	0.0138109
9.65625	2572793	0	20	2572228	0	204	0.0138109
9.67188	2572793	0	20	2572228	0	210	0.0138109
9.6875	2572793	0	21	2572228	0	217	0.0138109
9.70312	2572793	0	22	2572228	0	225	0.0138109
9.71875	2572793	0	22	2572228	0	234	0.0138109
9.73438	2572793	0	22	2572228	0	239	0.0138109
9.75	2572793	0	22	2572228	0	247	0.0138109
9.76562	2572793	0	22	2572228	0	255	0.0138109
9.78125	2572793	0	22	2572228	0	261	0.0138109
9.79688	2572793	0	22	2572228	0	268	0.0138109
9.8125	2572793	0	23	2572228	0	273	0.0138109
9.82812	2572793	0	24	2572228	0	279	0.0138109
9.84375	2572793	0	24	2572228	0	285	0.0138109
9.85938	2572793	0	25	2572228	0	287	0.0138109
9.875	2572793	0	25	2572228	0	295	0.0138109
9.89062	2572793	0	25	2572228	0	301	0.0138109
9.90625	2572793	0	25	2572228	0	309	0.0138109
9.92188	1928424	0	20	1928959	0	233	0.0103545
9.9375	1928424	0	20	1928959	0	238	0.0103545
9.95312	1928424	0	21	1928959	0	241	0.0103545
9.96875	1928424	0	22	1928959	0	244	0.0103545
9.98438	1928424	0	23	1928959	0	251	0.0103545
10	1928424	0	23	1928959	0	257	0.0103545
10.0156	1928424	0	24	1928959	0	264	0.0103545
10.0312	1928424	0	25	1928959	0	270	0.0103545
10.0469	1928424	0	25	1928959	0	274	0.0103545
10.0625	1928424	0	25	1928959	0	281	0.0103545
10.0781	1928424	0	26	1928959	0	284	0.0103545
10.0938	1928424	0	27	1928959	0	286	0.0103545
10.1094	1928424	0	27	1928959	0	290	0.0103545
10.125	1928424	0	28	1928959	0	293	0.0103545
10.1406	1928424	0	28	1928959	0	301	0.0103545
10.1562	1928424	0	28	1928959	0	306	0.0103545
10.1719	1928424	0	28	1928959	0	315	0.0103545
10.1875	1928424	0	28	1928959	0	325	0.0103545
10.2031	1928424	0	28	1928959	0	329	0.0103545
10.2188	1928424	0	29	1928959	0	337	0.0103545
10.2344	1928424	0	31	1928959	0	345	0.0103545
10.25	1928424	0	31	1928959	0	356	0.0103545
10.2656	1928424	0	31	1928959	0	363	0.0103545
10.2812	1928424	0	33	1928959	0	366	0.0103545
10.2969	1928424	0	33	1928959	0	373	0.0103545
10.3125	1928424	0	33	1928959	0	380	0.0103545
10.3281	1928424	0	33	1928959	0	390	0.0103545
10.3438	1928424	0	34	1928959	0	396	0.0103545
10.3594	1928424	0	35	1928959	0	406	0.0103545
10.375	1928424	0	35	1928959	0	416	0.0103545
10.3906	1928424	0	36	1928959	0	423	0.0103545
10.4062	1928424	0	37	1928959	0	437	0.0103545
10.4219	1928424	0	38	1928959	0	449	0.0103545
10.4375	1446372	0	32	1444692	0	342	0.00776058
10.4531	1446372	0	33	1444692	0	347	0.00776058
10.4688	1446372	0	33	1444692	0	358	0.00776058
10.4844	1446372	0	34	1444692	0	368	0.00776059
10.5	1446372	0	35	1444692	0	378	0.00776059
10.5156	1446372	0	35	1444692	0	382	0.00776059
10.5312	1446372	0	35	1444692	0	387	0.00776059
10.5469	1446372	0	36	1444692	0	399	0.00776059
10.5625	1446372	0	36	1444692	0	408	0.0077606
10.5781	1446372	0	37	1444692	0	423	0.0077606
10.5938	1446372	0	37	1444692	0	432	0.0077606
10.6094	1446372	0	38	1444692	0	446	0.0077606
10.625	1446372	0	38	1444692	0	456	0.0077606
10.6406	1446372	0	39	1444692	0	476	0.00776061
10.6562	1446372	0	39	1444692	0	494	0.00776061
10.6719	1446372	0	39	1444692	0	501	0.00776061
10.6875	1446372	0	39	1444692	0	510	0.00776062
10.7031	1446372	0	40	1444692	0	524	0.00776062
10.7188	1446372	0	42	1444692	0	537	0.00776062
10.7344	1446372	0	42	1444692	0	547	0.00776062
10.75	1446372	0	43	1444692	0	558	0.00776063
10.7656	1446372	0	46	1444692	0	574	0.00776063
10.7812	1446372	0	46	1444692	0	592	0.00776063
10.7969	1446372	0	46	1444692	0	603	0.00776064
10.8125	1446372	0	47	1444692	0	612	0.00776064
10.8281	1446372	0	48	1444692	0	626	0.00776064
10.8438	1446372	0	48	1444692	0	649	0.00776064
10.8594	1446372	0	50	1444692	0	668	0.00776065
10.875	1446372	0	50	1444692	0	685	0.00776065
10.8906	1446372	0	51	1444692	0	706	0.00776066
10.9062	1446372	0	52	1444692	0	720	0.00776066
10.9219	1446372	0	54	1444692	0	732	0.00776066
10.9375	1446372	0	54	1444692	0	747	0.00776067
10.9531	1084717	0	41	1084129	0	572	0.00582197
10.9688	1084717	0	41	1084129	0	589	0.00582198
10.9844	1084717	0	41	1084129	0	606	0.00582198
11	1084717	0	42	1084129	0	618	0.00582198
11.0156	1084717	0	43	1084129	0	633	0.00582198
11.0312	1084717	0	43	1084129	0	644	0.00582199
11.0469	1084717	0	47	1084129	0	660	0.00582199
11.0625	1084717	0	48	1084129	0	683	0.005822
11.0781	1084717	0	48	1084129	0	697	0.005822
11.0938	1084717	0	51	1084129	0	706	0.005822
11.1094	1084717	0	51	1084129	0	722	0.005822
11.125	1084717	0	53	1084129	0	741	0.00582201
11.1406	1084717	0	53	1084129	0	749	0.00582201
11.1562	1084717	0	54	1084129	0	765	0.00582201
11.1719	1084717	0	54	1084129	0	783	0.00582202
11.1875	1084717	0	55	1084129	0	797	0.00582202
11.2031	1084717	0	56	1084129	0	823	0.00582202
11.2188	1084717	0	57	1084129	0	840	0.00582203
11.2344	1084717	0	57	1084129	0	852	0.00582203
11.25	1084717	0	60	1084129	0	870	0.00582203
11.2656	1084717	0	60	1084129	0	889	0.00582204
11.2812	1084717	0	61	1084129	0	909	0.00582204
11.2969	1084717	0	63	1084129	0	928	0.00582205
11.3125	1084717	0	63	1084129	0	947	0.00582205
11.3281	1084717	0	63	1084129	0	973	0.00582206
11.3438	1084717	0	64	1084129	0	999	0.00582206
11.3594	1084717	0	64	1084129	0	1018	0.00582206
11.375	1084717	0	66	1084129	0	1040	0.00582207
11.3906	1084717	0	68	1084129	0	1073	0.00582208
11.4062	1084717	0	69	1084129	0	1103	0.00582208
11.4219	1084717	0	70	1084129	0	1123	0.00582209
11.4375	1084717	0	73	1084129	0	1160	0.00582209
11.4531	1084717	0	74	1084129	0	1181	0.0058221
11.4688	814628	0	61	813610	0	888	0.00437088
11.4844	814628	0	61	813610	0	913	0.00437088
11.5	814628	0	61	813610	0	929	0.00437089
11.5156	814628	0	61	813610	0	950	0.00437089
11.5312	814628	0	63	813610	0	976	0.0043709
11.5469	814628	0	63	813610	0	991	0.0043709
11.5625	814628	0	63	813610	0	1012	0.0043709
11.5781	814628	0	64	813610	0	1034	0.00437091
11.5938	814628	0	64	813610	0	1069	0.00437092
11.6094	814628	0	64	813610	0	1095	0.00437092
11.625	814628	0	67	813610	0	1127	0.00437093
11.6406	814628	0	68	813610	0	1152	0.00437093
11.6562	814628	0	70	813610	0	1181	0.00437094
11.6719	814628	0	70	813610	0	1220	0.00437095
11.6875	814628	0	71	813610	0	1244	0.00437095
11.7031	814628	0	74	813610	0	1264	0.00437096
11.7188	814628	0	78	813610	0	1296	0.00437096
11.7344	814628	0	81	813610	0	1322	0.00437097
11.75	814628	0	82	813610	0	1348	0.00437097
11.7656	814628	0	83	813610	0	1375	0.00437098
11.7812	814628	0	83	813610	0	1407	0.00437099
11.7969	814628	0	84	813610	0	1445	0.00437099
11.8125	814628	0	86	813610	0	1470	0.004371
11.8281	814628	0	90	813610	0	1505	0.00437101
11.8438	814628	0	90	813610	0	1532	0.00437101
11.8594	814628	0	92	813610	0	1570	0.00437102
11.875	814628	0	93	813610	0	1607	0.00437103
11.8906	814628	0	95	813610	0	1634	0.00437103
11.9062	814628	0	96	813610	0	1664	0.00437104
11.9219	814628	0	99	813610	0	1697	0.00437105
11.9375	814628	0	101	813610	0	1728	0.00437105
11.9531	814628	0	104	813610	0	1762	0.00437106
11.9688	814628	0	105	813610	0	1807	0.00437107
11.9844	611250	0	70	610428	0	1407	0.00327965
12	611250	0	71	610428	0	1440	0.00327966
12.0156	611250	0	71	610428	0	1475	0.00327966
12.0312	611250	0	72	610428	0	1510	0.00327967
12.0469	611250	0	74	610428	0	1546	0.00327968
12.0625	611250	0	74	610428	0	1572	0.00327968
12.0781	611250	0	75	610428	0	1608	0.00327969
12.0938	611250	0	75	610428	0	1648	0.0032797
12.1094	611250	0	75	610428	0	1676	0.0032797
12.125	611250	0	81	610428	0	1720	0.00327971
12.1406	611250	0	82	610428	0	1748	0.00327972
12.1562	611250	0	84	610428	0	1786	0.00327973
12.1719	611250	0	86	610428	0	1832	0.00327974
12.1875	611250	0	86	610428	0	1869	0.00327975
12.2031	611250	0	88	610428	0	1919	0.00327976
12.2188	611250	0	91	610428	0	1961	0.00327976
12.2344	611250	0	91	610428	0	1999	0.00327977
12.25	611250	0	93	610428	0	2049	0.00327978
12.2656	611250	0	96	610428	0	2100	0.00327979
12.2812	611250	0	98	610428	0	2138	0.0032798
12.2969	611250	0	102	610428	0	2183	0.00327981
12.3125	611250	0	104	610428	0	2237	0.00327982
12.3281	611250	0	106	610428	0	2281	0.00327983
12.3438	611250	0	107	610428	0	2326	0.00327984
12.3594	611250	0	107	610428	0	2375	0.00327985
12.375	611250	0	108	610428	0	2434	0.00327986
12.3906	611250	0	110	610428	0	2490	0.00327987
12.4062	611250	0	115	610428	0	2547	0.00327988
12.4219	611250	0	117	610428	0	2609	0.0032799
12.4375	611250	0	118	610428	0	2678	0.00327991
12.4531	611250	0	120	610428	0	2737	0.00327992
12.4688	611250	0	121	610428	0	2802	0.00327994
12.4844	611250	0	125	610428	0	2875	0.00327995
12.5	458349	0	96	458197	0	2141	0.00246073
12.5156	458349	0	98	458197	0	2193	0.00246074
12.5312	458349	0	99	458197	0	2237	0.00246075
12.5469	458349	0	106	458197	0	2299	0.00246076
12.5625	458349	0	107	458197	0	2360	0.00246078
12.5781	458349	0	113	458197	0	2411	0.00246079
12.5938	458349	0	114	458197	0	2462	0.0024608
12.6094	458349	0	116	458197	0	2527	0.00246081
12.625	458349	0	118	458197	0	2597	0.00246083
12.6406	458349	0	118	458197	0	2654	0.00246084
12.6562	458349	0	121	458197	0	2703	0.00246085
12.6719	458349	0	123	458197	0	2755	0.00246086
12.6875	458349	0	125	458197	0	2811	0.00246087
12.7031	458349	0	128	458197	0	2877	0.00246088
12.7188	458349	0	128	458197	0	2942	0.0024609
12.7344	458349	0	129	458197	0	3003	0.00246091
12.75	458349	0	131	458197	0	3066	0.00246092
12.7656	458349	0	133	458197	0	3143	0.00246094
12.7812	458349	0	135	458197	0	3199	0.00246095
12.7969	458349	0	140	458197	0	3280	0.00246096
12.8125	458349	0	141	458197	0	3355	0.00246098
12.8281	458349	0	141	458197	0	3431	0.00246099
12.8438	458349	0	146	458197	0	3506	0.00246101
12.8594	458349	0	155	458197	0	3578	0.00246103
12.875	458349	0	155	458197	0	3655	0.00246104
12.8906	458349	0	158	458197	0	3725	0.00246106
12.9062	458349	0	164	458197	0	3795	0.00246107
12.9219	458349	0	166	458197	0	3892	0.00246109
12.9375	458349	0	166	458197	0	3986	0.00246111
12.9531	458349	0	170	458197	0	4070	0.00246113
12.9688	458349	0	173	458197	0	4168	0.00246115
12.9844	458349	0	177	458197	0	4265	0.00246117
13	458349	0	180	458197	0	4349	0.00246118
13.0156	343351	0	138	343921	0	3342	0.00184553
13.0312	343351	0	141	343921	0	3405	0.00184555
13.0469	343351	0	144	343921	0	3470	0.00184556
13.0625	343351	0	145	343921	0	3550	0.00184558
13.0781	343351	0	149	343921	0	3642	0.0018456
13.0938	343351	0	150	343921	0	3701	0.00184561
13.1094	343351	0	152	343921	0	3811	0.00184563
13.125	343351	0	157	343921	0	3897	0.00184565
13.1406	343351	0	160	343921	0	3983	0.00184566
13.1562	343351	0	166	343921	0	4085	0.00184569
13.1719	343351	0	168	343921	0	4175	0.0018457
13.1875	343351	0	173	343921	0	4274	0.00184572
13.2031	343351	0	175	343921	0	4378	0.00184574
13.2188	343351	0	177	343921	0	4468	0.00184576
13.2344	343351	0	181	343921	0	4567	0.00184578
13.25	343351	0	182	343921	0	4685	0.00184581
13.2656	343351	0	184	343921	0	4769	0.00184582
13.2812	343351	0	185	343921	0	4872	0.00184584
13.2969	343351	0	191	343921	0	4988	0.00184587
13.3125	343351	0	198	343921	0	5119	0.0018459
13.3281	343351	0	201	343921	0	5240	0.00184592
13.3438	343351	0	204	343921	0	5366	0.00184594
13.3594	343351	0	207	343921	0	5482	0.00184597
13.375	343351	0	210	343921	0	5585	0.00184599
13.3906	343351	0	216	343921	0	5709	0.00184601
13.4062	343351	0	219	343921	0	5847	0.00184604
13.4219	343351	0	223	343921	0	5974	0.00184607
13.4375	343351	0	227	343921	0	6091	0.00184609
13.4531	343351	0	228	343921	0	6220	0.00184612
13.4688	343351	0	231	343921	0	6361	0.00184615
13.4844	343351	0	235	343921	0	6512	0.00184618
13.5	343351	0	236	343921	0	6660	0.00184621
13.5156	343351	0	238	343921	0	6803	0.00184623
13.5312	257161	0	179	257967	0	5177	0.00138382
13.5469	257161	0	184	257967	0	5293	0.00138384
13.5625	257161	0	187	257967	0	5420	0.00138386
13.5781	257161	0	193	257967	0	5534	0.00138389
13.5938	257161	0	200	257967	0	5669	0.00138392
13.6094	257161	0	201	257967	0	5780	0.00138394
13.625	257161	0	204	257967	0	5886	0.00138396
13.6406	257161	0	207	257967	0	6034	0.00138399
13.6562	257161	0	210	257967	0	6178	0.00138402
13.6719	257161	0	214	257967	0	6329	0.00138405
13.6875	257161	0	217	257967	0	6470	0.00138408
13.7031	257161	0	220	257967	0	6608	0.0013841
13.7188	257161	0	226	257967	0	6762	0.00138414
13.7344	257161	0	232	257967	0	6931	0.00138417
13.75	257161	0	236	257967	0	7081	0.0013842
13.7656	257161	0	240	257967	0	7231	0.00138423
13.7812	257161	0	244	257967	0	7395	0.00138426
13.7969	257161	0	247	257967	0	7552	0.0013843
13.8125	257161	0	253	257967	0	7743	0.00138433
13.8281	257161	0	258	257967	0	7904	0.00138437
13.8438	257161	0	262	257967	0	8088	0.0013844
13.8594	257161	0	267	257967	0	8276	0.00138444
13.875	257161	0	274	257967	0	8440	0.00138448
13.8906	257161	0	279	257967	0	8628	0.00138451
13.9062	257161	0	285	257967	0	8837	0.00138456
13.9219	257161	0	291	257967	0	9029	0.00138459
13.9375	257161	0	298	257967	0	9224	0.00138463
13.9531	257161	0	300	257967	0	9439	0.00138468
13.9688	257161	0	307	257967	0	9649	0.00138472
13.9844	257161	0	314	257967	0	9875	0.00138477
14	257161	0	320	257967	0	10084	0.00138481
14.0156	257161	0	327	257967	0	10310	0.00138485
14.0312	257161	0	334	257967	0	10562	0.0013849
14.0469	193046	0	252	193339	0	8039	0.00103881
14.0625	193046	0	259	193339	0	8221	0.00103884
14.0781	193046	0	261	193339	0	8412	0.00103888
14.0938	193046	0	265	193339	0	8599	0.00103892
14.1094	193046	0	273	193339	0	8769	0.00103895
14.125	193046	0	277	193339	0	8959	0.00103899
14.1406	193046	0	280	193339	0	9161	0.00103903
14.1562	193046	0	285	193339	0	9335	0.00103907
14.1719	193046	0	290	193339	0	9536	0.00103911
14.1875	193046	0	294	193339	0	9757	0.00103915
14.2031	193046	0	300	193339	0	9978	0.0010392
14.2188	193046	0	306	193339	0	10200	0.00103924
14.2344	193046	0	313	193339	0	10444	0.00103929
14.25	193046	0	318	193339	0	10663	0.00103933
14.2656	193046	0	326	193339	0	10897	0.00103938
14.2812	193046	0	330	193339	0	11146	0.00103943
14.2969	193046	0	338	193339	0	11388	0.00103948
14.3125	193046	0	340	193339	0	11640	0.00103953
14.3281	193046	0	341	193339	0	11880	0.00103958
14.3438	193046	0	349	193339	0	12135	0.00103963
14.3594	193046	0	355	193339	0	12367	0.00103968
14.375	193046	0	362	193339	0	12651	0.00103973
14.3906	193046	0	364	193339	0	12934	0.00103979
14.4062	193046	0	369	193339	0	13208	0.00103984
14.4219	193046	0	377	193339	0	13522	0.00103991
14.4375	193046	0	384	193339	0	13809	0.00103997
14.4531	193046	0	387	193339	0	14118	0.00104003
14.4688	193046	0	397	193339	0	14442	0.00104009
14.4844	193046	0	401	193339	0	14772	0.00104016
14.5	193046	0	415	193339	0	15094	0.00104022
14.5156	193046	0	424	193339	0	15444	0.0010403
14.5312	193046	0	429	193339	0	15804	0.00104037
14.5469	193046	0	438	193339	0	16131	0.00104043
14.5625	144484	0	330	144732	0	12353	0.000778838
14.5781	144484	0	338	144732	0	12589	0.000778886
14.5938	144484	0	340	144732	0	12860	0.000778939
14.6094	144484	0	348	144732	0	13125	0.000778993
14.625	144484	0	353	144732	0	13425	0.000779053
14.6406	144484	0	360	144732	0	13716	0.000779112
14.6562	144484	0	362	144732	0	14016	0.000779171
14.6719	144484	0	372	144732	0	14318	0.000779232
14.6875	144484	0	377	144732	0	14640	0.000779296
14.7031	144484	0	383	144732	0	14976	0.000779364
14.7188	144484	0	393	144732	0	15358	0.000779441
14.7344	144484	0	402	144732	0	15700	0.00077951
14.75	144484	0	411	144732	0	16031	0.000779576
14.7656	144484	0	415	144732	0	16393	0.000779648
14.7812	144484	0	418	144732	0	16752	0.00077972
14.7969	144484	0	427	144732	0	17143	0.000779798
14.8125	144484	0	433	144732	0	17494	0.000779868
14.8281	144484	0	444	144732	0	17885	0.000779947
14.8438	144484	0	448	144732	0	18262	0.000780022
14.8594	144484	0	454	144732	0	18662	0.000780102
14.875	144484	0	460	144732	0	19064	0.000780182
14.8906	144484	0	466	144732	0	19507	0.00078027
14.9062	144484	0	472	144732	0	19944	0.000780358
14.9219	144484	0	482	144732	0	20408	0.000780451
14.9375	144484	0	491	144732	0	20838	0.000780537
14.9531	144484	0	499	144732	0	21308	0.000780631
14.9688	144484	0	508	144732	0	21780	0.000780725
14.9844	144484	0	519	144732	0	22278	0.000780826
15	144484	0	528	144732	0	22783	0.000780927
15.0156	144484	0	537	144732	0	23293	0.000781029
15.0312	144484	0	550	144732	0	23809	0.000781132
15.0469	144484	0	560	144732	0	24361	0.000781243
15.0625	144484	0	573	144732	0	24902	0.000781352
15.0781	108279	0	429	108484	0	19049	0.000585687
15.0938	108279	0	434	108484	0	19499	0.000585776
15.1094	108279	0	441	108484	0	19935	0.000585863
15.125	108279	0	447	108484	0	20360	0.000585948
15.1406	108279	0	459	108484	0	20831	0.000586043
15.1562	108279	0	468	108484	0	21284	0.000586134
15.1719	108279	0	476	108484	0	21791	0.000586235
15.1875	108279	0	480	108484	0	22255	0.000586327
15.2031	108279	0	486	108484	0	22783	0.000586432
15.2188	108279	0	493	108484	0	23304	0.000586536
15.2344	108279	0	501	108484	0	23835	0.000586642
15.25	108279	0	511	108484	0	24418	0.000586758
15.2656	108279	0	521	108484	0	24938	0.000586863
15.2812	108279	0	530	108484	0	25494	0.000586974
15.2969	108279	0	537	108484	0	26077	0.00058709
15.3125	108279	0	545	108484	0	26686	0.000587211
15.3281	108279	0	557	108484	0	27266	0.000587327
15.3438	108279	0	570	108484	0	27908	0.000587456
15.3594	108279	0	585	108484	0	28566	0.000587588
15.375	108279	0	589	108484	0	29187	0.000587711
15.3906	108279	0	603	108484	0	29826	0.000587839
15.4062	108279	0	618	108484	0	30429	0.000587961
15.4219	108279	0	626	108484	0	31146	0.000588103
15.4375	108279	0	636	108484	0	31827	0.000588239
15.4531	108279	0	645	108484	0	32508	0.000588375
15.4688	108279	0	656	108484	0	33244	0.000588522
15.4844	108279	0	664	108484	0	33994	0.00058867
15.5	108279	0	674	108484	0	34771	0.000588825
15.5156	108279	0	680	108484	0	35497	0.000588969
15.5312	108279	0	696	108484	0	36337	0.000589137
15.5469	108279	0	710	108484	0	37174	0.000589305
15.5625	108279	0	722	108484	0	37949	0.000589459
15.5781	108279	0	741	108484	0	38790	0.000589628
15.5938	81315	0	569	80996	0	29688	0.00044164
15.6094	81315	0	582	80996	0	30410	0.000441784
15.625	81315	0	596	80996	0	31097	0.000441922
15.6406	81315	0	604	80996	0	31800	0.000442062
15.6562	81315	0	617	80996	0	32459	0.000442194
15.6719	81315	0	630	80996	0	33180	0.000442338
15.6875	81315	0	642	80996	0	33927	0.000442487
15.7031	81315	0	652	80996	0	34678	0.000442637
15.7188	81315	0	661	80996	0	35481	0.000442796
15.7344	81315	0	664	80996	0	36280	0.000442954
15.75	81315	0	678	80996	0	37115	0.000443121
15.7656	81315	0	698	80996	0	37965	0.000443292
15.7812	81315	0	712	80996	0	38810	0.000443461
15.7969	81315	0	724	80996	0	39682	0.000443634
15.8125	81315	0	741	80996	0	40555	0.000443809
15.8281	81315	0	755	80996	0	41459	0.00044399
15.8438	81315	0	769	80996	0	42348	0.000444167
15.8594	81315	0	776	80996	0	43332	0.000444362
15.875	81315	0	789	80996	0	44301	0.000444555
15.8906	81315	0	799	80996	0	45338	0.000444761
15.9062	81315	0	808	80996	0	46356	0.000444962
15.9219	81315	0	822	80996	0	47408	0.000445172
15.9375	81315	0	835	80996	0	48458	0.000445381
15.9531	81315	0	851	80996	0	49577	0.000445604
15.9688	81315	0	858	80996	0	50662	0.000445819
15.9844	81315	0	872	80996	0	51820	0.000446049
16	81315	0	895	80996	0	52961	0.000446278
16.0156	81315	0	915	80996	0	54060	0.000446498
16.0312	81315	0	926	80996	0	55311	0.000446746
16.0469	81315	0	944	80996	0	56605	0.000447004
16.0625	81315	0	959	80996	0	57906	0.000447262
16.0781	81315	0	981	80996	0	59239	0.000447529
16.0938	81315	0	998	80996	0	60515	0.000447783
16.1094	61064	0	783	60607	0	46450	0.000335886
16.125	61064	0	795	60607	0	47529	0.0003361
16.1406	61064	0	812	60607	0	48574	0.000336309
16.1562	61064	0	825	60607	0	49637	0.00033652
16.1719	61064	0	834	60607	0	50775	0.000336746
16.1875	61064	0	841	60607	0	51920	0.000336972
16.2031	61064	0	857	60607	0	53096	0.000337206
16.2188	61064	0	873	60607	0	54264	0.000337439
16.2344	61064	0	889	60607	0	55462	0.000337678
16.25	61064	0	903	60607	0	56668	0.000337918
16.2656	61064	0	918	60607	0	57905	0.000338164
16.2812	61064	0	933	60607	0	59226	0.000338426
16.2969	61064	0	944	60607	0	60563	0.000338691
16.3125	61064	0	956	60607	0	61940	0.000338964
16.3281	61064	0	966	60607	0	63378	0.000339249
16.3438	61064	0	977	60607	0	64762	0.000339523
16.3594	61064	0	996	60607	0	66123	0.000339794
16.375	61064	0	1018	60607	0	67604	0.00034009
16.3906	61064	0	1047	60607	0	69107	0.000340391
16.4062	61064	0	1063	60607	0	70624	0.000340692
16.4219	61064	0	1087	60607	0	72182	0.000341003
16.4375	61064	0	1110	60607	0	73772	0.00034132
16.4531	61064	0	1129	60607	0	75408	0.000341645
16.4688	61064	0	1145	60607	0	77019	0.000341965
16.4844	61064	0	1164	60607	0	78776	0.000342314
16.5	61064	0	1181	60607	0	80551	0.000342666
16.5156	61064	0	1201	60607	0	82395	0.000343033
16.5312	61064	0	1220	60607	0	84230	0.000343397
16.5469	61064	0	1241	60607	0	86170	0.000343782
16.5625	61064	0	1268	60607	0	88194	0.000344185
16.5781	61064	0	1286	60607	0	90103	0.000344564
16.5938	61064	0	1303	60607	0	92187	0.000344977
16.6094	61064	0	1326	60607	0	94206	0.000345378
16.625	45824	0	1002	45586	0	72166	0.000259753
16.6406	45824	0	1018	45586	0	73731	0.000260064
16.6562	45824	0	1039	45586	0	75329	0.000260382
16.6719	45824	0	1054	45586	0	76980	0.00026071
16.6875	45824	0	1078	45586	0	78691	0.000261051
16.7031	45824	0	1102	45586	0	80541	0.000261419
16.7188	45824	0	1113	45586	0	82376	0.000261782
16.7344	45824	0	1135	45586	0	84204	0.000262145
16.75	45824	0	1155	45586	0	86179	0.000262537
16.7656	45824	0	1173	45586	0	88078	0.000262914
16.7812	45824	0	1206	45586	0	90060	0.00026331
16.7969	45824	0	1238	45586	0	92058	0.000263709
16.8125	45824	0	1252	45586	0	94129	0.000264119
16.8281	45824	0	1272	45586	0	96256	0.000264541
16.8438	45824	0	1299	45586	0	98399	0.000264967
16.8594	45824	0	1325	45586	0	100623	0.00026541
16.875	45824	0	1349	45586	0	102932	0.000265868
16.8906	45824	0	1378	45586	0	105266	0.000266333
16.9062	45824	0	1396	45586	0	107551	0.000266785
16.9219	45824	0	1418	45586	0	109910	0.000267253
16.9375	45824	0	1439	45586	0	112382	0.000267743
16.9531	45824	0	1464	45586	0	114849	0.000268233
16.9688	45824	0	1488	45586	0	117346	0.000268728
16.9844	45824	0	1506	45586	0	119974	0.000269248
17	45824	0	1533	45586	0	122684	0.000269786
17.0156	45824	0	1556	45586	0	125396	0.000270324
17.0312	45824	0	1578	45586	0	128127	0.000270865
17.0469	45824	0	1608	45586	0	130936	0.000271423
17.0625	45824	0	1634	45586	0	133914	0.000272013
17.0781	45824	0	1657	45586	0	136926	0.00027261
17.0938	45824	0	1691	45586	0	139991	0.000273219
17.1094	45824	0	1717	45586	0	143109	0.000273837
17.125	45824	0	1749	45586	0	146302	0.000274471
17.1406	34307	0	1378	34151	0	112388	0.000206122
17.1562	34307	0	1404	34151	0	114924	0.000206626
17.1719	34307	0	1420	34151	0	117468	0.000207129
17.1875	34307	0	1449	34151	0	120157	0.000207663
17.2031	34307	0	1476	34151	0	122818	0.000208191
17.2188	34307	0	1500	34151	0	125579	0.000208739
17.2344	34307	0	1524	34151	0	128292	0.000209277
17.25	34307	0	1544	34151	0	131139	0.00020984
17.2656	34307	0	1571	34151	0	133992	0.000210406
17.2812	34307	0	1600	34151	0	136923	0.000210988
17.2969	34307	0	1628	34151	0	139868	0.000211572
17.3125	34307	0	1656	34151	0	142965	0.000212186
17.3281	34307	0	1682	34151	0	146160	0.000212819
17.3438	34307	0	1702	34151	0	149426	0.000213465
17.3594	34307	0	1725	34151	0	152727	0.000214119
17.375	34307	0	1756	34151	0	156251	0.000214817
17.3906	34307	0	1782	34151	0	159814	0.000215523
17.4062	34307	0	1813	34151	0	163247	0.000216203
17.4219	34307	0	1844	34151	0	166903	0.000216928
17.4375	34307	0	1873	34151	0	170542	0.000217649
17.4531	34307	0	1907	34151	0	174324	0.000218399
17.4688	34307	0	1941	34151	0	178217	0.000219171
17.4844	34307	0	1974	34151	0	182174	0.000219955
17.5	34307	0	2015	34151	0	186209	0.000220756
17.5156	34307	0	2048	34151	0	190408	0.000221588
17.5312	34307	0	2095	34151	0	194588	0.000222419
17.5469	34307	0	2134	34151	0	198928	0.000223279
17.5625	34307	0	2175	34151	0	203484	0.000224183
17.5781	34307	0	2211	34151	0	208127	0.000225102
17.5938	34307	0	2247	34151	0	212798	0.000226028
17.6094	34307	0	2283	34151	0	217478	0.000226954
17.625	34307	0	2327	34151	0	222276	0.000227906
17.6406	34307	0	2362	34151	0	227274	0.000228895
17.6562	25788	0	1784	25600	0	174373	0.000172563
17.6719	25788	0	1820	25600	0	178262	0.000173335
17.6875	25788	0	1865	25600	0	182229	0.000174123
17.7031	25788	0	1903	25600	0	186326	0.000174936
17.7188	25788	0	1939	25600	0	190467	0.000175757
17.7344	25788	0	1971	25600	0	194724	0.0001766
17.75	25788	0	2007	25600	0	199061	0.000177459
17.7656	25788	0	2040	25600	0	203478	0.000178334
17.7812	25788	0	2096	25600	0	208117	0.000179257
17.7969	25788	0	2133	25600	0	212708	0.000180166
17.8125	25788	0	2168	25600	0	217578	0.00018113
17.8281	25788	0	2215	25600	0	222509	0.000182109
17.8438	25788	0	2245	25600	0	227528	0.000183101
17.8594	25788	0	2283	25600	0	232613	0.000184108
17.875	25788	0	2324	25600	0	237839	0.000185143
17.8906	25788	0	2366	25600	0	243076	0.000186181
17.9062	25788	0	2418	25600	0	248438	0.000187245
17.9219	25788	0	2466	25600	0	254014	0.00018835
17.9375	25788	0	2514	25600	0	259586	0.000189455
17.9531	25788	0	2561	25600	0	265423	0.000190611
17.9688	25788	0	2610	25600	0	271278	0.000191771
17.9844	25788	0	2654	25600	0	277283	0.00019296
18	25788	0	2701	25600	0	283442	0.00019418
18.0156	25788	0	2758	25600	0	289756	0.000195432
18.0312	25788	0	2817	25600	0	296217	0.000196714
18.0469	25788	0	2863	25600	0	302891	0.000198034
18.0625	25788	0	2916	25600	0	309773	0.000199397
18.0781	25788	0	2964	25600	0	316578	0.000200744
18.0938	25788	0	3011	25600	0	323612	0.000202136
18.1094	25788	0	3063	25600	0	330914	0.000203581
18.125	25788	0	3118	25600	0	338268	0.000205038
18.1406	25788	0	3166	25600	0	345664	0.000206501
18.1562	25788	0	3217	25600	0	353435	0.000208038
18.1719	19270	0	2462	19100	0	271028	0.000156749
18.1875	19270	0	2521	19100	0	276981	0.00015793
18.2031	19270	0	2568	19100	0	283305	0.000159183
18.2188	19270	0	2619	19100	0	289714	0.000160452
18.2344	19270	0	2673	19100	0	296170	0.000161732
18.25	19270	0	2712	19100	0	302706	0.000163024
18.2656	19270	0	2752	19100	0	309542	0.000164375
18.2812	19270	0	2797	19100	0	316602	0.000165772
18.2969	19270	0	2846	19100	0	323782	0.000167193
18.3125	19270	0	2899	19100	0	330946	0.000168611
18.3281	19270	0	2954	19100	0	338397	0.000170086
18.3438	19270	0	3004	19100	0	345935	0.000171578
18.3594	19270	0	3067	19100	0	353655	0.000173107
18.375	19270	0	3119	19100	0	361634	0.000174686
18.3906	19270	0	3166	19100	0	369725	0.000176285
18.4062	19270	0	3223	19100	0	378006	0.000177924
18.4219	19270	0	3280	19100	0	386669	0.000179638
18.4375	19270	0	3344	19100	0	395251	0.000181337
18.4531	19270	0	3410	19100	0	404179	0.000183105
18.4688	19270	0	3466	19100	0	413188	0.000184886
18.4844	19270	0	3532	19100	0	422509	0.000186731
18.5	19270	0	3598	19100	0	431836	0.000188577
18.5156	19270	0	3663	19100	0	441423	0.000190475
18.5312	19270	0	3740	19100	0	451395	0.00019245
18.5469	19270	0	3814	19100	0	461463	0.000194443
18.5625	19270	0	3888	19100	0	471727	0.000196475
18.5781	19270	0	3957	19100	0	482158	0.000198538
18.5938	19270	0	4025	19100	0	492962	0.000200675
18.6094	19270	0	4100	19100	0	503850	0.00020283
18.625	19270	0	4182	19100	0	515066	0.00020505
18.6406	19270	0	4275	19100	0	526488	0.000207314
18.6562	19270	0	4354	19100	0	538266	0.000209644
18.6719	19270	0	4440	19100	0	550239	0.000212014
18.6875	14441	0	3418	14324	0	422312	0.000160887
18.7031	14441	0	3480	14324	0	431836	0.000162772
18.7188	14441	0	3558	14324	0	441402	0.000164667
18.7344	14441	0	3618	14324	0	451224	0.000166609
18.75	14441	0	3673	14324	0	461110	0.000168563
18.7656	14441	0	3750	14324	0	471456	0.000170612
18.7812	14441	0	3825	14324	0	481880	0.000172675
18.7969	14441	0	3886	14324	0	492701	0.000174814
18.8125	14441	0	3941	14324	0	503544	0.000176956
18.8281	14441	0	4012	14324	0	514807	0.000179183
18.8438	14441	0	4069	14324	0	526507	0.000181494
18.8594	14441	0	4128	14324	0	538240	0.000183812
18.875	14441	0	4190	14324	0	550364	0.000186207
18.8906	14441	0	4264	14324	0	562696	0.000188645
18.9062	14441	0	4337	14324	0	575145	0.000191106
18.9219	14441	0	4414	14324	0	588245	0.000193696
18.9375	14441	0	4480	14324	0	601435	0.000196301
18.9531	14441	0	4564	14324	0	614785	0.000198942
18.9688	14441	0	4644	14324	0	628526	0.000201658
18.9844	14441	0	4715	14324	0	642650	0.000204448
19	14441	0	4813	14324	0	656959	0.000207279
19.0156	14441	0	4890	14324	0	671634	0.000210179
19.0312	14441	0	4961	14324	0	686741	0.000213162
19.0469	14441	0	5056	14324	0	702064	0.000216192
19.0625	14441	0	5143	14324	0	717841	0.00021931
19.0781	14441	0	5246	14324	0	734155	0.000222537
19.0938	14441	0	5342	14324	0	750750	0.000225817
19.1094	14441	0	5446	14324	0	767370	0.000229104
19.125	14441	0	5557	14324	0	784483	0.000232489
19.1406	14441	0	5650	14324	0	801973	0.000235945
19.1562	14441	0	5738	14324	0	819974	0.0002395
19.1719	14441	0	5834	14324	0	837974	0.000243057
19.1875	14441	0	5955	14324	0	856748	0.000246771
19.2031	10911	0	4548	10766	0	657607	0.000188328
19.2188	10911	0	4610	10766	0	672346	0.000191237
19.2344	10911	0	4691	10766	0	687365	0.000194205
19.25	10911	0	4791	10766	0	702901	0.000197278
19.2656	10911	0	4869	10766	0	718623	0.000200384
19.2812	10911	0	4947	10766	0	734711	0.000203561
19.2969	10911	0	5041	10766	0	751272	0.000206834
19.3125	10911	0	5128	10766	0	768194	0.000210177
19.3281	10911	0	5211	10766	0	785346	0.000213565
19.3438	10911	0	5309	10766	0	802709	0.000216996
19.3594	10911	0	5407	10766	0	820980	0.000220607
19.375	10911	0	5490	10766	0	839347	0.000224233
19.3906	10911	0	5578	10766	0	858184	0.000227952
19.4062	10911	0	5655	10766	0	877402	0.000231745
19.4219	10911	0	5752	10766	0	897289	0.000235672
19.4375	10911	0	5856	10766	0	917333	0.000239632
19.4531	10911	0	5950	10766	0	938051	0.000243723
19.4688	10911	0	6064	10766	0	959251	0.000247912
19.4844	10911	0	6162	10766	0	980812	0.000252169
19.5	10911	0	6264	10766	0	1002843	0.000256519
19.5156	10911	0	6372	10766	0	1025334	0.00026096
19.5312	10911	0	6482	10766	0	1048179	0.000265472
19.5469	10911	0	6587	10766	0	1071381	0.000270053
19.5625	10911	0	6701	10766	0	1095449	0.000274805
19.5781	10911	0	6828	10766	0	1119923	0.00027964
19.5938	10911	0	6926	10766	0	1145168	0.000284621
19.6094	10911	0	7030	10766	0	1170955	0.00028971
19.625	10911	0	7149	10766	0	1197094	0.000294871
19.6406	10911	0	7275	10766	0	1224027	0.000300189
19.6562	10911	0	7416	10766	0	1251402	0.000305597
19.6719	10911	0	7549	10766	0	1279699	0.000311185
19.6875	10911	0	7678	10766	0	1308507	0.000316872
19.7031	10911	0	7812	10766	0	1338075	0.00032271
19.7188	8210	0	5923	8095	0	1026192	0.00024662
19.7344	8210	0	6010	8095	0	1049235	0.000251166
19.75	8210	0	6141	8095	0	1072612	0.000255787
19.7656	8210	0	6263	8095	0	1096538	0.000260513
19.7812	8210	0	6369	8095	0	1120949	0.000265332
19.7969	8210	0	6477	8095	0	1146446	0.000270364
19.8125	8210	0	6614	8095	0	1172244	0.000275461
19.8281	8210	0	6736	8095	0	1198471	0.00028064
19.8438	8210	0	6863	8095	0	1225531	0.000285983
19.8594	8210	0	6984	8095	0	1252877	0.000291382
19.875	8210	0	7116	8095	0	1281194	0.000296973
19.8906	8210	0	7241	8095	0	1309562	0.000302573
19.9062	8210	0	7375	8095	0	1339094	0.000308404
19.9219	8210	0	7497	8095	0	1368931	0.000314292
19.9375	8210	0	7632	8095	0	1399474	0.000320322
19.9531	8210	0	7759	8095	0	1430571	0.000326458
19.9688	8210	0	7899	8095	0	1462985	0.000332856
19.9844	8210	0	8034	8095	0	1495810	0.000339334
20	8210	0	8162	8095	0	1528950	0.000345873
20.0156	8210	0	8304	8095	0	1563371	0.000352666
20.0312	8210	0	8455	8095	0	1598642	0.000359628
20.0469	8210	0	8599	8095	0	1634608	0.000366725
20.0625	8210	0	8727	8095	0	1671528	0.000374006
20.0781	8210	0	8865	8095	0	1708973	0.000381393
20.0938	8210	0	9020	8095	0	1747073	0.000388912
20.1094	8210	0	9182	8095	0	1786207	0.000396635
20.125	8210	0	9346	8095	0	1826194	0.000404526
20.1406	8210	0	9521	8095	0	1867508	0.000412681
20.1562	8210	0	9697	8095	0	1909068	0.000420883
20.1719	8210	0	9881	8095	0	1951587	0.000429276
20.1875	8210	0	10058	8095	0	1995380	0.000437918
20.2031	8210	0	10251	8095	0	2039880	0.000446702
20.2188	8210	0	10414	8095	0	2085347	0.00045567
20.2344	6157	0	8076	6082	0	1598873	0.000348684
20.25	6157	0	8211	6082	0	1634553	0.000355724
20.2656	6157	0	8350	6082	0	1671212	0.000362956
20.2812	6157	0	8488	6082	0	1708596	0.00037033
20.2969	6157	0	8662	6082	0	1746940	0.000377901
20.3125	6157	0	8832	6082	0	1785909	0.000385593
20.3281	6157	0	8990	6082	0	1826192	0.000393542
20.3438	6157	0	9143	6082	0	1866815	0.000401556
20.3594	6157	0	9323	6082	0	1908646	0.000409813
20.375	6157	0	9491	6082	0	1951223	0.000418214
20.3906	6157	0	9660	6082	0	1994831	0.000426818
20.4062	6157	0	9815	6082	0	2039521	0.000435632
20.4219	6157	0	9982	6082	0	2085395	0.00044468
20.4375	6157	0	10171	6082	0	2131551	0.000453789
20.4531	6157	0	10366	6082	0	2179393	0.00046323
20.4688	6157	0	10566	6082	0	2228452	0.000472912
20.4844	6157	0	10748	6082	0	2278692	0.000482822
20.5	6157	0	10898	6082	0	2329987	0.000492933
20.5156	6157	0	11066	6082	0	2382255	0.000503239
20.5312	6157	0	11270	6082	0	2435517	0.000513747
20.5469	6157	0	11465	6082	0	2489510	0.000524397
20.5625	6157	0	11666	6082	0	2545418	0.000535425
20.5781	6157	0	11865	6082	0	2602497	0.000546682
20.5938	6157	0	12062	6082	0	2660476	0.000558116
20.6094	6157	0	12289	6082	0	2720039	0.000569867
20.625	6157	0	12537	6082	0	2780585	0.000581816
20.6406	6157	0	12776	6082	0	2842304	0.000593993
20.6562	6157	0	12985	6082	0	2905958	0.000606545
20.6719	6157	0	13237	6082	0	2970684	0.000619316
20.6875	6157	0	13469	6082	0	3037615	0.000632516
20.7031	6157	0	13700	6082	0	3105749	0.000645953
20.7188	6157	0	13945	6082	0	3175022	0.000659616
20.7344	6157	0	14181	6082	0	3246403	0.000673691
20.75	4618	0	10863	4539	0	2489048	0.000515915
20.7656	4618	0	11070	4539	0	2544505	0.000526855
20.7812	4618	0	11276	4539	0	2600952	0.00053799
20.7969	4618	0	11470	4539	0	2659423	0.00054952
20.8125	4618	0	11667	4539	0	2719488	0.000561364
20.8281	4618	0	11888	4539	0	2780232	0.000573346
20.8438	4618	0	12115	4539	0	2842770	0.000585682
20.8594	4618	0	12322	4539	0	2906604	0.000598268
20.875	4618	0	12530	4539	0	2971625	0.000611089
20.8906	4618	0	12752	4539	0	3037868	0.000624152
20.9062	4618	0	12986	4539	0	3105949	0.000637578
20.9219	4618	0	13225	4539	0	3175374	0.00065127
20.9375	4618	0	13429	4539	0	3246521	0.000665294
20.9531	4618	0	13685	4539	0	3319417	0.000679671
20.9688	4618	0	13935	4539	0	3393437	0.000694268
20.9844	4618	0	14194	4539	0	3469310	0.000709231
21	4618	0	14427	4539	0	3546848	0.000724516
21.0156	4618	0	14686	4539	0	3625761	0.000740077
21.0312	4618	0	14951	4539	0	3706845	0.000756065
21.0469	4618	0	15241	4539	0	3789875	0.000772441
21.0625	4618	0	15528	4539	0	3874293	0.000789089
21.0781	4618	0	15788	4539	0	3961153	0.000806212
21.0938	4618	0	16072	4539	0	4049639	0.000823659
21.1094	4618	0	16339	4539	0	4140192	0.000841508
21.125	4618	0	16623	4539	0	4232611	0.000859728
21.1406	4618	0	16914	4539	0	4327676	0.00087847
21.1562	4618	0	17213	4539	0	4425075	0.000897671
21.1719	4618	0	17531	4539	0	4524422	0.00091726
21.1875	4618	0	17851	4539	0	4625397	0.000937168
21.2031	4618	0	18169	4539	0	4729741	0.000957739
21.2188	4618	0	18489	4539	0	4835374	0.000978563
21.2344	4618	0	18803	4539	0	4943768	0.000999928
21.25	4618	0	19113	4539	0	5054310	0.00102172
21.2656	3463	0	14511	3412	0	3875766	0.000783053
21.2812	3463	0	14776	3412	0	3962648	0.000800181
21.2969	3463	0	15048	3412	0	4051113	0.000817621
21.3125	3463	0	15302	3412	0	4141892	0.000835513
21.3281	3463	0	15567	3412	0	4234662	0.000853798
21.3438	3463	0	15837	3412	0	4329743	0.000872539
21.3594	3463	0	16141	3412	0	4426383	0.000891592
21.375	3463	0	16435	3412	0	4525377	0.000911106
21.3906	3463	0	16747	3412	0	4626770	0.000931096
21.4062	3463	0	17036	3412	0	4729769	0.000951396
21.4219	3463	0	17337	3412	0	4835707	0.000972276
21.4375	3463	0	17637	3412	0	4944251	0.000993668
21.4531	3463	0	17954	3412	0	5055416	0.00101558
21.4688	3463	0	18272	3412	0	5168565	0.00103788
21.4844	3463	0	18559	3412	0	5284822	0.00106079
21.5	3463	0	18877	3412	0	5403101	0.00108409
21.5156	3463	0	19210	3412	0	5524835	0.00110809
21.5312	3463	0	19576	3412	0	5648746	0.00113251
21.5469	3463	0	19938	3412	0	5775569	0.00115751
21.5625	3463	0	20299	3412	0	5905060	0.00118303
21.5781	3463	0	20656	3412	0	6037890	0.00120921
21.5938	3463	0	21049	3412	0	6174005	0.00123604
21.6094	3463	0	21429	3412	0	6312105	0.00126325
21.625	3463	0	21804	3412	0	6453060	0.00129103
21.6406	3463	0	22186	3412	0	6597042	0.0013194
21.6562	3463	0	22556	3412	0	6744465	0.00134845
21.6719	3463	0	22933	3412	0	6895341	0.00137818
21.6875	3463	0	23327	3412	0	7049713	0.0014086
21.7031	3463	0	23730	3412	0	7208010	0.00143979
21.7188	3463	0	24140	3412	0	7369893	0.00147168
21.7344	3463	0	24596	3412	0	7534664	0.00150416
21.75	3463	0	25025	3412	0	7703586	0.00153744
21.7656	3463	0	25432	3412	0	7875938	0.0015714
21.7812	2618	0	19479	2569	0	6038267	0.00120452
21.7969	2618	0	19823	2569	0	6173712	0.00123121
21.8125	2618	0	20179	2569	0	6311989	0.00125845
21.8281	2618	0	20520	2569	0	6453508	0.00128633
21.8438	2618	0	20887	2569	0	6597118	0.00131463
21.8594	2618	0	21232	2569	0	6744867	0.00134374
21.875	2618	0	21602	2569	0	6895686	0.00137345
21.8906	2618	0	21991	2569	0	7050151	0.00140389
21.9062	2618	0	22355	2569	0	7208045	0.00143499
21.9219	2618	0	22770	2569	0	7369415	0.00146679
21.9375	2618	0	23189	2569	0	7534286	0.00149928
21.9531	2618	0	23586	2569	0	7703414	0.00153259
21.9688	2618	0	23983	2569	0	7876015	0.0015666
21.9844	2618	0	24349	2569	0	8052332	0.00160132
22	2618	0	24772	2569	0	8232226	0.00163676
22.0156	2618	0	25186	2569	0	8416443	0.00167305
22.0312	2618	0	25653	2569	0	8604587	0.00171012
22.0469	2618	0	26106	2569	0	8797570	0.00174814
22.0625	2618	0	26589	2569	0	8994626	0.00178696
22.0781	2618	0	27068	2569	0	9195946	0.00182662
22.0938	2618	0	27522	2569	0	9401358	0.00186708
22.1094	2618	0	28022	2569	0	9612347	0.00190865
22.125	2618	0	28506	2569	0	9827648	0.00195106
22.1406	2618	0	29009	2569	0	10048136	0.00199449
22.1562	2618	0	29507	2569	0	10272324	0.00203865
22.1719	2618	0	30058	2569	0	10502873	0.00208408
22.1875	2618	0	30572	2569	0	10738348	0.00213046
22.2031	2618	0	31091	2569	0	10978809	0.00217782
22.2188	2618	0	31646	2569	0	11225372	0.00222639
22.2344	2618	0	32214	2569	0	11476329	0.00227582
22.25	2618	0	32770	2569	0	11733256	0.00232643
22.2656	2618	0	33369	2569	0	11995938	0.00237817
22.2812	2618	0	33958	2569	0	12264757	0.00243112
22.2969	1913	0	26062	1896	0	9404212	0.00186366
22.3125	1913	0	26487	1896	0	9614815	0.00190513
22.3281	1913	0	26940	1896	0	9829973	0.00194751
22.3438	1913	0	27419	1896	0	10050271	0.0019909
22.3594	1913	0	27911	1896	0	10274886	0.00203515
22.375	1913	0	28405	1896	0	10504482	0.00208037
22.3906	1913	0	28908	1896	0	10739751	0.00212671
22.4062	1913	0	29448	1896	0	10980891	0.00217421
22.4219	1913	0	29988	1896	0	11226609	0.00222261
22.4375	1913	0	30505	1896	0	11478532	0.00227222
22.4531	1913	0	31046	1896	0	11736274	0.00232298
22.4688	1913	0	31613	1896	0	11999803	0.00237489
22.4844	1913	0	32106	1896	0	12268321	0.00242776
22.5	1913	0	32662	1896	0	12542143	0.00248169
22.5156	1913	0	33255	1896	0	12823296	0.00253706
22.5312	1913	0	33887	1896	0	13110559	0.00259365
22.5469	1913	0	34525	1896	0	13405404	0.00265172
22.5625	1913	0	35158	1896	0	13705917	0.00271091
22.5781	1913	0	35788	1896	0	14012183	0.00277123
22.5938	1913	0	36382	1896	0	14324577	0.00283274
22.6094	1913	0	36988	1896	0	14646018	0.00289604
22.625	1913	0	37648	1896	0	14974602	0.00296075
22.6406	1913	0	38348	1896	0	15310574	0.00302692
22.6562	1913	0	39015	1896	0	15652462	0.00309424
22.6719	1913	0	39684	1896	0	16002990	0.00316327
22.6875	1913	0	40391	1896	0	16360851	0.00323374
22.7031	1913	0	41116	1896	0	16727204	0.00330589
22.7188	1913	0	41828	1896	0	17102110	0.00337971
22.7344	1913	0	42577	1896	0	17485671	0.00345524
22.75	1913	0	43326	1896	0	17877120	0.00353232
22.7656	1913	0	44054	1896	0	18276422	0.00361095
22.7812	1913	0	44828	1896	0	18686465	0.00369169
22.7969	1913	0	45550	1896	0	19104624	0.00377402
22.8125	1413	0	34878	1420	0	14652493	0.00289427
22.8281	1413	0	35481	1420	0	14980375	0.00295883
22.8438	1413	0	36124	1420	0	15315991	0.00302492
22.8594	1413	0	36764	1420	0	15659307	0.00309252
22.875	1413	0	37411	1420	0	16010778	0.00316173
22.8906	1413	0	38092	1420	0	16369239	0.00323232
22.9062	1413	0	38824	1420	0	16735266	0.0033044
22.9219	1413	0	39510	1420	0	17110753	0.00337833
22.9375	1413	0	40209	1420	0	17493775	0.00345375
22.9531	1413	0	40980	1420	0	17885213	0.00353083
22.9688	1413	0	41649	1420	0	18286628	0.00360986
22.9844	1413	0	42392	1420	0	18695826	0.00369043
23	1413	0	43139	1420	0	19115668	0.00377309
23.0156	1413	0	43926	1420	0	19542990	0.00385723
23.0312	1413	0	44674	1420	0	19980743	0.00394342
23.0469	1413	0	45415	1420	0	20429230	0.00403171
23.0625	1413	0	46202	1420	0	20886476	0.00412173
23.0781	1413	0	47031	1420	0	21353936	0.00421377
23.0938	1413	0	47826	1420	0	21831707	0.00430783
23.1094	1413	0	48686	1420	0	22320697	0.0044041
23.125	1413	0	49522	1420	0	22820441	0.00450249
23.1406	1413	0	50435	1420	0	23330462	0.00460291
23.1562	1413	0	51285	1420	0	23852213	0.00470562
23.1719	1413	0	52166	1420	0	24386567	0.00481081
23.1875	1413	0	53054	1420	0	24933629	0.00491851
23.2031	1413	0	53956	1420	0	25490983	0.00502823
23.2188	1413	0	54871	1420	0	26063555	0.00514094
23.2344	1413	0	55844	1420	0	26647848	0.00525597
23.25	1413	0	56862	1420	0	27244910	0.00537352
23.2656	1413	0	57866	1420	0	27855140	0.00549365
23.2812	1413	0	58891	1420	0	28479176	0.0056165
23.2969	1413	0	59884	1420	0	29117677	0.00574219
23.3125	1413	0	60937	1420	0	29769946	0.00587059
23.3281	1075	0	46273	1050	0	22825695	0.00450098
23.3438	1075	0	47071	1050	0	23336377	0.00460151
23.3594	1075	0	47900	1050	0	23859679	0.00470452
23.375	1075	0	48714	1050	0	24394503	0.0048098
23.3906	1075	0	49563	1050	0	24940872	0.00491735
23.4062	1075	0	50476	1050	0	25499104	0.00502724
23.4219	1075	0	51386	1050	0	26070379	0.0051397
23.4375	1075	0	52306	1050	0	26655517	0.00525488
23.4531	1075	0	53203	1050	0	27252389	0.00537237
23.4688	1075	0	54100	1050	0	27862616	0.00549248
23.4844	1075	0	55043	1050	0	28485344	0.00561506
23.5	1075	0	56040	1050	0	29122854	0.00574055
23.5156	1075	0	57024	1050	0	29775353	0.00586899
23.5312	1075	0	57999	1050	0	30443416	0.00600048
23.5469	1075	0	58964	1050	0	31125598	0.00613475
23.5625	1075	0	59937	1050	0	31822426	0.00627189
23.5781	1075	0	60997	1050	0	32535682	0.00641228
23.5938	1075	0	62117	1050	0	33265187	0.00655588
23.6094	1075	0	63130	1050	0	34010289	0.00670252
23.625	1075	0	64281	1050	0	34772052	0.00685247
23.6406	1075	0	65432	1050	0	35551124	0.00700581
23.6562	1075	0	66620	1050	0	36346300	0.00716233
23.6719	1075	0	67799	1050	0	37160760	0.00732264
23.6875	1075	0	68992	1050	0	37994011	0.00748664
23.7031	1075	0	70229	1050	0	38844175	0.00765398
23.7188	1075	0	71448	1050	0	39714794	0.00782533
23.7344	1075	0	72779	1050	0	40605543	0.00800066
23.75	1075	0	74084	1050	0	41514372	0.00817954
23.7656	1075	0	75313	1050	0	42442714	0.00836224
23.7812	1075	0	76595	1050	0	43393451	0.00854934
23.7969	1075	0	77962	1050	0	44365199	0.0087406
23.8125	1075	0	79305	1050	0	45359834	0.00893635
23.8281	1075	0	80684	1050	0	46375502	0.00913624
23.8438	795	0	61485	773	0	35561519	0.00700559
23.8594	795	0	62596	773	0	36357291	0.00716221
23.875	795	0	63686	773	0	37172735	0.00732269
23.8906	795	0	64814	773	0	38004738	0.00748643
23.9062	795	0	66000	773	0	38855286	0.00765383
23.9219	795	0	67151	773	0	39724984	0.00782499
23.9375	795	0	68326	773	0	40614878	0.00800012
23.9531	795	0	69503	773	0	41525052	0.00817924
23.9688	795	0	70735	773	0	42455940	0.00836244
23.9844	795	0	71980	773	0	43409598	0.00855012
24	795	0	73276	773	0	44382921	0.00874167
24.0156	795	0	74547	773	0	45376289	0.00893716
24.0312	795	0	75857	773	0	46392740	0.00913719
24.0469	795	0	77182	773	0	47430237	0.00934136
24.0625	795	0	78539	773	0	48493267	0.00955055
24.0781	795	0	79951	773	0	49579089	0.00976424
24.0938	795	0	81344	773	0	50689249	0.00998271
24.1094	795	0	82669	773	0	51825191	0.0102062
24.125	795	0	84133	773	0	52986794	0.0104348
24.1406	795	0	85620	773	0	54172674	0.0106682
24.1562	795	0	87111	773	0	55385145	0.0109068
24.1719	795	0	88646	773	0	56624790	0.0111507
24.1875	795	0	90183	773	0	57892580	0.0114002
24.2031	795	0	91716	773	0	59190393	0.0116556
24.2188	795	0	93350	773	0	60515074	0.0119162
24.2344	795	0	95014	773	0	61871123	0.0121831
24.25	795	0	96641	773	0	63257834	0.012456
24.2656	795	0	98276	773	0	64674301	0.0127347
24.2812	795	0	99947	773	0	66123268	0.0130198
24.2969	795	0	101701	773	0	67606482	0.0133116
24.3125	795	0	103519	773	0	69121052	0.0136097
24.3281	795	0	105355	773	0	70668965	0.0139143
24.3438	795	0	107207	773	0	72252266	0.0142258
24.3594	592	0	82069	568	0	55408870	0.0109094
24.375	592	0	83552	568	0	56651418	0.0111539
24.3906	592	0	85024	568	0	57920536	0.0114036
24.4062	592	0	86545	568	0	59218445	0.011659
24.4219	592	0	88125	568	0	60544893	0.01192
24.4375	592	0	89723	568	0	61902100	0.012187
24.4531	592	0	91349	568	0	63288977	0.0124599
24.4688	592	0	92939	568	0	64705333	0.0127386
24.4844	592	0	94643	568	0	66154839	0.0130238
24.5	592	0	96263	568	0	67637674	0.0133156
24.5156	592	0	97960	568	0	69153662	0.0136139
24.5312	592	0	99723	568	0	70704718	0.0139191
24.5469	592	0	101435	568	0	72289548	0.0142309
24.5625	592	0	103130	568	0	73909846	0.0145497
24.5781	592	0	104893	568	0	75564720	0.0148753
24.5938	592	0	106712	568	0	77259596	0.0152088
24.6094	592	0	108495	568	0	78989189	0.015549
24.625	592	0	110411	568	0	80759025	0.0158973
24.6406	592	0	112346	568	0	82567032	0.016253
24.6562	592	0	114359	568	0	84415078	0.0166166
24.6719	592	0	116423	568	0	86307537	0.016989
24.6875	592	0	118501	568	0	88242903	0.0173697
24.7031	592	0	120576	568	0	90221327	0.017759
24.7188	592	0	122605	568	0	92242799	0.0181567
24.7344	592	0	124799	568	0	94311359	0.0185637
24.75	592	0	126999	568	0	96424902	0.0189795
24.7656	592	0	129285	568	0	98586778	0.0194049
24.7812	592	0	131612	568	0	100795127	0.0198393
24.7969	592	0	134010	568	0	103052489	0.0202835
24.8125	592	0	136367	568	0	105361752	0.0207378
24.8281	592	0	138787	568	0	107724580	0.0212027
24.8438	592	0	141256	568	0	110137315	0.0216774
24.8594	592	0	143693	568	0	112603337	0.0221625
24.875	439	0	109634	427	0	86345683	0.0169943
24.8906	439	0	111598	427	0	88280048	0.0173749
24.9062	439	0	113586	427	0	90257771	0.017764
24.9219	439	0	115634	427	0	92279940	0.0181618
24.9375	439	0	117657	427	0	94347223	0.0185685
24.9531	439	0	119693	427	0	96462465	0.0189847
24.9688	439	0	121752	427	0	98623672	0.0194098
24.9844	439	0	123931	427	0	100834398	0.0198448
25	439	0	126166	427	0	103093751	0.0202893
25.0156	439	0	128421	427	0	105402955	0.0207436
25.0312	439	0	130720	427	0	107764777	0.0212082
25.0469	439	0	132972	427	0	110176718	0.0216827
25.0625	439	0	135293	427	0	112646758	0.0221686
25.0781	439	0	137652	427	0	115170988	0.0226652
25.0938	439	0	140069	427	0	117753750	0.0231733
25.1094	439	0	142561	427	0	120390087	0.0236919
25.125	439	0	145095	427	0	123089763	0.024223
25.1406	439	0	147770	427	0	125850359	0.0247661
25.1562	439	0	150541	427	0	128666831	0.0253202
25.1719	439	0	153183	427	0	131551363	0.0258877
25.1875	439	0	155904	427	0	134498155	0.0264674
25.2031	439	0	158751	427	0	137510813	0.02706
25.2188	439	0	161524	427	0	140590695	0.0276659
25.2344	439	0	164310	427	0	143740213	0.0282854
25.25	439	0	167295	427	0	146961351	0.0289191
25.2656	439	0	170204	427	0	150253317	0.0295667
25.2812	439	0	173135	427	0	153618673	0.0302287
25.2969	439	0	176110	427	0	157061574	0.030906
25.3125	439	0	179192	427	0	160583025	0.0315987
25.3281	439	0	182309	427	0	164178159	0.0323059
25.3438	439	0	185502	427	0	167854741	0.0330291
25.3594	439	0	188717	427	0	171616479	0.0337691
25.375	439	0	192029	427	0	175463096	0.0345257
25.3906	330	0	146440	322	0	134552691	0.0264756
25.4062	330	0	149015	322	0	137569159	0.027069
25.4219	330	0	151649	322	0	140648917	0.0276748
25.4375	330	0	154304	322	0	143797967	0.0282943
25.4531	330	0	157051	322	0	147020884	0.0289282
25.4688	330	0	159828	322	0	150313685	0.0295759
25.4844	330	0	162634	322	0	153682591	0.0302386
25.5	330	0	165584	322	0	157124894	0.0309158
25.5156	330	0	168422	322	0	160648546	0.0316089
25.5312	330	0	171412	322	0	164247323	0.0323167
25.5469	330	0	174493	322	0	167930468	0.0330412
25.5625	330	0	177576	322	0	171690505	0.0337809
25.5781	330	0	180815	322	0	175536684	0.0345374
25.5938	330	0	184064	322	0	179474351	0.035312
25.6094	330	0	187351	322	0	183494588	0.0361028
25.625	330	0	190702	322	0	187606926	0.0369117
25.6406	330	0	194018	322	0	191812079	0.0377388
25.6562	330	0	197423	322	0	196110698	0.0385843
25.6719	330	0	200868	322	0	200507202	0.0394491
25.6875	330	0	204354	322	0	204999757	0.0403327
25.7031	330	0	208075	322	0	209593386	0.0412363
25.7188	330	0	211819	322	0	214289389	0.04216
25.7344	330	0	215513	322	0	219088690	0.043104
25.75	330	0	219313	322	0	223999030	0.0440698
25.7656	330	0	223230	322	0	229018076	0.045057
25.7812	330	0	227100	322	0	234147987	0.046066
25.7969	330	0	231062	322	0	239394121	0.0470979
25.8125	330	0	235044	322	0	244752513	0.0481518
25.8281	330	0	239226	322	0	250240039	0.0492312
25.8438	330	0	243392	322	0	255843226	0.0503332
25.8594	330	0	247712	322	0	261573125	0.0514602
25.875	330	0	251974	322	0	267439490	0.0526141
25.8906	330	0	256322	322	0	273430836	0.0537925
25.9062	249	0	195617	234	0	209665699	0.0412476
25.9219	249	0	199060	234	0	214364667	0.0421718
25.9375	249	0	202598	234	0	219169068	0.0431168
25.9531	249	0	206129	234	0	224079142	0.0440825
25.9688	249	0	209810	234	0	229104548	0.0450709
25.9844	249	0	213474	234	0	234235715	0.0460801
26	249	0	217166	234	0	239488159	0.0471132
26.0156	249	0	220992	234	0	244850398	0.0481678
26.0312	249	0	224768	234	0	250332429	0.049246
26.0469	249	0	228654	234	0	255940846	0.0503491
26.0625	249	0	232603	234	0	261676192	0.0514771
26.0781	249	0	236672	234	0	267536623	0.0526297
26.0938	249	0	240908	234	0	273532117	0.0538089
26.1094	249	0	245231	234	0	279662368	0.0550146
26.125	249	0	249562	234	0	285930134	0.0562473
26.1406	249	0	253988	234	0	292341044	0.0575082
26.1562	249	0	258393	234	0	298887991	0.0587958
26.1719	249	0	262762	234	0	305582876	0.0601125
26.1875	249	0	267337	234	0	312431677	0.0614594
26.2031	249	0	272072	234	0	319432527	0.0628363
26.2188	249	0	276907	234	0	326587590	0.0642435
26.2344	249	0	281712	234	0	333909030	0.0656834
26.25	249	0	286778	234	0	341390587	0.0671549
26.2656	249	0	291662	234	0	349040953	0.0686594
26.2812	249	0	296761	234	0	356865919	0.0701984
26.2969	249	0	301874	234	0	364859408	0.0717704
26.3125	249	0	307080	234	0	373035748	0.0733784
26.3281	249	0	312495	234	0	381393447	0.0750221
26.3438	249	0	318168	234	0	389937422	0.0767025
26.3594	249	0	323729	234	0	398677870	0.0784214
26.375	249	0	329496	234	0	407614468	0.080179
26.3906	249	0	335302	234	0	416750533	0.0819757
26.4062	249	0	341310	234	0	426089010	0.0838123
26.4219	187	0	260600	167	0	326734345	0.0642688
26.4375	187	0	265229	167	0	334051996	0.065708
26.4531	187	0	269849	167	0	341541109	0.0671808
26.4688	187	0	274606	167	0	349196202	0.0686863
26.4844	187	0	279403	167	0	357023622	0.0702256
26.5	187	0	284344	167	0	365029213	0.0718
26.5156	187	0	289326	167	0	373209857	0.0734088
26.5312	187	0	294365	167	0	381571063	0.0750531
26.5469	187	0	299590	167	0	390121286	0.0767346
26.5625	187	0	304837	167	0	398858970	0.078453
26.5781	187	0	310224	167	0	407794637	0.0802102
26.5938	187	0	315735	167	0	416936217	0.082008
26.6094	187	0	321345	167	0	426277532	0.0838451
26.625	187	0	326995	167	0	435830448	0.0857237
26.6406	187	0	332816	167	0	445593855	0.0876438
26.6562	187	0	338748	167	0	455582419	0.0896081
26.6719	187	0	344823	167	0	465788458	0.0916152
26.6875	187	0	350885	167	0	476226854	0.093668
26.7031	187	0	357115	167	0	486902330	0.0957673
26.7188	187	0	363464	167	0	497814566	0.0979133
26.7344	187	0	369814	167	0	508968751	0.100107
26.75	141	0	282656	117	0	390282662	0.0767627
26.7656	141	0	287735	117	0	399025014	0.078482
26.7812	141	0	292860	117	0	407960833	0.0802392
26.7969	141	0	298228	117	0	417105198	0.0820375
26.8125	141	0	303500	117	0	426451326	0.0838755
26.8281	141	0	308824	117	0	436001346	0.0857535
26.8438	141	0	314291	117	0	445768220	0.0876741
26.8594	141	0	319726	117	0	455757105	0.0896384
26.875	141	0	325488	117	0	465973485	0.0916475
26.8906	141	0	331277	117	0	476422978	0.0937024
26.9062	141	0	337141	117	0	487099036	0.0958018
26.9219	141	0	343197	117	0	498014164	0.0979483
26.9375	141	0	349210	117	0	509171823	0.100142
26.9531	102	0	266687	82	0	390450378	0.0767924
26.9688	102	0	271279	82	0	399200314	0.078513
26.9844	102	0	276067	82	0	408143549	0.0802716
27	102	0	280872	82	0	417290802	0.0820704
27.0156	102	0	285887	82	0	426639978	0.0839089
27.0312	102	0	291052	82	0	436200039	0.0857888
27.0469	102	0	296244	82	0	445977674	0.0877116
27.0625	102	0	301454	82	0	455964721	0.0896754
27.0781	102	0	306564	82	0	466182754	0.0916847
27.0938	102	0	312024	82	0	476625595	0.0937382
27.1094	102	0	317441	82	0	487307526	0.0958387
27.125	102	0	323143	82	0	498222962	0.0979852
27.1406	102	0	329012	82	0	509389638	0.100181
27.1562	77	0	251248	64	0	390594284	0.0768175
27.1719	77	0	255643	64	0	399352730	0.0785398
27.1875	77	0	260175	64	0	408301126	0.0802994
27.2031	77	0	264861	64	0	417455084	0.0820994
27.2188	77	0	269505	64	0	426808577	0.0839387
27.2344	77	0	274212	64	0	436373780	0.0858196
27.25	77	0	279037	64	0	446153532	0.0877426
27.2656	77	0	284088	64	0	456152052	0.0897087
27.2812	77	0	289056	64	0	466370544	0.0917181
27.2969	77	0	294226	64	0	476822507	0.0937733
27.3125	77	0	299377	64	0	487508111	0.0958745
27.3281	77	0	304665	64	0	498434095	0.0980229
27.3438	77	0	309972	64	0	509608246	0.10022
27.3594	60	0	236939	49	0	390779913	0.0768511
27.375	60	0	241142	49	0	399540604	0.0785737
27.3906	60	0	245462	49	0	408491998	0.0803339
27.4062	60	0	249877	49	0	417647743	0.0821343
27.4219	60	0	254266	49	0	427008164	0.0839748
27.4375	60	0	258789	49	0	436574536	0.0858559
27.4531	60	0	263374	49	0	446362172	0.0877805
27.4688	60	0	268012	49	0	456361561	0.0897467
27.4844	60	0	272816	49	0	466586390	0.0917572
27.5	60	0	277628	49	0	477041444	0.093813
27.5156	60	0	282501	49	0	487729552	0.0959146
27.5312	60	0	287376	49	0	498658158	0.0980635
27.5469	60	0	292471	49	0	509835899	0.100261
27.5625	43	0	223142	33	0	390947603	0.0768812
27.5781	43	0	227071	33	0	399706775	0.0786036
27.5938	43	0	231157	33	0	408666407	0.0803653
27.6094	43	0	235287	33	0	417820158	0.0821652
27.625	43	0	239413	33	0	427184961	0.0840066
27.6406	43	0	243545	33	0	436761004	0.0858895
27.6562	43	0	247850	33	0	446544380	0.0878131
27.6719	43	0	252358	33	0	456552790	0.0897811
27.6875	43	0	256762	33	0	466787051	0.0917934
27.7031	43	0	261189	33	0	477248736	0.0938504
27.7188	43	0	265898	33	0	487939819	0.0959526
27.7344	43	0	270658	33	0	498872865	0.0981023
27.75	43	0	275444	33	0	510056355	0.100301
27.7656	31	0	210238	29	0	391124611	0.0769135
27.7812	31	0	213876	29	0	399886299	0.0786362
27.7969	31	0	217717	29	0	408850084	0.0803987
27.8125	31	0	221591	29	0	418016326	0.082201
27.8281	31	0	225553	29	0	427382482	0.0840426
27.8438	31	0	229519	29	0	436961308	0.085926
27.8594	31	0	233557	29	0	446753289	0.0878513
27.875	31	0	237637	29	0	456763725	0.0898196
27.8906	31	0	241747	29	0	467000824	0.0918324
27.9062	31	0	246004	29	0	477465021	0.0938899
27.9219	31	0	250337	29	0	488164981	0.0959937
27.9375	31	0	254673	29	0	499110159	0.0981458
27.9531	31	0	259222	29	0	510298637	0.100346
27.9688	21	0	197748	20	0	391320471	0.0769494
27.9844	21	0	201267	20	0	400087682	0.0786732
28	21	0	204776	20	0	409052912	0.080436
28.0156	21	0	208473	20	0	418222130	0.0822388
28.0312	21	0	212197	20	0	427596273	0.084082
28.0469	21	0	215891	20	0	437181255	0.0859665
28.0625	21	0	219760	20	0	446977855	0.0878927
28.0781	21	0	223767	20	0	456993943	0.0898621
28.0938	21	0	227742	20	0	467236003	0.0918759
28.1094	21	0	231894	20	0	477707964	0.0939348
28.125	21	0	235950	20	0	488413201	0.0960396
28.1406	21	0	239996	20	0	499356025	0.0981912
28.1562	21	0	244247	20	0	510549384	0.100392
28.1719	17	0	186304	16	0	391480750	0.0769787
28.1875	17	0	189756	16	0	400257927	0.0787044
28.2031	17	0	193088	16	0	409228504	0.0804682
28.2188	17	0	196485	16	0	418398508	0.0822711
28.2344	17	0	199925	16	0	427772813	0.0841142
28.25	17	0	203373	16	0	437362383	0.0859997
28.2656	17	0	206900	16	0	447163588	0.0879267
28.2812	17	0	210598	16	0	457182761	0.0898966
28.2969	17	0	214302	16	0	467424772	0.0919103
28.3125	17	0	218109	16	0	477889565	0.0939678
28.3281	17	0	221949	16	0	488597667	0.0960731
28.3438	17	0	225834	16	0	499548171	0.0982261
28.3594	17	0	229764	16	0	510735035	0.100426
28.375	11	0	174979	13	0	391631978	0.0770061
28.3906	11	0	178169	13	0	400403762	0.0787308
28.4062	11	0	181318	13	0	409381842	0.080496
28.4219	11	0	184532	13	0	418555477	0.0822996
28.4375	11	0	187868	13	0	427931490	0.084143
28.4531	11	0	191115	13	0	437519624	0.0860281
28.4688	11	0	194518	13	0	447323868	0.0879557
28.4844	11	0	198019	13	0	457350103	0.089927
28.5	11	0	201459	13	0	467601862	0.0919425
28.5156	11	0	205015	13	0	478080787	0.0940028
28.5312	11	0	208669	13	0	488792873	0.0961089
28.5469	11	0	212383	13	0	499746002	0.0982623
28.5625	11	0	216030	13	0	510943350	0.100464
28.5781	8	0	164959	8	0	391797486	0.0770367
28.5938	8	0	167948	8	0	400578017	0.078763
28.6094	8	0	170766	8	0	409550528	0.080527
28.625	8	0	173676	8	0	418728997	0.0823315
28.6406	8	0	176857	8	0	428111447	0.0841762
28.6562	8	0	179998	8	0	437709795	0.0860633
28.6719	8	0	183172	8	0	447520762	0.0879922
28.6875	8	0	186273	8	0	457541762	0.0899623
28.7031	8	0	189601	8	0	467795997	0.0919783
28.7188	8	0	193029	8	0	478281055	0.0940398
28.7344	8	0	196277	8	0	488996071	0.0961463
28.75	8	0	199785	8	0	499952177	0.0983003
28.7656	8	0	203369	8	0	511157749	0.100503
28.7812	6	0	154917	6	0	391950790	0.0770648
28.7969	6	0	157769	6	0	400738820	0.0787926
