80 92 0 0 0 0 0 0 0 0 0 0 0 0 0 0 0 0 0 0 193114614 0 0 0 0 0 0 0 17182 0 0 0 0 0 0 0 0 312350082 
80 102 0 0 0 0 0 0 0 0 0 0 0 0 0 0 0 0 0 0 0 0 0 0 449024484 0 0 0 0 0 251917 0 0 0 0 0 0 0 
0 1 0 0 0 0 0 0 0 0 0 0 0 0 0 0 0 0 0 0 350654 0 0 0 0 0 0 0 0 0 0 0 447768748 0 0 0 0 0 
1 1 0 0 0 0 0 0 0 0 0 0 0 0 0 0 0 0 0 0 0 0 0 0 0 0 0 34653 0 0 0 0 0 0 0 0 0 422588241 
0 0 0 0 0 0 0 0 0 0 0 0 0 0 0 0 0 0 0 0 0 0 0 0 0 0 0 0 0 0 0 0 0 205660245 0 0 252024793 0 
0 0 0 0 0 0 0 0 0 0 0 0 0 0 0 0 0 0 0 0 0 30699 0 12094 0 0 284598 0 0 0 0 0 0 478992027 0 0 0 0 
120 130 0 0 0 0 0 0 0 0 0 0 0 0 0 0 0 0 0 0 0 400447300 0 0 0 0 0 0 0 0 0 0 0 0 0 0 0 0 
2 2 0 0 0 0 0 0 0 0 0 0 0 0 0 0 0 0 0 0 0 0 0 0 0 0 0 0 0 0 0 0 0 0 0 0 490408402 0 
0 0 0 0 0 0 0 0 0 0 0 0 0 0 0 0 0 0 0 0 0 0 0 1223 0 0 0 0 0 0 0 0 398013476 0 0 0 0 0 
1 1 0 0 0 0 0 0 0 0 0 0 0 0 0 0 0 0 0 0 0 0 0 0 0 0 0 0 0 0 0 0 436700350 0 0 0 0 0 
65 49 0 0 0 0 0 0 0 0 0 0 0 0 0 0 0 0 0 0 0 0 0 0 0 423189454 0 13275949 0 0 0 0 0 0 0 0 0 0 
0 0 0 0 0 0 0 0 0 0 0 0 0 0 0 0 0 0 0 0 0 0 0 0 0 0 0 0 0 0 0 0 493701231 0 0 0 0 0 
121 125 0 0 0 0 0 0 0 0 0 0 0 0 0 0 0 0 0 0 0 0 0 983290 0 493234517 0 0 0 0 0 0 0 0 0 0 0 0 
39 39 0 0 0 0 0 0 0 0 0 0 0 0 0 0 0 0 0 0 0 0 0 0 410119312 0 0 0 0 0 0 0 0 0 0 0 0 0 
0 3 0 0 0 0 0 0 0 0 0 0 0 0 0 0 0 0 0 0 0 0 0 59646 0 0 0 0 0 0 0 0 478128045 0 0 0 0 0 
0 0 0 0 0 0 0 0 0 0 0 0 0 0 0 0 0 0 0 0 0 0 0 0 0 0 316641 0 0 0 0 0 0 118149245 0 0 205564052 107997626 
39 32 0 0 0 0 0 0 0 0 0 0 0 0 0 0 0 0 0 0 0 0 0 0 0 2163603 405208650 0 0 0 0 0 0 0 0 0 0 0 
0 1 0 0 0 0 0 0 0 0 0 0 0 0 0 0 0 0 0 0 0 0 0 0 0 0 0 0 0 0 0 0 421641678 0 0 0 0 0 
71 72 0 0 0 0 0 0 0 0 0 0 0 0 0 0 0 0 0 0 0 0 0 0 0 0 460411247 0 0 0 0 0 0 0 0 0 0 0 
251 236 0 0 0 0 0 0 0 0 0 0 0 0 0 0 0 0 0 0 323890728 0 0 0 0 0 0 0 0 0 0 0 0 0 0 0 0 0 
8 14 0 0 0 0 0 0 0 0 0 0 0 0 0 0 0 0 0 0 0 0 0 0 0 0 0 0 0 0 0 0 0 0 0 0 415950081 0 
33 44 0 0 0 0 0 0 0 0 0 0 0 0 0 0 0 0 0 0 0 0 0 0 432396989 0 0 0 0 0 0 0 0 0 0 410 0 0 
0 1 0 0 0 0 0 0 0 0 0 0 0 0 0 0 0 0 0 0 0 0 0 0 0 0 0 0 0 0 0 0 0 396847856 0 0 0 0 
0 0 0 0 0 0 0 0 0 0 0 0 0 0 0 0 0 0 0 0 0 0 0 0 0 0 0 0 0 0 0 0 458188829 0 0 0 0 0 
31 24 0 0 0 0 0 0 0 0 0 0 0 0 0 0 0 0 0 0 0 0 0 0 0 0 0 0 0 0 0 48725 0 0 0 0 0 477102481 
0 0 0 0 0 0 0 0 0 0 0 0 0 0 0 0 0 0 0 0 0 0 0 0 0 0 0 0 0 0 0 0 0 425309336 0 0 0 0 
2 1 0 0 0 0 0 0 0 0 0 0 0 0 0 0 0 0 0 0 0 0 0 0 0 0 0 0 0 0 0 0 0 0 0 5 0 405721429 
8 5 0 0 0 0 0 0 0 0 0 0 0 0 0 0 0 0 0 0 0 0 0 0 0 126778249 0 0 0 0 0 0 0 331694687 0 0 0 0 
1 1 0 0 0 0 0 0 0 0 0 0 0 0 0 0 0 0 0 0 601798 0 0 0 0 0 0 0 0 0 0 0 406305486 0 1 0 0 0 
246 232 0 0 0 0 0 0 0 0 0 0 0 0 0 0 0 0 0 0 0 0 0 0 269305336 0 0 0 0 0 0 0 0 0 0 0 0 0 
19 31 0 0 0 0 0 0 0 0 0 0 0 0 0 0 0 0 0 0 0 0 0 0 0 0 0 0 0 0 0 0 0 0 0 0 0 503210345 
8 5 0 0 0 0 0 0 0 0 0 0 0 0 0 0 0 0 0 0 0 0 0 0 0 0 0 0 0 0 0 0 0 0 0 0 415169750 0 
0 0 0 0 0 0 0 0 0 0 0 0 0 0 0 0 0 0 0 0 0 0 0 0 0 0 0 0 0 205 0 0 0 0 0 0 0 510100382 
294 267 0 0 0 0 0 0 0 0 0 0 0 0 0 0 0 0 0 0 0 0 0 0 331425240 0 0 0 0 0 0 0 0 0 0 0 0 0 
3 1 0 0 0 0 0 0 0 0 0 0 0 0 0 0 0 0 0 0 0 0 4121 0 0 0 0 0 0 0 0 0 0 0 0 0 127617345 360264334 
36 34 0 0 0 0 0 0 0 0 0 0 0 0 0 0 0 0 0 0 0 0 0 0 0 457338573 0 0 0 0 0 0 0 0 938 0 0 0 
1 1 0 0 0 0 0 0 0 0 0 0 0 0 0 0 0 0 0 0 0 0 0 0 136095 0 0 0 51 0 0 0 401304159 0 0 0 0 0 
8 7 0 0 0 0 0 0 0 0 0 0 0 0 0 0 0 0 0 0 0 0 0 0 505992495 0 0 0 0 0 0 0 0 0 0 0 0 0 
9 18 0 0 0 0 0 0 0 0 0 0 0 0 0 0 0 0 0 0 0 0 0 0 0 0 0 0 0 0 0 6880 0 0 0 0 0 493504031 
171 146 0 0 0 0 0 0 0 0 0 0 0 0 0 0 0 0 0 0 0 64301514 0 0 0 0 0 343921672 0 0 0 0 0 0 0 0 0 0 
232 236 0 0 0 0 0 0 0 0 0 0 0 0 0 0 0 0 0 0 516383825 0 0 0 0 0 0 0 0 0 0 0 0 0 0 0 0 0 
0 0 0 0 0 0 0 0 0 0 0 0 0 0 0 0 0 0 0 0 0 0 0 0 0 0 234965 0 0 0 0 0 0 410930401 3 0 0 0 
2 1 0 0 0 0 0 0 0 0 0 0 0 0 0 0 0 0 0 0 0 0 0 0 0 0 0 0 0 0 0 0 0 0 0 0 476345177 0 
1 5 0 0 0 0 0 0 0 0 0 0 0 0 0 0 0 0 0 0 0 1699314 0 0 0 0 0 0 0 0 0 0 0 0 0 0 0 517408465 
16 21 0 0 0 0 0 0 0 0 0 0 0 0 0 0 0 0 0 0 0 84499325 0 0 0 0 0 0 0 0 0 0 0 374346798 0 0 0 0 
31 39 0 0 0 0 0 0 0 0 0 0 0 0 0 0 0 0 0 0 0 0 0 0 0 0 0 0 0 0 0 0 0 430069652 0 0 0 0 
249 243 0 0 0 0 0 0 0 0 0 0 0 0 0 0 0 0 0 0 365936407 0 0 0 0 0 0 0 0 0 0 0 0 0 0 0 0 0 
3 1 0 0 0 0 0 0 0 0 0 0 0 0 0 0 0 0 0 0 0 0 0 0 0 0 0 0 0 0 0 0 0 506484942 0 0 0 0 
9 7 0 0 0 0 0 0 0 0 0 0 0 0 0 0 0 0 0 0 0 0 0 0 0 0 3806596 0 0 0 0 0 0 0 0 0 0 432673568 
0 1 0 0 0 0 0 0 0 0 0 0 0 0 0 0 0 0 0 0 0 0 0 0 0 7667545 0 0 0 0 0 0 0 0 0 0 0 511830979 
145 126 0 0 0 0 0 0 0 0 0 0 0 0 0 0 0 0 0 0 0 465901437 0 0 0 0 0 0 0 0 0 0 0 0 0 0 0 0 
13 7 0 0 0 0 0 0 0 0 0 0 0 0 0 0 0 0 0 0 0 0 0 0 362734386 114134731 0 0 0 0 0 0 0 0 0 0 0 0 
12 11 0 0 0 0 0 0 0 0 0 0 0 0 0 0 0 0 0 0 0 0 0 0 0 427185021 0 0 0 0 0 0 0 0 0 0 0 0 
5 2 0 0 0 0 0 0 0 0 0 0 0 0 0 0 0 0 0 0 0 0 0 0 0 0 0 0 0 0 0 0 475413027 0 0 0 0 0 
193 227 0 0 0 0 0 0 0 0 0 0 0 0 0 0 0 0 0 0 0 0 0 0 0 0 444195376 0 0 0 0 0 0 0 0 0 0 0 
3 1 0 0 0 0 0 0 0 0 0 0 0 0 0 0 0 0 0 0 0 0 0 0 0 0 0 0 0 0 0 0 0 0 0 0 189449732 224954817 
248 252 0 0 0 0 0 0 0 0 0 0 0 0 0 0 0 0 0 0 326271670 0 0 0 0 0 0 0 0 0 0 0 0 0 0 0 0 0 
0 1 0 0 0 0 0 0 0 0 0 0 0 0 0 0 0 0 0 0 0 0 0 0 0 0 484647 0 0 0 0 0 0 428598539 26 0 0 0 
2 6 0 0 0 0 0 0 0 0 0 0 0 0 0 0 0 0 0 0 0 0 0 0 0 0 0 0 0 0 0 0 0 0 0 0 0 493166722 
5 2 0 0 0 0 0 0 0 0 0 0 0 0 0 0 0 0 0 0 0 0 0 0 0 0 0 0 0 0 0 0 0 457438596 0 0 0 0 
23 15 0 0 0 0 0 0 0 0 0 0 0 0 0 0 0 0 0 0 488537730 0 0 0 0 9697706 0 0 0 0 0 0 0 0 0 0 0 0 
238 240 0 0 0 0 0 0 0 0 0 0 0 0 0 0 0 0 0 0 354085785 0 0 0 0 0 0 0 0 0 0 0 0 0 0 0 0 0 
0 0 0 0 0 0 0 0 0 0 0 0 0 0 0 0 0 0 0 0 0 0 0 0 0 0 0 0 0 20 0 0 519587792 0 0 0 0 0 
12 7 0 0 0 0 0 0 0 0 0 0 0 0 0 0 0 0 0 0 0 0 0 0 0 0 0 0 0 0 0 0 0 400542957 0 0 0 0 
24 24 0 0 0 0 0 0 0 0 0 0 0 0 0 0 0 0 0 0 0 0 0 0 0 0 0 0 0 0 0 0 0 0 0 0 0 431859288 
35 29 0 0 0 0 0 0 0 0 0 0 0 0 0 0 0 0 0 0 372197920 0 0 0 0 0 0 25408754 0 0 0 0 0 0 0 0 0 0 
5 5 0 0 0 0 0 0 0 0 0 0 0 0 0 0 0 0 0 0 14242348 0 0 0 0 445021674 0 0 0 0 0 0 0 0 0 0 0 0 
1 2 0 0 0 0 0 0 0 0 0 0 0 0 0 0 0 0 0 0 0 5289250 0 0 0 0 0 0 0 0 0 0 0 408591217 0 0 0 0 
0 0 0 0 0 0 0 0 0 0 0 0 0 0 0 0 0 0 0 0 0 0 0 0 0 0 0 0 0 0 0 0 457245177 0 0 0 10650472 0 
71 59 0 0 0 0 0 0 0 0 0 0 0 0 0 0 0 0 0 0 459231915 0 0 0 0 0 0 0 0 0 0 0 0 0 0 0 0 0 
133 132 0 0 0 0 0 0 0 0 0 0 0 0 0 0 0 0 0 0 158364368 0 0 0 0 83448387 0 0 0 0 0 0 0 0 0 0 0 167011263 
2 1 0 0 0 0 0 0 0 0 0 0 0 0 0 0 0 0 0 0 0 0 0 0 4822173 0 0 0 0 0 0 0 0 0 0 0 502386433 0 
1 0 0 0 0 0 0 0 0 0 0 0 0 0 0 0 0 0 0 0 0 0 0 0 21988244 0 0 0 0 0 0 0 496388632 0 0 0 0 0 
183 216 0 0 0 0 0 0 0 0 0 0 0 0 0 0 0 0 0 0 421073846 0 0 0 0 0 0 0 0 101352 0 0 0 0 0 0 0 0 
18 16 0 0 0 0 0 0 0 0 0 0 0 0 0 0 0 0 0 0 0 0 0 0 0 0 0 0 0 0 0 0 0 0 0 0 460496421 0 
156 142 0 0 0 0 0 0 0 0 0 0 0 0 0 0 0 0 0 0 0 0 0 0 0 0 0 0 0 0 0 0 0 0 0 0 0 404483474 
9 5 0 0 0 0 0 0 0 0 0 0 0 0 0 0 0 0 0 0 0 0 50499 0 0 0 0 0 0 0 0 0 455779525 0 246 0 0 12188183 
276 278 0 0 0 0 0 0 0 0 0 0 0 0 0 0 0 0 0 0 0 0 0 0 0 360873255 0 0 0 0 0 0 0 0 0 0 0 0 
259 234 0 0 0 0 0 0 0 0 0 0 0 0 0 0 0 0 0 0 0 0 0 0 310241410 0 0 0 0 0 0 0 0 0 0 0 0 0 
2 2 0 0 0 0 0 0 0 0 0 0 0 0 0 0 0 0 0 0 0 0 0 0 0 0 0 0 0 0 0 0 0 0 0 0 0 430618917 
10 13 0 0 0 0 0 0 0 0 0 0 0 0 0 0 0 0 0 0 0 0 0 0 0 0 0 0 0 0 0 0 0 0 0 0 482846443 0 
126 124 0 0 0 0 0 0 0 0 0 0 0 0 0 0 0 0 0 0 0 0 0 0 292848261 0 0 135844729 0 0 0 0 0 0 0 0 0 0 
3 3 0 0 0 0 0 0 0 0 0 0 0 0 0 0 0 0 0 0 0 0 0 0 0 0 0 0 0 0 0 0 0 0 0 0 0 510168705 
0 1 0 0 0 0 0 0 0 0 0 0 0 0 0 0 0 0 0 0 0 0 0 0 0 0 0 0 0 0 0 0 0 459320010 0 0 0 0 
2 1 0 0 0 0 0 0 0 0 0 0 0 0 0 0 0 0 0 0 422823 0 0 0 0 0 0 0 102 0 0 0 0 0 0 0 466750421 0 
103 115 0 0 0 0 0 0 0 0 0 0 0 0 0 0 0 0 0 0 521341943 0 0 0 0 0 0 0 0 0 0 0 0 0 0 0 0 0 
1 0 0 0 0 0 0 0 0 0 0 0 0 0 0 0 0 0 0 0 0 0 0 0 0 0 2292182 411099 50 0 0 0 0 443659027 0 0 0 0 
9 19 0 0 0 0 0 0 0 0 0 0 0 0 0 0 0 0 1 0 0 0 0 0 0 0 0 0 0 0 0 0 0 0 0 0 456674140 0 
59 59 0 0 0 0 0 0 0 0 0 0 0 0 0 0 0 0 0 0 0 0 0 0 0 362992839 0 140135625 0 0 0 0 0 0 0 0 0 0 
26 24 0 0 0 0 0 0 0 0 0 0 0 0 0 0 0 0 0 0 0 0 0 0 0 464849538 0 0 0 0 0 0 0 0 0 0 0 0 
6 2 0 0 0 0 0 0 0 0 0 0 0 0 0 0 0 0 0 0 0 0 0 0 0 0 0 0 0 0 0 0 0 0 0 0 0 433605264 
0 0 0 0 0 0 0 0 0 0 0 0 0 0 0 0 0 0 0 0 0 0 0 0 0 0 0 0 0 0 0 0 402190840 0 0 0 0 16306377 
1 6 0 0 0 0 0 0 0 0 0 0 0 0 0 0 0 0 0 0 0 0 0 0 0 0 0 0 0 0 0 0 0 0 0 0 506039860 0 
66 94 0 0 0 0 0 0 0 0 0 0 0 0 0 0 0 0 0 0 0 0 0 0 0 481228021 0 0 0 0 0 0 0 0 0 0 0 0 
255 259 0 0 0 0 0 0 0 0 0 0 0 0 0 0 0 0 0 0 444591796 0 0 0 0 0 0 0 0 0 0 0 0 0 0 0 0 0 
0 0 0 0 0 0 0 0 0 0 0 0 0 0 0 0 0 0 0 0 0 0 0 0 0 0 0 0 0 0 0 0 0 325169489 0 0 81939420 0 
9 8 0 0 0 0 0 0 0 0 0 0 0 0 0 0 0 0 0 0 0 0 0 0 0 48235622 0 0 0 0 0 0 0 0 0 0 467694802 0 
0 1 0 0 0 0 0 0 0 0 0 0 0 0 0 0 0 0 0 0 0 0 0 0 0 0 0 0 961 0 0 0 480205427 0 0 0 0 0 
0 0 0 0 0 0 0 0 0 0 0 0 0 0 0 0 0 0 0 0 0 0 0 0 0 0 0 0 0 0 0 0 516294836 0 0 0 0 0 
304 283 0 0 0 0 0 0 0 0 0 0 0 0 0 0 0 0 0 0 0 0 0 0 0 0 287703819 0 0 0 0 0 0 0 0 0 0 0 
41 47 0 0 0 0 0 0 0 0 0 0 0 0 0 0 0 0 0 0 0 0 0 0 471690462 0 0 0 0 0 0 0 0 0 0 315 0 0 
2 2 0 0 0 0 0 0 0 0 0 0 0 0 0 0 0 0 0 0 0 0 0 0 0 0 0 0 0 0 0 0 0 413689296 0 0 0 0 
5 1 0 0 0 0 0 0 0 0 0 0 0 0 0 0 0 0 0 0 6691612 0 0 0 0 0 0 0 0 0 0 0 0 442310213 0 0 39593218 0 
108 115 0 0 0 0 0 0 0 0 0 0 0 0 0 0 0 0 0 0 0 0 0 0 0 451318469 0 0 0 0 0 0 0 0 0 0 0 0 
138 133 0 0 0 0 0 0 0 0 0 0 0 0 0 0 0 0 0 0 0 0 0 0 382616353 0 38731746 0 0 0 0 0 0 0 0 0 0 0 
238 236 0 0 0 0 0 0 0 0 0 0 0 0 0 0 0 0 0 0 0 0 0 0 0 0 0 521993735 0 0 0 0 0 0 0 0 0 0 
99 102 0 0 0 0 0 0 0 0 0 0 0 0 0 0 0 0 0 0 0 0 0 0 0 416672946 0 104672479 0 0 0 0 0 0 0 0 0 0 
151 148 0 0 0 0 0 0 0 0 0 0 0 0 0 0 0 0 0 0 71193503 0 0 0 0 391795775 0 0 0 0 0 0 0 0 1456 0 0 0 
10 9 0 0 0 0 0 0 0 0 0 0 0 0 0 0 0 0 0 0 0 0 0 0 0 0 0 0 0 0 0 0 0 0 0 0 427274501 0 
0 0 0 0 0 0 0 0 0 0 0 0 0 0 0 0 0 0 0 0 0 0 0 0 0 0 0 0 0 0 0 0 463355387 0 0 0 0 0 
14 17 0 0 0 0 0 0 0 0 0 0 0 0 0 0 0 0 0 0 0 0 0 0 0 0 0 0 0 0 0 0 0 0 0 0 0 490073830 
2 2 0 0 0 0 0 0 0 0 0 0 0 0 0 0 0 0 0 0 0 144274 0 0 0 0 0 0 0 0 0 0 489154895 0 0 0 0 0 
1 1 0 0 0 0 0 0 0 0 0 0 0 0 0 0 0 0 0 0 0 0 0 0 0 0 0 0 0 0 0 0 482301451 0 0 0 0 0 
43 45 0 0 0 0 0 0 0 0 0 0 0 0 0 0 0 0 0 0 0 0 0 0 0 439806668 0 0 2090 0 0 0 0 0 0 0 0 0 
0 1 0 0 0 0 0 0 0 0 0 0 0 0 0 0 0 0 0 0 0 0 0 0 0 0 0 0 0 0 0 0 525811219 0 0 0 0 0 
3 1 0 0 0 0 0 0 0 0 0 0 0 0 0 0 0 0 0 0 0 0 0 0 0 0 0 0 0 0 0 0 0 0 0 0 0 524237309 
3 4 0 0 0 0 0 0 0 0 0 0 0 0 0 0 0 0 0 0 0 0 0 0 0 0 0 0 0 0 0 0 0 0 0 0 0 453751488 
0 0 0 0 0 0 0 0 0 0 0 0 0 0 0 0 0 0 0 0 0 0 0 0 0 0 0 0 0 0 0 0 0 408470650 0 0 57742614 0 
16 32 0 0 0 0 0 0 0 0 0 0 0 0 0 0 0 0 0 0 0 0 0 1004530 0 0 0 0 0 1742 0 0 0 0 0 0 0 467513684 
34 34 0 0 0 0 0 0 0 0 0 0 0 0 0 0 0 0 0 0 0 0 0 0 483198701 0 0 20240590 0 0 0 0 0 0 0 0 0 0 
1 1 0 0 0 0 0 0 0 0 0 0 0 0 0 0 0 0 0 0 0 0 0 0 0 0 0 0 0 0 0 0 446814111 64978304 0 0 0 0 
2 1 0 0 0 0 0 0 0 0 0 0 0 0 0 0 0 0 0 0 0 0 0 0 0 147412097 0 536887 1701 0 0 0 0 0 0 0 0 300449918 
1 2 0 0 0 0 0 0 0 0 0 0 0 0 0 0 0 0 0 0 979184 0 0 0 0 2926498 0 0 0 0 0 0 0 181634419 0 0 250729692 0 
1 1 0 0 0 0 0 0 0 0 0 0 0 0 0 0 0 0 0 0 0 0 0 0 0 0 0 0 0 0 0 0 0 0 0 0 0 402398928 
3 2 0 0 0 0 0 0 0 0 0 0 0 0 0 0 0 0 0 0 0 0 50657 0 0 0 1880648 0 0 0 0 0 521318796 0 16 0 0 0 
0 2 0 0 0 0 0 0 0 0 0 0 0 0 0 0 0 0 0 0 0 0 0 1464 0 0 0 0 23 0 0 0 0 439180387 0 0 0 0 
24 24 0 0 0 0 0 0 0 0 0 0 0 0 0 0 0 0 0 0 0 0 0 0 523941043 0 0 0 0 0 0 0 0 0 0 1722 0 0 
27 20 0 0 0 0 0 0 0 0 0 0 0 0 0 0 0 0 0 0 0 0 0 0 0 0 0 0 0 0 0 0 0 0 0 0 0 486241525 
26 27 0 0 0 0 0 0 0 0 0 0 0 0 0 0 0 0 0 0 0 0 0 0 0 0 0 0 0 0 0 0 0 0 0 0 0 444818047 
232 268 0 0 0 0 0 0 0 0 0 0 0 0 0 0 0 0 0 0 24274621 0 0 0 0 0 0 287097983 0 0 0 0 0 0 0 0 0 0 
13 12 0 0 0 0 0 0 0 0 0 0 0 0 0 0 0 0 0 0 0 0 0 541774 0 0 0 585279 0 0 0 0 0 0 0 0 434390255 0 
0 0 0 0 0 0 0 0 0 0 0 0 0 0 0 0 0 0 0 0 0 0 0 0 0 0 0 0 0 0 0 0 373383882 0 0 0 110658535 0 
1 1 0 0 0 0 0 0 0 0 0 0 0 0 0 0 0 0 0 0 0 0 0 0 0 0 0 0 0 0 0 0 0 0 0 0 512041033 0 
2 2 0 0 0 0 0 0 0 0 0 0 0 0 0 0 0 0 0 0 0 0 0 0 0 0 0 0 0 0 0 0 0 0 0 0 0 456802801 
7 10 0 0 0 0 0 0 0 0 0 0 0 0 0 0 0 0 0 0 0 0 0 0 0 503315119 0 0 0 0 0 0 0 0 0 0 0 0 
1 2 0 0 0 0 0 0 0 0 0 0 0 0 0 0 0 0 0 0 0 0 0 0 0 0 0 0 0 0 0 0 337454926 0 0 0 75195413 0 
280 273 0 0 0 0 0 0 0 0 0 0 0 0 0 0 0 0 0 0 506633249 0 0 0 0 0 0 0 0 0 0 0 0 0 0 0 0 0 
23 12 0 0 0 0 0 0 0 0 0 0 0 0 0 0 0 0 0 0 0 0 0 0 475283682 0 0 0 0 0 0 0 0 0 0 0 0 0 
4 0 0 0 0 0 0 0 0 0 0 0 0 0 0 0 0 0 0 0 0 0 70174 0 0 0 0 0 0 0 0 0 0 499968145 0 0 0 0 
0 2 0 0 0 0 0 0 0 0 0 0 0 0 0 0 0 0 0 0 0 0 0 0 0 0 0 0 0 0 0 0 0 0 0 0 416707632 0 
10 7 0 0 0 0 0 0 0 0 0 0 0 0 0 0 0 0 0 0 0 0 0 0 0 0 0 0 1957 1428 0 0 0 413269657 0 0 0 0 
178 200 0 0 0 0 0 0 0 0 0 0 0 0 0 0 0 0 0 0 0 0 0 0 0 0 488135949 0 0 0 0 0 0 0 0 0 0 0 
0 1 0 0 0 0 0 0 0 0 0 0 0 0 0 0 0 0 0 0 0 0 0 0 0 0 0 0 0 0 0 0 0 524480129 0 0 0 0 
14 12 0 0 0 0 0 0 0 0 0 0 0 0 0 0 0 0 0 0 0 0 0 0 0 494092322 0 0 5975 0 0 0 0 0 0 0 0 0 
49 42 0 0 0 0 0 0 0 0 0 0 0 0 0 0 0 0 0 0 0 0 0 0 0 472469933 28433915 0 0 0 0 0 0 0 0 0 0 0 
30 42 0 0 0 0 0 0 0 0 0 0 0 0 0 0 0 0 0 0 0 0 0 0 0 395394444 0 0 0 0 0 0 0 0 0 0 0 0 
32 39 0 0 0 0 0 0 0 0 0 0 0 0 0 0 0 0 0 0 0 0 0 0 0 404005679 0 0 0 0 0 0 0 0 0 0 0 0 
2 0 0 0 0 0 0 0 0 0 0 0 0 0 0 0 0 0 0 0 1077286 0 0 0 0 0 0 0 0 0 0 0 0 0 0 0 437941600 0 
62 48 0 0 0 0 0 0 0 0 0 0 0 0 0 0 0 0 0 0 0 0 189315 0 0 398780709 0 0 0 0 0 0 0 0 0 0 0 0 
1 1 0 0 0 0 0 0 0 0 0 0 0 0 0 0 0 0 0 0 0 0 0 0 0 0 0 0 0 0 0 0 450021445 0 9 0 0 0 
0 2 0 0 0 0 0 0 0 0 0 0 0 0 0 0 0 0 0 0 0 0 0 0 0 0 0 0 0 0 0 0 0 0 0 0 435617952 0 
2 3 0 0 0 0 0 0 0 0 0 0 0 0 0 0 0 0 0 0 0 0 0 0 0 0 0 0 0 0 0 0 0 409566723 0 0 0 0 
226 259 0 0 0 0 0 0 0 0 0 0 0 0 0 0 0 0 0 0 0 0 0 0 0 0 437571530 0 0 0 0 0 0 0 0 0 0 0 
0 0 0 0 0 0 0 0 0 0 0 0 0 0 0 0 0 0 0 0 0 0 0 0 0 0 0 0 0 0 0 0 464612751 0 0 0 0 0 
211 198 0 0 0 0 0 0 0 0 0 0 0 0 0 0 0 0 0 0 0 0 0 0 0 461521913 0 0 0 0 0 0 0 0 0 0 0 0 
0 0 0 0 0 0 0 0 0 0 0 0 0 0 0 0 0 0 0 0 0 0 0 0 0 0 339390 0 0 0 0 0 492126985 0 0 0 0 0 
20 15 0 0 0 0 0 0 0 0 0 0 0 0 0 0 0 0 0 0 0 0 0 0 477372087 0 0 0 0 0 0 0 0 0 0 0 0 0 
69 57 0 0 0 0 0 0 0 0 0 0 0 0 0 0 0 0 0 0 0 0 0 200723 412273115 0 0 0 0 0 0 0 0 0 0 0 0 0 
0 0 0 0 0 0 0 0 0 0 0 0 0 0 0 0 0 0 0 0 0 0 0 0 0 0 0 0 0 80 0 0 502022736 0 0 0 0 0 
2 2 0 0 0 0 0 0 0 0 0 0 0 0 0 0 0 0 0 0 0 0 0 0 0 0 0 0 0 60 0 0 478610388 0 0 0 0 2986336 
193 182 0 0 0 0 0 0 0 0 0 0 0 0 0 0 0 0 0 0 0 0 0 0 0 414784039 0 0 0 0 0 0 0 0 0 0 0 0 
10 10 0 0 0 0 0 0 0 0 0 0 0 0 0 0 0 0 0 0 0 0 0 0 0 417182724 0 0 0 0 0 0 0 0 0 0 0 0 
85 95 0 0 0 0 0 0 0 0 0 0 0 0 0 0 0 0 0 0 0 0 0 0 0 493841106 0 0 0 0 0 0 0 0 0 0 0 0 
9 9 0 0 0 0 0 0 0 0 0 0 0 0 0 0 0 0 0 0 0 0 0 0 0 483580764 0 0 0 0 0 0 0 0 0 0 0 0 
8 9 0 0 0 0 0 0 0 0 0 0 0 0 0 0 0 0 0 0 0 0 0 0 0 0 0 0 0 0 0 0 0 0 0 0 0 481745926 
8 16 0 0 0 0 0 0 0 0 0 0 0 0 0 0 0 0 0 0 0 0 0 0 0 0 0 0 0 0 0 0 507430675 0 0 0 0 0 
251 223 0 0 0 0 0 0 0 0 0 0 0 0 0 0 0 0 0 0 0 226290045 0 0 239568675 0 0 22303670 0 0 0 0 0 0 0 0 0 0 
212 208 0 0 0 0 0 0 0 0 0 0 0 0 0 0 0 0 0 0 0 48850788 0 0 0 0 461316716 0 0 0 0 0 0 0 0 0 0 0 
42 37 0 0 0 0 0 0 0 0 0 0 0 0 0 0 0 0 0 0 0 0 0 0 0 479707816 7517906 0 0 0 0 0 0 0 0 0 0 0 
0 0 0 0 0 0 0 0 0 0 0 0 0 0 0 0 0 0 0 0 0 0 0 0 0 0 0 0 0 0 0 0 0 489016050 0 0 0 0 
276 251 0 0 0 0 0 0 0 0 0 0 0 0 0 0 0 0 0 0 0 0 0 0 0 0 0 343462335 0 0 0 0 0 0 0 9723 0 0 
5 1 0 0 0 0 0 0 0 0 0 0 0 0 0 0 0 0 0 0 0 0 0 0 45079145 0 0 0 0 0 0 0 0 0 0 0 0 407081100 
1 2 0 0 0 0 0 0 0 0 0 0 0 0 0 0 0 0 0 0 0 0 0 0 0 12823790 0 0 48 0 0 0 502263726 0 0 0 0 0 
5 0 0 0 0 0 0 0 0 0 0 0 0 0 0 0 0 0 0 0 0 0 0 0 0 0 0 0 0 0 0 0 0 0 0 0 420661273 0 
237 195 0 0 0 0 0 0 0 0 0 0 0 0 0 0 0 0 0 0 0 437717544 0 0 0 0 0 0 0 0 0 0 0 0 0 0 0 0 
0 0 0 0 0 0 0 0 0 0 0 0 0 0 0 0 0 0 0 0 0 0 0 0 0 0 0 0 0 0 0 0 434260188 0 0 0 0 0 
0 3 0 0 0 0 0 0 0 0 0 0 0 0 0 0 0 0 0 0 0 0 0 0 0 0 0 0 0 0 0 0 0 0 0 0 509421324 0 
0 0 0 0 0 0 0 0 0 0 0 0 0 0 0 0 0 0 0 0 0 0 0 0 0 0 0 0 0 0 0 0 468093626 0 0 0 0 0 
18 27 0 0 0 0 0 0 0 0 0 0 0 0 0 0 0 0 0 0 0 0 0 0 440045603 0 3560856 0 0 0 0 0 0 0 0 0 0 0 
12 12 0 0 0 0 0 0 0 0 0 0 0 0 0 0 0 0 0 0 0 28782917 0 0 0 478481961 0 0 0 0 0 0 0 0 0 0 0 0 
1 1 0 0 0 0 0 0 0 0 0 0 0 0 0 0 0 0 0 0 0 0 0 0 0 0 0 345239 0 0 0 0 450112058 0 38 0 0 0 
87 92 0 0 0 0 0 0 0 0 0 0 0 0 0 0 0 0 0 0 0 0 0 0 0 440721642 0 0 4989 0 0 0 0 0 0 0 0 0 
34 38 0 0 0 0 0 0 0 0 0 0 0 0 0 0 0 0 0 0 0 0 0 0 0 486887159 0 0 0 0 0 0 0 0 0 0 0 0 
142 154 0 0 0 0 0 0 0 0 0 0 0 0 0 0 0 0 0 0 0 0 0 0 0 507895122 0 0 0 0 0 0 0 0 0 0 0 0 
2 2 0 0 0 0 0 0 0 0 0 0 0 0 0 0 0 0 0 0 0 0 0 0 0 0 0 0 0 0 0 0 0 0 0 0 0 500995367 
255 235 0 0 0 0 0 0 0 0 0 0 0 0 0 0 0 0 0 0 0 0 0 0 269364729 0 0 0 0 0 0 0 0 0 0 0 0 0 
284 264 0 0 0 0 0 0 0 0 0 0 0 0 0 0 0 0 0 0 0 274675354 0 0 0 0 0 0 0 0 0 0 0 0 0 0 0 0 
8 10 0 0 0 0 0 0 0 0 0 0 0 0 0 0 0 0 0 0 0 0 0 0 0 242317755 0 0 0 0 0 0 0 0 0 0 156898927 0 
1 1 0 0 0 0 0 0 0 0 0 0 0 0 0 0 0 0 0 0 0 0 0 0 0 0 0 0 0 0 963 0 0 0 0 0 0 456517757 
4 3 0 0 0 0 0 0 0 0 0 0 0 0 0 0 0 0 0 0 0 0 0 0 0 103431046 0 0 0 0 0 0 0 0 0 0 305104248 0 
5 2 0 0 0 0 0 0 0 0 0 0 0 0 0 0 0 0 0 0 0 0 0 0 0 0 0 0 813 0 0 0 0 0 0 0 464532489 0 
0 2 0 0 0 0 0 0 0 0 0 0 0 0 0 0 0 0 0 0 0 0 0 0 0 0 0 0 0 0 0 0 0 0 0 0 284392463 125410187 
56 49 0 0 0 0 0 0 0 0 0 0 0 0 0 0 0 0 0 0 0 0 0 0 0 0 453482088 4339155 0 0 0 0 0 0 0 0 0 0 
30 26 0 0 0 0 0 0 0 0 0 0 0 0 0 0 0 0 0 0 0 0 0 0 478325899 0 0 0 0 0 0 0 0 0 0 0 0 0 
292 296 0 0 0 0 0 0 0 0 0 0 0 0 0 0 0 0 0 0 0 0 0 0 0 0 0 0 0 0 0 0 0 0 0 0 0 315134740 
1 2 0 0 0 0 0 0 0 0 0 0 0 0 0 0 0 0 0 0 0 0 0 0 0 0 0 0 0 0 0 0 0 0 0 0 0 435186543 
7 10 0 0 0 0 0 0 0 0 0 0 0 0 0 0 0 0 0 0 496955 0 0 0 0 408384646 0 0 0 0 0 0 0 0 0 75 0 0 
1 1 0 0 0 0 0 0 0 0 0 0 0 0 0 0 0 0 0 0 0 0 0 0 0 0 0 0 0 0 0 0 434537815 0 0 0 0 0 
18 20 0 0 0 0 0 0 0 0 0 0 0 0 0 0 0 0 0 0 0 0 0 0 0 0 1520899 0 0 0 0 0 0 0 252 0 522529824 0 
1 0 0 0 0 0 0 0 0 0 0 0 0 0 0 0 0 0 0 0 0 237520 0 0 0 0 0 0 0 0 0 0 0 0 19 0 0 407109946 
273 270 0 0 0 0 0 0 0 0 0 0 0 0 0 0 0 0 0 0 0 0 0 0 256435815 0 0 0 0 0 0 0 0 0 0 670 0 0 
2 4 0 0 0 0 0 0 0 0 0 0 0 0 0 0 0 0 0 0 0 0 0 0 0 0 0 0 0 0 0 0 0 438052387 1 0 0 0 
5 1 0 0 0 0 0 0 0 0 0 0 0 0 0 0 0 0 0 0 0 0 0 0 0 0 0 0 0 0 0 0 464330860 0 0 0 0 0 
102 93 0 0 0 0 0 0 0 0 0 0 0 0 0 0 0 0 0 0 0 0 0 0 0 0 0 0 0 0 0 0 400915942 0 0 0 0 0 
239 214 0 0 0 0 0 0 0 0 0 0 0 0 0 0 0 0 0 0 0 0 0 0 0 0 287251725 0 0 0 0 0 0 0 0 0 0 0 
2 6 0 0 0 0 0 0 0 0 0 0 0 0 0 0 0 0 0 0 0 0 0 0 0 0 0 7711869 0 0 0 0 0 0 0 0 483173981 0 
4 9 0 0 0 0 0 0 0 0 0 0 0 0 0 0 0 0 0 0 0 0 0 0 0 0 0 0 0 0 0 0 0 0 0 0 482005041 0 
29 33 0 0 0 0 0 0 0 0 0 0 0 0 0 0 0 0 0 0 0 0 0 0 0 488778025 0 0 0 0 0 35670 0 0 0 0 0 0 
98 83 0 0 0 0 0 0 0 0 0 0 0 0 0 0 0 0 0 0 0 0 0 0 0 0 0 0 0 0 0 0 0 0 1803 0 0 462257434 
79 93 0 0 0 0 0 0 0 0 0 0 0 0 0 0 0 0 0 0 86028388 0 0 0 376441026 0 0 0 0 0 0 0 0 0 0 0 0 0 
1 1 0 0 0 0 0 0 0 0 0 0 0 0 0 0 0 0 0 0 0 0 0 0 0 0 0 0 0 0 0 0 0 446125672 0 0 0 0 
69 82 0 0 0 0 0 0 0 0 0 0 0 0 0 0 0 0 0 0 0 0 0 0 0 463345111 0 0 0 0 0 0 0 0 0 0 0 0 
56 66 0 0 0 0 0 0 0 0 0 0 0 0 0 0 0 0 0 0 0 0 0 0 0 0 0 0 0 0 0 0 0 0 0 0 0 502866116 
57 58 0 0 0 0 0 0 0 0 0 0 0 0 0 0 0 0 0 0 0 0 0 0 0 432654033 0 0 0 0 0 0 0 0 0 0 0 0 
2 3 0 0 0 0 0 0 0 0 0 0 0 0 0 0 0 0 0 0 0 0 0 0 0 24643901 0 0 0 0 0 0 456293413 0 0 0 0 0 
6 4 0 0 0 0 0 0 0 0 0 0 0 0 0 0 0 0 0 0 0 0 0 0 0 0 0 0 0 0 0 0 0 0 0 0 441513355 0 
192 168 0 0 0 0 0 0 0 0 0 0 0 0 0 0 0 0 0 0 0 0 0 0 399477733 0 0 0 0 0 0 0 0 0 0 0 0 0 
0 0 0 0 0 0 0 0 0 0 0 0 0 0 0 0 0 0 0 0 124805 0 0 0 0 0 0 0 0 0 77 0 468284635 15079925 0 0 0 0 
3 3 0 0 0 0 0 0 0 0 0 0 0 0 0 0 0 0 0 0 0 0 0 0 0 0 0 0 0 0 0 0 0 0 0 0 0 419510774 
293 329 0 0 0 0 0 0 0 0 0 0 0 0 0 0 0 0 0 0 198152814 0 0 0 207320370 0 0 0 0 0 0 0 0 0 0 0 0 0 
150 122 0 0 0 0 0 0 0 0 0 0 0 0 0 0 0 0 0 0 0 0 0 0 0 412824565 0 12119962 0 0 0 0 0 0 0 0 0 0 
172 185 0 0 0 0 0 0 0 0 0 0 0 0 0 0 0 0 0 0 494745046 0 0 0 0 0 0 0 0 0 0 0 0 0 0 0 0 0 
0 1 0 0 0 0 0 0 0 0 0 0 0 0 0 0 0 0 0 0 0 2361122 0 0 0 1013642 0 2014908 0 0 0 0 0 0 0 0 395950495 0 
0 1 0 0 0 0 0 0 0 0 0 0 0 0 0 0 0 0 0 0 0 0 0 0 0 1172965 67240 0 0 0 0 0 145400551 0 0 0 188876222 95686818 
15 16 0 0 0 0 0 0 0 0 0 0 0 0 0 0 0 0 0 0 0 0 0 0 475421778 0 0 0 0 698 0 0 0 0 0 0 0 0 
263 269 0 0 0 0 0 0 0 0 0 0 0 0 0 0 0 0 0 0 0 0 277495 0 253256929 0 0 217047724 0 0 0 0 0 0 0 0 0 0 
2 0 0 0 0 0 0 0 0 0 0 0 0 0 0 0 0 0 0 0 0 0 0 0 0 0 0 0 0 0 0 0 465968282 0 0 0 0 0 
0 1 0 0 0 0 0 0 0 0 0 0 0 0 0 0 0 0 0 0 0 0 0 0 0 0 0 0 0 0 0 0 0 521572091 0 0 0 0 
281 259 0 0 0 0 0 0 0 0 0 0 0 0 0 0 0 0 0 0 0 355566278 2606518 0 0 0 0 0 0 0 0 0 0 0 0 0 0 0 
1 5 0 0 0 0 0 0 0 0 0 0 0 0 0 0 0 0 0 0 0 0 0 0 0 0 0 0 0 0 0 0 0 0 0 0 514986313 0 
224 234 0 0 0 0 0 0 0 0 0 0 0 0 0 0 0 0 0 0 455506739 0 0 0 0 0 0 0 0 0 0 0 0 0 0 0 0 0 
31 22 0 0 0 0 0 0 0 0 0 0 0 0 0 0 0 0 0 0 0 0 0 484397 0 0 0 0 0 0 0 0 0 0 0 0 0 427633386 
0 0 0 0 0 0 0 0 0 0 0 0 0 0 0 0 0 0 0 0 0 0 0 0 0 0 0 0 0 0 0 0 397930592 0 0 0 0 35776343 
13 9 0 0 0 0 0 0 0 0 0 0 0 0 0 0 0 0 0 0 0 0 0 0 445297692 0 0 0 0 0 0 0 0 0 0 0 0 0 
104 101 0 0 0 0 0 0 0 0 0 0 0 0 0 0 0 0 0 0 0 0 0 0 412945112 0 0 0 0 0 0 0 0 0 0 0 0 0 
0 0 0 0 0 0 0 0 0 0 0 0 0 0 0 0 0 0 0 0 0 0 0 0 0 0 0 0 0 0 0 16 0 408607420 0 0 0 7967755 
78 84 0 0 0 0 0 0 0 0 0 0 0 0 0 0 0 0 0 0 0 0 0 1855478 0 319779114 183220006 0 0 0 0 0 0 0 0 0 0 0 
0 0 0 0 0 0 0 0 0 0 0 0 0 0 0 0 0 0 0 0 0 0 0 4878 0 0 0 0 0 0 0 0 409581122 0 0 0 33615916 0 
5 1 0 0 0 0 0 0 0 0 0 0 0 0 0 0 0 0 0 0 0 0 0 0 0 0 49285 0 0 0 0 0 0 0 0 0 435333016 0 
48 45 0 0 0 0 0 0 0 0 0 0 0 0 0 0 0 0 0 0 0 0 0 0 0 231206378 0 57181225 0 0 0 0 235820773 0 0 0 0 0 
12 5 0 0 0 0 0 0 0 0 0 0 0 0 0 0 0 0 0 0 0 15242614 0 0 439659283 0 0 0 0 0 0 0 0 0 0 0 0 0 
1 1 0 0 0 0 0 0 0 0 0 0 0 0 0 0 0 0 0 0 0 0 0 0 0 0 0 0 0 0 0 0 0 0 0 0 447233282 0 
0 0 0 0 0 0 0 0 0 0 0 0 0 0 0 0 0 0 0 0 0 0 0 0 0 0 0 0 0 0 0 0 0 0 0 0 0 439500939 
28 39 0 0 0 0 0 0 0 0 0 0 0 0 0 0 0 0 0 0 0 0 0 0 0 0 0 0 0 0 0 0 0 0 0 0 442580486 0 
3 3 0 0 0 0 0 0 0 0 0 0 0 0 0 0 0 0 0 0 0 0 0 0 0 0 0 0 0 0 0 0 0 0 0 0 453917043 0 
2 2 0 0 0 0 0 0 0 0 0 0 0 0 0 0 0 0 0 0 0 0 0 0 0 67452305 0 2118671 0 0 0 0 0 0 0 0 333514339 0 
228 240 0 0 0 0 0 0 0 0 0 0 0 0 0 0 0 0 0 0 0 0 0 0 0 0 0 402157697 0 0 0 0 0 0 0 0 0 0 
0 0 0 0 0 0 0 0 0 0 0 0 0 0 0 0 0 0 0 0 0 0 0 0 0 0 0 0 0 404 0 0 0 459569590 0 0 0 0 
0 1 0 0 0 0 0 0 0 0 0 0 0 0 0 0 0 0 0 0 0 0 0 1933 0 0 0 0 20 0 0 0 441527867 0 0 0 0 0 
17 16 0 0 0 0 0 0 0 0 0 0 0 0 0 0 0 0 0 0 81236698 0 0 0 0 0 0 5734047 0 0 0 0 0 407308385 0 25 0 0 
289 272 0 0 0 0 0 0 0 0 0 0 0 0 0 0 0 0 0 0 0 0 0 0 269004558 0 0 0 0 0 0 0 0 0 0 0 0 0 
2 1 0 0 0 0 0 0 0 0 0 0 0 0 0 0 0 0 0 0 0 15969034 0 0 0 0 2664994 0 0 0 0 0 0 0 0 0 0 413267815 
3 0 0 0 0 0 0 0 0 0 0 0 0 0 0 0 0 0 0 0 0 0 0 0 0 0 0 0 0 0 0 0 0 0 0 0 0 462039011 
8 7 0 0 0 0 0 0 0 0 0 0 0 0 0 0 0 0 0 0 0 0 32309 0 22791501 0 4172362 3054831 0 0 0 0 0 0 0 0 445452576 0 
19 15 0 0 0 0 0 0 0 0 0 0 0 0 0 0 0 0 0 0 11141999 0 0 0 0 0 0 0 0 0 0 0 0 0 0 0 507430489 0 
1 1 0 0 0 0 0 0 0 0 0 0 0 0 0 0 0 0 0 0 0 0 0 0 0 0 0 0 0 0 0 0 0 375410827 0 0 25526522 0 
1 0 0 0 0 0 0 0 0 0 0 0 0 0 0 0 0 0 0 0 0 0 0 0 0 1266276 0 0 0 0 0 0 0 462773720 0 0 0 0 
120 144 0 0 0 0 0 0 0 0 0 0 0 0 0 0 0 0 0 0 0 0 0 0 0 490478120 0 0 0 0 0 0 0 0 0 0 0 0 
29 35 0 0 0 0 0 0 0 0 0 0 0 0 0 0 0 0 0 0 0 0 0 0 490025903 0 0 0 0 0 0 0 0 0 0 0 0 0 
98 92 0 0 0 0 0 0 0 0 0 0 0 0 0 0 0 0 0 0 462508506 0 0 0 0 0 0 11121592 0 0 0 0 0 0 0 0 0 0 
237 217 0 0 0 0 0 0 0 0 0 0 0 0 0 0 0 0 0 0 0 0 0 0 0 0 353767616 0 0 0 0 0 0 0 0 0 0 0 
283 279 0 0 0 0 0 0 0 0 0 0 0 0 0 0 0 0 0 0 373484279 0 0 0 0 0 0 0 0 0 0 0 0 0 0 0 0 0 
23 19 0 0 0 0 0 0 0 0 0 0 0 0 0 0 0 0 0 0 0 0 0 0 0 0 0 0 0 0 0 0 0 0 0 0 524770154 0 
0 0 0 0 0 0 0 0 0 0 0 0 0 0 0 0 0 0 0 0 0 0 0 98 0 0 0 0 11 0 0 0 0 433185219 1 0 0 0 
39 25 0 0 0 0 0 0 0 0 0 0 0 0 0 0 0 0 0 0 0 0 0 0 468666548 0 0 0 0 0 0 0 0 0 0 0 0 0 
5 11 0 0 0 0 0 0 0 0 0 0 0 0 0 0 0 0 0 0 6727021 0 0 0 0 0 0 0 0 0 0 0 0 0 0 0 0 396844514 
246 266 0 0 0 0 0 0 0 0 0 0 0 0 0 0 0 0 0 0 268326932 0 0 0 0 0 0 0 0 0 0 87872 0 0 0 0 0 0 
24 14 0 0 0 0 0 0 0 0 0 0 0 0 0 0 0 0 0 0 0 0 0 0 516040055 0 0 0 0 0 0 0 0 0 0 0 0 0 
134 153 0 0 0 0 0 0 0 0 0 0 0 0 0 0 0 0 0 0 0 0 0 0 461563728 0 0 0 38168 0 0 0 0 0 0 0 0 0 
7 15 0 0 0 0 0 0 0 0 0 0 0 0 0 0 0 0 0 0 0 0 0 542546 0 117038277 0 0 0 0 0 0 0 0 0 0 328926295 0 
119 134 0 0 0 0 0 0 0 0 0 0 0 0 0 0 0 0 0 0 420379707 0 0 0 0 0 0 0 0 12387 0 0 0 0 0 0 0 0 
31 35 0 0 0 0 0 0 0 0 0 0 0 0 0 0 0 0 0 0 272381388 0 0 0 0 223005504 0 0 0 0 0 0 0 0 1792 0 0 0 
15 19 0 0 0 0 0 0 0 0 0 0 0 0 0 0 0 0 0 0 0 0 0 0 0 401794842 0 0 0 0 0 0 0 0 0 0 0 0 
23 17 0 0 0 0 0 0 0 0 0 0 0 0 0 0 0 0 0 0 20227154 5708778 0 28276 391952821 0 0 0 0 0 0 0 0 0 0 0 0 0 
0 0 0 0 0 0 0 0 0 0 0 0 0 0 0 0 0 0 0 0 0 0 0 0 0 0 0 0 0 0 0 0 431490621 0 0 0 0 11766789 
122 130 0 0 0 0 0 0 0 0 0 0 0 0 0 0 0 0 0 0 0 433485340 1453344 0 0 0 28576927 0 0 0 0 0 0 0 0 0 0 0 
207 217 0 0 0 0 0 0 0 0 0 0 0 0 0 0 0 0 0 0 498667298 0 0 0 18633047 0 0 0 0 0 0 0 0 0 0 0 0 0 
7 6 0 0 0 0 0 0 0 0 0 0 0 0 0 0 0 0 0 0 0 0 0 0 29009978 0 0 0 0 0 0 0 0 0 0 0 386000967 0 
5 3 0 0 0 0 0 0 0 0 0 0 0 0 0 0 0 0 0 0 0 0 0 0 0 0 0 0 0 199 0 0 0 0 0 0 0 427506852 
0 0 0 0 0 0 0 0 0 0 0 0 0 0 0 0 0 0 0 0 0 0 0 0 0 0 0 0 0 0 0 0 443685378 0 0 4 0 0 
78 77 0 0 0 0 0 0 0 0 0 0 0 0 0 0 0 0 0 0 0 0 0 0 373656457 0 23957500 0 0 0 0 0 0 0 0 0 0 0 
14 17 0 0 0 0 0 0 0 0 0 0 0 0 0 0 0 0 0 0 0 0 0 0 457752114 0 0 0 5959 0 0 0 0 0 0 0 0 0 
7 10 0 0 0 0 0 0 0 0 0 0 0 0 0 0 0 0 0 0 0 0 0 0 0 0 1486270 0 0 0 0 0 0 0 0 0 0 511749543 
0 3 0 0 0 0 0 0 0 0 0 0 0 0 0 0 0 0 0 0 0 0 0 0 0 0 0 0 0 0 0 0 0 430673965 0 0 0 0 
81 73 0 0 0 0 0 0 0 0 0 0 0 0 0 0 0 0 0 0 0 0 0 0 476114923 0 0 0 0 107691 0 0 0 0 0 0 0 0 
187 194 0 0 0 0 0 0 0 0 0 0 0 0 0 0 0 0 0 0 0 0 0 0 0 0 522642958 0 0 0 0 0 0 0 0 0 0 0 
0 0 0 0 0 0 0 0 0 0 0 0 0 0 0 0 0 0 0 0 0 0 0 0 0 0 0 0 0 0 0 0 231955350 280834399 0 0 0 0 
1 2 0 0 0 0 0 0 0 0 0 0 0 0 0 0 0 0 0 0 0 0 0 0 0 0 0 0 0 0 0 0 0 0 0 0 0 501917976 
19 8 0 0 0 0 0 0 0 0 0 0 0 0 0 0 0 0 0 0 0 0 0 0 0 0 0 0 0 0 0 0 0 0 43 0 465008958 0 
7 10 0 0 0 0 0 0 0 0 0 0 0 0 0 0 0 0 0 0 0 0 0 0 0 0 0 0 0 0 0 0 0 0 0 0 0 438883282 
3 2 0 0 0 0 0 0 0 0 0 0 0 0 0 0 0 0 0 0 0 0 0 0 53068137 0 0 0 0 0 0 0 0 0 0 0 0 400182865 
3 8 0 0 0 0 0 0 0 0 0 0 0 0 0 0 0 0 0 0 0 0 0 0 0 44677191 0 0 0 0 0 0 0 459909691 0 0 0 0 
234 231 0 0 0 0 0 0 0 0 0 0 0 0 0 0 0 0 0 0 0 0 0 0 0 0 0 420849177 6050 0 0 0 0 0 0 0 0 0 
200 210 0 0 0 0 0 0 0 0 0 0 0 0 0 0 0 0 0 0 506463330 0 0 0 0 0 0 0 0 0 0 0 0 0 0 0 0 0 
31 24 0 0 0 0 0 0 0 0 0 0 0 0 0 0 0 0 0 0 0 0 0 0 0 501305282 0 0 0 0 65264 0 0 0 0 0 0 0 
4 2 0 0 0 0 0 0 0 0 0 0 0 0 0 0 0 0 0 0 0 0 0 0 0 0 0 0 0 0 0 0 0 0 0 0 456340838 0 
294 305 0 0 0 0 0 0 0 0 0 0 0 0 0 0 0 0 0 0 0 0 0 0 0 445335060 0 0 0 0 0 0 0 0 0 0 0 0 
5 1 0 0 0 0 0 0 0 0 0 0 0 0 0 0 0 0 0 0 0 0 0 0 0 0 0 0 0 0 0 0 0 0 0 0 0 430948213 
3 1 0 0 0 0 0 0 0 0 0 0 0 0 0 0 0 0 0 0 0 0 0 0 0 0 2275773 0 0 0 0 0 0 259925753 0 0 0 257933262 
28 14 0 0 0 0 0 0 0 0 0 0 0 0 0 0 0 0 0 0 0 0 0 0 0 458328676 0 0 0 0 0 0 0 0 0 0 0 0 
155 168 0 0 0 0 0 0 0 0 0 0 0 0 0 0 0 0 0 0 0 0 0 0 0 501504257 0 0 0 0 0 0 0 0 0 0 0 0 
0 1 0 0 0 0 0 0 0 0 0 0 0 0 0 0 0 0 0 0 0 0 6995 0 0 0 32582 0 0 0 0 0 0 478805515 0 0 0 0 
130 132 0 0 0 0 0 0 0 0 0 0 0 0 0 0 0 0 0 0 0 393548593 0 0 0 0 0 0 0 0 0 0 0 0 0 0 0 0 
0 0 0 0 0 0 0 0 0 0 0 0 0 0 0 0 0 0 0 0 0 0 0 0 0 0 0 0 0 0 162 0 488759146 0 0 0 0 0 
65 63 0 0 0 0 0 0 0 0 0 0 0 0 0 0 0 0 0 0 0 0 0 0 0 441388392 0 0 0 0 0 0 0 0 0 0 0 0 
2 0 0 0 0 0 0 0 0 0 0 0 0 0 0 0 0 0 0 0 0 0 0 0 0 0 0 0 0 0 0 0 0 0 0 0 168184421 347824696 
1 1 0 0 0 0 0 0 0 0 0 0 0 0 0 0 0 0 0 0 0 0 0 0 5463454 0 0 0 0 0 0 0 0 0 0 0 478562651 0 
0 0 0 0 0 0 0 0 0 0 0 0 0 0 0 0 0 0 0 0 0 0 0 0 0 0 32825 0 0 0 0 0 54843455 351742271 0 0 1423327 0 
250 260 0 0 0 0 0 0 0 0 0 0 0 0 0 0 0 0 0 0 0 0 0 0 0 0 321197846 0 0 0 0 0 0 0 0 0 0 0 
2 0 0 0 0 0 0 0 0 0 0 0 0 0 0 0 0 0 0 0 0 0 0 0 0 0 0 0 0 0 0 0 0 0 0 0 422985961 0 
119 121 0 0 0 0 0 0 0 0 0 0 0 0 0 0 0 0 0 0 0 0 0 0 0 450288159 0 0 0 0 0 0 0 0 0 0 0 0 
59 57 0 0 0 0 0 0 0 0 0 0 0 0 0 0 0 0 0 0 0 0 0 0 430280284 0 0 0 0 0 0 28270 0 0 0 0 0 0 
1 3 0 0 0 0 0 0 0 0 0 0 0 0 0 0 0 0 0 0 0 0 0 0 0 0 0 0 0 0 0 0 0 0 33 0 479650769 0 
1 0 0 0 0 0 0 0 0 0 0 0 0 0 0 0 0 0 0 0 0 0 0 0 0 0 0 0 0 0 0 0 519142890 0 0 0 0 0 
234 214 0 0 0 0 0 0 0 0 0 0 0 0 0 0 0 0 0 0 0 0 0 0 0 471736543 0 0 0 0 0 0 0 0 0 0 0 0 
224 168 0 0 0 0 0 0 0 0 0 0 0 0 0 0 0 0 0 0 0 0 0 0 0 511426975 0 0 0 0 0 0 0 0 136 0 0 0 
3 1 0 0 0 0 0 0 0 0 0 0 0 0 0 0 0 0 0 0 0 0 0 0 0 0 0 0 956 0 0 0 0 0 0 0 0 401644481 
0 0 0 0 0 0 0 0 0 0 0 0 0 0 0 0 0 0 0 0 0 0 0 0 0 0 0 0 0 0 0 0 0 414938596 0 0 0 0 
34 24 0 0 0 0 0 0 0 0 0 0 0 0 0 0 0 0 0 0 0 0 0 0 0 0 0 133826861 0 0 0 0 0 0 0 0 324479996 0 
48 45 0 0 0 0 0 0 0 0 0 0 0 0 0 0 0 0 0 0 0 0 0 0 523899821 0 0 0 0 0 0 0 0 0 0 0 0 0 
0 0 0 0 0 0 0 0 0 0 0 0 0 0 0 0 0 0 0 0 0 0 0 0 0 0 0 0 0 0 0 0 445408763 0 0 0 0 0 
13 26 0 0 0 0 0 0 0 0 0 0 0 0 0 0 0 0 0 0 0 93016546 0 0 0 0 0 0 0 0 0 0 0 0 0 0 420114821 0 
3 3 0 0 0 0 0 0 0 0 0 0 0 0 0 0 0 0 0 0 0 0 0 0 0 0 0 0 0 0 0 0 0 0 0 0 448360620 0 
130 124 0 0 0 0 0 0 0 0 0 0 0 0 0 0 0 0 0 0 0 0 0 0 0 0 0 0 0 0 0 0 0 0 0 0 481425701 0 
168 142 0 0 0 0 0 0 0 0 0 0 0 0 0 0 0 0 0 0 0 0 0 0 345239737 107338519 0 0 0 132918 0 0 0 0 0 0 0 0 
246 256 0 0 0 0 0 0 0 0 0 0 0 0 0 0 0 0 0 0 467472630 0 0 9663411 0 0 0 0 0 0 0 0 0 0 0 0 0 0 
15 17 0 0 0 0 0 0 0 0 0 0 0 0 0 0 0 0 0 0 0 0 0 0 485960843 0 0 0 0 0 0 0 0 0 0 0 0 0 
0 0 0 0 0 0 0 0 0 0 0 0 0 0 0 0 0 0 0 0 0 0 0 0 0 0 0 0 0 0 0 0 0 404684582 0 0 0 0 
2 0 0 0 0 0 0 0 0 0 0 0 0 0 0 0 0 0 0 0 0 0 0 0 0 0 0 0 0 0 0 0 414534998 0 0 0 0 0 
24 28 0 0 0 0 0 0 0 0 0 0 0 0 0 0 0 0 0 0 0 0 0 8033 0 453569441 0 0 0 0 0 0 0 0 79 0 0 0 
0 0 0 0 0 0 0 0 0 0 0 0 0 0 0 0 0 0 0 0 0 0 0 0 0 0 0 0 25 0 0 0 0 396086866 0 0 0 0 
13 9 0 0 0 0 0 0 0 0 0 0 0 0 0 0 0 0 0 0 0 0 0 0 436695525 0 0 0 0 0 0 0 0 0 0 0 0 0 
59 47 0 0 0 0 0 0 0 0 0 0 0 0 0 0 0 0 0 0 0 150529002 0 0 0 283402885 0 0 0 0 0 0 0 0 0 0 0 0 
110 94 0 0 0 0 0 0 0 0 0 0 0 0 0 0 0 0 0 0 0 0 0 0 0 349084416 0 76759425 0 0 0 0 0 0 0 0 0 0 
3 2 0 0 0 0 0 0 0 0 0 0 0 0 0 0 0 0 0 0 0 0 0 0 0 0 0 0 0 0 0 0 0 0 0 0 412179917 0 
0 1 0 0 0 0 0 0 0 0 0 0 0 0 0 0 0 0 0 0 0 0 0 0 0 0 59037 0 0 0 0 0 366788485 0 0 0 0 41519956 
0 1 0 0 0 0 0 0 0 0 0 0 0 0 0 0 0 0 0 0 0 0 0 0 0 0 0 0 0 0 0 0 0 212015075 13 0 0 200657102 
32 48 0 0 0 0 0 0 0 0 0 0 0 0 0 0 0 0 0 0 0 0 0 0 498309007 0 0 0 0 0 0 0 0 0 0 0 0 0 
6 7 0 0 0 0 0 0 0 0 0 0 0 0 0 0 0 0 0 0 0 0 0 0 0 0 0 0 0 0 0 0 0 0 0 0 462218002 0 
1 0 0 0 0 0 0 0 0 0 0 0 0 0 0 0 0 0 0 0 0 0 0 0 117091 0 0 0 0 0 0 0 513735792 0 0 0 0 0 
2 1 0 0 0 0 0 0 0 0 0 0 0 0 0 0 0 0 0 0 0 0 0 0 0 0 0 0 0 0 0 0 0 0 0 0 456967284 0 
163 125 0 0 0 0 0 0 0 0 0 0 0 0 0 0 0 0 0 0 0 0 0 0 464018471 0 0 0 0 0 0 0 0 0 0 0 0 0 
17 25 0 0 0 0 0 0 0 0 0 0 0 0 0 0 0 0 0 0 0 0 0 0 0 442035934 0 0 0 0 0 0 0 0 0 0 0 0 
12 16 0 0 0 0 0 0 0 0 0 0 0 0 0 0 0 0 0 0 0 0 0 0 0 0 0 0 0 0 0 0 0 0 0 0 414800634 0 
38 39 0 0 0 0 0 0 0 0 0 0 0 0 0 0 0 0 0 0 0 0 0 0 0 507178749 0 0 0 34289 0 0 0 0 0 0 0 0 
25 13 0 0 0 0 0 0 0 0 0 0 0 0 0 0 0 0 0 0 0 0 0 0 456157807 0 0 0 0 0 0 0 0 0 0 0 0 0 
10 11 0 0 0 0 0 0 0 0 0 0 0 0 0 0 0 0 0 0 0 4149050 0 0 0 407738553 0 0 0 0 0 0 0 0 0 0 0 0 
52 60 0 0 0 0 0 0 0 0 0 0 0 0 0 0 0 0 0 0 0 0 0 0 0 0 449614012 21745079 0 0 0 0 0 0 0 0 0 0 
1 0 0 0 0 0 0 0 0 0 0 0 0 0 0 0 0 0 0 0 0 0 0 0 0 0 0 0 655 0 0 0 0 0 0 37 0 416447866 
35 30 0 0 0 0 0 0 0 0 0 0 0 0 0 0 0 0 0 0 0 0 0 0 495316124 0 7067196 0 0 0 0 0 0 0 0 101 0 0 
121 96 0 0 0 0 0 0 0 0 0 0 0 0 0 0 0 0 0 0 0 0 0 0 453932087 0 0 0 0 0 0 0 0 0 0 0 0 0 
83 93 0 0 0 0 0 0 0 0 0 0 0 0 0 0 0 0 0 0 0 0 0 0 331906964 122808149 0 0 0 0 37795 0 0 0 0 0 0 0 
1 0 0 0 0 0 0 0 0 0 0 0 0 0 0 0 0 0 0 0 0 0 0 0 0 0 0 0 0 0 0 0 438110302 0 0 0 0 0 
2 7 0 0 0 0 0 0 0 0 0 0 0 0 0 0 0 0 0 0 0 0 0 0 0 0 0 0 0 0 0 0 0 0 0 0 453132789 0 
3 1 0 0 0 0 0 0 0 0 0 0 0 0 0 0 0 0 0 0 0 0 0 0 0 0 0 0 0 0 0 0 0 0 0 0 0 463787136 
5 7 0 0 0 0 0 0 0 0 0 0 0 0 0 0 0 0 0 0 0 0 0 0 0 0 0 0 0 0 0 0 0 0 0 0 501521459 0 
13 14 0 0 0 0 0 0 0 0 0 0 0 0 0 0 0 0 0 0 0 0 0 0 287878208 84289243 0 0 0 0 0 0 0 0 0 0 42373966 0 
181 218 0 0 0 0 0 0 0 0 0 0 0 0 0 0 0 0 0 0 0 500849009 3799947 0 0 0 0 0 0 65778 0 0 0 0 0 0 0 0 
0 1 0 0 0 0 0 0 0 0 0 0 0 0 0 0 0 0 0 0 0 0 0 0 0 0 1115976 0 0 0 0 0 0 368712012 0 0 131465067 0 
0 1 0 0 0 0 0 0 0 0 0 0 0 0 0 0 0 0 0 0 0 0 0 0 0 0 0 0 0 0 0 0 0 0 0 0 0 416829869 
0 0 0 0 0 0 0 0 0 0 0 0 0 0 0 0 0 0 0 0 359765 0 0 0 0 0 0 0 0 0 0 0 0 0 0 0 519305143 0 
30 28 0 0 0 0 0 0 0 0 0 0 0 0 0 0 0 0 0 0 0 0 0 0 0 463314417 0 0 0 3645 0 0 0 0 0 0 0 0 
212 226 0 0 0 0 0 0 0 0 0 0 0 0 0 0 0 0 0 0 0 0 0 0 474457493 0 0 0 38275 0 0 0 0 0 0 0 0 0 
1 3 0 0 0 0 0 0 0 0 0 0 0 0 0 0 0 0 0 0 0 0 0 0 0 0 1067811 810798 0 0 0 0 480813829 0 0 0 0 0 
290 315 0 0 0 0 0 0 0 0 0 0 0 0 0 0 0 0 0 0 0 0 0 0 0 0 0 265654494 0 0 0 0 0 0 0 0 0 0 
1 0 0 0 0 0 0 0 0 0 0 0 0 0 0 0 0 0 0 0 0 0 0 0 0 60945219 0 0 0 0 0 274 0 0 0 0 0 369913525 
19 19 0 0 0 0 0 0 0 0 0 0 0 0 0 0 0 0 0 0 0 0 0 0 0 0 0 0 0 0 0 0 0 0 0 178 0 472322219 
3 2 0 0 0 0 0 0 0 0 0 0 0 0 0 0 0 0 0 0 0 3282737 0 0 0 0 0 0 0 0 0 0 508998833 0 0 0 0 0 
0 0 0 0 0 0 0 0 0 0 0 0 0 0 0 0 0 0 0 0 0 0 0 0 0 0 0 0 79 0 0 0 0 0 0 0 455305542 0 
7 11 0 0 0 0 0 0 0 0 0 0 0 0 0 0 0 0 0 0 0 0 0 0 0 0 0 0 0 0 0 0 0 0 26 0 407581675 0 
34 34 0 0 0 0 0 0 0 0 0 0 0 0 0 0 0 0 0 0 0 0 0 0 428566915 0 0 0 0 0 0 0 0 0 0 0 0 0 
0 0 0 0 0 0 0 0 0 0 0 0 0 0 0 0 0 0 0 0 0 0 0 0 0 0 0 0 0 0 0 0 0 475709559 0 0 0 0 
53 61 0 0 0 0 0 0 0 0 0 0 0 0 0 0 0 0 0 0 0 0 0 0 417010169 0 0 0 0 0 0 0 0 0 0 0 0 0 
2 0 0 0 0 0 0 0 0 0 0 0 0 0 0 0 0 0 0 0 0 0 0 0 0 8562889 0 0 0 0 0 0 435706345 0 0 0 0 0 
0 1 0 0 0 0 0 0 0 0 0 0 0 0 0 0 0 0 0 0 0 0 0 0 30591160 0 0 0 0 0 0 0 0 435703553 0 22 0 0 
18 14 0 0 0 0 0 0 0 0 0 0 0 0 0 0 0 0 0 0 0 0 0 0 0 0 0 0 0 0 0 0 0 0 0 0 0 409727966 
54 49 0 0 0 0 0 0 0 0 0 0 0 0 0 0 0 0 0 0 233176944 0 0 0 0 0 0 180916310 0 0 0 0 0 0 0 0 0 0 
246 213 0 0 0 0 0 0 0 0 0 0 0 0 0 0 0 0 0 0 0 0 0 0 0 0 267119366 0 0 0 0 0 0 0 0 0 0 0 
81 86 0 0 0 0 0 0 0 0 0 0 0 0 0 0 0 0 0 0 291430229 126963602 0 0 0 0 0 0 0 0 0 0 0 0 0 1937 0 0 
173 200 0 0 0 0 0 0 0 0 0 0 0 0 0 0 0 0 0 0 0 0 0 0 0 0 0 459609651 0 0 0 0 0 0 0 0 0 0 
1 3 0 0 0 0 0 0 0 0 0 0 0 0 0 0 0 0 0 0 5890 0 0 0 0 0 0 0 0 0 0 0 0 0 0 0 452672849 0 
9 9 0 0 0 0 0 0 0 0 0 0 0 0 0 0 0 0 0 0 0 0 0 0 0 0 3831637 0 0 0 0 0 450046513 0 0 0 0 0 
28 30 0 0 0 0 0 0 0 0 0 0 0 0 0 0 0 0 0 0 0 0 0 0 0 0 50946707 0 0 0 0 0 0 0 0 0 0 464121447 
2 0 0 0 0 0 0 0 0 0 0 0 0 0 0 0 0 0 0 0 0 0 0 0 0 0 0 0 0 0 0 0 0 0 0 0 0 413015454 
0 0 0 0 0 0 0 0 0 0 0 0 0 0 0 0 0 0 0 0 0 0 0 0 0 0 0 0 0 0 0 0 440191828 0 0 0 0 0 
1 2 0 0 0 0 0 0 0 0 0 0 0 0 0 0 0 0 0 0 0 0 0 0 0 0 0 0 0 0 0 0 0 0 0 0 0 436768810 
33 24 0 0 0 0 0 0 0 0 0 0 0 0 0 0 0 0 0 0 0 0 0 0 414038469 0 0 0 0 0 0 0 0 0 0 0 0 0 
12 15 0 0 0 0 0 0 0 0 0 0 0 0 0 0 0 0 0 0 0 0 0 0 0 0 0 0 0 0 0 0 0 0 0 0 0 460614115 
23 34 0 0 0 0 0 0 0 0 0 0 0 0 0 0 0 0 0 0 0 0 0 0 507124330 0 0 0 0 0 0 0 0 0 0 0 0 0 
0 0 0 0 0 0 0 0 0 0 0 0 0 0 0 0 0 0 0 0 33148 0 0 0 0 4085586 0 0 0 0 0 0 342519537 0 0 0 177286046 0 
3 5 0 0 0 0 0 0 0 0 0 0 0 0 0 0 0 0 0 0 0 0 0 0 0 9443965 0 0 0 0 0 0 0 0 0 0 0 465752701 
143 159 0 0 0 0 0 0 0 0 0 0 0 0 0 0 0 0 0 0 0 499943699 0 0 0 0 0 0 0 0 0 0 0 0 0 0 0 0 
19 16 0 0 0 0 0 0 0 0 0 0 0 0 0 0 0 0 0 0 0 0 0 0 0 517866419 0 0 0 0 0 0 0 0 0 0 0 0 
3 3 0 0 0 0 0 0 0 0 0 0 0 0 0 0 0 0 0 0 0 0 0 0 0 0 0 3184028 0 0 0 0 494695343 0 0 0 0 0 
10 11 0 0 0 0 0 0 0 0 0 0 0 0 0 0 0 0 0 0 0 0 0 0 411480693 0 0 0 0 0 0 0 0 0 0 0 0 0 
