0 0 0 0 0 0 0 0 0 0 0 0 0 0 0 0 0 0 0 0 0 0 0 0 472399673 0 0 0 0 0 0 0 0 0 0 0 0 0 
46 62 0 0 0 0 0 0 0 0 0 0 0 0 0 0 0 0 0 0 0 0 0 0 0 0 409314276 0 0 0 0 0 0 0 0 0 0 0 
0 0 0 0 0 0 0 0 0 0 0 0 0 0 0 0 0 0 0 0 0 0 0 0 0 525341857 0 0 0 529 0 0 0 0 0 0 0 0 
0 0 0 0 0 0 0 0 0 0 0 0 0 0 0 0 0 0 0 0 3990073 0 0 0 0 0 27206 0 165 0 0 0 0 426707965 0 0 0 0 
19 23 0 0 0 0 0 0 0 0 0 0 0 0 0 0 0 0 0 0 0 519710675 0 0 0 0 0 0 0 0 0 0 0 0 0 0 0 0 
0 0 0 0 0 0 0 0 0 0 0 0 0 0 0 0 0 0 0 0 0 0 0 0 0 0 0 0 0 0 0 0 0 0 0 0 467992839 0 
21 29 0 0 0 0 0 0 0 0 0 0 0 0 0 0 0 0 0 0 474756233 0 0 0 0 0 0 0 0 0 0 0 0 0 0 0 0 0 
0 0 0 0 0 0 0 0 0 0 0 0 0 0 0 0 0 0 0 0 0 0 0 0 0 0 0 0 0 0 0 0 456191810 0 0 0 0 16329141 
0 0 0 0 0 0 0 0 0 0 0 0 0 0 0 0 0 0 0 0 0 0 0 0 0 0 0 0 0 92 0 0 0 0 0 0 518123636 0 
1 2 0 0 0 0 0 0 0 0 0 0 0 0 0 0 0 0 0 0 522131453 0 0 0 0 0 0 0 0 0 0 0 0 0 0 17 0 0 
5 1 0 0 0 0 0 0 0 0 0 0 0 0 0 0 0 0 0 0 0 0 0 0 0 0 0 0 0 0 0 0 0 0 0 0 0 512485639 
42 43 0 0 0 0 0 0 0 0 0 0 0 0 0 0 0 0 0 0 0 437425920 0 0 0 0 0 0 0 288424 0 0 0 0 0 0 0 0 
0 0 0 0 0 0 0 0 0 0 0 0 0 0 0 0 0 0 0 0 0 0 0 6868 0 0 0 2294638 0 49 0 0 0 0 0 0 0 539065589 
8 3 0 0 0 0 0 0 0 0 0 0 0 0 0 0 0 0 0 0 0 230971107 439272 0 0 283994669 0 0 0 0 0 0 0 0 0 0 0 0 
58 57 0 0 0 0 0 0 0 0 0 0 0 0 0 0 0 0 0 0 0 461442607 0 0 0 0 0 0 0 0 0 0 0 0 0 0 0 0 
0 0 0 0 0 0 0 0 0 0 0 0 0 0 0 0 0 0 0 0 0 0 0 0 0 3986611 0 0 0 0 0 0 433485494 0 0 0 0 0 
1 0 0 0 0 0 0 0 0 0 0 0 0 0 0 0 0 0 0 0 0 0 0 0 0 0 0 0 0 0 0 0 0 0 0 0 490832699 0 
29 44 0 0 0 0 0 0 0 0 0 0 0 0 0 0 0 0 0 0 0 0 0 0 0 0 0 493049525 0 0 0 0 0 0 0 0 0 0 
24 19 0 0 0 0 0 0 0 0 0 0 0 0 0 0 0 0 0 0 0 0 0 0 0 0 0 479827713 0 0 0 0 0 0 0 0 0 0 
22 21 0 0 0 0 0 0 0 0 0 0 0 0 0 0 0 0 0 0 0 0 0 0 0 440252042 0 0 0 0 0 0 0 0 0 0 0 0 
1 0 0 0 0 0 0 0 0 0 0 0 0 0 0 0 0 0 0 0 0 3459821 0 0 450401054 0 0 0 0 0 0 0 0 0 0 0 0 0 
0 1 0 0 0 0 0 0 0 0 0 0 0 0 0 0 0 0 0 0 0 0 0 0 174524803 302118266 0 0 0 0 0 0 0 0 0 0 0 0 
2 2 0 0 0 0 0 0 0 0 0 0 0 0 0 0 0 0 0 0 0 0 0 0 456656151 0 0 0 0 0 0 0 0 0 26 0 0 0 
0 0 0 0 0 0 0 0 0 0 0 0 0 0 0 0 0 0 0 0 0 0 0 0 0 0 0 0 0 0 0 0 502399450 0 0 0 0 0 
0 0 0 0 0 0 0 0 0 0 0 0 0 0 0 0 0 0 0 0 0 0 0 0 0 0 0 0 0 0 0 0 510025035 0 0 0 0 0 
5 6 0 0 0 0 0 0 0 0 0 0 0 0 0 0 0 0 0 0 0 499043953 0 0 0 0 0 0 0 0 7688 0 0 0 0 0 0 0 
16 21 0 0 0 0 0 0 0 0 0 0 0 0 0 0 0 0 0 0 0 0 0 0 0 0 502128736 0 0 0 0 0 0 0 0 0 0 0 
0 0 0 0 0 0 0 0 0 0 0 0 0 0 0 0 0 0 0 0 0 0 0 0 0 0 74371 0 0 0 0 0 466638714 0 0 0 0 0 
57 60 0 0 0 0 0 0 0 0 0 0 0 0 0 0 0 0 0 0 0 0 0 0 0 0 521599448 0 0 0 0 0 0 0 0 0 0 0 
0 0 0 0 0 0 0 0 0 0 0 0 0 0 0 0 0 0 0 0 0 0 0 0 0 0 0 0 0 0 0 0 0 0 0 0 428936179 0 
3 1 0 0 0 0 0 0 0 0 0 0 0 0 0 0 0 0 0 0 0 0 0 0 511614060 0 0 0 0 0 0 0 0 0 0 0 0 0 
49 69 0 0 0 0 0 0 0 0 0 0 0 0 0 0 0 0 0 0 0 425409000 42296477 0 0 0 0 0 0 0 0 0 0 0 0 0 0 0 
1 0 0 0 0 0 0 0 0 0 0 0 0 0 0 0 0 0 0 0 0 0 0 0 0 419094394 0 0 0 0 0 0 0 0 0 0 0 0 
0 0 0 0 0 0 0 0 0 0 0 0 0 0 0 0 0 0 0 0 0 0 0 0 0 0 0 0 0 0 0 0 0 0 0 0 0 420139033 
21 23 0 0 0 0 0 0 0 0 0 0 0 0 0 0 0 0 0 0 0 0 1652398 0 0 0 0 484190709 0 0 0 254784 0 0 0 0 0 0 
38 41 0 0 0 0 0 0 0 0 0 0 0 0 0 0 0 0 0 0 0 0 0 0 0 0 0 409102928 0 0 0 0 0 0 0 0 0 0 
3 1 0 0 0 0 0 0 0 0 0 0 0 0 0 0 0 0 0 0 0 0 0 0 445093484 0 0 0 0 0 0 0 0 0 184 0 0 0 
0 0 0 0 0 0 0 0 0 0 0 0 0 0 0 0 0 0 0 0 0 0 0 0 0 0 0 0 0 0 0 0 463833049 0 0 0 0 0 
0 0 0 0 0 0 0 0 0 0 0 0 0 0 0 0 0 0 0 0 0 0 0 0 0 0 0 0 0 0 0 0 0 0 0 0 0 424236476 
0 0 0 0 0 0 0 0 0 0 0 0 0 0 0 0 0 0 0 0 0 0 0 283 0 0 0 0 0 0 0 0 0 0 0 0 440084077 0 
0 0 0 0 0 0 0 0 0 0 0 0 0 0 0 0 0 0 0 0 0 0 0 0 0 0 0 0 0 0 0 0 0 0 0 0 0 468002302 
0 0 0 0 0 0 0 0 0 0 0 0 0 0 0 0 0 0 0 0 0 0 1657 0 0 0 0 290200 0 0 0 0 422800226 0 0 0 0 0 
8 14 0 0 0 0 0 0 0 0 0 0 0 0 0 0 0 0 0 0 0 431641152 0 0 0 0 0 0 0 0 0 0 0 0 0 0 0 0 
2 1 0 0 0 0 0 0 0 0 0 0 0 0 0 0 0 0 0 0 0 0 0 0 0 413994607 27696921 0 0 0 0 0 0 0 0 0 0 0 
3 3 0 0 0 0 0 0 0 0 0 0 0 0 0 0 0 0 0 0 0 0 0 0 0 0 0 0 0 0 0 20862 0 0 0 0 514194254 0 
0 0 0 0 0 0 0 0 0 0 0 0 0 0 0 0 0 0 0 0 0 0 0 0 0 7652275 0 0 0 0 0 0 518283437 0 0 0 0 0 
5 2 0 0 0 0 0 0 0 0 0 0 0 0 0 0 0 0 0 0 0 0 0 0 0 519318310 0 0 0 0 85578 0 0 0 120 0 0 0 
6 7 0 0 0 0 0 0 0 0 0 0 0 0 0 0 0 0 0 0 0 410813121 0 0 0 0 27751329 0 0 0 0 0 0 0 0 0 0 0 
0 0 0 0 0 0 0 0 0 0 0 0 0 0 0 0 0 0 0 0 0 0 0 0 0 0 0 0 0 0 0 0 0 0 0 0 0 536375409 
0 0 0 0 0 0 0 0 0 0 0 0 0 0 0 0 0 0 0 0 0 0 0 0 0 0 0 0 0 44 0 0 514821894 0 0 0 0 0 
0 0 0 0 0 0 0 0 0 0 0 0 0 0 0 0 0 0 0 0 0 0 0 0 0 0 0 0 0 0 0 0 0 460318860 0 0 0 0 
2 1 0 0 0 0 0 0 0 0 0 0 0 0 0 0 0 0 0 0 0 0 0 0 0 528590328 0 0 0 0 0 0 0 0 0 0 0 0 
50 57 0 0 0 0 0 0 0 0 0 0 0 0 0 0 0 0 0 0 292569762 0 0 0 0 0 0 0 0 16312 0 0 0 0 0 5726 0 0 
0 0 0 0 0 0 0 0 0 0 0 0 0 0 0 0 0 0 0 0 0 0 0 0 0 0 0 0 0 0 0 0 500829825 0 0 0 0 0 
32 24 0 0 0 0 0 0 0 0 0 0 0 0 0 0 0 0 0 0 418234600 0 0 0 0 0 0 0 0 0 0 0 0 0 0 0 0 0 
33 23 0 0 0 0 0 0 0 0 0 0 0 0 0 0 0 0 0 0 0 0 0 0 0 0 0 436975028 0 0 0 0 0 0 0 0 0 0 
0 0 0 0 0 0 0 0 0 0 0 0 0 0 0 0 0 0 0 0 0 0 0 0 0 0 0 0 0 0 0 0 484113469 0 0 0 0 0 
0 0 0 0 0 0 0 0 0 0 0 0 0 0 0 0 0 0 0 0 0 0 0 2081 0 0 0 0 0 0 0 0 453317418 0 0 0 0 0 
0 0 0 0 0 0 0 0 0 0 0 0 0 0 0 0 0 0 0 0 0 0 0 0 0 0 0 0 0 0 0 0 0 0 0 0 0 522205068 
0 0 0 0 0 0 0 0 0 0 0 0 0 0 0 0 0 0 0 0 0 0 0 0 0 0 0 13205409 0 0 0 0 0 0 0 0 0 453805119 
0 0 0 0 0 0 0 0 0 0 0 0 0 0 0 0 0 0 0 0 0 0 0 0 0 0 0 0 0 0 0 0 0 425210360 0 0 0 0 
0 0 0 0 0 0 0 0 0 0 0 0 0 0 0 0 0 0 0 0 0 0 0 0 0 0 0 0 0 0 0 0 0 408941547 0 0 0 0 
56 72 0 0 0 0 0 0 0 0 0 0 0 0 0 0 0 0 0 0 291528267 0 0 0 0 0 0 0 0 0 0 0 0 0 0 0 0 0 
0 0 0 0 0 0 0 0 0 0 0 0 0 0 0 0 0 0 0 0 0 0 0 0 0 29733954 0 0 0 0 0 0 0 0 0 0 0 439151169 
0 1 0 0 0 0 0 0 0 0 0 0 0 0 0 0 0 0 0 0 0 0 0 0 0 0 0 0 0 0 0 0 0 255253200 0 0 0 271382586 
0 1 0 0 0 0 0 0 0 0 0 0 0 0 0 0 0 0 0 0 0 0 0 0 0 435138197 5590432 0 0 0 0 0 0 0 0 0 0 0 
0 0 0 0 0 0 0 0 0 0 0 0 0 0 0 0 0 0 0 0 0 1992500 0 0 0 0 183068 0 0 0 0 0 0 0 0 0 429596075 0 
0 0 0 0 0 0 0 0 0 0 0 0 0 0 0 0 0 0 0 0 0 0 0 0 0 477286198 0 0 0 0 0 0 0 0 0 0 0 0 
20 20 0 0 0 0 0 0 0 0 0 0 0 0 0 0 0 0 0 0 458795561 0 0 0 0 0 0 0 0 0 0 0 0 0 0 0 0 0 
0 0 0 0 0 0 0 0 0 0 0 0 0 0 0 0 0 0 0 0 0 0 0 0 0 0 0 0 0 0 0 0 0 509135738 0 0 0 0 
0 0 0 0 0 0 0 0 0 0 0 0 0 0 0 0 0 0 0 0 0 0 0 0 0 0 0 0 0 0 0 0 0 465216740 0 0 0 0 
36 46 0 0 0 0 0 0 0 0 0 0 0 0 0 0 0 0 0 0 523052196 0 0 0 0 0 0 0 0 0 0 0 0 0 0 0 0 0 
0 0 0 0 0 0 0 0 0 0 0 0 0 0 0 0 0 0 0 0 0 0 0 0 0 0 0 0 0 0 0 0 0 429785268 0 0 0 0 
0 2 0 0 0 0 0 0 0 0 0 0 0 0 0 0 0 0 0 0 0 0 0 0 0 0 0 0 0 0 0 0 0 434295175 0 0 0 0 
0 0 0 0 0 0 0 0 0 0 0 0 0 0 0 0 0 0 0 0 0 0 0 0 0 58853340 0 0 0 0 0 0 0 0 0 0 354575267 0 
0 0 0 0 0 0 0 0 0 0 0 0 0 0 0 0 0 0 0 0 0 0 0 0 0 0 0 0 0 0 0 0 432323926 0 0 0 0 0 
27 25 0 0 0 0 0 0 0 0 0 0 0 0 0 0 0 0 0 0 0 418448311 0 5469431 0 0 0 0 0 0 0 0 0 0 0 0 0 0 
0 0 0 0 0 0 0 0 0 0 0 0 0 0 0 0 0 0 0 0 0 0 0 0 0 0 0 0 0 0 0 0 0 0 0 0 524872023 0 
42 46 0 0 0 0 0 0 0 0 0 0 0 0 0 0 0 0 0 0 0 0 0 0 0 0 0 496431093 0 0 0 0 0 0 0 0 0 0 
1 3 0 0 0 0 0 0 0 0 0 0 0 0 0 0 0 0 0 0 0 0 0 0 457715435 0 0 0 0 0 0 0 0 0 0 0 0 0 
0 0 0 0 0 0 0 0 0 0 0 0 0 0 0 0 0 0 0 0 0 464187 0 0 0 0 0 0 0 0 0 0 0 0 0 0 511348778 0 
0 0 0 0 0 0 0 0 0 0 0 0 0 0 0 0 0 0 0 0 0 0 0 0 0 0 0 0 0 431 0 0 0 0 0 0 413586302 0 
4 2 0 0 0 0 0 0 0 0 0 0 0 0 0 0 0 0 0 0 0 0 0 0 476925594 0 0 0 0 0 0 0 0 0 0 0 0 0 
0 0 0 0 0 0 0 0 0 0 0 0 0 0 0 0 0 0 0 0 158545 0 0 0 0 0 0 0 0 0 0 0 0 0 0 0 0 433274625 
0 0 0 0 0 0 0 0 0 0 0 0 0 0 0 0 0 0 0 0 0 0 0 0 0 0 0 0 0 0 0 0 495607178 0 0 0 0 0 
67 68 0 0 0 0 0 0 0 0 0 0 0 0 0 0 0 0 0 0 369046110 0 0 0 0 0 0 0 0 0 0 0 0 0 0 0 0 0 
60 57 0 0 0 0 0 0 0 0 0 0 0 0 0 0 0 0 0 0 0 0 0 0 0 0 326407236 0 86812 0 0 0 0 0 0 0 0 0 
5 8 0 0 0 0 0 0 0 0 0 0 0 0 0 0 0 0 0 0 428812651 0 0 0 0 0 0 0 0 0 0 0 0 0 0 0 0 0 
0 0 0 0 0 0 0 0 0 0 0 0 0 0 0 0 0 0 0 0 0 335423 0 0 0 0 0 0 0 0 0 0 0 0 0 0 534061557 0 
0 0 0 0 0 0 0 0 0 0 0 0 0 0 0 0 0 0 0 0 1392872 0 0 0 0 0 0 0 0 0 0 0 0 0 0 0 385888722 38615758 
0 0 0 0 0 0 0 0 0 0 0 0 0 0 0 0 0 0 0 0 0 0 0 0 0 0 0 0 0 0 0 0 0 390249357 0 0 36606533 0 
4 5 0 0 0 0 0 0 0 0 0 0 0 0 0 0 0 0 0 0 0 0 0 0 430843945 0 0 0 0 0 0 0 0 0 0 0 0 0 
0 1 0 0 0 0 0 0 0 0 0 0 0 0 0 0 0 0 0 0 0 0 0 0 0 513472514 946920 0 0 0 0 0 0 0 0 0 0 0 
0 0 0 0 0 0 0 0 0 0 0 0 0 0 0 0 0 0 0 0 0 0 0 0 0 0 0 0 0 0 0 0 0 0 0 0 0 534128207 
0 0 0 0 0 0 0 0 0 0 0 0 0 0 0 0 0 0 0 0 0 0 0 0 0 0 0 0 0 0 0 0 0 413236624 0 0 0 0 
0 0 0 0 0 0 0 0 0 0 0 0 0 0 0 0 0 0 0 0 0 0 0 17387 0 0 3255844 0 0 0 0 0 0 0 0 0 511057620 0 
2 0 0 0 0 0 0 0 0 0 0 0 0 0 0 0 0 0 0 0 0 1468678 0 0 483572977 0 0 0 0 0 0 0 0 0 0 0 0 0 
0 0 0 0 0 0 0 0 0 0 0 0 0 0 0 0 0 0 0 0 240360 0 0 0 0 0 0 0 0 10 0 0 0 464550063 0 0 0 0 
0 0 0 0 0 0 0 0 0 0 0 0 0 0 0 0 0 0 0 0 0 0 0 0 0 0 0 0 0 18 247 0 0 533518531 0 0 0 0 
14 4 0 0 0 0 0 0 0 0 0 0 0 0 0 0 0 0 0 0 0 0 0 0 519987522 0 0 0 41083 0 0 0 0 0 0 0 0 0 
0 0 0 0 0 0 0 0 0 0 0 0 0 0 0 0 0 0 0 0 0 0 0 0 0 0 0 0 0 0 0 0 0 454506251 0 0 0 0 
0 1 0 0 0 0 0 0 0 0 0 0 0 0 0 0 0 0 0 0 0 0 0 0 0 0 0 0 0 0 0 0 0 0 0 0 0 445796250 
37 53 0 0 0 0 0 0 0 0 0 0 0 0 0 0 0 0 0 0 503596602 0 0 0 0 0 0 0 0 0 0 0 0 0 0 0 0 0 
0 0 0 0 0 0 0 0 0 0 0 0 0 0 0 0 0 0 0 0 0 0 0 0 0 0 0 0 0 0 0 0 497581669 0 0 0 0 0 
1 2 0 0 0 0 0 0 0 0 0 0 0 0 0 0 0 0 0 0 96235359 0 0 0 0 0 0 0 0 0 0 0 0 0 0 0 316501611 0 
2 2 0 0 0 0 0 0 0 0 0 0 0 0 0 0 0 0 0 0 0 0 0 0 499533486 0 0 0 0 0 0 0 0 0 0 0 0 0 
0 1 0 0 0 0 0 0 0 0 0 0 0 0 0 0 0 0 0 0 0 0 0 0 0 59652840 0 0 0 0 0 0 0 0 0 0 480530727 0 
32 28 0 0 0 0 0 0 0 0 0 0 0 0 0 0 0 0 0 0 0 0 0 0 0 441525714 0 0 15415 0 0 0 0 0 10100 0 0 0 
0 0 0 0 0 0 0 0 0 0 0 0 0 0 0 0 0 0 0 0 35060 0 279 0 1229079 0 4305 0 0 0 0 0 0 498855331 0 0 0 0 
23 40 0 0 0 0 0 0 0 0 0 0 0 0 0 0 0 0 0 0 0 0 0 0 0 0 0 476376598 0 0 0 0 0 0 0 0 0 0 
1 0 0 0 0 0 0 0 0 0 0 0 0 0 0 0 0 0 0 0 0 0 0 0 0 0 0 0 0 0 0 0 443621586 0 0 0 0 0 
2 0 0 0 0 0 0 0 0 0 0 0 0 0 0 0 0 0 0 0 0 0 0 0 439326659 0 8390674 0 0 0 0 0 0 0 0 0 0 0 
0 0 0 0 0 0 0 0 0 0 0 0 0 0 0 0 0 0 0 0 0 0 0 0 36812 0 0 0 0 0 0 322 0 381604001 0 0 56779917 0 
0 0 0 0 0 0 0 0 0 0 0 0 0 0 0 0 0 0 0 0 0 0 0 0 0 0 0 0 0 0 0 0 0 0 0 0 458503207 0 
71 67 0 0 0 0 0 0 0 0 0 0 0 0 0 0 0 0 0 0 0 398288294 0 0 0 0 0 17976139 0 0 0 0 0 0 0 0 0 0 
19 12 0 0 0 0 0 0 0 0 0 0 0 0 0 0 0 0 0 0 499440611 0 0 0 0 0 0 0 0 0 0 0 0 0 0 0 0 0 
0 0 0 0 0 0 0 0 0 0 0 0 0 0 0 0 0 0 0 0 0 0 0 0 0 0 0 0 0 0 0 66 0 341331017 0 0 154828070 0 
54 44 0 0 0 0 0 0 0 0 0 0 0 0 0 0 0 0 0 0 0 352742441 0 0 0 0 0 0 0 1143353 0 0 0 0 2171 0 0 0 
1 1 0 0 0 0 0 0 0 0 0 0 0 0 0 0 0 0 0 0 0 0 0 0 0 483617645 0 0 0 0 0 0 0 0 0 0 0 0 
0 0 0 0 0 0 0 0 0 0 0 0 0 0 0 0 0 0 0 0 1840855 0 0 0 0 0 0 6336158 0 0 0 0 0 0 0 0 452284956 0 
1 0 0 0 0 0 0 0 0 0 0 0 0 0 0 0 0 0 0 0 0 0 0 0 490594104 0 0 0 0 0 0 0 0 0 0 0 0 0 
0 0 0 0 0 0 0 0 0 0 0 0 0 0 0 0 0 0 0 0 0 0 0 0 0 0 0 0 0 0 0 0 0 0 0 12 461189596 0 
0 0 0 0 0 0 0 0 0 0 0 0 0 0 0 0 0 0 0 0 0 0 0 0 0 0 0 0 0 62 851 0 0 0 0 0 0 541114127 
68 54 0 0 0 0 0 0 0 0 0 0 0 0 0 0 0 0 0 0 364213090 0 0 0 0 0 0 0 0 0 0 0 0 0 0 0 0 0 
0 0 0 0 0 0 0 0 0 0 0 0 0 0 0 0 0 0 0 0 0 0 0 0 0 0 0 0 0 0 0 0 0 0 0 0 499211417 0 
0 0 0 0 0 0 0 0 0 0 0 0 0 0 0 0 0 0 0 0 0 0 0 0 0 0 0 0 0 0 0 0 0 0 0 0 472306157 0 
0 0 0 0 0 0 0 0 0 0 0 0 0 0 0 0 0 0 0 0 0 0 0 0 0 0 0 0 0 0 0 0 0 0 0 0 498380934 0 
5 6 0 0 0 0 0 0 0 0 0 0 0 0 0 0 0 0 0 0 0 0 0 0 0 0 0 30923964 0 0 0 0 0 0 0 0 0 479410946 
4 7 0 0 0 0 0 0 0 0 0 0 0 0 0 0 0 0 0 0 0 0 0 0 453866211 0 0 0 0 0 0 0 0 0 0 0 0 0 
0 0 0 0 0 0 0 0 0 0 0 0 0 0 0 0 0 0 0 0 1966974 0 7950 0 0 0 0 0 0 0 0 0 0 510893754 0 0 0 0 
61 55 0 0 0 0 0 0 0 0 0 0 0 0 0 0 0 0 0 0 0 0 0 0 0 0 0 496491994 213991 0 0 0 0 0 0 0 0 0 
0 0 0 0 0 0 0 0 0 0 0 0 0 0 0 0 0 0 0 0 0 0 0 0 0 0 0 0 0 0 0 0 486884733 0 0 0 0 0 
0 0 0 0 0 0 0 0 0 0 0 0 0 0 0 0 0 0 0 0 0 9945 0 0 0 0 0 0 0 0 0 0 0 488183236 0 0 0 0 
0 0 0 0 0 0 0 0 0 0 0 0 0 0 0 0 0 0 0 0 0 4857893 0 0 0 0 0 0 0 0 0 0 0 0 0 7 0 451356336 
1 1 0 0 0 0 0 0 0 0 0 0 0 0 0 0 0 0 0 0 0 0 0 0 0 457869426 0 0 0 0 0 0 0 0 0 0 0 0 
0 0 0 0 0 0 0 0 0 0 0 0 0 0 0 0 0 0 0 0 0 0 0 0 0 0 0 0 0 0 0 0 0 196274806 0 0 0 218408731 
0 0 0 0 0 0 0 0 0 0 0 0 0 0 0 0 0 0 0 0 0 0 0 0 0 0 0 0 0 0 0 0 434476667 0 0 0 0 0 
2 3 0 0 0 0 0 0 0 0 0 0 0 0 0 0 0 0 0 0 0 532218497 0 0 0 0 0 0 0 0 0 0 0 0 0 0 0 0 
1 2 0 0 0 0 0 0 0 0 0 0 0 0 0 0 0 0 0 0 0 0 0 0 0 467500837 0 4592695 0 0 0 0 0 0 0 0 0 0 
0 0 0 0 0 0 0 0 0 0 0 0 0 0 0 0 0 0 0 0 0 0 0 0 0 0 352459 0 0 0 0 0 0 0 0 0 450112679 0 
0 0 0 0 0 0 0 0 0 0 0 0 0 0 0 0 0 0 0 0 0 0 0 0 0 0 0 0 0 0 28 0 0 428168435 0 0 0 0 
37 26 0 0 0 0 0 0 0 0 0 0 0 0 0 0 0 0 0 0 0 532441508 0 0 0 0 0 0 0 0 0 0 0 0 0 0 0 0 
5 7 0 0 0 0 0 0 0 0 0 0 0 0 0 0 0 0 0 0 0 0 0 0 519913679 0 0 0 0 0 0 0 0 0 0 0 0 0 
2 1 0 0 0 0 0 0 0 0 0 0 0 0 0 0 0 0 0 0 0 0 0 0 504164855 0 0 0 0 0 0 0 0 0 0 0 0 0 
1 1 0 0 0 0 0 0 0 0 0 0 0 0 0 0 0 0 0 0 0 0 0 0 0 0 0 0 0 0 0 0 0 0 0 0 490463687 0 
0 1 0 0 0 0 0 0 0 0 0 0 0 0 0 0 0 0 0 0 0 0 0 0 0 0 0 0 0 0 0 0 0 0 0 0 0 513729836 
0 0 0 0 0 0 0 0 0 0 0 0 0 0 0 0 0 0 0 0 0 0 0 0 0 0 3617 0 0 0 0 0 489673708 0 0 0 0 0 
0 1 0 0 0 0 0 0 0 0 0 0 0 0 0 0 0 0 0 0 0 0 0 0 418100952 0 0 0 0 0 0 0 0 0 0 0 0 0 
1 0 0 0 0 0 0 0 0 0 0 0 0 0 0 0 0 0 0 0 0 498253 0 0 277665057 0 0 0 0 2440 0 0 0 259135356 0 0 0 0 
5 7 0 0 0 0 0 0 0 0 0 0 0 0 0 0 0 0 0 0 0 438506408 0 0 0 0 0 0 0 0 0 0 0 0 0 0 0 0 
22 8 0 0 0 0 0 0 0 0 0 0 0 0 0 0 0 0 0 0 342540595 75411980 0 0 0 0 0 0 0 0 0 0 0 0 0 0 0 0 
0 0 0 0 0 0 0 0 0 0 0 0 0 0 0 0 0 0 0 0 0 31671289 0 0 455541104 0 0 0 0 0 0 0 0 0 0 0 0 0 
31 43 0 0 0 0 0 0 0 0 0 0 0 0 0 0 0 0 0 0 0 0 0 0 0 0 0 421468342 0 0 0 0 0 0 0 0 0 0 
3 0 0 0 0 0 0 0 0 0 0 0 0 0 0 0 0 0 0 0 0 0 0 0 0 431629187 0 0 0 0 0 0 0 0 0 0 0 0 
15 7 0 0 0 0 0 0 0 0 0 0 0 0 0 0 0 0 0 0 0 0 0 0 0 538738003 0 0 0 0 0 0 0 0 0 0 0 0 
4 4 0 0 0 0 0 0 0 0 0 0 0 0 0 0 0 0 0 0 0 0 0 0 0 459077233 10769300 0 0 0 0 0 0 0 0 0 0 0 
1 2 0 0 0 0 0 0 0 0 0 0 0 0 0 0 0 0 0 0 0 0 0 0 0 433443392 0 0 0 0 0 0 0 0 0 0 0 0 
16 12 0 0 0 0 0 0 0 0 0 0 0 0 0 0 0 0 0 0 339676514 0 0 0 0 0 0 154597204 0 0 246926 0 0 0 0 0 0 0 
29 24 0 0 0 0 0 0 0 0 0 0 0 0 0 0 0 0 0 0 490536992 0 0 2030249 0 0 0 0 0 0 0 0 0 0 0 0 0 0 
23 31 0 0 0 0 0 0 0 0 0 0 0 0 0 0 0 0 0 0 0 0 0 0 0 0 513176711 0 0 0 0 0 0 0 0 0 0 0 
0 0 0 0 0 0 0 0 0 0 0 0 0 0 0 0 0 0 0 0 0 0 0 0 0 0 0 0 0 0 0 0 0 0 0 3 0 427870720 
6 0 0 0 0 0 0 0 0 0 0 0 0 0 0 0 0 0 0 0 0 0 0 0 0 0 430246881 0 0 0 0 0 0 0 0 0 0 0 
37 62 0 0 0 0 0 0 0 0 0 0 0 0 0 0 0 0 0 0 0 0 0 0 0 0 0 487311720 0 0 0 0 0 0 0 0 0 0 
0 0 0 0 0 0 0 0 0 0 0 0 0 0 0 0 0 0 0 0 0 0 0 0 0 0 0 0 0 0 0 0 0 531786875 0 0 0 0 
19 13 0 0 0 0 0 0 0 0 0 0 0 0 0 0 0 0 0 0 0 467031928 3381157 0 0 0 0 0 18639 0 0 0 0 0 762 0 0 0 
0 0 0 0 0 0 0 0 0 0 0 0 0 0 0 0 0 0 0 0 0 0 0 0 0 0 0 0 0 0 0 0 0 0 0 0 0 526769228 
3 2 0 0 0 0 0 0 0 0 0 0 0 0 0 0 0 0 0 0 0 0 0 0 526701781 0 0 0 0 0 0 0 0 0 0 0 0 0 
2 1 0 0 0 0 0 0 0 0 0 0 0 0 0 0 0 0 0 0 0 0 0 0 0 0 0 0 0 0 0 0 0 0 0 0 0 421760819 
18 9 0 0 0 0 0 0 0 0 0 0 0 0 0 0 0 0 0 0 0 414588869 0 6081895 0 0 0 0 0 27035 0 0 0 0 0 0 0 0 
0 0 0 0 0 0 0 0 0 0 0 0 0 0 0 0 0 0 0 0 0 0 0 0 0 0 0 0 0 3910 0 0 0 0 0 0 486254989 0 
0 0 0 0 0 0 0 0 0 0 0 0 0 0 0 0 0 0 0 0 0 0 0 0 0 499947022 0 0 0 0 0 0 0 0 48 0 0 0 
0 1 0 0 0 0 0 0 0 0 0 0 0 0 0 0 0 0 0 0 0 0 0 0 443332104 0 0 0 0 0 0 0 0 0 0 0 0 0 
0 0 0 0 0 0 0 0 0 0 0 0 0 0 0 0 0 0 0 0 0 0 0 0 0 0 0 0 0 0 0 0 0 0 0 0 224727007 228227175 
34 27 0 0 0 0 0 0 0 0 0 0 0 0 0 0 0 0 0 0 0 0 1854740 0 0 0 416532693 0 0 0 0 0 0 0 0 0 0 0 
40 46 0 0 0 0 0 0 0 0 0 0 0 0 0 0 0 0 0 0 411107707 0 0 0 0 0 0 0 0 0 0 0 0 0 0 0 0 0 
20 15 0 0 0 0 0 0 0 0 0 0 0 0 0 0 0 0 0 0 0 0 0 0 0 0 407517500 0 0 0 0 0 0 0 0 0 0 0 
0 0 0 0 0 0 0 0 0 0 0 0 0 0 0 0 0 0 0 0 527717 0 0 0 0 0 0 0 0 0 0 0 0 0 0 0 433935018 0 
0 0 0 0 0 0 0 0 0 0 0 0 0 0 0 0 0 0 0 0 0 32946253 0 0 0 0 0 0 0 0 0 0 0 0 46 0 505786771 0 
46 38 0 0 0 0 0 0 0 0 0 0 0 0 0 0 0 0 0 0 0 429589673 0 0 0 0 0 0 0 0 0 0 0 0 0 0 0 0 
31 33 0 0 0 0 0 0 0 0 0 0 0 0 0 0 0 0 0 0 0 0 0 0 0 0 0 517329180 0 0 0 0 0 0 0 0 0 0 
9 7 0 0 0 0 0 0 0 0 0 0 0 0 0 0 0 0 0 0 225812813 0 0 0 0 0 0 238189731 0 0 0 0 0 0 0 0 0 0 
50 50 0 0 0 0 0 0 0 0 0 0 0 0 0 0 0 0 0 0 0 0 0 0 0 0 428980312 0 0 0 0 0 0 0 0 0 0 0 
0 0 0 0 0 0 0 0 0 0 0 0 0 0 0 0 0 0 0 0 30887 0 0 0 0 0 0 271013 0 0 0 84 523096393 0 0 0 0 0 
2 0 0 0 0 0 0 0 0 0 0 0 0 0 0 0 0 0 0 0 0 0 0 0 446246783 0 0 0 0 0 0 0 0 0 0 0 0 0 
0 2 0 0 0 0 0 0 0 0 0 0 0 0 0 0 0 0 0 0 13154417 0 0 0 0 450176855 0 0 0 0 0 0 0 0 0 0 0 0 
0 0 0 0 0 0 0 0 0 0 0 0 0 0 0 0 0 0 0 0 0 597690 0 0 0 0 0 0 0 0 0 0 0 513784316 0 0 0 0 
22 20 0 0 0 0 0 0 0 0 0 0 0 0 0 0 0 0 0 0 0 0 0 0 0 0 437385307 0 0 0 0 0 0 0 0 0 0 0 
0 0 0 0 0 0 0 0 0 0 0 0 0 0 0 0 0 0 0 0 0 0 0 0 0 0 0 0 0 0 0 0 0 425992232 17 0 0 0 
8 14 0 0 0 0 0 0 0 0 0 0 0 0 0 0 0 0 0 0 0 490939489 0 0 0 0 0 0 0 0 0 0 0 0 0 0 0 0 
0 0 0 0 0 0 0 0 0 0 0 0 0 0 0 0 0 0 0 0 15635 0 0 0 0 0 0 0 0 0 0 0 0 0 0 0 476665623 0 
0 0 0 0 0 0 0 0 0 0 0 0 0 0 0 0 0 0 0 0 0 0 0 1269 0 0 0 16788 0 31 0 0 0 540543419 0 0 0 0 
0 0 0 0 0 0 0 0 0 0 0 0 0 0 0 0 0 0 0 0 0 0 0 0 0 0 0 0 0 0 0 0 0 0 0 0 0 423455984 
0 0 0 0 0 0 0 0 0 0 0 0 0 0 0 0 0 0 0 0 0 0 0 199 0 0 0 0 0 0 0 0 0 463650597 0 0 34948425 0 
9 4 0 0 0 0 0 0 0 0 0 0 0 0 0 0 0 0 0 0 0 478165541 0 0 0 0 0 0 0 0 0 0 0 0 0 0 0 0 
64 52 0 0 0 0 0 0 0 0 0 0 0 0 0 0 0 0 0 0 0 0 0 0 0 0 409877798 0 243850 0 0 0 0 0 0 0 0 0 
0 1 0 0 0 0 0 0 0 0 0 0 0 0 0 0 0 0 0 0 0 0 0 0 0 0 0 0 0 0 0 0 0 0 0 0 0 457630754 
0 0 0 0 0 0 0 0 0 0 0 0 0 0 0 0 0 0 0 0 0 0 0 0 0 0 2254136 0 0 0 0 0 0 0 0 0 461129661 0 
0 0 0 0 0 0 0 0 0 0 0 0 0 0 0 0 0 0 0 0 0 0 0 0 0 0 0 0 0 0 0 0 0 0 0 0 0 443315398 
0 0 0 0 0 0 0 0 0 0 0 0 0 0 0 0 0 0 0 0 0 0 0 0 0 0 0 0 56 0 0 0 0 0 0 0 0 532539180 
19 18 0 0 0 0 0 0 0 0 0 0 0 0 0 0 0 0 0 0 0 205935292 0 0 0 0 266630999 0 0 0 0 0 0 0 0 0 0 0 
59 77 0 0 0 0 0 0 0 0 0 0 0 0 0 0 0 0 0 0 0 0 0 0 265304787 0 0 0 0 0 0 0 0 0 0 0 0 0 
0 0 0 0 0 0 0 0 0 0 0 0 0 0 0 0 0 0 0 0 0 0 0 0 0 0 0 56187 0 0 0 0 0 457627622 0 0 0 0 
0 1 0 0 0 0 0 0 0 0 0 0 0 0 0 0 0 0 0 0 0 0 0 0 0 0 0 0 0 26 0 0 0 465051877 0 0 0 0 
3 6 0 0 0 0 0 0 0 0 0 0 0 0 0 0 0 0 0 0 0 0 0 0 0 460339199 0 0 0 0 0 0 0 0 0 0 0 0 
39 44 0 0 0 0 0 0 0 0 0 0 0 0 0 0 0 0 0 0 0 0 0 0 0 0 0 444217848 0 0 0 0 0 0 0 0 0 0 
0 0 0 0 0 0 0 0 0 0 0 0 0 0 0 0 0 0 0 0 0 0 0 0 0 2275831 0 0 0 0 0 0 0 0 0 0 525929448 0 
0 0 0 0 0 0 0 0 0 0 0 0 0 0 0 0 0 0 0 0 0 0 0 0 0 0 0 0 0 0 0 0 0 0 0 0 0 522466192 
0 0 0 0 0 0 0 0 0 0 0 0 0 0 0 0 0 0 0 0 0 0 0 0 0 0 81763 0 0 0 0 0 501915350 0 0 0 0 0 
0 0 0 0 0 0 0 0 0 0 0 0 0 0 0 0 0 0 0 0 0 0 0 0 0 0 0 0 0 0 0 0 0 0 0 0 446370005 0 
12 15 0 0 0 0 0 0 0 0 0 0 0 0 0 0 0 0 0 0 0 411303135 0 0 0 0 0 0 0 0 0 0 0 0 0 0 0 0 
0 0 0 0 0 0 0 0 0 0 0 0 0 0 0 0 0 0 0 0 0 0 0 0 0 0 0 0 0 0 0 0 447744904 0 0 0 0 0 
46 69 0 0 0 0 0 0 0 0 0 0 0 0 0 0 0 0 0 0 0 0 44259924 0 232670497 0 0 0 0 0 0 0 0 0 0 0 0 0 
11 14 0 0 0 0 0 0 0 0 0 0 0 0 0 0 0 0 0 0 517652816 0 0 0 0 0 0 0 0 0 0 0 0 0 0 0 0 0 
0 0 0 0 0 0 0 0 0 0 0 0 0 0 0 0 0 0 0 0 0 0 0 0 458491626 0 34098 0 0 0 0 0 0 0 105 0 0 0 
19 20 0 0 0 0 0 0 0 0 0 0 0 0 0 0 0 0 0 0 0 510228354 0 0 0 0 0 0 0 0 0 0 0 0 0 0 0 0 
75 58 0 0 0 0 0 0 0 0 0 0 0 0 0 0 0 0 0 0 0 0 0 0 0 0 322326772 0 0 0 0 0 0 0 0 0 0 0 
0 0 0 0 0 0 0 0 0 0 0 0 0 0 0 0 0 0 0 0 1908732 0 0 0 0 0 0 0 0 479 0 0 0 0 0 0 429038505 0 
5 5 0 0 0 0 0 0 0 0 0 0 0 0 0 0 0 0 0 0 0 0 0 0 0 528255160 5620079 0 0 0 0 0 0 0 0 0 0 0 
1 0 0 0 0 0 0 0 0 0 0 0 0 0 0 0 0 0 0 0 0 450791 0 0 0 18612617 0 0 0 0 0 0 0 0 0 0 0 504633783 
28 21 0 0 0 0 0 0 0 0 0 0 0 0 0 0 0 0 0 0 0 0 0 0 0 0 0 466023174 385483 0 0 0 0 0 0 0 0 0 
0 0 0 0 0 0 0 0 0 0 0 0 0 0 0 0 0 0 0 0 63073 0 0 0 0 0 0 0 0 0 0 0 502152142 0 0 0 0 0 
0 0 0 0 0 0 0 0 0 0 0 0 0 0 0 0 0 0 0 0 0 0 0 0 0 0 0 0 0 0 0 0 0 0 0 0 479778203 0 
0 0 0 0 0 0 0 0 0 0 0 0 0 0 0 0 0 0 0 0 0 0 0 0 0 0 0 0 0 0 0 0 0 0 0 0 409718878 0 
0 0 0 0 0 0 0 0 0 0 0 0 0 0 0 0 0 0 0 0 0 0 0 0 0 0 0 0 0 0 0 0 0 0 0 0 0 411600934 
0 0 0 0 0 0 0 0 0 0 0 0 0 0 0 0 0 0 0 0 0 0 0 0 0 0 0 0 0 0 0 0 0 0 0 0 0 440721524 
5 3 0 0 0 0 0 0 0 0 0 0 0 0 0 0 0 0 0 0 0 0 0 0 0 0 0 485804088 0 0 0 0 0 0 42 0 0 0 
2 7 0 0 0 0 0 0 0 0 0 0 0 0 0 0 0 0 0 0 0 0 0 0 0 531537906 0 0 0 0 0 0 0 0 0 0 0 0 
31 40 0 0 0 0 0 0 0 0 0 0 0 0 0 0 0 0 0 0 0 473505026 0 0 0 0 0 0 0 0 0 0 0 0 0 0 0 0 
13 13 0 0 0 0 0 0 0 0 0 0 0 0 0 0 0 0 0 0 526673352 0 0 0 0 0 0 0 0 0 0 0 0 0 0 0 0 0 
0 0 0 0 0 0 0 0 0 0 0 0 0 0 0 0 0 0 0 0 0 0 0 0 0 0 0 0 0 0 0 0 0 415222868 0 0 0 0 
40 29 0 0 0 0 0 0 0 0 0 0 0 0 0 0 0 0 0 0 439462381 0 0 0 0 0 0 0 0 0 0 0 0 0 0 0 0 0 
7 7 0 0 0 0 0 0 0 0 0 0 0 0 0 0 0 0 0 0 0 407204175 0 0 0 0 0 0 0 0 0 0 0 0 0 0 0 0 
24 22 0 0 0 0 0 0 0 0 0 0 0 0 0 0 0 0 0 0 0 0 0 0 0 0 408098767 0 0 0 0 0 0 0 0 0 0 0 
0 0 0 0 0 0 0 0 0 0 0 0 0 0 0 0 0 0 0 0 0 0 0 0 0 0 0 0 0 0 0 0 0 0 0 5 507607647 0 
20 20 0 0 0 0 0 0 0 0 0 0 0 0 0 0 0 0 0 0 399471200 72927425 0 0 0 0 0 0 0 0 0 0 0 0 0 0 0 0 
0 0 0 0 0 0 0 0 0 0 0 0 0 0 0 0 0 0 0 0 0 0 0 0 0 0 0 0 0 0 0 0 481061928 0 0 0 0 0 
6 7 0 0 0 0 0 0 0 0 0 0 0 0 0 0 0 0 0 0 329772411 0 0 65671 0 0 0 115715563 0 0 0 0 0 0 0 0 0 0 
0 0 0 0 0 0 0 0 0 0 0 0 0 0 0 0 0 0 0 0 0 0 0 0 0 0 0 0 0 0 0 0 0 0 0 0 0 491516862 
0 1 0 0 0 0 0 0 0 0 0 0 0 0 0 0 0 0 0 0 0 0 0 0 0 0 0 0 0 0 0 0 0 0 0 0 498717932 0 
21 34 0 0 0 0 0 0 0 0 0 0 0 0 0 0 0 0 0 0 0 509575474 0 0 0 0 0 0 0 0 0 0 0 0 0 0 0 0 
35 24 0 0 0 0 0 0 0 0 0 0 0 0 0 0 0 0 0 0 0 0 0 0 0 0 0 424044605 0 0 0 0 0 0 0 0 0 0 
0 0 0 0 0 0 0 0 0 0 0 0 0 0 0 0 0 0 0 0 0 58056 0 0 0 0 0 0 0 0 0 0 0 518923081 0 0 0 0 
54 65 0 0 0 0 0 0 0 0 0 0 0 0 0 0 0 0 0 0 0 0 0 0 0 0 0 538768606 0 0 0 0 0 0 0 0 0 0 
1 1 0 0 0 0 0 0 0 0 0 0 0 0 0 0 0 0 0 0 0 0 0 0 306322368 200534334 0 5233136 0 0 0 0 0 0 0 0 0 0 
0 0 0 0 0 0 0 0 0 0 0 0 0 0 0 0 0 0 0 0 0 0 0 0 0 0 0 0 0 0 0 0 426978770 0 0 0 0 0 
0 1 0 0 0 0 0 0 0 0 0 0 0 0 0 0 0 0 0 0 0 0 0 0 492458605 0 0 0 0 0 0 0 0 0 139 0 0 0 
2 3 0 0 0 0 0 0 0 0 0 0 0 0 0 0 0 0 0 0 0 0 0 0 0 538032771 0 0 0 0 0 0 0 0 0 0 0 0 
6 6 0 0 0 0 0 0 0 0 0 0 0 0 0 0 0 0 0 0 0 0 0 3016759 500316156 0 0 0 0 0 0 0 0 0 0 0 0 0 
0 0 0 0 0 0 0 0 0 0 0 0 0 0 0 0 0 0 0 0 6612878 0 0 0 0 0 0 0 0 0 0 0 0 0 0 0 495614342 0 
0 0 0 0 0 0 0 0 0 0 0 0 0 0 0 0 0 0 0 0 28678 0 0 0 0 0 0 0 0 0 0 0 0 436915097 0 0 0 0 
0 0 0 0 0 0 0 0 0 0 0 0 0 0 0 0 0 0 0 0 0 0 0 0 0 37968 0 0 0 0 0 0 419250370 0 0 0 0 0 
0 0 0 0 0 0 0 0 0 0 0 0 0 0 0 0 0 0 0 0 0 0 0 0 0 0 0 0 0 0 0 0 0 461974448 0 0 0 60176475 
26 45 0 0 0 0 0 0 0 0 0 0 0 0 0 0 0 0 0 0 0 232650628 0 0 0 0 306303780 0 0 0 0 94573 0 0 0 0 0 0 
0 0 0 0 0 0 0 0 0 0 0 0 0 0 0 0 0 0 0 0 0 1536171 0 0 0 0 0 0 0 0 0 0 0 0 0 0 495824500 0 
2 3 0 0 0 0 0 0 0 0 0 0 0 0 0 0 0 0 0 0 0 104856331 0 0 0 0 0 0 0 0 0 0 398990910 0 50 0 0 0 
0 0 0 0 0 0 0 0 0 0 0 0 0 0 0 0 0 0 0 0 0 0 0 0 0 0 0 0 0 0 0 0 431365034 0 0 0 0 0 
1 1 0 0 0 0 0 0 0 0 0 0 0 0 0 0 0 0 0 0 0 0 0 0 0 414303953 0 0 0 0 0 0 0 0 0 0 0 0 
1 0 0 0 0 0 0 0 0 0 0 0 0 0 0 0 0 0 0 0 0 82638907 0 0 0 444910127 0 0 0 0 0 0 0 0 0 0 0 0 
0 0 0 0 0 0 0 0 0 0 0 0 0 0 0 0 0 0 0 0 0 0 0 0 0 0 0 0 0 0 0 0 0 0 0 0 474675835 0 
0 0 0 0 0 0 0 0 0 0 0 0 0 0 0 0 0 0 0 0 0 0 0 0 0 0 0 0 0 0 2994 0 510028032 0 0 0 0 0 
0 1 0 0 0 0 0 0 0 0 0 0 0 0 0 0 0 0 0 0 0 0 0 0 0 0 0 0 0 0 0 0 0 0 0 0 0 473824621 
0 0 0 0 0 0 0 0 0 0 0 0 0 0 0 0 0 0 0 0 0 0 0 0 439573954 0 0 10848083 0 0 0 0 0 0 0 0 0 0 
17 14 0 0 0 0 0 0 0 0 0 0 0 0 0 0 0 0 0 0 0 486492919 0 0 0 0 0 0 0 0 0 0 0 0 0 0 0 0 
0 0 0 0 0 0 0 0 0 0 0 0 0 0 0 0 0 0 0 0 0 0 0 0 0 0 0 0 0 0 0 0 481225841 0 0 0 0 0 
0 0 0 0 0 0 0 0 0 0 0 0 0 0 0 0 0 0 0 0 0 0 0 5371 0 0 0 0 0 0 0 0 0 0 0 0 537478000 0 
0 0 0 0 0 0 0 0 0 0 0 0 0 0 0 0 0 0 0 0 0 321284 0 0 0 13277010 0 0 0 0 0 0 0 0 0 0 459470466 0 
3 4 0 0 0 0 0 0 0 0 0 0 0 0 0 0 0 0 0 0 0 0 0 0 506158076 0 3618182 0 0 0 0 0 0 0 0 0 0 0 
0 0 0 0 0 0 0 0 0 0 0 0 0 0 0 0 0 0 0 0 0 0 0 0 0 0 0 0 0 0 0 60 417086414 0 0 0 0 0 
0 0 0 0 0 0 0 0 0 0 0 0 0 0 0 0 0 0 0 0 0 0 0 0 0 5263431 0 0 0 0 0 0 0 485515809 0 0 0 0 
4 2 0 0 0 0 0 0 0 0 0 0 0 0 0 0 0 0 0 0 0 0 0 0 0 0 0 0 0 0 0 0 0 0 0 0 0 486601460 
0 0 0 0 0 0 0 0 0 0 0 0 0 0 0 0 0 0 0 0 0 0 0 0 0 0 0 0 0 0 0 0 410064670 0 0 0 0 0 
0 0 0 0 0 0 0 0 0 0 0 0 0 0 0 0 0 0 0 0 0 0 121537 0 0 0 0 0 0 0 0 0 0 0 0 0 0 502143922 
0 1 0 0 0 0 0 0 0 0 0 0 0 0 0 0 0 0 0 0 0 0 0 0 503397689 0 0 0 0 0 0 0 0 0 0 0 0 0 
6 6 0 0 0 0 0 0 0 0 0 0 0 0 0 0 0 0 0 0 0 0 0 0 509427311 0 0 0 0 0 0 0 0 0 0 0 0 0 
0 0 0 0 0 0 0 0 0 0 0 0 0 0 0 0 0 0 0 0 369776 0 0 0 0 0 0 0 0 0 0 0 0 0 0 0 448994193 0 
12 9 0 0 0 0 0 0 0 0 0 0 0 0 0 0 0 0 0 0 0 437128066 0 0 0 0 0 0 0 0 0 0 0 0 0 0 0 0 
0 0 0 0 0 0 0 0 0 0 0 0 0 0 0 0 0 0 0 0 0 0 0 0 0 0 0 0 0 0 0 0 0 0 0 0 0 451685710 
0 1 0 0 0 0 0 0 0 0 0 0 0 0 0 0 0 0 0 0 0 272512 0 0 0 0 0 0 0 0 0 0 0 441782994 0 0 0 0 
0 0 0 0 0 0 0 0 0 0 0 0 0 0 0 0 0 0 0 0 0 0 0 0 0 0 0 0 0 0 0 0 0 0 0 0 416986906 0 
0 0 0 0 0 0 0 0 0 0 0 0 0 0 0 0 0 0 0 0 0 0 34219 0 409296250 0 0 0 0 0 0 0 0 0 0 0 0 0 
63 49 0 0 0 0 0 0 0 0 0 0 0 0 0 0 0 0 0 0 326871323 0 0 0 0 0 0 156226151 0 0 0 0 0 0 0 0 0 0 
3 0 0 0 0 0 0 0 0 0 0 0 0 0 0 0 0 0 0 0 0 0 0 0 0 505543512 0 31336707 0 0 0 11430 0 0 0 0 0 0 
0 0 0 0 0 0 0 0 0 0 0 0 0 0 0 0 0 0 0 0 0 0 0 0 0 0 0 109535 0 0 0 0 0 0 0 0 0 490054410 
7 4 0 0 0 0 0 0 0 0 0 0 0 0 0 0 0 0 0 0 0 0 0 0 439527223 0 0 0 0 0 0 0 0 0 0 0 0 0 
0 0 0 0 0 0 0 0 0 0 0 0 0 0 0 0 0 0 0 0 0 0 0 0 0 0 0 0 0 0 0 0 0 500283760 0 0 0 0 
0 0 0 0 0 0 0 0 0 0 0 0 0 0 0 0 0 0 0 0 0 0 0 0 0 0 0 0 0 0 0 0 0 0 0 0 0 492977157 
0 0 0 0 0 0 0 0 0 0 0 0 0 0 0 0 0 0 0 0 0 0 0 0 0 0 0 0 0 0 0 1293 0 0 0 0 499876176 0 
0 0 0 0 0 0 0 0 0 0 0 0 0 0 0 0 0 0 0 0 0 0 0 0 0 0 0 0 0 0 0 0 0 0 0 0 30395609 450083735 
1 0 0 0 0 0 0 0 0 0 0 0 0 0 0 0 0 0 0 0 0 0 0 0 136582691 366511374 0 0 0 0 0 0 0 0 11 0 0 0 
0 0 0 0 0 0 0 0 0 0 0 0 0 0 0 0 0 0 0 0 0 0 0 0 0 0 0 0 0 0 0 0 0 0 0 0 521372804 0 
0 0 0 0 0 0 0 0 0 0 0 0 0 0 0 0 0 0 0 0 0 0 0 0 0 0 0 0 0 0 0 0 0 433009288 0 0 0 0 
0 0 0 0 0 0 0 0 0 0 0 0 0 0 0 0 0 0 0 0 0 0 0 0 0 0 0 0 0 0 0 0 0 0 0 0 0 469906047 
0 0 0 0 0 0 0 0 0 0 0 0 0 0 0 0 0 0 0 0 0 0 0 0 0 0 0 0 0 0 0 0 0 505449216 0 0 0 0 
0 0 0 0 0 0 0 0 0 0 0 0 0 0 0 0 0 0 0 0 0 0 0 0 0 0 0 0 0 0 0 0 0 444422882 0 0 0 0 
0 0 0 0 0 0 0 0 0 0 0 0 0 0 0 0 0 0 0 0 0 0 0 0 0 445989 0 0 0 0 0 0 0 0 0 0 332566396 111298715 
13 16 0 0 0 0 0 0 0 0 0 0 0 0 0 0 0 0 0 0 0 18284342 0 0 463170919 0 0 0 43884 20284 0 0 0 0 2032 0 0 0 
4 2 0 0 0 0 0 0 0 0 0 0 0 0 0 0 0 0 0 0 0 0 0 0 0 495020705 0 0 0 2733 0 0 0 0 0 0 0 0 
58 31 0 0 0 0 0 0 0 0 0 0 0 0 0 0 0 0 0 0 0 450663946 28178472 0 0 0 0 0 0 0 0 0 0 0 0 0 0 0 
2 1 0 0 0 0 0 0 0 0 0 0 0 0 0 0 0 0 0 0 0 0 0 0 0 454764603 0 0 0 0 0 0 0 0 0 62 0 0 
28 37 0 0 0 0 0 0 0 0 0 0 0 0 0 0 0 0 0 0 0 0 0 0 0 0 0 440205841 0 0 0 0 0 0 0 0 0 0 
7 6 0 0 0 0 0 0 0 0 0 0 0 0 0 0 0 0 0 0 0 0 0 0 478919591 0 0 0 0 0 0 0 0 0 0 0 0 0 
2 6 0 0 0 0 0 0 0 0 0 0 0 0 0 0 0 0 0 0 0 0 0 0 489302516 0 13848734 0 0 0 0 0 0 0 0 0 0 0 
0 0 0 0 0 0 0 0 0 0 0 0 0 0 0 0 0 0 0 0 0 0 0 0 98531665 0 0 0 0 0 0 0 0 0 0 0 0 347468773 
5 5 0 0 0 0 0 0 0 0 0 0 0 0 0 0 0 0 0 0 0 0 0 0 500863138 0 0 0 0 0 0 0 0 0 0 0 0 0 
0 0 0 0 0 0 0 0 0 0 0 0 0 0 0 0 0 0 0 0 0 0 11233 0 0 0 0 0 0 0 0 0 387162422 0 0 0 52344491 0 
0 0 0 0 0 0 0 0 0 0 0 0 0 0 0 0 0 0 0 0 0 0 0 0 446940 0 0 0 0 0 0 0 493107874 0 0 0 0 0 
1 0 0 0 0 0 0 0 0 0 0 0 0 0 0 0 0 0 0 0 0 0 0 0 0 0 0 0 0 0 0 283 0 0 0 0 0 433109583 
0 0 0 0 0 0 0 0 0 0 0 0 0 0 0 0 0 0 0 0 0 666408 0 0 0 0 0 0 0 0 0 0 470378498 0 0 0 0 0 
68 69 0 0 0 0 0 0 0 0 0 0 0 0 0 0 0 0 0 0 0 0 0 0 0 0 355943527 0 0 0 0 0 0 0 0 0 0 0 
13 14 0 0 0 0 0 0 0 0 0 0 0 0 0 0 0 0 0 0 0 0 0 0 0 0 0 462065045 0 0 0 0 0 0 0 0 0 0 
3 2 0 0 0 0 0 0 0 0 0 0 0 0 0 0 0 0 0 0 0 0 0 0 0 495150260 0 0 0 0 0 0 0 0 0 0 0 0 
2 2 0 0 0 0 0 0 0 0 0 0 0 0 0 0 0 0 0 0 0 0 0 0 0 471342875 0 64843461 0 0 0 0 0 0 0 0 0 0 
0 0 0 0 0 0 0 0 0 0 0 0 0 0 0 0 0 0 0 0 0 0 0 0 0 17859974 0 1630593 0 0 0 0 0 0 0 0 484567025 0 
0 5 0 0 0 0 0 0 0 0 0 0 0 0 0 0 0 0 0 0 5854317 0 0 0 0 0 0 0 0 0 0 0 0 400997480 46 0 0 0 
40 30 0 0 0 0 0 0 0 0 0 0 0 0 0 0 0 0 0 0 0 0 0 0 0 0 0 528032976 0 61326 0 0 0 0 0 0 0 0 
20 9 0 0 0 0 0 0 0 0 0 0 0 0 0 0 0 0 0 0 334792378 0 0 0 0 0 114121606 0 0 0 0 0 0 0 0 0 0 0 
0 0 0 0 0 0 0 0 0 0 0 0 0 0 0 0 0 0 0 0 0 0 0 0 0 0 0 0 0 0 0 0 0 0 0 0 452136773 0 
0 0 0 0 0 0 0 0 0 0 0 0 0 0 0 0 0 0 0 0 2398852 0 0 0 0 0 0 0 0 0 0 0 0 0 0 0 419453871 0 
1 2 0 0 0 0 0 0 0 0 0 0 0 0 0 0 0 0 0 0 0 0 0 0 485657620 0 0 31443431 0 0 0 0 0 0 0 0 0 0 
0 0 0 0 0 0 0 0 0 0 0 0 0 0 0 0 0 0 0 0 0 0 0 45734 0 0 0 0 0 0 0 0 539979495 0 0 0 0 0 
0 0 0 0 0 0 0 0 0 0 0 0 0 0 0 0 0 0 0 0 0 0 0 0 0 0 0 0 0 0 0 0 0 0 0 0 0 483514010 
0 0 0 0 0 0 0 0 0 0 0 0 0 0 0 0 0 0 0 0 67954 0 0 0 0 0 0 0 0 0 0 0 0 466035066 0 0 0 0 
44 55 0 0 0 0 0 0 0 0 0 0 0 0 0 0 0 0 0 0 0 347734994 0 0 0 0 0 0 0 0 0 0 0 0 0 0 0 0 
4 5 0 0 0 0 0 0 0 0 0 0 0 0 0 0 0 0 0 0 295812856 154763075 0 11623886 0 0 0 0 0 0 0 213470 0 0 0 0 0 0 
0 0 0 0 0 0 0 0 0 0 0 0 0 0 0 0 0 0 0 0 3281131 0 0 0 0 0 0 0 0 0 0 0 0 0 0 2 474446665 0 
0 0 0 0 0 0 0 0 0 0 0 0 0 0 0 0 0 0 0 0 0 0 0 1400 0 0 0 0 0 0 0 0 0 479106690 0 0 0 0 
0 0 0 0 0 0 0 0 0 0 0 0 0 0 0 0 0 0 0 0 0 0 0 0 0 0 0 0 0 0 0 0 0 516694793 0 0 0 0 
7 7 0 0 0 0 0 0 0 0 0 0 0 0 0 0 0 0 0 0 447353244 0 0 0 0 0 0 0 0 0 0 0 0 0 0 0 0 0 
0 0 0 0 0 0 0 0 0 0 0 0 0 0 0 0 0 0 0 0 0 0 0 0 0 13116875 0 0 0 0 0 0 0 310440198 0 0 115834767 0 
0 0 0 0 0 0 0 0 0 0 0 0 0 0 0 0 0 0 0 0 0 0 0 0 10184837 0 0 0 0 0 0 0 0 409102344 0 0 0 0 
0 0 0 0 0 0 0 0 0 0 0 0 0 0 0 0 0 0 0 0 0 0 0 0 0 1839683 0 0 0 0 0 0 0 433383455 0 0 0 0 
59 75 0 0 0 0 0 0 0 0 0 0 0 0 0 0 0 0 0 0 385739752 0 0 0 0 0 0 0 0 0 0 0 0 0 0 0 0 0 
3 3 0 0 0 0 0 0 0 0 0 0 0 0 0 0 0 0 0 0 0 0 0 0 0 0 0 21516404 0 0 0 0 0 0 0 0 496445930 0 
25 31 0 0 0 0 0 0 0 0 0 0 0 0 0 0 0 0 0 0 0 0 0 0 0 0 0 434904644 0 0 0 0 0 0 0 0 0 0 
2 3 0 0 0 0 0 0 0 0 0 0 0 0 0 0 0 0 0 0 0 0 0 0 467884682 0 0 0 0 0 0 0 0 0 0 0 0 0 
2 3 0 0 0 0 0 0 0 0 0 0 0 0 0 0 0 0 0 0 0 65983761 0 0 0 0 322988186 20149639 0 0 0 0 0 0 0 0 0 0 
1 2 0 0 0 0 0 0 0 0 0 0 0 0 0 0 0 0 0 0 0 0 0 0 0 397552450 0 7810548 0 0 0 0 0 0 0 0 0 0 
15 14 0 0 0 0 0 0 0 0 0 0 0 0 0 0 0 0 0 0 516967350 0 0 0 0 0 0 0 0 0 0 0 0 0 0 0 0 0 
0 0 0 0 0 0 0 0 0 0 0 0 0 0 0 0 0 0 0 0 0 6806301 108622 0 0 0 0 357548 0 0 0 2085 0 0 0 0 470892816 0 
10 10 0 0 0 0 0 0 0 0 0 0 0 0 0 0 0 0 0 0 0 419838611 0 0 0 0 0 0 0 0 0 0 0 0 0 0 0 0 
43 32 0 0 0 0 0 0 0 0 0 0 0 0 0 0 0 0 0 0 0 0 0 0 0 0 0 468446865 0 0 0 0 0 0 0 0 0 0 
43 41 0 0 0 0 0 0 0 0 0 0 0 0 0 0 0 0 0 0 0 494043335 555789 0 0 0 0 0 0 0 0 0 0 0 0 0 0 0 
40 33 0 0 0 0 0 0 0 0 0 0 0 0 0 0 0 0 0 0 0 437725661 0 0 0 0 0 0 0 0 0 0 0 0 0 0 0 0 
18 23 0 0 0 0 0 0 0 0 0 0 0 0 0 0 0 0 0 0 0 0 0 0 0 0 427424781 0 0 0 0 0 0 0 0 0 0 0 
0 0 0 0 0 0 0 0 0 0 0 0 0 0 0 0 0 0 0 0 0 0 0 0 0 0 0 0 0 0 0 0 0 487527854 0 0 0 0 
48 42 0 0 0 0 0 0 0 0 0 0 0 0 0 0 0 0 0 0 0 0 0 0 432854694 0 0 0 0 0 0 0 0 0 0 0 0 0 
0 0 0 0 0 0 0 0 0 0 0 0 0 0 0 0 0 0 0 0 0 0 0 0 0 0 0 0 0 0 0 0 0 0 0 0 0 529360731 
0 0 0 0 0 0 0 0 0 0 0 0 0 0 0 0 0 0 0 0 0 0 0 0 0 0 0 0 0 0 0 0 0 0 0 0 455707857 0 
3 3 0 0 0 0 0 0 0 0 0 0 0 0 0 0 0 0 0 0 0 436433443 0 0 0 0 0 0 0 0 0 0 0 0 0 0 0 0 
0 0 0 0 0 0 0 0 0 0 0 0 0 0 0 0 0 0 0 0 0 0 0 0 0 0 0 0 0 0 110 0 38160937 385992499 0 0 0 0 
4 5 0 0 0 0 0 0 0 0 0 0 0 0 0 0 0 0 0 0 0 0 0 0 0 501786251 0 0 0 0 0 0 0 0 0 0 0 0 
6 4 0 0 0 0 0 0 0 0 0 0 0 0 0 0 0 0 0 0 0 0 0 992173 482317886 0 0 0 0 0 64396 0 0 0 0 0 0 0 
7 15 0 0 0 0 0 0 0 0 0 0 0 0 0 0 0 0 0 0 0 0 0 0 0 0 461665336 7199420 0 0 0 0 0 0 0 0 0 0 
0 0 0 0 0 0 0 0 0 0 0 0 0 0 0 0 0 0 0 0 0 303357 0 0 0 0 0 0 0 0 0 0 0 460839110 0 0 0 0 
0 0 0 0 0 0 0 0 0 0 0 0 0 0 0 0 0 0 0 0 0 0 0 0 0 0 0 0 0 0 0 0 475302589 0 0 0 0 0 
41 47 0 0 0 0 0 0 0 0 0 0 0 0 0 0 0 0 0 0 0 408349420 0 0 0 0 0 0 0 0 0 0 0 0 0 0 0 0 
0 1 0 0 0 0 0 0 0 0 0 0 0 0 0 0 0 0 0 0 0 0 0 0 0 0 0 0 0 0 0 0 0 0 0 0 0 475551947 
15 19 0 0 0 0 0 0 0 0 0 0 0 0 0 0 0 0 0 0 0 0 0 0 0 0 407776216 0 0 0 0 0 0 0 0 0 0 0 
17 17 0 0 0 0 0 0 0 0 0 0 0 0 0 0 0 0 0 0 0 0 0 0 0 0 0 451580805 0 0 0 0 0 0 0 0 0 0 
14 15 0 0 0 0 0 0 0 0 0 0 0 0 0 0 0 0 0 0 0 511544609 0 0 0 0 0 0 0 0 0 0 0 0 0 0 0 0 
25 36 0 0 0 0 0 0 0 0 0 0 0 0 0 0 0 0 0 0 420762767 0 0 0 0 0 0 0 0 0 0 0 0 0 0 0 0 0 
16 16 0 0 0 0 0 0 0 0 0 0 0 0 0 0 0 0 0 0 0 0 0 0 0 0 457482901 0 0 0 0 0 0 0 0 0 0 0 
3 5 0 0 0 0 0 0 0 0 0 0 0 0 0 0 0 0 0 0 0 474166721 0 0 0 0 0 0 0 0 0 0 0 0 0 0 0 0 
2 2 0 0 0 0 0 0 0 0 0 0 0 0 0 0 0 0 0 0 0 0 0 0 455511111 0 0 0 0 0 0 7085 0 0 0 0 0 0 
9 8 0 0 0 0 0 0 0 0 0 0 0 0 0 0 0 0 0 0 0 409931843 0 0 0 0 0 0 0 0 0 0 0 0 0 0 0 0 
0 0 0 0 0 0 0 0 0 0 0 0 0 0 0 0 0 0 0 0 0 0 29 0 0 0 0 0 0 0 0 0 0 434518304 0 0 0 0 
5 2 0 0 0 0 0 0 0 0 0 0 0 0 0 0 0 0 0 0 0 0 0 0 0 539736351 0 0 0 0 0 0 0 0 0 0 0 0 
0 0 0 0 0 0 0 0 0 0 0 0 0 0 0 0 0 0 0 0 0 0 0 0 435299704 0 0 0 0 0 0 0 0 0 0 0 0 0 
1 2 0 0 0 0 0 0 0 0 0 0 0 0 0 0 0 0 0 0 25199266 0 0 0 0 443718609 0 0 0 0 0 0 0 0 0 0 0 0 
0 0 0 0 0 0 0 0 0 0 0 0 0 0 0 0 0 0 0 0 0 0 0 0 0 0 0 0 0 0 0 0 0 493963165 0 0 0 0 
0 1 0 0 0 0 0 0 0 0 0 0 0 0 0 0 0 0 0 0 0 0 0 0 509212936 0 0 0 0 0 0 0 0 0 0 0 0 0 
16 22 0 0 0 0 0 0 0 0 0 0 0 0 0 0 0 0 0 0 0 519925371 0 0 0 0 0 0 0 0 0 0 0 0 0 0 0 0 
0 0 0 0 0 0 0 0 0 0 0 0 0 0 0 0 0 0 0 0 0 0 0 0 0 0 0 0 0 0 0 0 0 0 0 0 497186009 0 
0 0 0 0 0 0 0 0 0 0 0 0 0 0 0 0 0 0 0 0 0 0 0 0 0 0 0 0 0 0 0 0 0 0 0 0 469124171 0 
0 2 0 0 0 0 0 0 0 0 0 0 0 0 0 0 0 0 0 0 0 0 0 0 0 494114786 0 0 0 0 0 0 0 0 0 0 0 0 
4 7 0 0 0 0 0 0 0 0 0 0 0 0 0 0 0 0 0 0 0 499367971 0 0 0 0 0 0 0 0 0 0 0 0 0 0 0 0 
39 45 0 0 0 0 0 0 0 0 0 0 0 0 0 0 0 0 0 0 0 0 0 0 0 0 0 439993528 0 0 0 0 0 0 0 0 0 0 
36 26 0 0 0 0 0 0 0 0 0 0 0 0 0 0 0 0 0 0 0 417338522 0 0 0 0 0 0 0 0 0 0 0 0 0 0 0 0 
0 0 0 0 0 0 0 0 0 0 0 0 0 0 0 0 0 0 0 0 0 0 0 0 0 0 0 0 0 0 0 0 161733106 0 0 0 349307079 0 
2 2 0 0 0 0 0 0 0 0 0 0 0 0 0 0 0 0 0 0 0 0 0 0 0 0 0 443238443 0 0 0 0 0 0 0 0 0 0 
8 2 0 0 0 0 0 0 0 0 0 0 0 0 0 0 0 0 0 0 0 0 0 0 0 0 455734131 0 0 0 0 0 0 0 0 0 0 0 
1 0 0 0 0 0 0 0 0 0 0 0 0 0 0 0 0 0 0 0 0 0 0 0 0 0 58267 0 0 0 0 0 0 0 0 0 0 461561699 
5 3 0 0 0 0 0 0 0 0 0 0 0 0 0 0 0 0 0 0 0 0 0 0 421499897 0 0 0 0 0 0 0 0 0 0 0 0 0 
0 0 0 0 0 0 0 0 0 0 0 0 0 0 0 0 0 0 0 0 0 0 0 0 0 0 0 0 0 0 0 0 441831337 0 0 0 0 0 
0 0 0 0 0 0 0 0 0 0 0 0 0 0 0 0 0 0 0 0 283015 0 0 0 0 0 0 0 0 0 0 0 0 0 0 0 0 490133127 
52 64 0 0 0 0 0 0 0 0 0 0 0 0 0 0 0 0 0 0 0 0 0 19654621 0 0 417779903 0 0 0 0 0 0 0 0 0 0 0 
0 0 0 0 0 0 0 0 0 0 0 0 0 0 0 0 0 0 0 0 0 0 0 0 0 4109836 0 0 0 0 0 0 431622596 0 0 0 0 0 
7 5 0 0 0 0 0 0 0 0 0 0 0 0 0 0 0 0 0 0 0 0 0 0 0 442559541 0 0 0 0 0 0 0 0 0 0 0 0 
25 19 0 0 0 0 0 0 0 0 0 0 0 0 0 0 0 0 0 0 0 491783781 0 0 0 0 0 0 0 0 0 0 0 0 0 0 0 0 
9 17 0 0 0 0 0 0 0 0 0 0 0 0 0 0 0 0 0 0 0 0 0 0 0 0 20811827 399465718 0 0 0 0 0 0 0 0 0 0 
9 17 0 0 0 0 0 0 0 0 0 0 0 0 0 0 0 0 0 0 399155376 0 0 0 0 0 79034973 0 0 0 0 0 0 0 0 0 0 0 
2 1 0 0 0 0 0 0 0 0 0 0 0 0 0 0 0 0 0 0 0 0 0 0 0 507804926 0 7981432 0 0 0 0 0 0 0 0 0 0 
0 0 0 0 0 0 0 0 0 0 0 0 0 0 0 0 0 0 0 0 0 0 0 0 0 849842 0 0 0 0 0 0 0 0 0 0 431440710 0 
45 25 0 0 0 0 0 0 0 0 0 0 0 0 0 0 0 0 0 0 0 100999386 0 0 0 0 0 317030608 0 0 0 0 0 0 0 0 0 0 
1 0 0 0 0 0 0 0 0 0 0 0 0 0 0 0 0 0 0 0 0 0 0 0 0 0 0 0 0 0 0 0 0 0 0 0 468266642 0 
2 5 0 0 0 0 0 0 0 0 0 0 0 0 0 0 0 0 0 0 0 0 0 0 432172172 0 0 0 0 0 0 0 0 0 0 0 0 0 
0 0 0 0 0 0 0 0 0 0 0 0 0 0 0 0 0 0 0 0 0 0 0 0 0 0 0 0 0 0 0 0 0 510985304 0 0 0 0 
0 0 0 0 0 0 0 0 0 0 0 0 0 0 0 0 0 0 0 0 0 0 0 0 0 0 0 0 0 0 0 0 0 0 0 0 0 493325322 
0 0 0 0 0 0 0 0 0 0 0 0 0 0 0 0 0 0 0 0 0 884307 0 0 0 0 0 0 0 0 0 0 412394332 0 0 0 0 0 
0 0 0 0 0 0 0 0 0 0 0 0 0 0 0 0 0 0 0 0 0 0 0 0 0 0 0 0 0 0 0 0 0 0 0 0 0 471754305 
1 0 0 0 0 0 0 0 0 0 0 0 0 0 0 0 0 0 0 0 0 0 0 0 514730720 0 0 16692334 0 0 0 0 0 0 0 0 0 0 
4 9 0 0 0 0 0 0 0 0 0 0 0 0 0 0 0 0 0 0 0 235478786 0 0 0 0 197444254 0 0 0 0 0 0 0 0 0 0 0 
0 1 0 0 0 0 0 0 0 0 0 0 0 0 0 0 0 0 0 0 0 0 0 22195 0 0 5048675 0 0 0 308 0 0 0 12 0 507478771 0 
11 3 0 0 0 0 0 0 0 0 0 0 0 0 0 0 0 0 0 0 175764602 0 0 0 0 0 294898718 0 0 0 0 0 0 0 0 0 0 0 
34 32 0 0 0 0 0 0 0 0 0 0 0 0 0 0 0 0 0 0 0 0 0 0 0 0 538818846 0 0 0 0 0 0 0 0 0 0 0 
0 0 0 0 0 0 0 0 0 0 0 0 0 0 0 0 0 0 0 0 1130454 0 0 0 0 0 0 0 0 0 0 0 0 0 0 0 0 507705247 
9 5 0 0 0 0 0 0 0 0 0 0 0 0 0 0 0 0 0 0 0 426961369 0 0 0 0 0 0 0 0 0 0 0 0 0 0 0 0 
0 0 0 0 0 0 0 0 0 0 0 0 0 0 0 0 0 0 0 0 0 0 0 0 0 0 0 0 0 0 0 0 0 499279676 0 0 0 0 
0 0 0 0 0 0 0 0 0 0 0 0 0 0 0 0 0 0 0 0 0 0 0 0 0 0 0 0 0 0 0 0 0 464300784 0 0 0 0 
0 0 0 0 0 0 0 0 0 0 0 0 0 0 0 0 0 0 0 0 0 0 0 0 0 0 0 0 90 0 0 0 0 0 0 0 509132454 0 
0 0 0 0 0 0 0 0 0 0 0 0 0 0 0 0 0 0 0 0 0 44665 0 0 0 0 0 0 0 0 0 0 409934865 0 0 0 0 0 
0 0 0 0 0 0 0 0 0 0 0 0 0 0 0 0 0 0 0 0 0 0 0 0 0 0 747293 0 0 0 0 0 0 0 0 0 520445357 0 
0 0 0 0 0 0 0 0 0 0 0 0 0 0 0 0 0 0 0 0 0 0 0 0 0 0 0 0 93 0 0 0 0 0 0 0 217802934 189667158 
16 8 0 0 0 0 0 0 0 0 0 0 0 0 0 0 0 0 0 0 0 0 0 0 0 455419824 33605424 0 0 0 0 0 0 0 0 0 0 0 
1 0 0 0 0 0 0 0 0 0 0 0 0 0 0 0 0 0 0 0 1296504 0 0 200949 0 484058022 0 0 0 0 0 0 0 0 0 0 0 0 
