4.7e-09 20.4062 2.01562 9 3 413569805 2 118765160
4.7e-09 21.0938 1.89062 9.03125 5 382694013 11 44484091
4.7e-09 22.4688 1.98438 8.95312 19 502370489 24 0
4.7e-09 21.9844 1.82812 8.9375 17 0 13 442937145
4.7e-09 22.5 1.92188 9.07812 28 0 26 474673129
4.7e-09 20.625 2.73438 8.96875 0 473533489 4 25596152
4.7e-09 21.0625 1.85938 9 7 246467111 8 197094754
4.7e-09 21.4844 2.21875 9.09375 6 124742828 14 423447705
4.7e-09 20.4844 2.42188 8.95312 4 43102769 2 420251611
4.7e-09 22 1.85938 8.98438 16 74610372 13 364311774
4.7e-09 22.0469 2.375 9.10938 16 299193131 25 246875550
4.7e-09 23.4844 1.8125 9.25 71 425470467 59 0
4.7e-09 21.2969 2.5625 9.25 7 433471846 8 124186762
4.7e-09 21 1.84375 8.96875 7 369116199 5 127425606
4.7e-09 22.2031 1.95312 9.1875 16 426076742 19 0
4.7e-09 22.125 2.04688 9.0625 11 484158785 14 0
4.7e-09 21.8281 2.54688 9.20312 10 262631167 14 170612995
4.7e-09 infty 2.34375 9.0625 713 0 738 0
4.7e-09 21.5625 2.42188 8.9375 14 309218347 14 174761746
4.7e-09 20.4844 2.21875 9.09375 3 451601128 6 13080322
4.7e-09 23 2.29688 8.96875 52 520913202 47 0
4.7e-09 21.6094 2.21875 9.10938 8 99842925 9 348672452
4.7e-09 24.2031 2.20312 9.07812 131 37221722 126 409234539
4.7e-09 22.1094 2.21875 9.10938 19 488890166 15 0
4.7e-09 22.1406 1.96875 8.9375 24 223868007 19 246631769
4.7e-09 20.3594 1.82812 8.9375 1 48792276 2 375317864
4.7e-09 21.5781 1.9375 9.125 9 408567465 9 66252540
4.7e-09 22.5156 2.42188 8.95312 28 465314388 23 0
4.7e-09 24.2344 2.51562 9.10938 165 0 144 556145200
4.7e-09 21.125 1.9375 9.10938 7 375612424 11 166307479
4.7e-09 22.5 1.90625 9.0625 18 391524589 27 86859070
4.7e-09 25.8125 1.90625 9.0625 703 0 738 481625057
4.7e-09 22.1875 2.40625 9.21875 17 0 12 430717070
4.7e-09 21.6094 2.28125 8.95312 13 449920604 12 0
4.7e-09 21.0938 2.40625 9.23438 1 284445760 4 140047010
4.7e-09 21.0156 2.45312 9 4 4510616 11 478673118
4.7e-09 21.125 2.375 9.10938 12 404182369 8 145271658
4.7e-09 22.7344 1.8125 9.1875 28 134570290 16 308698678
4.7e-09 22.5 1.82812 8.95312 38 317630263 24 158908510
4.7e-09 21.4062 2.29688 8.98438 9 250817360 13 214767151
4.7e-09 21.0938 2.35938 9.09375 7 31097768 4 399737008
4.7e-09 20.3125 2 8.96875 2 446006514 2 9836550
4.7e-09 21.1094 1.9375 9.14062 5 224783158 2 330064972
4.7e-09 25.5469 1.875 9.01562 564 0 567 544999236
4.7e-09 22.0469 1.82812 8.9375 28 543016503 12 0
4.7e-09 21 1.90625 9.07812 6 0 7 493398060
4.7e-09 22.4531 1.98438 8.95312 27 257343424 20 249920182
4.7e-09 21.6406 1.85938 9 15 425803897 6 2069047
4.7e-09 22.7344 2.35938 9.09375 25 426561599 29 7389318
4.7e-09 19.4531 2.20312 9.07812 0 49698680 1 500394763
4.7e-09 21.2656 1.9375 9.14062 13 286564210 8 148569122
4.7e-09 20.7344 2.35938 9.09375 1 129569724 7 427291012
4.7e-09 21.5781 1.82812 8.95312 12 478417712 7 0
4.7e-09 20.9062 1.89062 9.03125 3 212734028 5 217330819
4.7e-09 20.6562 2.21875 9.09375 2 417416521 3 57609822
4.7e-09 21.9688 2.35938 9.07812 10 390166884 21 64397151
4.7e-09 21.125 1.90625 9.0625 8 220295341 4 320940065
4.7e-09 infty 1.79688 9.17188 682 0 647 0
4.7e-09 22.6406 2.45312 8.98438 30 96995648 34 408034231
4.7e-09 21.6719 1.89062 9.03125 8 9539337 11 539455235
4.7e-09 22.2344 2.76562 9.01562 19 0 20 543466972
4.7e-09 22.1094 2.375 9.10938 15 412241823 13 79279126
4.7e-09 21.5469 1.89062 9.04688 9 188081059 7 308149399
4.7e-09 20.9531 2.48438 9.04688 8 505394193 7 31743560
4.7e-09 20.5156 2.26562 8.9375 3 94344766 1 354956891
4.7e-09 22.6719 2.35938 9.07812 33 0 24 487799393
4.7e-09 22.2344 1.9375 9.10938 23 438434563 21 101513632
4.7e-09 22.2812 2.35938 9.09375 23 434710927 15 63864245
4.7e-09 21.375 1.82812 8.95312 9 0 13 486823791
4.7e-09 22.25 1.8125 9.17188 24 117574061 22 410761409
4.7e-09 21.8438 2.42188 8.95312 7 0 12 558525697
4.7e-09 21.2656 1.9375 9.125 6 318826729 9 117941977
4.7e-09 23.1719 1.90625 9.0625 42 0 39 520617376
4.7e-09 21.5781 1.98438 8.95312 8 304143069 15 173642186
4.7e-09 21.125 1.82812 8.95312 5 489337111 8 49536937
4.7e-09 20.2031 2.21875 9.09375 6 338338413 2 208408644
4.7e-09 21.9375 1.875 9.01562 10 484412191 6 0
4.7e-09 21.0625 2.03125 9.03125 5 294174637 3 149987676
4.7e-09 22.2969 2.25 9.1875 21 90650040 24 395067327
4.7e-09 20.8281 1.8125 9.1875 6 428705941 7 55700605
4.7e-09 22.8438 2.23438 9.125 40 0 44 489404948
4.7e-09 20.9844 1.92188 9.09375 4 364613076 2 145367453
4.7e-09 21.8438 2.26562 9.23438 16 35841088 18 524112622
4.7e-09 20.5938 2.28125 8.96875 6 257674283 5 269518253
4.7e-09 21.4062 1.875 9.01562 5 0 10 470895413
4.7e-09 21.5156 2.29688 8.98438 19 461231153 8 67354032
4.7e-09 21.0312 1.98438 8.95312 9 397523211 11 68965790
4.7e-09 21.1406 1.8125 9.1875 8 321413672 10 205353369
4.7e-09 24.25 1.89062 9.03125 169 0 167 547136133
4.7e-09 21.1406 1.85938 8.98438 8 497772498 5 35198120
4.7e-09 21.6562 2.01562 9 16 553259502 10 4724484
4.7e-09 20.9531 2.46875 9.01562 3 57407681 6 469970270
4.7e-09 infty 2.32812 9.01562 765 0 742 0
4.7e-09 21.0625 1.90625 9.0625 7 128829943 5 321022591
4.7e-09 21.5938 1.79688 9.17188 9 103104104 7 361374720
4.7e-09 21.9844 1.85938 8.98438 10 0 16 445573414
4.7e-09 23.75 1.9375 9.14062 81 505187671 109 0
4.7e-09 22.7344 1.89062 9.04688 32 436212449 23 0
4.7e-09 21.1562 2.46875 9.03125 6 0 8 515641099
4.7e-09 21.1094 2.03125 9.03125 5 0 5 555930322
4.7e-09 24.5781 1.82812 8.95312 222 0 206 433845706
4.7e-09 20.8594 1.8125 9.1875 4 451680937 2 16165765
4.7e-09 20.5312 1.82812 8.95312 3 315900221 4 114656071
4.7e-09 22.7969 1.8125 9.20312 27 320312119 45 205726677
4.7e-09 21.4219 1.89062 9.03125 8 48388981 13 407102451
4.7e-09 22.9688 2.48438 9.04688 41 83547139 41 451568058
4.7e-09 21.125 2.46875 9.01562 5 325380717 8 220046150
4.7e-09 21.0312 1.89062 9.03125 4 328201385 4 137637733
4.7e-09 21.1875 2.01562 9.01562 3 487736570 10 0
4.7e-09 21.7344 2.25 9.15625 7 209651591 11 288036472
4.7e-09 20.9844 2.46875 9.01562 3 492463975 10 17931487
4.7e-09 21.6562 2 8.96875 11 376734477 11 44267665
4.7e-09 24.1562 2.48438 9.0625 149 0 126 479458748
4.7e-09 23.5469 1.92188 9.10938 71 476895207 69 47898947
4.7e-09 20.7344 2.21875 9.10938 1 224508711 3 200824979
4.7e-09 21.0781 1.85938 8.98438 4 370231703 2 65658006
4.7e-09 21.5312 1.90625 9.07812 9 348781012 10 159361789
4.7e-09 20.7188 2.40625 9.1875 3 285164221 2 147695062
4.7e-09 20.8906 1.85938 8.98438 4 389100026 5 49213570
4.7e-09 21.9531 2.04688 9.04688 20 140845305 15 324522077
4.7e-09 20.6719 1.92188 9.10938 5 126856627 6 339647701
4.7e-09 21.1875 1.8125 9.17188 5 43783235 9 451156111
4.7e-09 21.2188 1.89062 9.04688 9 55513143 3 410519380
4.7e-09 24.625 1.98438 8.95312 273 547676772 249 0
4.7e-09 21.3594 1.96875 9.26562 11 503975375 13 0
4.7e-09 22.3594 1.96875 8.9375 26 0 20 442245541
4.7e-09 23.5 1.89062 9.03125 52 420145139 54 0
4.7e-09 infty 2.375 9.125 670 0 645 0
4.7e-09 21.4531 2.75 9 5 296511539 6 136438180
4.7e-09 20.7031 1.9375 9.14062 3 17312601 4 429390663
4.7e-09 23.3906 1.98438 8.95312 58 0 53 497707333
4.7e-09 21.4062 1.875 9.01562 7 377697296 8 83568546
4.7e-09 21.8438 1.8125 9.25 14 335762972 18 223011783
4.7e-09 20.9844 1.98438 8.95312 5 466891146 6 42079628
4.7e-09 22 2.3125 9 19 269530730 14 163605018
4.7e-09 22.875 1.95312 9.1875 31 0 36 474826226
4.7e-09 23.4375 2.26562 8.95312 50 387710446 62 76562196
4.7e-09 21.2188 1.90625 9.0625 5 388380187 6 75888120
4.7e-09 21.2031 2.34375 9.04688 5 133670347 7 349257873
4.7e-09 26.0312 2.5625 9.23438 626 342053914 646 0
4.7e-09 22.4375 1.96875 8.9375 26 517863193 22 0
4.7e-09 22.0781 1.8125 9.1875 16 8273802 15 505808931
4.7e-09 22.2031 2.51562 9.09375 29 427794957 13 0
4.7e-09 21.2656 2.53125 9.125 7 372014924 5 67843897
4.7e-09 21.7812 1.96875 9.25 11 302424551 18 163716059
4.7e-09 20.6562 1.9375 9.14062 4 130662084 8 347196783
4.7e-09 21 1.98438 8.95312 5 21933089 5 477515853
4.7e-09 21.8125 2.375 9.125 12 158910930 13 286042444
4.7e-09 22.0781 1.85938 8.98438 27 113119246 12 400030064
4.7e-09 infty 2.23438 9.14062 713 0 654 0
4.7e-09 20.7188 1.92188 9.09375 3 8251925 4 425728577
4.7e-09 22.6719 2.21875 9.09375 25 218372393 30 267698815
4.7e-09 20.1406 1.89062 9.04688 1 166548323 4 278552407
4.7e-09 21.75 1.95312 9.1875 14 337294782 9 148840594
4.7e-09 20.25 1.8125 9.21875 7 34258162 2 475808455
4.7e-09 21.5312 2.53125 9.15625 8 19923086 11 486270071
4.7e-09 20.9844 2 8.96875 5 256485066 5 248261207
4.7e-09 21.4375 2.28125 8.95312 5 0 8 440653181
4.7e-09 23.1562 1.90625 9.0625 49 538417945 65 0
4.7e-09 23.8594 1.95312 9.17188 91 0 96 424346232
4.7e-09 infty 2.54688 9.17188 693 0 656 0
4.7e-09 21.7812 1.95312 9.1875 6 286077681 16 173695276
4.7e-09 23.0156 2.78125 9.0625 40 0 49 502963318
4.7e-09 21.5625 1.8125 9.1875 12 377660487 15 108376015
4.7e-09 21.5 2.01562 9 9 491381844 5 48269861
4.7e-09 21.6562 2 8.98438 16 0 9 556396550
4.7e-09 21.0312 2.20312 9.07812 5 0 3 475444381
4.7e-09 22.375 2.25 9.20312 31 258522136 24 172196157
4.7e-09 20.5 2.45312 9 2 441162287 4 13768950
4.7e-09 22.0625 1.92188 9.09375 15 233350234 20 289558153
4.7e-09 21.1094 2.32812 9.01562 9 0 7 557369650
4.7e-09 21.0938 2.78125 9.04688 7 59444943 2 368599958
4.7e-09 21.875 1.96875 8.9375 20 140670866 10 390543526
4.7e-09 23.3594 1.8125 9.20312 80 518465863 59 0
4.7e-09 20.9688 2.40625 8.9375 7 491008800 6 26987556
4.7e-09 21.2656 2.53125 9.14062 5 31677581 10 407986935
4.7e-09 21.1406 2.32812 9.01562 10 392545918 6 140612535
4.7e-09 22.3438 2.5625 9.25 20 264819976 14 187000128
4.7e-09 20.4219 1.84375 8.96875 0 475266215 2 42736740
4.7e-09 22 2.28125 8.95312 13 291188230 11 147812600
4.7e-09 22.25 2.35938 9.09375 25 165693808 17 364119226
4.7e-09 21.8125 2.40625 9.23438 14 138742605 12 304341415
4.7e-09 20.4062 1.84375 8.96875 3 412505923 5 116846715
4.7e-09 21.1406 2.46875 9.01562 6 0 8 526209954
4.7e-09 23.6406 1.90625 9.0625 56 449741162 61 0
4.7e-09 22.3906 1.8125 9.17188 26 0 25 426556960
4.7e-09 22.3438 2.23438 9.14062 16 455740409 21 0
4.7e-09 21.8438 2.40625 9.1875 5 0 10 422848245
4.7e-09 22.8281 2.53125 9.14062 37 510946268 26 0
4.7e-09 22.1562 2.28125 8.95312 20 451840317 20 0
4.7e-09 21.7656 2.40625 9.21875 13 194862488 14 280191240
4.7e-09 22.4375 2.42188 8.95312 19 283266773 22 243781121
4.7e-09 20.0938 2.3125 9.01562 1 409846263 3 70918348
4.7e-09 22.5625 2.375 9.14062 23 431921512 30 0
4.7e-09 21.1094 2.29688 8.96875 12 467149642 8 92605166
4.7e-09 20.4062 2.48438 9.03125 4 106529420 1 422371587
4.7e-09 20.9688 2.04688 9.0625 5 0 8 521373046
4.7e-09 22.2812 2.20312 9.07812 22 229714633 27 276041145
4.7e-09 22.2812 1.95312 9.17188 24 61670213 27 435265065
4.7e-09 21.9219 2.75 9 15 141445406 8 348357126
4.7e-09 24.2344 2.25 9.21875 103 425637387 128 0
4.7e-09 22.1719 2 8.96875 15 0 11 450704100
4.7e-09 20.0938 1.875 9 4 442813589 2 42194916
4.7e-09 21.625 2.26562 9.23438 8 4468177 8 439071327
4.7e-09 21.0312 1.90625 9.0625 4 248295308 3 219423845
4.7e-09 infty 2.75 9 736 0 739 0
4.7e-09 21.0625 1.84375 8.96875 6 157066339 6 293308409
4.7e-09 22.1094 1.92188 9.10938 21 104987225 17 387237152
4.7e-09 22.1562 2.26562 9.23438 12 1405443 11 459884732
4.7e-09 21.9219 2.26562 8.9375 16 361021693 13 128373771
4.7e-09 21.2656 1.92188 9.10938 6 81486939 5 352625276
4.7e-09 20.9219 1.82812 8.9375 10 464933372 8 88772012
4.7e-09 20.4375 1.82812 8.95312 3 121968880 5 386237088
4.7e-09 21.125 2.23438 9.125 14 43150195 7 497939368
4.7e-09 22.25 1.95312 9.20312 16 54492854 16 471261139
4.7e-09 21.0781 1.90625 9.07812 4 388518816 8 44711399
4.7e-09 20.6875 1.90625 9.0625 1 317412556 2 131790219
4.7e-09 22.4062 1.85938 8.98438 26 553274211 27 0
4.7e-09 21.5781 2.01562 8.98438 10 462844275 11 12054306
4.7e-09 21.1406 1.8125 9.1875 8 434258761 7 93453428
4.7e-09 21.5 1.96875 9.45312 9 340044886 15 202134860
4.7e-09 21.4375 2.01562 9 6 327845976 11 121126319
4.7e-09 22.5312 2.28125 8.96875 25 74295444 35 375727275
4.7e-09 21.6562 1.9375 9.14062 10 559455005 10 0
4.7e-09 21.5312 2.40625 8.9375 9 440778249 11 74413823
4.7e-09 20.5156 2.21875 9.09375 3 135179903 5 311290752
4.7e-09 21.2969 1.8125 9.21875 9 84923950 12 465630116
4.7e-09 22.8594 1.9375 9.125 35 112967849 33 372111262
4.7e-09 20.3906 1.84375 8.96875 5 115407209 4 419761444
4.7e-09 19.3281 2.5625 8.9375 0 16678303 2 488265302
4.7e-09 22.25 1.9375 9.14062 23 168225651 15 358161078
4.7e-09 21.5156 2 8.98438 12 59706691 8 468604563
4.7e-09 22.5469 1.82812 8.9375 17 305100499 29 137453697
4.7e-09 25.4219 2.40625 9.20312 472 489060251 480 0
4.7e-09 22.3125 1.9375 9.15625 17 141391896 19 340068930
4.7e-09 22.2031 2.32812 9.03125 22 559715828 27 0
4.7e-09 20.0938 1.82812 8.9375 3 206138579 2 281743237
4.7e-09 21.1719 2 8.98438 8 419574934 5 90581765
4.7e-09 22.2031 2.25 9.1875 19 559900877 25 0
4.7e-09 22.0312 2.4375 8.98438 21 85276949 22 471178059
4.7e-09 20.8906 2.5625 8.9375 4 158011516 8 280647111
4.7e-09 21.1875 2.39062 9.17188 11 175716995 3 321975968
4.7e-09 21.6875 1.85938 9 14 357374664 12 176141047
4.7e-09 21.1562 2.26562 9.21875 4 3463548 9 514391811
4.7e-09 20.9375 1.96875 8.95312 3 285117326 4 261980772
4.7e-09 21.9375 1.98438 8.95312 15 323266598 18 156480263
4.7e-09 21.6562 2.73438 8.98438 14 302573791 7 119682666
4.7e-09 21.3438 1.8125 9.1875 12 91696835 6 420727189
4.7e-09 21.2031 2.03125 9.03125 9 250081207 5 229887977
4.7e-09 23.125 1.89062 9.03125 45 31489112 44 394204161
4.7e-09 21.6875 1.89062 9.03125 13 155872165 16 378826504
4.7e-09 20.4531 1.96875 8.9375 5 323352625 4 162219209
4.7e-09 22.4062 2.29688 8.98438 22 179027675 29 370193400
4.7e-09 21.3594 2.25 9.21875 6 393811117 8 109169857
4.7e-09 23.9844 2.45312 9 93 0 100 467230440
4.7e-09 20.5312 2.03125 9.03125 0 312483283 5 122881674
4.7e-09 21.0781 1.8125 9.20312 3 165174150 4 277835802
4.7e-09 20.6406 1.875 9.01562 2 387559999 4 103432677
4.7e-09 21.1094 2.3125 9 11 0 8 551088071
4.7e-09 21.9531 2.45312 9 15 466290729 20 0
4.7e-09 21.5625 1.82812 8.9375 15 210779579 11 276414956
4.7e-09 22.3438 2.53125 9.15625 22 169156929 27 282235813
4.7e-09 22.5312 2.21875 9.09375 25 454729974 20 0
4.7e-09 21.2188 1.8125 9.1875 3 443536179 5 25683082
4.7e-09 21.0781 2.29688 8.98438 3 66084665 5 375066673
4.7e-09 21.9531 2.34375 9.0625 19 474114741 17 0
4.7e-09 21.8906 2.54688 9.1875 11 171209381 12 351497836
4.7e-09 24.7812 1.8125 9.1875 212 0 205 425528957
4.7e-09 22.6406 2.48438 9.04688 32 237520597 40 274011447
4.7e-09 23.1719 2.23438 9.125 62 521793181 59 0
4.7e-09 20.75 1.96875 9.23438 4 333177407 7 212855670
4.7e-09 22.9688 2.04688 9.04688 33 135828875 48 411072684
4.7e-09 23.7812 1.90625 9.07812 101 480359471 105 0
4.7e-09 22.1875 2.21875 9.09375 18 433598041 7 0
4.7e-09 22.6406 1.875 9 26 48975831 31 458315315
4.7e-09 21.6719 1.89062 9.03125 11 547612253 14 0
4.7e-09 21.5156 1.84375 8.95312 9 528274863 9 0
4.7e-09 21.9219 1.96875 9.23438 19 212204239 23 278927614
4.7e-09 21 2.03125 9.03125 7 492289315 9 0
4.7e-09 23.2188 2.45312 9 53 299619542 63 184589007
4.7e-09 21.1719 2.48438 9.03125 6 491022911 8 18105281
4.7e-09 22.1719 1.85938 8.98438 14 0 17 450822578
4.7e-09 20.2344 2.25 9.15625 6 396324388 4 128160456
4.7e-09 22.6562 2.34375 9.04688 26 493432051 29 0
4.7e-09 22.4531 1.96875 9.23438 22 514320693 27 0
4.7e-09 22.4375 2.45312 9 29 522259824 28 0
4.7e-09 22.1719 2.5625 9.26562 21 92118901 18 358020686
4.7e-09 infty 2.29688 8.98438 806 0 753 0
4.7e-09 23.0156 2.26562 8.9375 39 506187587 51 0
4.7e-09 21.6406 1.8125 9.20312 6 206223150 14 220725625
4.7e-09 21.5469 1.85938 9 13 151924401 13 351030170
4.7e-09 22.1562 2.3125 9 23 323526314 17 136808012
4.7e-09 21.1094 2 8.98438 17 405307802 4 144737404
4.7e-09 21.1094 1.85938 8.98438 11 0 7 554028473
4.7e-09 21.9219 2.26562 8.95312 15 453788500 10 35703720
4.7e-09 20.2656 1.9375 9.14062 0 364414889 2 127996755
4.7e-09 24.125 1.92188 9.07812 124 0 120 499458525
4.7e-09 21.7656 2.25 9.17188 15 276552067 13 195085355
4.7e-09 21.625 2.48438 9.0625 10 303969220 13 137880268
4.7e-09 21.375 2.25 9.20312 6 269720255 7 215658993
4.7e-09 21.7812 2.51562 9.09375 10 162278764 11 294620295
4.7e-09 20.4219 2 8.98438 4 67355203 2 448129500
4.7e-09 24.1875 2.54688 9.1875 115 229220421 120 222954477
4.7e-09 20.4688 2.32812 9.03125 4 167566434 4 307819002
4.7e-09 22.2031 2.39062 9.15625 16 0 13 422405237
4.7e-09 25.1562 2.04688 9.04688 381 0 418 559667710
4.7e-09 22.4531 2.76562 9.03125 19 511673475 21 0
4.7e-09 23.125 2.39062 9.15625 33 333415173 30 88576919
4.7e-09 21.0781 2.35938 9.07812 6 334586815 15 103604650
4.7e-09 21.6094 2 8.98438 14 209653309 7 245989131
4.7e-09 21.0781 2.54688 9.17188 3 439245843 6 0
4.7e-09 21.0781 1.9375 9.125 4 235212567 5 199916653
4.7e-09 infty 1.89062 9.04688 778 0 725 0
4.7e-09 21.0938 1.90625 9.0625 2 9997598 4 421705975
4.7e-09 23.6406 1.8125 9.17188 59 448837526 61 0
4.7e-09 21.9688 1.82812 8.95312 17 200089298 15 255514794
4.7e-09 22.4062 1.82812 8.95312 29 216959118 29 336822708
4.7e-09 22.6562 1.79688 9.15625 26 307811625 22 189040137
4.7e-09 22.5156 1.90625 9.0625 26 233437299 26 229301342
4.7e-09 21.6875 2.25 9.20312 9 253105956 10 278158013
4.7e-09 20.8281 2.26562 8.95312 6 263956417 5 226716601
4.7e-09 21.5469 1.85938 9 14 498552421 9 0
4.7e-09 23.3438 2.25 9.20312 60 531709444 67 0
4.7e-09 21.1562 1.96875 9.23438 5 397179395 6 121154671
4.7e-09 21.2812 1.79688 9.17188 4 28445783 4 402078060
4.7e-09 21.2969 2.375 9.125 12 473254204 10 78055747
4.7e-09 21.3906 1.875 9.01562 10 0 2 475308111
4.7e-09 19.9219 2.04688 9.04688 1 426570030 2 47150224
4.7e-09 20.5781 1.89062 9.03125 2 333917261 6 210183792
4.7e-09 23.1562 1.85938 9 66 19506594 49 524917512
4.7e-09 21.2812 2.25 9.15625 8 4159367 7 416605297
4.7e-09 20.9375 2.01562 9 6 278362780 4 263627936
4.7e-09 20.7031 1.8125 9.20312 10 426649631 0 13929147
4.7e-09 21.9062 1.85938 8.98438 12 0 5 500557504
4.7e-09 22.4844 2.32812 9.03125 21 43333538 31 444702352
4.7e-09 21.6875 1.85938 8.98438 11 0 9 538573287
4.7e-09 22.5938 2.39062 9.14062 30 552638651 35 0
4.7e-09 21.7969 2.25 9.1875 8 63146611 16 386215888
4.7e-09 21.4688 2.78125 9.0625 12 0 6 426403623
4.7e-09 22.1875 1.95312 9.17188 15 0 13 436292113
4.7e-09 21.4531 1.98438 8.96875 8 154079383 6 282670988
4.7e-09 23.6406 2.54688 9.1875 56 0 69 445641112
4.7e-09 21.2188 2.375 9.125 6 136677733 3 330948905
4.7e-09 20.4531 2.78125 9.04688 4 462750226 2 27521625
4.7e-09 22.5469 1.90625 9.0625 22 209976268 34 227011385
4.7e-09 21.3594 1.79688 9.17188 12 42836140 11 463039669
4.7e-09 21.7188 2.34375 9.04688 17 321926812 24 183158908
4.7e-09 infty 1.8125 9.1875 646 0 661 0
4.7e-09 23.5156 1.96875 8.9375 65 541013505 68 0
4.7e-09 20.5781 2.34375 9.0625 8 380588576 5 157664467
4.7e-09 21.4844 2.71875 8.96875 5 240921762 19 303804806
4.7e-09 21.1406 1.89062 9.03125 3 427653262 13 105382913
4.7e-09 22.5625 2.42188 8.95312 18 265992459 33 161624119
4.7e-09 22.4219 1.82812 8.9375 20 417014757 22 119623254
4.7e-09 22.2031 2.23438 9.125 11 0 6 427049542
4.7e-09 22.25 2.04688 9.0625 29 0 18 527193044
4.7e-09 21.625 1.8125 9.1875 13 194231334 6 250590141
4.7e-09 20.6406 2.03125 9.01562 3 458085649 6 35683167
4.7e-09 22.6562 1.89062 9.03125 37 464577629 39 30624803
4.7e-09 21.7812 1.8125 9.21875 9 144636136 10 321733680
4.7e-09 21.0781 2.34375 9.04688 8 227057842 7 209181485
4.7e-09 21.625 1.82812 8.9375 11 122005564 11 316482851
4.7e-09 infty 2.25 9.1875 613 0 644 0
4.7e-09 23.8438 2.375 9.125 78 0 68 439140312
4.7e-09 21.625 2.45312 8.98438 7 95758373 10 343243455
4.7e-09 19.9688 2.01562 8.98438 2 148475579 1 295895500
4.7e-09 22.0469 1.98438 8.95312 19 313710445 8 224885280
4.7e-09 21.2812 1.8125 9.21875 6 122559802 10 303907402
4.7e-09 21.0156 2 8.98438 4 37126655 7 442038976
4.7e-09 22.2812 2.51562 9.10938 25 487014998 28 17291524
4.7e-09 21.4688 1.84375 8.96875 6 427539885 8 0
4.7e-09 20.4375 1.85938 9 4 503837105 5 0
4.7e-09 21.0469 2.3125 9.01562 8 0 6 457865964
4.7e-09 21.625 2.03125 9.03125 8 0 13 439258483
4.7e-09 20.6406 1.89062 9.04688 4 33239496 3 458512892
4.7e-09 22.1875 1.89062 9.03125 25 0 21 440226099
4.7e-09 23.0938 1.89062 9.03125 37 446372428 46 0
4.7e-09 21.1719 2.20312 9.0625 3 324116005 4 178458665
4.7e-09 21.4062 1.85938 8.98438 15 401916889 8 60753668
4.7e-09 21.5156 1.98438 8.96875 13 91997496 12 430253896
4.7e-09 21.6562 1.875 9 7 105327693 9 317503150
4.7e-09 21.3125 1.79688 9.17188 18 431995876 3 114781927
4.7e-09 21.0781 1.82812 8.95312 9 0 8 433745545
4.7e-09 20.7969 2.23438 9.14062 5 175949037 7 337528046
4.7e-09 22.6406 2.42188 8.9375 25 0 39 507106820
4.7e-09 20.625 1.875 9.01562 6 401076816 1 95990862
4.7e-09 21.1875 1.92188 9.10938 8 109273639 7 382609478
4.7e-09 25.2656 2 8.96875 458 121190670 448 353282348
4.7e-09 21.6094 2.5 9.0625 10 186305621 8 267258434
4.7e-09 22.1562 1.90625 9.07812 15 281128502 14 180301681
4.7e-09 21.0469 1.92188 9.10938 3 457419075 7 0
4.7e-09 21.5938 2.04688 9.0625 7 416757075 12 45291002
4.7e-09 20.9219 2.34375 9.04688 4 17746796 6 541573702
4.7e-09 21.0312 2.01562 9 7 246528260 7 220562507
4.7e-09 20.5625 1.89062 9.03125 5 325657732 5 221801346
4.7e-09 21.625 1.9375 9.14062 8 441208113 9 0
4.7e-09 21.5469 2 8.98438 12 0 14 494280711
4.7e-09 22.0312 2.73438 8.96875 12 337971005 26 218580939
4.7e-09 22.2969 1.9375 9.10938 18 67656969 24 417280035
4.7e-09 infty 2.25 9.17188 668 0 664 0
4.7e-09 21.4062 2.3125 9.01562 8 279182038 10 186277552
4.7e-09 23.0156 2.73438 8.98438 39 507529463 42 0
4.7e-09 19.5781 2.39062 9.17188 1 336153633 2 115596059
4.7e-09 23.1406 2.26562 8.95312 57 0 62 553577593
4.7e-09 21.5312 2.42188 8.95312 11 132352190 17 375842051
4.7e-09 22 1.92188 9.07812 13 0 8 442618974
4.7e-09 21.0469 1.92188 9.09375 7 243378091 4 222310230
4.7e-09 22.1562 1.84375 8.96875 19 175286249 19 285019477
4.7e-09 23.4219 2.5625 8.95312 61 476192284 59 0
4.7e-09 21.9531 1.98438 8.96875 9 86232835 11 380386305
4.7e-09 22.5469 2.375 9.10938 20 134916612 18 308230861
4.7e-09 22.1094 2.54688 9.21875 11 0 12 487048182
4.7e-09 21.1562 2.32812 9.03125 4 223173764 9 299309609
4.7e-09 22.9062 1.98438 8.95312 35 448823542 36 0
4.7e-09 24.2031 2.45312 9 150 438146951 124 0
4.7e-09 21.4688 2.26562 8.9375 10 494900732 9 64498696
4.7e-09 22.6719 2.03125 9.01562 36 443395635 25 38039124
4.7e-09 23.7969 2.23438 9.125 95 0 97 465835817
4.7e-09 23.4688 2.46875 9.01562 53 438771467 59 0
4.7e-09 21.5312 2.03125 9.01562 6 194161663 10 319725349
4.7e-09 22.25 1.8125 9.21875 22 519908262 18 0
4.7e-09 21.9531 2.71875 8.95312 11 78157796 13 398014437
4.7e-09 20.5781 1.98438 8.95312 4 274054619 1 262090574
4.7e-09 19.9688 2.21875 9.10938 3 47302451 0 393274643
4.7e-09 21.5469 1.90625 9.0625 13 143481725 5 355994782
4.7e-09 23.0938 2.375 9.10938 37 43912687 42 405537991
4.7e-09 20.5 2.01562 9 3 326768521 3 126627609
4.7e-09 21.125 2.34375 9.0625 9 538890646 10 0
4.7e-09 22.7812 1.90625 9.0625 33 51959078 48 498132445
4.7e-09 20.9688 2.01562 9 4 57322762 5 466857040
4.7e-09 21.4375 1.82812 8.95312 7 175363610 5 270037222
4.7e-09 21.0938 2.375 9.125 3 0 3 428542186
4.7e-09 21.5938 1.8125 9.1875 8 79919985 10 387414793
4.7e-09 23.0156 2.5625 8.9375 43 505961306 57 0
4.7e-09 21.0156 1.96875 9.45312 10 165697018 10 317503158
4.7e-09 22.6406 1.875 9.01562 34 503503668 26 0
4.7e-09 22.0469 2.01562 9.01562 17 216230667 13 324860791
4.7e-09 21.1562 1.90625 9.0625 12 466530429 8 44965765
4.7e-09 21.4531 2.28125 8.96875 6 125486664 8 304780092
4.7e-09 22.9844 2 8.96875 46 530182673 44 0
4.7e-09 21.8438 2.42188 8.9375 18 521830352 16 33823845
4.7e-09 23.0938 1.84375 8.96875 39 0 51 447177741
4.7e-09 22.1875 2.26562 9.23438 15 0 18 437942233
4.7e-09 21.9531 1.89062 9.03125 8 204204352 10 270875854
4.7e-09 21.6875 2.54688 9.21875 14 181304502 13 358687615
4.7e-09 21.5 2.48438 9.03125 19 53091963 8 479515588
4.7e-09 22.9531 1.84375 8.96875 50 0 36 556577946
4.7e-09 21.0469 2.23438 9.15625 1 234575569 3 227622725
4.7e-09 22.0312 1.98438 8.95312 21 109535972 22 440190173
4.7e-09 21.6406 2.21875 9.10938 14 68047781 12 364589534
4.7e-09 22.1562 2.04688 9.04688 16 12678194 18 439243598
4.7e-09 22.4844 2.3125 9.01562 16 312490097 32 172510542
4.7e-09 21.8438 1.96875 9.21875 12 273318874 10 147707942
4.7e-09 20.2031 2.39062 9.14062 5 144734391 4 400266361
4.7e-09 21.4062 2.01562 9 4 468319957 3 0
4.7e-09 23.1562 2.01562 9.01562 50 536051687 56 0
4.7e-09 21.5781 2.42188 8.95312 6 190631616 14 281962114
4.7e-09 20.7812 1.96875 9.25 1 336394274 3 189564435
4.7e-09 21.375 2.26562 8.95312 13 401398178 12 93383618
4.7e-09 21.1094 2.39062 9.17188 10 80829113 3 468946896
4.7e-09 21.4062 2.4375 8.96875 7 155955783 9 311892731
4.7e-09 20.4531 2.21875 9.10938 2 364169244 3 121387877
4.7e-09 23.0312 1.82812 8.9375 38 0 41 489446349
4.7e-09 21.0938 2.79688 9.07812 4 180388516 5 244003064
4.7e-09 22.8594 2.54688 9.20312 33 0 41 478482008
4.7e-09 21.4062 1.89062 9.03125 10 466446431 13 0
4.7e-09 21.1094 2.73438 8.98438 9 0 6 552238261
4.7e-09 20.9219 1.82812 8.9375 2 65795123 3 356799886
4.7e-09 20.7031 1.90625 9.0625 3 402670540 4 43736530
4.7e-09 21.4062 2.48438 9.03125 7 468026256 5 0
4.7e-09 22.0469 2.23438 9.14062 12 0 12 542888064
4.7e-09 21.7656 1.9375 9.125 10 203840005 9 274302619
4.7e-09 20.9062 2.42188 8.9375 6 3957993 5 431142736
4.7e-09 24.1406 1.8125 9.1875 122 491198321 113 0
4.7e-09 21.3438 1.84375 8.96875 11 0 11 518182175
4.7e-09 21.5938 1.875 9.01562 9 0 6 463692040
4.7e-09 21.9062 1.8125 9.21875 17 166658055 16 339432034
4.7e-09 22.1719 1.85938 8.98438 19 449240405 31 0
4.7e-09 22.5625 2.4375 8.96875 24 295496417 30 131411402
4.7e-09 21.0938 1.85938 9 8 238853471 6 189163417
4.7e-09 22.3594 2.39062 9.15625 23 356301691 17 81892388
4.7e-09 21.5938 1.8125 9.21875 10 348440579 9 113203800
4.7e-09 21.625 2.54688 9.17188 10 265650886 14 180122548
4.7e-09 21.5625 2.3125 9.01562 6 484950765 13 0
4.7e-09 22.7031 2.39062 9.15625 28 95301599 37 364542857
4.7e-09 22.1406 2 8.98438 20 468524377 21 0
4.7e-09 22.0469 2.32812 9.03125 19 487843719 8 53462595
4.7e-09 20.8594 1.84375 8.95312 3 79105436 4 382807476
4.7e-09 21.5156 2.42188 8.95312 10 295575037 10 225981292
4.7e-09 21.75 2.35938 9.07812 19 12131430 15 472823570
4.7e-09 22.0938 1.875 9.01562 16 0 21 507247858
4.7e-09 22.1875 2.34375 9.04688 14 118633987 9 314823844
4.7e-09 22.4531 2.3125 9 19 508976605 26 0
4.7e-09 21.1875 1.79688 9.15625 7 0 5 487276892
4.7e-09 21.0312 1.84375 8.96875 4 191301458 5 282687575
4.7e-09 infty 2.20312 9.07812 648 0 728 0
4.7e-09 20.6406 2.21875 9.09375 3 409577275 2 76195532
4.7e-09 22.2031 2.25 9.20312 19 427996961 20 0
4.7e-09 20.5 1.85938 8.98438 1 20686112 3 438113724
4.7e-09 20.2188 2.23438 9.14062 1 55275630 3 470443213
4.7e-09 22.5469 1.89062 9.04688 29 441764020 17 0
4.7e-09 23.1562 2.5 9.07812 52 35407490 48 499988089
4.7e-09 infty 2.35938 9.09375 697 0 673 0
4.7e-09 23.0625 2.35938 9.09375 29 461905234 46 0
4.7e-09 20.7188 1.95312 9.15625 5 10287948 4 423354077
4.7e-09 23.0469 2.42188 8.95312 56 0 41 476647655
4.7e-09 21.0938 2.46875 9.01562 13 382498310 8 48190282
4.7e-09 19.9375 1.90625 9.07812 0 214628481 0 244583618
4.7e-09 20.4844 2.48438 9.04688 5 0 1 466937541
4.7e-09 21.6094 2.45312 9 9 176090067 13 282013197
4.7e-09 21.9219 1.82812 8.95312 16 91694957 17 401127182
4.7e-09 22.0625 1.89062 9.03125 22 0 10 524591329
4.7e-09 21.75 1.79688 9.15625 8 380578111 9 104292044
4.7e-09 20.1406 2.25 9.20312 3 119725709 0 333315935
4.7e-09 23 2.5625 8.9375 44 0 41 513054694
4.7e-09 21.0312 2.21875 9.10938 7 138573476 8 333787565
4.7e-09 22.0625 1.92188 9.09375 20 326381572 18 196249358
4.7e-09 22.9688 2 8.98438 46 126710057 38 415648877
4.7e-09 24.25 2.21875 9.09375 161 544206943 150 0
4.7e-09 20.6719 1.92188 9.09375 1 461887890 4 7272024
4.7e-09 20.6406 2.35938 9.09375 5 462062223 3 23642004
4.7e-09 20.8594 2.29688 8.98438 5 303089989 5 163442602
4.7e-09 21 2.48438 9.03125 7 165833517 8 324139782
4.7e-09 20.9844 1.90625 9.0625 6 275763478 6 229397696
4.7e-09 22.5 1.875 9.01562 18 175181743 17 305182605
4.7e-09 21.625 1.84375 8.96875 7 0 11 443343052
4.7e-09 21.5469 2.03125 9.03125 12 496887734 12 0
4.7e-09 21.9688 2 8.98438 19 281821602 18 180635063
4.7e-09 21.2969 2.375 9.14062 7 0 6 550653661
4.7e-09 22.7969 1.9375 9.14062 41 528176851 38 0
4.7e-09 21.4844 2.76562 9.01562 10 498775253 9 50268054
4.7e-09 21.6562 1.98438 8.95312 10 190222757 9 233914366
4.7e-09 20.5312 2.46875 9.01562 4 120979527 3 310107721
4.7e-09 21.0156 1.89062 9.04688 10 439122659 4 48510538
4.7e-09 20.1562 1.92188 9.07812 2 0 1 444416865
4.7e-09 20.625 2.375 9.10938 3 412235750 2 88333037
4.7e-09 23.5156 1.90625 9.04688 70 277377002 70 267582252
4.7e-09 21.1094 1.9375 9.14062 3 242596608 5 177860679
4.7e-09 20.8594 2 8.98438 4 388912848 7 78465214
4.7e-09 21.5781 2.21875 9.10938 9 194219349 7 283343189
4.7e-09 22.6094 2.5 9.07812 32 402021206 22 128757610
4.7e-09 21.7969 1.8125 9.1875 11 77473719 14 373178494
4.7e-09 21.5938 1.95312 9.1875 7 114478443 7 346869338
4.7e-09 22.9219 2.75 8.98438 32 438173776 37 0
4.7e-09 20.4062 2.76562 9.01562 4 232154994 2 297521450
4.7e-09 23.2188 2.51562 9.09375 58 243734363 39 248369368
4.7e-09 19.9688 2.76562 9.03125 3 443974055 2 0
4.7e-09 20.7031 1.90625 9.0625 7 114509088 3 323006411
4.7e-09 21.5156 2.46875 9 10 0 7 527138155
4.7e-09 23.0156 2.28125 8.95312 35 405236548 46 93951924
4.7e-09 23.7812 2.375 9.10938 100 349932074 79 134427539
4.7e-09 21.7031 1.96875 9.23438 12 253787567 13 268542611
4.7e-09 21.5312 1.96875 8.9375 5 0 15 513339189
4.7e-09 24.2656 2.23438 9.15625 152 0 152 530509305
4.7e-09 22.0938 2.03125 9.03125 13 326015286 12 172570980
4.7e-09 20.6406 2.39062 9.15625 3 212722666 4 277637588
4.7e-09 22.9062 1.98438 8.95312 36 0 32 452668031
4.7e-09 infty 2.73438 8.98438 780 0 791 0
4.7e-09 23.2188 2.45312 9 61 487259838 56 0
4.7e-09 20.7188 2.375 9.10938 6 1832357 3 432576672
4.7e-09 22.4688 1.98438 8.95312 31 0 22 496277617
4.7e-09 19.9219 1.875 9.01562 2 75060969 2 402113577
4.7e-09 22.125 1.875 9 20 0 14 478805601
4.7e-09 21.0156 2.01562 9 1 149729727 9 338462197
4.7e-09 21.6406 1.90625 9.04688 10 69790997 10 363415707
4.7e-09 22.3125 2.21875 9.10938 27 368470001 22 111656876
4.7e-09 23.0469 1.89062 9.04688 29 478140587 50 0
4.7e-09 21.5312 1.89062 9.03125 7 382495817 8 133158456
4.7e-09 23.1875 2.21875 9.09375 55 8511294 67 506244736
4.7e-09 20.5625 1.90625 9.04688 8 106245592 6 438752040
4.7e-09 22.1562 1.79688 9.15625 15 0 9 455338011
4.7e-09 21.125 1.9375 9.10938 6 454076539 10 95264151
4.7e-09 23.8906 2.23438 9.14062 115 429646820 122 112391917
4.7e-09 20.5625 2.4375 8.96875 7 556876347 0 0
4.7e-09 21.0469 1.85938 8.98438 8 362334861 7 99397233
4.7e-09 21.875 2.54688 9.1875 15 536842965 11 0
4.7e-09 22.0625 1.875 9.03125 18 0 20 534389863
4.7e-09 23.8281 2.5625 9.23438 83 0 88 444418301
4.7e-09 20.4219 2.04688 9.0625 4 501549573 4 15266639
4.7e-09 22.0469 1.84375 8.95312 13 0 14 547079943
4.7e-09 infty 2.01562 9 753 0 722 0
4.7e-09 23.1875 2.46875 9.01562 71 510376464 63 0
4.7e-09 22.2031 2.48438 9.03125 21 427082528 22 0
4.7e-09 infty 2.79688 9.0625 723 0 706 0
4.7e-09 20.375 1.96875 9.23438 1 274086157 6 279387180
4.7e-09 21.8438 1.82812 8.95312 17 346037748 16 211780663
4.7e-09 21.1562 1.875 9 7 390643147 9 124623117
4.7e-09 21.1719 1.92188 9.10938 5 331888756 8 167152055
4.7e-09 22.6875 2.21875 9.10938 19 0 24 468604518
4.7e-09 23.1094 2.73438 8.96875 47 378868585 47 56128704
4.7e-09 21.6719 2.25 9.15625 9 449623700 12 93279679
4.7e-09 20.9531 2.34375 9.0625 8 0 5 528306675
4.7e-09 22.4688 2.32812 9.03125 35 105108499 28 397835039
4.7e-09 24.125 2.46875 9.01562 158 502984634 146 0
4.7e-09 21.0469 1.89062 9.04688 2 181100110 6 279341636
4.7e-09 22.5469 1.92188 9.09375 27 0 28 446361100
4.7e-09 21.6719 2.04688 9.04688 12 81183560 11 464486992
4.7e-09 22.5312 1.89062 9.04688 21 391378705 23 59699845
4.7e-09 22.2188 1.92188 9.10938 19 244313572 19 307426859
4.7e-09 21.5 1.82812 8.9375 7 0 11 541256574
4.7e-09 21.7969 1.92188 9.10938 16 446488519 11 0
4.7e-09 20.6875 2.54688 9.17188 6 238962861 2 212507306
4.7e-09 20.7031 1.89062 9.03125 3 415732485 3 30718534
4.7e-09 22.0156 2.03125 9.01562 15 355831673 15 74397666
4.7e-09 20.5625 1.875 9.01562 4 407795660 2 149328421
4.7e-09 21.1094 1.875 9.01562 7 152411210 11 398723741
4.7e-09 21.6875 2.29688 8.98438 13 373135990 14 166314413
4.7e-09 20.5156 2.03125 9.01562 3 113674552 3 335870815
4.7e-09 22.625 1.89062 9.04688 18 331366107 35 188435171
4.7e-09 20.6406 2.54688 9.23438 4 302423541 3 188608949
4.7e-09 20.4531 2.04688 9.0625 2 201591051 3 283450868
4.7e-09 22.0938 1.89062 9.04688 19 275617683 21 231050054
4.7e-09 infty 1.8125 9.23438 628 0 616 0
4.7e-09 20.9219 2.79688 9.0625 2 549770429 6 9522246
4.7e-09 20.0938 2.42188 8.95312 3 259817796 3 223262026
4.7e-09 23.1719 1.90625 9.0625 53 0 50 521721016
4.7e-09 19.7656 2.26562 8.9375 2 458440504 1 0
4.7e-09 21.7969 1.9375 9.125 13 452216994 19 0
4.7e-09 20.25 1.95312 9.15625 6 86162904 6 418467484
4.7e-09 21.6094 2.25 9.15625 13 335103584 10 116578232
4.7e-09 22.0781 2.01562 9 19 268284592 13 244602746
4.7e-09 21.1094 2.51562 9.09375 7 244849986 2 177481787
4.7e-09 23.6406 2.75 8.98438 84 448038776 71 0
4.7e-09 21.6406 2.51562 9.09375 10 80093932 13 350834619
4.7e-09 infty 1.98438 8.95312 839 0 830 0
4.7e-09 infty 2.78125 9.04688 727 0 692 0
4.7e-09 21.1094 2.34375 9.04688 9 21442887 2 530138063
4.7e-09 20.3906 2.48438 9.03125 3 479113242 4 59688692
4.7e-09 21.3594 2.40625 9.20312 10 297615470 5 198467953
4.7e-09 21.6562 1.8125 9.20312 3 0 10 421234836
4.7e-09 21.6719 1.85938 8.98438 16 542198181 13 0
4.7e-09 21.375 1.98438 8.95312 8 190258965 7 296590498
4.7e-09 22 2.35938 9.09375 13 435974799 6 0
4.7e-09 22.125 2.29688 8.98438 22 478024415 22 0
4.7e-09 20.9219 1.89062 9.04688 2 469004986 7 83796634
4.7e-09 22.0156 1.9375 9.125 14 388312608 9 41507565
4.7e-09 21.9375 1.82812 8.95312 16 161123304 9 322646530
4.7e-09 21.0156 2.48438 9.03125 9 166323374 7 322424522
4.7e-09 21.625 2.79688 9.0625 7 119008735 10 323910063
4.7e-09 21.0625 1.84375 8.96875 6 446410418 8 0
4.7e-09 20.4531 1.85938 8.98438 5 367511509 3 123660634
4.7e-09 20.0469 1.84375 8.96875 2 110052769 1 415802509
4.7e-09 20.6562 1.8125 9.1875 0 245783931 3 234063984
4.7e-09 20.9688 2.03125 9.03125 1 258342029 8 263835663
4.7e-09 21.625 2.21875 9.10938 6 58344926 7 381632692
4.7e-09 20.0312 2.42188 8.95312 4 539517241 3 0
4.7e-09 22.6406 1.96875 9.23438 20 117536798 25 389962678
4.7e-09 20.6562 2.01562 9 1 214340816 3 258946091
4.7e-09 20.4531 1.89062 9.03125 5 385124676 5 104068647
4.7e-09 infty 1.92188 9.09375 666 0 743 0
4.7e-09 20.2969 2.4375 8.95312 2 142539377 2 328615138
4.7e-09 21.3281 2.26562 8.9375 9 63533943 10 457968872
4.7e-09 21.5938 1.89062 9.04688 8 106502313 4 357152156
4.7e-09 20.4062 2.4375 8.96875 7 205994227 5 319824597
4.7e-09 24.3594 2.39062 9.14062 168 457834977 149 0
4.7e-09 20.7031 2.25 9.17188 5 260987476 5 176462780
4.7e-09 20.7656 1.9375 9.125 6 422718147 5 113167129
4.7e-09 22.2969 2.25 9.20312 21 0 16 489327287
4.7e-09 20.1719 2.21875 9.09375 3 118794147 3 311093288
4.7e-09 21.7031 1.875 9.01562 11 374477285 10 144894890
4.7e-09 22.1719 2.29688 8.98438 23 449129044 16 0
4.7e-09 23.3281 1.8125 9.1875 62 545843410 66 0
4.7e-09 20.4531 2.42188 8.9375 4 489550067 3 0
4.7e-09 21.0938 2.54688 9.17188 3 429078277 7 0
4.7e-09 23.2656 2.25 9.20312 52 372375263 47 86409067
4.7e-09 24.6094 2.78125 9.04688 215 551977134 253 0
4.7e-09 21.4844 1.89062 9.03125 15 249190851 8 301243819
4.7e-09 21.2188 2.54688 9.17188 5 149145002 5 322242871
4.7e-09 24.6875 2 8.98438 229 0 254 486354706
4.7e-09 21.3438 1.8125 9.21875 12 204123290 4 314080634
4.7e-09 23.7969 1.90625 9.07812 100 474060316 90 0
4.7e-09 22.4375 2.71875 8.95312 21 127797950 32 392432189
4.7e-09 20.5469 1.85938 8.98438 5 140077514 2 281779755
4.7e-09 20.3125 1.8125 9.23438 3 72198772 4 391013877
4.7e-09 20.7031 1.96875 9.20312 4 446343814 2 0
4.7e-09 21.3906 2.73438 8.98438 6 50755011 13 426221906
4.7e-09 21.5156 2.45312 9 7 349833509 10 178093503
4.7e-09 21.6875 2.75 9 16 540414533 8 0
4.7e-09 21.4062 1.875 9 2 50737554 3 410652666
4.7e-09 20.9531 2.3125 9.01562 7 50889001 2 486269833
4.7e-09 21.0469 1.90625 9.04688 3 421683265 6 32943212
4.7e-09 20.2656 1.96875 9.26562 3 139389279 3 356890174
4.7e-09 20.7969 1.82812 8.9375 7 513783031 9 0
4.7e-09 22.6719 2.25 9.15625 20 0 24 487794532
4.7e-09 22.7031 1.8125 9.20312 22 255931262 29 207680764
4.7e-09 23.4375 2.73438 8.96875 78 0 67 466976260
4.7e-09 21.2344 2.21875 9.10938 11 78671367 7 375445309
4.7e-09 21.5938 1.82812 8.9375 10 461995908 11 6708841
4.7e-09 23.1719 2.45312 8.98438 58 281152780 60 250051181
4.7e-09 22.4688 2.29688 8.98438 31 502037473 24 0
4.7e-09 21.6719 2.04688 9.04688 13 273505425 11 278145949
4.7e-09 22.125 1.90625 9.0625 20 0 15 477117763
4.7e-09 20.4688 1.89062 9.04688 2 348233627 3 128759123
4.7e-09 21.375 2.01562 9 4 442009731 6 42558055
4.7e-09 21.8906 2.4375 8.98438 17 187625414 16 330046046
4.7e-09 22 1.9375 9.10938 8 149118533 12 290352838
4.7e-09 22.0625 2.75 9 16 532956019 13 0
4.7e-09 19.8906 2.04688 9.04688 0 403634302 1 97059712
4.7e-09 22.9375 1.85938 8.98438 35 0 27 430933472
4.7e-09 21.1719 2.79688 9.0625 8 105472202 6 401872275
4.7e-09 22.4219 2.3125 9 25 431111230 18 105211978
4.7e-09 23.6562 2.35938 9.09375 61 0 67 438090587
4.7e-09 20.2656 1.95312 9.20312 2 15002216 2 472603152
4.7e-09 23.6094 2.375 9.10938 73 0 49 472884732
4.7e-09 21.2344 1.92188 9.09375 10 387384 9 459049240
4.7e-09 23.9844 2.3125 9.01562 94 464093151 106 0
4.7e-09 20.5312 2.78125 9.0625 6 70131437 3 359619707
4.7e-09 21.5625 2.26562 8.9375 14 489781767 11 0
4.7e-09 20.5 2.28125 8.95312 3 455684200 2 6044664
4.7e-09 22.0781 2.04688 9.04688 13 209950506 22 306002942
4.7e-09 21.0156 2 8.98438 7 486301931 3 0
4.7e-09 22.4062 2.25 9.21875 33 123042225 19 426512914
4.7e-09 23.1562 2.53125 9.15625 46 130552527 50 408616115
4.7e-09 21.7031 2.46875 9.03125 10 427711074 10 98779805
4.7e-09 21.3438 1.8125 9.17188 5 156304862 9 353102236
4.7e-09 22.5156 2.35938 9.09375 17 459436801 20 2840128
4.7e-09 infty 2.51562 9.09375 676 0 664 0
4.7e-09 20.2812 2.25 9.17188 3 166793366 3 311104897
4.7e-09 21.9844 1.85938 8.98438 19 44253297 22 402050111
4.7e-09 20.1719 1.90625 9.0625 6 1090194 1 422585730
4.7e-09 21.0312 2.5 9.07812 4 474352849 10 0
4.7e-09 21.9531 2 8.96875 12 257060665 19 216848515
4.7e-09 21.0938 1.84375 8.96875 5 225733893 4 203259187
4.7e-09 21.7812 2.25 9.17188 10 175077855 12 287954588
4.7e-09 20.5781 1.84375 8.95312 5 225032215 6 315176347
4.7e-09 21.9375 1.84375 8.96875 12 0 11 480601586
4.7e-09 21.5781 2.3125 9 11 449616911 8 25023552
4.7e-09 22.4531 1.84375 8.96875 22 0 22 516536033
4.7e-09 21.3594 1.85938 8.98438 8 90124903 9 408513591
4.7e-09 20.5469 1.875 9.01562 2 260977363 2 298632362
4.7e-09 infty 2.26562 8.9375 838 0 795 0
4.7e-09 21.375 1.8125 9.21875 14 327746681 4 162364830
4.7e-09 22.6406 2.79688 9.0625 45 382248360 31 130118379
4.7e-09 21.9062 2.28125 8.96875 15 374738885 19 132285589
4.7e-09 20.9219 1.84375 8.96875 7 496571255 5 61336777
4.7e-09 infty 2.26562 8.9375 825 0 879 0
4.7e-09 23.4844 2.32812 9.03125 60 0 62 434832414
4.7e-09 21.2188 1.8125 9.23438 5 471348045 4 0
4.7e-09 infty 2.25 9.20312 605 0 672 0
4.7e-09 21.0781 1.82812 8.95312 11 1860585 9 440061192
4.7e-09 20.4688 1.84375 8.96875 7 114533510 2 364035656
4.7e-09 21.8906 2 8.98438 11 270277953 10 245148741
4.7e-09 22.0781 2.5 9.0625 14 26350017 16 496063155
4.7e-09 22 2.45312 9 12 281125312 20 160139644
4.7e-09 21.3281 2.42188 8.95312 6 153386759 5 370188025
4.7e-09 23.2031 2.54688 9.1875 55 0 43 495391010
4.7e-09 21.5156 2.73438 8.98438 12 490133672 17 28057869
4.7e-09 23.1562 2.21875 9.10938 44 293695104 47 244008052
4.7e-09 21.1875 1.875 9.01562 5 256412069 8 231042665
4.7e-09 21.1094 2.23438 9.125 5 242008606 5 179124535
4.7e-09 24.1719 2.51562 9.09375 141 464711728 129 0
4.7e-09 23.5625 1.85938 9 78 508220069 73 0
4.7e-09 23.2031 1.9375 9.14062 56 497874839 57 0
4.7e-09 21.2344 2.8125 9.09375 7 0 5 452299145
4.7e-09 23.0938 1.84375 8.96875 50 440550649 49 0
4.7e-09 infty 1.92188 9.10938 682 0 692 0
4.7e-09 21.5 1.92188 9.10938 9 245870998 8 287482506
4.7e-09 20.125 1.89062 9.03125 1 75740095 2 390171749
4.7e-09 20.7344 2.54688 9.1875 4 89365616 5 336441442
4.7e-09 20.4844 2.29688 8.98438 5 98147884 3 371013311
4.7e-09 20.9062 2.01562 9 1 50124355 5 382455721
4.7e-09 21.1406 1.89062 9.04688 10 0 7 523888470
4.7e-09 21.2031 2.78125 9.0625 8 201011279 4 282267115
4.7e-09 21.2656 2.79688 9.09375 6 147676861 5 287265432
4.7e-09 20.5312 2.45312 9 5 295886528 3 133429090
4.7e-09 21.1094 2.375 9.10938 4 15744184 11 535147294
4.7e-09 22.3906 1.96875 8.9375 26 0 15 421021473
4.7e-09 22.0312 2.34375 9.04688 14 420747803 8 0
4.7e-09 20.5469 2 8.98438 3 151008606 3 274320649
4.7e-09 20.0781 2.39062 9.1875 3 447483571 0 54006476
4.7e-09 22.7812 1.89062 9.04688 50 459748727 33 89730610
4.7e-09 20.7344 1.8125 9.1875 12 142859320 6 415873056
4.7e-09 20.1719 2.35938 9.09375 2 3152494 1 423859355
4.7e-09 19.3125 1.8125 9.21875 0 367252422 1 152199031
4.7e-09 22.4062 2.42188 8.95312 26 234727088 29 314456753
4.7e-09 25.1406 2.21875 9.10938 273 23729730 286 403690858
4.7e-09 22.2031 2.5 9.07812 15 0 16 428776462
4.7e-09 23 1.85938 8.98438 38 514211399 45 0
4.7e-09 19.9844 1.96875 8.9375 1 119342699 2 315863937
4.7e-09 20.5312 1.84375 8.95312 1 246000907 7 186305006
4.7e-09 infty 2.26562 8.9375 841 0 838 0
4.7e-09 21.2656 2.53125 9.14062 5 247501388 10 186743029
4.7e-09 20.9219 1.85938 9 7 337652660 8 215092238
4.7e-09 23.1719 2.73438 8.96875 62 435711347 52 93946902
4.7e-09 21.625 1.95312 9.17188 7 278452708 7 158237330
4.7e-09 23.5938 1.90625 9.0625 67 486203941 81 0
4.7e-09 21.125 2.78125 9.04688 7 177686780 6 363054688
4.7e-09 22.6719 2.04688 9.0625 32 478755078 26 0
4.7e-09 20.4688 1.98438 8.96875 2 225640157 4 257450279
4.7e-09 21.4375 2.26562 8.95312 9 0 9 439425503
4.7e-09 21.1562 2.3125 9 4 302820902 6 214233725
4.7e-09 20.5625 1.875 9.01562 8 269174313 4 280991182
4.7e-09 23.1719 2.25 9.17188 60 205249612 58 322281942
4.7e-09 22.7188 2.53125 9.125 30 451309883 25 0
4.7e-09 22.7969 1.8125 9.17188 38 0 33 531273761
4.7e-09 22.0469 2.46875 9.01562 21 486148725 12 54170331
4.7e-09 21.5625 1.84375 8.95312 8 293858106 7 193438573
4.7e-09 infty 2.26562 8.95312 840 0 789 0
4.7e-09 23.5156 1.875 9.01562 71 0 75 551958150
4.7e-09 21.1562 1.8125 9.21875 3 522622702 6 0
4.7e-09 20.875 2.73438 8.98438 4 346961095 3 101463825
4.7e-09 21.6562 1.96875 9.25 6 422107498 8 0
4.7e-09 21.625 1.95312 9.15625 10 294872911 7 150184080
4.7e-09 19.9062 2.34375 9.0625 3 339523202 3 152258392
4.7e-09 21.5156 1.89062 9.03125 14 365992945 6 158236252
4.7e-09 21.5312 2.04688 9.04688 16 466252370 6 42667209
4.7e-09 21.6406 2.03125 9.01562 3 249847176 8 178231922
4.7e-09 21.1406 2.51562 9.09375 5 491321300 6 40263473
4.7e-09 infty 2 8.98438 779 0 793 0
4.7e-09 22.1406 2.39062 9.15625 22 0 12 467702969
4.7e-09 20.8594 1.8125 9.45312 2 15496775 4 449783100
4.7e-09 22.0156 2.42188 8.9375 14 427036571 13 0
4.7e-09 21.7188 2.5 9.0625 13 12642531 12 497673981
4.7e-09 22.0625 2.28125 8.95312 18 300814513 15 230062737
4.7e-09 21.0469 2.34375 9.04688 6 42416391 13 421971257
4.7e-09 23.4531 2.3125 9.01562 63 370535601 50 83378977
4.7e-09 21.5938 1.9375 9.10938 14 459620394 6 0
4.7e-09 21.3594 1.84375 8.96875 7 434007323 11 73918420
4.7e-09 24.0625 1.82812 8.95312 143 0 154 556482900
4.7e-09 22.4375 2.29688 8.98438 18 0 33 524224388
4.7e-09 19.375 1.90625 9.0625 3 82052675 0 384279440
4.7e-09 21.8438 1.82812 8.9375 12 370745441 17 183448046
4.7e-09 22.1562 2.51562 9.09375 14 95945486 18 361972387
4.7e-09 20.4375 1.98438 8.95312 5 43971522 1 455842624
4.7e-09 23.5469 2.78125 9.0625 70 524393027 63 0
4.7e-09 23.2812 1.96875 9.23438 50 447370459 54 0
4.7e-09 20.7656 1.8125 9.20312 5 540807764 6 0
4.7e-09 21.3906 2.73438 8.96875 8 72432163 4 411047990
4.7e-09 22.7344 2.03125 9.03125 30 152983027 31 281624908
4.7e-09 21.0312 2.03125 9.01562 5 37562301 5 429172716
4.7e-09 infty 1.89062 9.03125 744 0 759 0
4.7e-09 20.6406 2.20312 9.0625 5 143660188 7 341055555
4.7e-09 23.4219 2.40625 9.21875 57 471833641 67 0
4.7e-09 20.4688 2.01562 9 4 227563109 3 245809222
4.7e-09 23.4219 2.45312 8.98438 62 473792231 65 0
4.7e-09 20.75 1.95312 9.1875 5 40557137 5 504672031
4.7e-09 21.5312 1.92188 9.09375 13 301602885 9 214461979
4.7e-09 21.5469 1.9375 9.14062 3 317425587 8 178229684
4.7e-09 21.7812 2.25 9.21875 15 209962054 6 251332882
4.7e-09 20.9375 2.04688 9.0625 6 478231966 5 64518234
4.7e-09 21.5781 1.82812 8.9375 11 0 14 479814164
4.7e-09 21.2344 2.04688 9.0625 10 222976246 3 233584446
4.7e-09 22.625 2.5625 8.9375 42 0 22 525321206
4.7e-09 22.7656 1.79688 9.17188 44 442496630 42 110917501
4.7e-09 20.5469 2.46875 9.03125 1 393186951 2 30942073
4.7e-09 21.5 1.85938 8.98438 10 134765340 13 408970808
4.7e-09 20.8906 1.96875 9.25 8 263335635 5 180105087
4.7e-09 22.1875 2.5 9.0625 25 432475209 20 0
4.7e-09 21.1719 2.75 8.98438 6 475055508 9 33663825
4.7e-09 20.4844 2.5 9.0625 3 175547724 3 287719796
4.7e-09 22.6562 1.82812 8.95312 31 0 43 495219970
4.7e-09 20.8438 1.84375 8.96875 5 250696174 1 222314385
4.7e-09 21.1562 2.20312 9.0625 6 295267225 1 226544805
4.7e-09 21.0312 1.98438 8.95312 1 0 8 474249084
4.7e-09 21.7031 1.9375 9.125 12 359602475 12 158503324
4.7e-09 20.6562 2.48438 9.04688 3 383732719 3 94584201
4.7e-09 21.0156 1.92188 9.07812 7 455870192 9 30117113
4.7e-09 20.0469 1.82812 8.95312 4 352729788 1 170681754
4.7e-09 21.6875 2.21875 9.10938 10 212349488 12 325898706
4.7e-09 20.9531 1.84375 8.96875 6 379280560 6 156542683
4.7e-09 22.5156 2.21875 9.09375 22 394103190 23 64678586
4.7e-09 21.1562 2.78125 9.04688 6 413394751 5 100061652
4.7e-09 21.5312 2.48438 9.04688 10 514503346 16 0
4.7e-09 23.6562 1.89062 9.04688 71 0 59 437396180
4.7e-09 20.9531 2.73438 8.98438 9 232958217 7 300102927
4.7e-09 20.8906 1.85938 8.98438 7 49129155 9 393036569
4.7e-09 20.125 2.04688 9.04688 3 100018032 2 365972912
4.7e-09 21.5938 1.90625 9.0625 10 257329270 10 207923402
4.7e-09 23.6406 2.03125 9.03125 93 450680664 76 0
4.7e-09 21.9062 2.32812 9.01562 14 394943027 21 111696315
4.7e-09 22.4062 2.3125 9 21 0 16 543385157
4.7e-09 22.125 2.20312 9.07812 7 477206825 24 0
4.7e-09 22.1562 2.42188 8.9375 12 292708066 18 168481419
4.7e-09 21.5781 1.82812 8.95312 10 365314234 7 105567973
4.7e-09 20.5938 2.5 9.07812 5 373873168 2 157250850
4.7e-09 20.8594 2.3125 9 2 365206949 6 99411646
4.7e-09 23.5781 2.23438 9.14062 62 316371858 58 178767370
4.7e-09 19.9844 2.28125 8.95312 2 44694835 2 390269560
4.7e-09 21.125 2.01562 9 6 151767624 7 394187501
4.7e-09 21.1094 1.98438 8.96875 9 29876925 10 527763357
4.7e-09 21.6094 1.8125 9.21875 11 330531955 7 120808116
4.7e-09 21.4688 2.71875 8.95312 7 65751345 7 361573643
4.7e-09 22 2.34375 9.04688 10 319143275 13 122521831
4.7e-09 21.7656 2.23438 9.125 10 284868909 12 184558478
4.7e-09 22.0938 1.875 9 15 500929153 20 0
4.7e-09 20.6875 2.35938 9.07812 6 47133574 5 401179549
4.7e-09 22.7656 2.21875 9.09375 36 391508055 32 165421826
4.7e-09 24.5625 1.96875 8.9375 183 0 202 451511409
4.7e-09 21.6406 2.45312 8.98438 11 0 14 432590431
4.7e-09 21.4531 1.875 9 9 27404090 7 410863030
4.7e-09 19.625 2.76562 9.01562 3 218361584 2 208799815
4.7e-09 21.4844 2.29688 8.96875 14 394108054 9 153004942
4.7e-09 21.8594 1.82812 8.95312 16 520662441 17 30254002
4.7e-09 21.3125 1.95312 9.17188 5 536207489 9 0
4.7e-09 22.2031 2.375 9.10938 17 422690294 9 0
4.7e-09 21.0156 1.9375 9.125 7 213405332 3 269286772
4.7e-09 20.8906 2.46875 9.03125 2 222373186 3 222995941
4.7e-09 22.9375 2.46875 9.01562 38 0 24 422728335
4.7e-09 22.2656 2.54688 9.1875 28 292311938 25 221995945
4.7e-09 22.125 2.20312 9.07812 20 0 20 482242973
4.7e-09 21.9062 1.8125 9.21875 14 43955395 14 460517289
4.7e-09 21.0938 1.85938 8.98438 6 213046946 3 217916812
4.7e-09 21.0156 1.875 9.01562 9 84659831 6 401384704
4.7e-09 22.125 2.51562 9.09375 17 265871355 20 208990063
4.7e-09 21.6094 2.28125 8.95312 11 318157130 10 138125739
4.7e-09 21.6094 1.89062 9.04688 8 230483449 10 222538584
4.7e-09 21.0625 2.03125 9.01562 7 0 8 451705277
4.7e-09 21.9531 2.01562 9.01562 10 456586348 12 15390985
4.7e-09 22.6406 2.04688 9.04688 20 77850487 30 432617529
4.7e-09 21.6406 2.73438 8.96875 8 430123569 8 0
4.7e-09 20.5156 1.90625 9.0625 5 187159818 1 261384179
4.7e-09 21.1562 1.875 9.01562 10 17685515 10 505413322
4.7e-09 20.4844 2.71875 8.95312 2 415819006 2 49591998
4.7e-09 24.0938 1.85938 8.98438 141 0 161 528001966
4.7e-09 21.375 2.73438 8.96875 5 422973960 5 61267258
4.7e-09 21.4062 1.96875 8.9375 11 306122221 8 156878151
4.7e-09 21.1094 2.21875 9.10938 11 553984699 8 0
4.7e-09 21.3906 1.82812 8.9375 8 62706419 11 416795584
4.7e-09 22 2.01562 9 19 247354927 15 188504169
4.7e-09 22.1094 1.8125 9.21875 12 0 21 489573200
4.7e-09 21.6406 2.03125 9.03125 15 434269114 9 0
4.7e-09 22.4688 2 8.96875 36 20539714 30 474744374
4.7e-09 23.4688 1.875 9.01562 54 235956596 48 207028375
4.7e-09 22.3906 2 8.98438 21 382076148 19 40602305
4.7e-09 21.4375 2.3125 9.01562 4 140970187 3 308442051
4.7e-09 20.5469 1.84375 8.96875 5 130172246 4 428592844
4.7e-09 20.0312 1.84375 8.96875 1 108336927 2 421751325
4.7e-09 21.0781 1.89062 9.04688 4 389705583 6 47040598
4.7e-09 21.5312 1.875 9.01562 11 355055981 11 162771850
4.7e-09 21.3594 2.45312 8.98438 12 0 5 496840830
4.7e-09 21.0312 2.78125 9.0625 3 291418380 5 176975075
4.7e-09 22.7656 2.21875 9.09375 20 228134247 27 193900953
4.7e-09 21.5156 1.85938 9 11 117423794 11 405643674
4.7e-09 20.875 1.96875 8.95312 5 166601036 4 287069319
4.7e-09 infty 2.5 9.07812 702 0 757 0
4.7e-09 20.3906 1.89062 9.03125 8 0 0 540649683
4.7e-09 21.5625 1.98438 8.95312 11 491192700 12 0
4.7e-09 21.4844 2.34375 9.04688 10 366675026 13 180993567
4.7e-09 21.6406 1.95312 9.20312 11 318819157 3 112642556
4.7e-09 23.25 1.92188 9.09375 54 0 58 466819322
4.7e-09 infty 2.23438 9.125 645 0 659 0
4.7e-09 21.7344 1.95312 9.15625 15 305019009 17 194806647
4.7e-09 21.0625 2.45312 8.98438 3 435142245 8 9660080
4.7e-09 infty 2 8.96875 799 0 830 0
4.7e-09 21.1406 1.84375 8.96875 8 437549796 6 94566003
4.7e-09 21.5 1.875 9.01562 8 40182258 7 497685284
4.7e-09 21.9531 2.26562 8.9375 12 438784519 14 31881722
4.7e-09 21.1719 2.23438 9.14062 8 0 6 503178134
4.7e-09 infty 2.54688 9.20312 668 0 657 0
4.7e-09 20.6406 2.21875 9.10938 5 396373778 6 94805546
4.7e-09 21.0156 2.53125 9.14062 11 132989094 6 351023685
4.7e-09 22.1562 1.82812 8.95312 15 332594345 21 122294426
4.7e-09 21.4531 1.96875 9.45312 13 0 2 433572814
4.7e-09 22.1875 1.875 9 17 334860259 19 104992736
4.7e-09 22.1562 1.90625 9.0625 14 198942879 15 254623682
4.7e-09 21.5469 2.03125 9.03125 16 330914936 10 165398956
4.7e-09 22.6875 1.96875 9.21875 27 470384949 21 0
4.7e-09 23.125 1.89062 9.04688 54 422748882 50 0
4.7e-09 20.9531 2.01562 9 7 22388952 5 512024916
4.7e-09 20.6094 2.46875 9.01562 5 157200799 3 351591574
4.7e-09 22.1562 2.35938 9.09375 18 268105917 17 191417988
4.7e-09 21.6875 2.21875 9.09375 10 0 17 528917906
4.7e-09 22.6406 2.42188 8.95312 20 0 30 506133281
4.7e-09 20.75 1.9375 9.10938 8 205583638 3 348441891
4.7e-09 20.7656 2.26562 9.21875 5 0 5 530624033
4.7e-09 22.0938 2 8.96875 20 0 24 506462822
4.7e-09 22.0312 2.45312 8.98438 16 550502868 14 0
4.7e-09 20.625 2.78125 9.04688 1 240063772 5 255122892
4.7e-09 22 2.35938 9.07812 8 435021659 16 0
4.7e-09 22.2031 1.8125 9.17188 16 14828245 15 413315556
4.7e-09 22.3594 1.9375 9.14062 21 448289745 17 0
4.7e-09 infty 1.90625 9.07812 712 0 773 0
4.7e-09 22.0781 2.25 9.15625 13 203913341 18 306821700
4.7e-09 20.1875 1.90625 9.0625 3 42463817 9 512854672
4.7e-09 21.8281 1.95312 9.17188 9 57020820 9 376318690
4.7e-09 21.4375 1.84375 8.96875 11 260191495 12 179063723
4.7e-09 21.75 1.90625 9.0625 15 479249155 14 0
4.7e-09 22.4219 2.76562 9.01562 23 541846595 23 0
4.7e-09 21.0156 2.23438 9.14062 7 182154025 3 305279562
4.7e-09 20.9844 1.85938 8.98438 5 176242650 5 331406256
4.7e-09 21.9688 2.03125 9.01562 10 424022959 12 37613667
4.7e-09 21.9844 2.3125 9 13 0 14 449395733
4.7e-09 22.0781 2.75 9 17 209703145 19 307913631
4.7e-09 21.4375 2.28125 8.95312 13 336784668 13 110778817
4.7e-09 22.1875 1.875 9.01562 20 143437985 8 289041167
4.7e-09 21.0469 1.90625 9.07812 7 174785147 5 280638254
4.7e-09 22.4844 2.20312 9.07812 22 420361779 31 62190182
4.7e-09 22.0625 2.23438 9.14062 11 202499010 16 321643974
4.7e-09 22.4062 1.96875 9.21875 24 0 25 542975095
4.7e-09 22.6094 2.32812 9.03125 33 0 26 529131933
4.7e-09 22.4219 1.82812 8.9375 28 229579796 25 303829895
4.7e-09 21.4062 1.85938 8.98438 14 211974255 8 252241456
4.7e-09 23 2.73438 8.96875 39 128215669 50 392017138
4.7e-09 23.7812 1.79688 9.17188 82 0 90 475752372
4.7e-09 22.0156 2.45312 8.98438 12 175435721 12 253922513
4.7e-09 21.9844 2.28125 8.96875 16 443169346 14 0
4.7e-09 20.6094 1.98438 8.95312 4 209884884 1 304644205
4.7e-09 21.9688 1.85938 9 16 0 7 463704313
4.7e-09 21.2031 2.375 9.125 4 477936945 7 0
4.7e-09 22.125 2.39062 9.14062 17 406444524 16 68447135
