4.7e-09 23.9062 2.73438 9.96875 917 428228387 980 69681094
4.7e-09 23.0781 2.35938 9.90625 432 270590857 481 113991526
4.7e-09 24.1875 3.26562 10 1257 115966557 1231 329046337
4.7e-09 24.2656 3.3125 10.125 1189 188567936 1124 206251160
4.7e-09 23.5469 2.375 9.92188 714 79332265 783 385117749
4.7e-09 24.8594 2.875 9.90625 1872 238623908 1881 159431443
4.7e-09 24.25 2.42188 10.0156 1244 192684869 1330 214310694
4.7e-09 23.875 2.85938 9.89062 766 215334776 736 173783203
4.7e-09 23.9688 3 9.85938 1105 314194908 1136 138993727
4.7e-09 25.1719 2.53125 9.92188 1900 254719014 1807 0
4.7e-09 24.75 2.4375 10.0469 2096 195983621 2079 268673280
4.7e-09 23.8906 2.375 9.92188 1013 133092168 990 371452065
4.7e-09 infty 3.35938 9.875 1897 67138753 1938 0
4.7e-09 infty 2.42188 9.98438 2278 58639520 2156 38738973
4.7e-09 25.125 2.54688 9.9375 2415 0 2347 359519167
4.7e-09 23.0938 3.39062 9.9375 524 25064606 528 483626537
4.7e-09 25.375 2.32812 9.85938 1973 187931596 1829 65281697
4.7e-09 24.5625 2.39062 9.95312 1731 259499065 1826 198112099
4.7e-09 infty 2.53125 9.92188 1860 177248012 1779 70393487
4.7e-09 25.3594 2.45312 10.0781 2119 258842744 2054 937207
4.7e-09 infty 2.45312 10.0781 2120 63389848 2030 105326503
4.7e-09 24.6562 2.46875 10.1406 1501 302597133 1573 100259244
4.7e-09 25.0938 2.46875 10.1094 2021 219667353 2088 156664421
4.7e-09 23.5469 2.45312 10.0625 691 335351370 694 133926888
4.7e-09 25.3281 2.375 9.9375 2434 271358691 2440 0
4.7e-09 24.4688 3.4375 10.0156 1267 301446881 1257 91389405
4.7e-09 25.1875 2.4375 10.0312 2165 119263841 2055 210159878
4.7e-09 infty 2.84375 9.875 1898 62019928 1958 0
4.7e-09 24.5312 2.375 9.92188 1809 2395497 1751 480064256
4.7e-09 25.3281 3.0625 9.9375 2362 272333973 2389 0
4.7e-09 infty 2.375 9.92188 1847 58574544 1809 76083925
4.7e-09 infty 2.5625 9.95312 2429 222986430 2299 0
4.7e-09 25.0625 2.8125 9.84375 2080 293795752 2027 0
4.7e-09 infty 2.42188 9.98438 2255 49889158 2296 0
4.7e-09 24.0156 3.32812 9.84375 1138 2479100 1186 423239663
4.7e-09 infty 2.875 9.90625 1845 58578277 1875 126868749
4.7e-09 24.1094 2.34375 9.875 1462 67950809 1435 429338336
4.7e-09 infty 2.4375 10.0469 2119 74552835 2103 0
4.7e-09 24.4375 3.35938 9.875 1441 6219847 1454 406121084
4.7e-09 24.3438 3.3125 10.1562 1497 467998152 1550 0
4.7e-09 23.9375 2.375 9.9375 1026 43032576 1009 432978345
4.7e-09 25.0312 3.45312 10.0625 2139 418557817 2057 0
4.7e-09 22.7812 2.46875 10.1094 364 37695281 385 404969577
4.7e-09 infty 2.35938 9.92188 1831 128867475 1886 0
4.7e-09 25.0938 2.98438 9.84375 2072 30847759 2071 250640498
4.7e-09 22.9688 2.95312 10.0625 422 267823842 381 189025678
4.7e-09 infty 2.84375 9.875 1940 0 1856 198821873
4.7e-09 infty 3.40625 9.95312 2295 52993676 2345 137537638
4.7e-09 infty 2.45312 10.0625 2068 62137259 2150 95430782
4.7e-09 infty 2.89062 9.9375 2328 41011752 2382 17544179
4.7e-09 24.1094 2.53125 9.90625 1299 353594308 1363 144763211
4.7e-09 23.4219 2.32812 9.85938 641 240917636 646 184285255
4.7e-09 23.3906 3.34375 9.875 659 0 653 435500492
4.7e-09 infty 2.9375 10.0312 2179 0 2149 0
4.7e-09 24.3594 2.46875 10.1406 1607 40304015 1490 416495550
4.7e-09 infty 2.39062 9.9375 2413 36140807 2339 182654915
4.7e-09 23.3594 2.39062 9.95312 605 179834410 521 276666341
4.7e-09 infty 2.9375 10.0156 2238 23916067 2165 0
4.7e-09 23.875 3.03125 9.90625 793 35460731 773 350074919
4.7e-09 infty 2.75 9.98438 2237 0 2199 0
4.7e-09 infty 2.90625 9.95312 2458 0 2290 0
4.7e-09 24.625 2.8125 10.1875 1514 369766108 1489 48484478
4.7e-09 infty 2.85938 9.89062 1942 247056639 1923 0
4.7e-09 24.5625 3 9.85938 1886 223842563 1949 235647520
4.7e-09 infty 2.34375 9.89062 1942 167432522 1918 75097570
4.7e-09 24.6406 2.9375 10.0312 1645 220137245 1626 190095198
4.7e-09 24.9531 2.53125 9.90625 1910 61995168 1915 284144886
4.7e-09 24.8125 2.46875 10.1094 2035 420895757 2086 0
4.7e-09 24.6094 2.40625 9.96875 1713 77022524 1678 353569918
4.7e-09 25.3594 3.29688 10.0938 2173 0 2171 257616703
4.7e-09 infty 2.98438 9.84375 2069 97289463 1960 5350333
4.7e-09 25.0781 2.8125 10.125 2015 75292808 2094 313362703
4.7e-09 infty 2.89062 9.9375 2348 29856331 2384 24300236
4.7e-09 22.3594 3.03125 9.89062 282 458636271 244 2973947
4.7e-09 24.5156 3.01562 9.875 1862 357318725 1890 136511730
4.7e-09 infty 3.28125 10.0312 2241 23230280 2116 118928919
4.7e-09 24.2031 2.45312 10.0781 1157 206985005 1238 228892357
4.7e-09 24.5625 2.84375 9.875 1931 0 1925 457924838
4.7e-09 24 2.5 9.85938 1117 134254870 1120 303898870
4.7e-09 22.5 2.45312 10.0781 279 30673687 289 476127769
4.7e-09 infty 3.46875 10.0938 2056 38646790 2143 0
4.7e-09 infty 2.75 9.98438 2266 53675134 2249 71303081
4.7e-09 24.5469 2.32812 9.875 1993 343608818 1920 121041597
4.7e-09 24.9375 2.39062 9.9375 2396 59923606 2332 414178332
4.7e-09 24.7656 2.78125 10.0469 2131 250326667 2078 208489594
4.7e-09 infty 2.375 9.9375 2306 0 2408 236574331
4.7e-09 24.3906 2.32812 9.85938 1479 40036811 1376 403733883
4.7e-09 infty 2.48438 9.84375 1992 69699646 1986 78469826
4.7e-09 24.125 2.5625 9.96875 1312 343126448 1273 144323028
4.7e-09 24.6094 2.42188 10 1660 198676163 1659 230520872
4.7e-09 infty 2.5 9.85938 2037 0 1973 0
4.7e-09 24.4375 2.32812 9.85938 1537 0 1478 411070181
4.7e-09 23.0312 3.35938 9.875 464 333909514 485 82008922
4.7e-09 24.4375 3.01562 9.89062 1461 345773723 1380 69407465
4.7e-09 infty 2.34375 9.875 1843 23325513 1905 66894893
4.7e-09 25.1562 3.04688 9.9375 2502 0 2358 345469003
4.7e-09 24.5469 2.82812 9.85938 1931 0 2011 463572479
4.7e-09 24 3.25 9.98438 978 196133283 940 241152422
4.7e-09 infty 2.79688 10.125 2000 0 2066 0
4.7e-09 24.4375 2.51562 9.89062 1444 285382973 1444 129438668
4.7e-09 24.9688 2.76562 10 2148 452243045 2324 0
4.7e-09 infty 3.42188 9.98438 2386 107421878 2286 0
4.7e-09 infty 2.53125 9.92188 1877 0 1885 194569982
4.7e-09 24.0469 2.875 9.92188 999 213964340 1009 191067750
4.7e-09 infty 2.51562 9.89062 1813 199083185 1886 0
4.7e-09 25.2812 2.46875 10.125 2042 218357544 2039 68094098
4.7e-09 infty 2.40625 9.96875 2398 0 2270 0
4.7e-09 24.2969 2.8125 10.1406 1532 410813276 1526 91420026
4.7e-09 24.625 2.45312 10.0781 1637 195455538 1571 224950129
4.7e-09 23.25 2.96875 10.125 460 298676906 476 102113403
4.7e-09 infty 2.78125 10.0469 2132 51782640 2145 0
4.7e-09 24.625 2.46875 10.1719 1489 292245228 1530 128274483
4.7e-09 infty 2.42188 10.0156 2171 153155710 2217 62734529
4.7e-09 24.375 2.34375 9.875 1371 284915981 1499 162577102
4.7e-09 infty 2.34375 9.875 1908 58386902 1966 38091009
4.7e-09 23.4688 2.51562 9.89062 602 132395349 591 259051836
4.7e-09 24.5312 2.42188 10 1688 321839773 1785 157867813
4.7e-09 25.2031 3.39062 9.9375 2348 300528855 2380 20614914
4.7e-09 23.8906 2.375 9.92188 995 186942499 1087 321820983
4.7e-09 25.0625 3.35938 9.89062 1876 102646008 1805 191393942
4.7e-09 25.0469 2.75 9.98438 2323 41115931 2191 361171501
4.7e-09 24.3281 2.98438 9.84375 1456 278740732 1532 203404601
4.7e-09 25.1875 2.42188 10 2176 0 2246 328501126
4.7e-09 23.2969 2.46875 10.1406 631 359880475 647 146994798
4.7e-09 23.9062 2.5 9.85938 1031 297412106 1107 198810242
4.7e-09 infty 3.45312 10.0625 2201 0 2113 0
4.7e-09 24.4375 3.07812 9.98438 1251 301643204 1363 107460644
4.7e-09 infty 2.42188 10.0156 2204 17712001 2249 216803392
4.7e-09 25.1406 2.39062 9.95312 2293 352757036 2275 0
4.7e-09 infty 2.46875 10.125 2059 96687887 2160 29963018
4.7e-09 infty 3.45312 10.0312 2160 24742629 2123 0
4.7e-09 24.5938 2.84375 9.875 1901 130415070 1903 305589897
4.7e-09 24.4219 3.32812 9.84375 1557 133736219 1482 286135804
4.7e-09 infty 2.39062 9.95312 2315 197751136 2340 0
4.7e-09 24.0781 2.35938 9.89062 1122 220357744 1036 169970651
4.7e-09 24.8906 2.35938 9.89062 1911 318578676 1865 61261093
4.7e-09 23.9844 2.5625 9.96875 1018 55622917 989 384116514
4.7e-09 24.6562 2.53125 9.90625 1842 0 1790 403353730
4.7e-09 infty 2.5 9.85938 1949 85041625 1980 113143644
4.7e-09 22.8906 2.84375 9.875 476 485664981 460 22426098
4.7e-09 infty 2.42188 10.0156 2226 37886617 2171 42526529
4.7e-09 24.4844 3.35938 9.89062 1415 129687368 1455 254102043
4.7e-09 infty 2.51562 9.875 1883 129498240 1919 0
4.7e-09 24.3125 2.8125 9.84375 1500 170172304 1560 325717564
4.7e-09 24.5781 3.40625 9.96875 1777 0 1762 444420133
4.7e-09 25.0156 2.95312 10.0469 2059 216482930 2104 207727587
4.7e-09 infty 2.5625 9.96875 2270 131066722 2332 0
4.7e-09 23.9844 2.39062 9.9375 1014 354401924 975 84768954
4.7e-09 24.5469 2.9375 10.0312 1617 0 1606 463011880
4.7e-09 24.6719 2.39062 9.95312 1768 0 1718 392796211
4.7e-09 infty 2.8125 10.125 2025 0 2175 142618385
4.7e-09 25.3594 2.85938 9.89062 1933 46373214 1958 208991252
4.7e-09 infty 2.90625 9.96875 2382 147123385 2328 68560510
4.7e-09 infty 2.51562 9.875 1844 17298821 1899 178616181
4.7e-09 23.4688 2.875 9.92188 588 242671812 590 149685240
4.7e-09 infty 2.51562 9.89062 1890 37195347 1868 112024927
4.7e-09 24.6094 2.34375 9.875 1831 284407881 1938 138948569
4.7e-09 infty 2.51562 9.89062 1931 0 1890 0
4.7e-09 24.4062 2.90625 9.95312 1354 103159104 1283 322380380
4.7e-09 24.125 2.9375 10.0156 1265 0 1188 483913144
4.7e-09 25.1406 2.39062 9.95312 2329 355517795 2348 0
4.7e-09 infty 2.39062 9.9375 2278 9395630 2297 130421226
4.7e-09 25.3438 2.32812 9.85938 2055 48405140 1995 218574146
4.7e-09 24.9062 2.89062 9.95312 2236 0 2314 494354676
4.7e-09 infty 3.03125 9.89062 1924 0 1840 91150215
4.7e-09 25.0156 2.5625 9.96875 2288 0 2345 419741340
4.7e-09 24.5156 3.39062 9.92188 1716 487518873 1776 0
4.7e-09 infty 3.32812 9.84375 1974 1682402 2042 0
4.7e-09 25.25 3.3125 10.1406 2063 301674253 2074 0
4.7e-09 24.8594 3.375 9.90625 1845 0 1869 393306313
4.7e-09 25.2969 2.54688 9.9375 2366 73639830 2392 209699562
4.7e-09 infty 2.51562 9.89062 1839 0 1884 12080083
4.7e-09 22.9688 2.48438 9.85938 454 88472229 504 366387766
4.7e-09 infty 2.40625 9.96875 2272 152956773 2261 0
4.7e-09 24.9531 2.89062 9.95312 2426 291267969 2334 172198362
4.7e-09 24.3125 3.29688 10.0938 1585 18442375 1568 470530760
4.7e-09 25.1719 2.90625 9.95312 2249 339794535 2435 0
4.7e-09 infty 3.4375 10 2236 0 2224 0
4.7e-09 24.625 2.375 9.9375 1806 298217234 1825 124019809
4.7e-09 25.0781 2.5625 9.96875 2283 329809520 2338 58381903
4.7e-09 infty 2.79688 10.0781 2070 0 2160 0
4.7e-09 23.9688 2.42188 10 945 454139417 951 0
4.7e-09 infty 2.34375 9.89062 1873 0 1855 0
4.7e-09 25.1094 2.4375 10.0312 2226 56490016 2164 317175915
4.7e-09 24.4375 2.875 9.92188 1364 141229904 1335 272613319
4.7e-09 23.6719 2.46875 10.125 642 203128165 665 186466975
4.7e-09 25.2969 3.4375 10.0156 2224 0 2212 281821925
4.7e-09 24.5938 2.48438 9.84375 1938 372897318 1984 67925494
4.7e-09 infty 2.53125 9.90625 1819 171600380 1900 20926197
4.7e-09 23.375 2.51562 9.89062 576 254721920 601 193259651
4.7e-09 22.8125 3.32812 9.84375 386 89647673 341 333301316
4.7e-09 25.1094 2.4375 10.0312 2133 0 2112 372370212
4.7e-09 25.0781 2.5625 9.9375 2328 57932287 2368 325092534
4.7e-09 24.4844 2.5 9.85938 1984 296156225 1987 209988507
4.7e-09 24.375 3.0625 9.9375 1296 170351682 1314 280454322
4.7e-09 infty 2.35938 9.90625 1884 0 1841 0
4.7e-09 infty 2.46875 10.1719 1976 225826232 1973 0
4.7e-09 infty 2.875 9.92188 1851 0 1837 39595833
4.7e-09 infty 2.45312 10.0781 2053 29091637 2054 60307068
4.7e-09 24.9844 3.42188 10 2203 0 2201 447647325
4.7e-09 25.125 3.4375 10 2204 142813473 2205 221835811
4.7e-09 23.9062 2.82812 9.84375 1123 304009838 1079 192320005
4.7e-09 23.4844 3.26562 10.0156 683 24635979 720 483876390
4.7e-09 24.3594 2.48438 9.84375 1484 440718293 1483 13887430
4.7e-09 24.5625 2.35938 9.89062 1816 61495975 1918 399485237
4.7e-09 24.6562 2.39062 9.9375 1777 361286129 1839 39701121
4.7e-09 infty 2.76562 10 2288 0 2210 0
4.7e-09 23.2812 2.96875 10.1094 526 157520546 495 228637375
4.7e-09 25.0781 3.42188 9.96875 2294 181256906 2242 207635453
4.7e-09 25.2031 2.90625 9.96875 2341 203518440 2248 118265635
4.7e-09 24.7031 2.79688 10.1094 2153 211856673 2095 286414144
4.7e-09 24.0781 2.53125 9.90625 983 0 1079 385303776
4.7e-09 23 2.5 9.875 464 223337072 433 211245920
4.7e-09 24.9219 2.5 9.85938 2036 339244961 1879 24599589
4.7e-09 23.9219 2.40625 9.96875 920 412729082 1013 69047452
4.7e-09 24.3594 3.03125 9.89062 1453 66326057 1322 391422584
4.7e-09 infty 3.34375 9.875 1923 21810797 1891 15084383
4.7e-09 23.8906 2.90625 9.96875 924 54670120 888 452768213
4.7e-09 24.9688 2.42188 10 2157 436208904 2239 19231144
4.7e-09 infty 2.4375 10.0469 2179 0 2195 980720
4.7e-09 23.4375 2.85938 9.89062 589 88411194 618 324274838
4.7e-09 23.8438 2.8125 10.1406 801 236972724 849 168351067
4.7e-09 24.7812 2.96875 10.125 2023 329137538 2121 118444004
4.7e-09 24.7344 2.42188 10.0156 2188 423066351 2112 48226404
4.7e-09 25.3281 3.04688 9.9375 2327 194861295 2388 72680373
4.7e-09 infty 2.34375 9.89062 1866 28666334 1862 7347783
4.7e-09 23.9062 2.75 9.98438 951 354026545 950 137005680
4.7e-09 24.8906 2.8125 10.1562 2095 350126847 1997 30895970
4.7e-09 infty 3.46875 10.0938 2094 0 2085 0
4.7e-09 25.3125 2.45312 10.0938 2066 0 2062 275282996
4.7e-09 24.1406 2.375 9.92188 1357 213448551 1374 262361462
4.7e-09 22.5156 3.32812 9.84375 370 219575733 368 266546191
4.7e-09 23.3594 2.53125 9.90625 592 3129613 552 459934183
4.7e-09 23.7344 2.45312 10.0938 910 357867153 896 121483278
4.7e-09 23.4219 2.54688 9.9375 576 221933590 555 202992828
4.7e-09 infty 2.39062 9.96875 2297 166965099 2265 6403082
4.7e-09 infty 2.42188 10 2275 0 2201 227765927
4.7e-09 24.9844 2.375 9.92188 1716 331683984 1886 0
4.7e-09 22.5781 2.95312 10.0781 241 318416614 280 135061614
4.7e-09 23.0781 2.9375 10.0156 363 134459761 371 254132742
4.7e-09 25.1875 3.0625 9.95312 2380 46452590 2258 284094566
4.7e-09 infty 2.84375 9.875 1964 131347448 1861 0
4.7e-09 23.9844 3.07812 9.96875 1040 21924859 940 423218778
4.7e-09 infty 2.4375 10.0312 2145 102914663 2161 59160973
4.7e-09 23.0781 3.04688 9.9375 401 378940915 419 11193261
4.7e-09 infty 3.40625 9.96875 2393 0 2316 0
4.7e-09 24.5312 3 9.85938 1964 274075914 1980 204639894
4.7e-09 23.8906 3.34375 9.875 1111 56917078 1075 449465331
4.7e-09 24.4531 3.39062 9.9375 1325 215608761 1313 181713196
4.7e-09 24.9375 3.07812 9.96875 2287 478804050 2290 0
4.7e-09 infty 2.375 9.92188 1786 0 1850 30363136
4.7e-09 24.625 3.04688 9.9375 1829 270848972 1737 145646125
4.7e-09 24.0156 2.54688 9.9375 1013 391539204 993 34329286
4.7e-09 25.1094 2.32812 9.85938 1954 270158140 1872 6918596
4.7e-09 23.6562 2.40625 9.98438 704 127081366 704 271043386
4.7e-09 24 2.875 9.90625 973 228452176 1015 209737555
4.7e-09 infty 2.32812 9.85938 1928 63890026 1932 0
4.7e-09 24.1719 3.25 9.98438 1275 83518446 1257 363372600
4.7e-09 infty 3.0625 9.95312 2384 0 2383 207940265
4.7e-09 infty 2.35938 9.89062 1832 0 1796 25095785
4.7e-09 infty 2.46875 10.1406 2019 87256290 2038 0
4.7e-09 23.3125 2.35938 9.90625 582 299226562 577 198191670
4.7e-09 25.1094 2.4375 10.0312 2202 55662753 2175 311469205
4.7e-09 infty 2.34375 9.875 1944 82280133 1922 27868958
4.7e-09 24.875 3 9.85938 2059 0 1889 385691939
4.7e-09 infty 2.84375 9.875 1941 74879450 1904 0
4.7e-09 infty 2.4375 10.0469 2178 0 2119 0
4.7e-09 24.5469 2.90625 9.96875 1726 46406157 1763 426375339
4.7e-09 24.5938 2.375 9.92188 1736 0 1759 436934964
4.7e-09 24.5156 2.5 9.875 1912 33878437 1905 453743185
4.7e-09 24.1875 2.95312 10.0625 1197 0 1192 438746555
4.7e-09 infty 2.40625 9.96875 2281 94244931 2358 111448328
4.7e-09 21.8594 3.42188 10 121 297792106 143 101914534
4.7e-09 25.3281 2.48438 9.84375 1997 0 2008 271949885
4.7e-09 24.5156 3.0625 9.9375 1750 264774748 1797 229606975
4.7e-09 24.6406 3.42188 10 1703 0 1752 408502097
4.7e-09 24.5 3.32812 9.84375 1997 288694702 1971 215582562
4.7e-09 infty 2.35938 9.90625 1893 0 1826 0
4.7e-09 23.1719 2.98438 10.1719 499 166032052 480 287644233
4.7e-09 24.0781 2.32812 9.85938 1130 250676642 1039 138784790
4.7e-09 infty 2.84375 9.875 1986 0 1953 80094834
4.7e-09 25.1094 2.89062 9.9375 2396 370182493 2396 0
4.7e-09 23.7969 2.34375 9.875 818 220335018 802 215303196
4.7e-09 24.4531 3.35938 9.89062 1461 0 1416 403112565
4.7e-09 infty 2.5625 9.95312 2315 134791111 2404 31328243
4.7e-09 infty 3.45312 10.0625 2104 107432603 2076 0
4.7e-09 23.4375 3.35938 9.89062 620 348733254 606 58515818
4.7e-09 infty 2.5 9.85938 1992 0 1911 217097757
4.7e-09 23.0938 2.78125 10.0625 526 167043888 469 335194856
4.7e-09 25.3125 2.79688 10.0781 2065 129491796 2078 149743894
4.7e-09 24.6875 2.79688 10.0938 1545 171042092 1540 212282912
4.7e-09 23.7812 2.96875 10.0938 918 0 875 444926891
4.7e-09 24.625 2.34375 9.89062 1901 331733875 1913 85153593
4.7e-09 infty 2.39062 9.95312 2306 65844860 2278 146739843
4.7e-09 24.6406 3.46875 10.0938 1553 29346380 1521 382053057
4.7e-09 infty 2.375 9.92188 1847 9596346 1889 22914387
4.7e-09 24.1406 2.42188 10 1190 470526546 1248 0
4.7e-09 infty 2.42188 10.0156 2279 207968943 2186 0
4.7e-09 24.6406 2.75 9.98438 1700 218490877 1753 186679088
4.7e-09 infty 3 9.85938 1950 7206422 1995 27510757
4.7e-09 23.3438 2.48438 9.84375 675 463953244 627 8531806
4.7e-09 25.2656 2.96875 10.1094 2047 293278844 2087 0
4.7e-09 24.9531 3.42188 9.98438 2316 243425730 2206 219265311
4.7e-09 23.0781 2.875 9.92188 409 109497657 445 280764489
4.7e-09 infty 3.32812 9.85938 1913 0 1995 57523586
4.7e-09 infty 3.0625 9.95312 2292 0 2324 197693762
4.7e-09 24.9219 2.5625 9.95312 2387 70631640 2341 417275261
4.7e-09 infty 3.03125 9.90625 1795 93874391 1856 0
4.7e-09 25.3125 2.5625 9.95312 2320 161654696 2271 111622369
4.7e-09 infty 2.96875 10.125 2097 186673728 2080 0
4.7e-09 infty 2.78125 10.0469 2124 68522741 2217 0
4.7e-09 25.0781 2.84375 9.875 2021 220441172 1893 69874140
4.7e-09 infty 2.34375 9.875 1905 0 1949 139110931
4.7e-09 23.4531 2.35938 9.89062 606 189181958 623 217430845
4.7e-09 infty 3.40625 9.96875 2262 0 2322 0
4.7e-09 24.2344 2.78125 10.0625 1210 409650922 1200 3220655
4.7e-09 infty 2.79688 10.125 2035 121930125 2040 46086054
4.7e-09 23.9375 3.04688 9.92188 1030 170838578 948 307533437
4.7e-09 23.9375 2.40625 9.98438 996 347440048 929 124933554
4.7e-09 infty 3.375 9.92188 1790 235188702 1764 0
4.7e-09 24.3281 2.46875 10.1094 1578 0 1547 485679770
4.7e-09 infty 2.76562 10 2162 86222370 2166 0
4.7e-09 infty 3.35938 9.89062 1932 7404757 1811 0
4.7e-09 infty 3.26562 10 2345 0 2251 0
4.7e-09 24.5 3.07812 9.96875 1745 0 1721 503021302
4.7e-09 24.5469 3.42188 9.98438 1704 314544991 1597 149168230
4.7e-09 23.5 2.375 9.92188 782 422696132 753 82865366
4.7e-09 25.1094 2.40625 9.96875 2315 70674461 2293 299791367
4.7e-09 23.9062 2.84375 9.875 1084 368841099 1119 126652200
4.7e-09 22.2969 2.46875 10.1406 262 291878510 256 215468436
4.7e-09 25.1406 2.79688 10.125 2023 252322604 2039 98579990
4.7e-09 infty 3.45312 10.0625 2116 51592608 2095 69107477
4.7e-09 24.5156 2.92188 9.98438 1718 404569953 1643 80973357
4.7e-09 24.8281 2.96875 10.125 2056 360058809 1994 58285924
4.7e-09 24.9062 3.0625 9.9375 2408 185168388 2332 316107779
4.7e-09 23.6875 3.42188 10 703 16713149 681 368352920
4.7e-09 24.5156 2.32812 9.875 1978 491883734 1947 0
4.7e-09 24.0312 2.4375 10.0469 890 341219022 912 74954468
4.7e-09 infty 2.9375 10.0312 2054 0 2128 233279458
4.7e-09 infty 2.79688 10.1094 2060 177425748 2178 0
4.7e-09 24.8906 2.375 9.9375 2463 439886034 2320 62265242
4.7e-09 24.9844 2.39062 9.95312 2386 259995820 2336 186284779
4.7e-09 infty 2.79688 10.0938 2120 8866943 2026 0
4.7e-09 24.4688 2.85938 9.90625 1441 396156047 1425 0
4.7e-09 infty 2.46875 10.125 2110 0 2138 100531982
4.7e-09 23.7344 2.46875 10.1094 877 132698539 922 345589813
4.7e-09 infty 2.4375 10.0312 2072 4467148 2180 140481184
4.7e-09 25.125 2.39062 9.96875 2262 248562051 2320 110758188
4.7e-09 24.1875 3.42188 9.98438 1279 63132857 1222 377125752
4.7e-09 infty 3.34375 9.875 1997 46581435 1953 476525
4.7e-09 23.5625 3.29688 10.0625 671 214027083 680 240733816
4.7e-09 23.375 2.5 9.85938 624 104709566 608 347295684
4.7e-09 23.8906 2.54688 9.92188 1002 509307149 981 0
4.7e-09 infty 2.96875 10.125 2116 0 2035 181886346
4.7e-09 23.2969 2.51562 9.875 635 47809161 608 452238145
4.7e-09 infty 3.29688 10.0938 2109 14981458 2066 0
4.7e-09 23.8438 2.375 9.92188 756 216591041 740 193979697
4.7e-09 24.7812 2.95312 10.0625 2092 348444677 2167 99648476
4.7e-09 24.3281 3.34375 9.85938 1476 169099572 1488 307122833
4.7e-09 infty 2.82812 9.84375 2034 1342458 1962 150070484
4.7e-09 24.4219 3.01562 9.875 1365 306114092 1425 112455273
4.7e-09 23.5938 2.34375 9.89062 779 39886070 775 397241110
4.7e-09 24.0156 3.45312 10.0469 897 111425150 928 312037289
4.7e-09 25.0312 3.32812 9.85938 1964 280596116 2002 29260502
4.7e-09 25.375 2.75 10 2255 39048162 2302 213204231
4.7e-09 25.375 2.9375 10.0156 2183 34758073 2174 215111532
4.7e-09 24.6562 2.42188 10 1732 187600214 1661 214367781
4.7e-09 infty 2.5625 9.95312 2308 149588141 2339 0
4.7e-09 23.5312 2.82812 9.85938 821 261355561 786 213197736
4.7e-09 23.7188 2.95312 10.0469 955 92812517 881 392624656
4.7e-09 23.9688 3.26562 10.0156 927 457609201 874 0
4.7e-09 23.4375 3.40625 9.95312 552 404779111 549 2626326
4.7e-09 infty 3.35938 9.89062 1831 64061378 1856 0
4.7e-09 23.4844 3.04688 9.92188 576 267623634 563 117248046
4.7e-09 infty 2.34375 9.875 1926 58907567 1950 10323445
4.7e-09 infty 2.75 9.98438 2320 0 2291 78409404
4.7e-09 infty 2.45312 10.0781 2090 0 2097 215464706
4.7e-09 23.0312 2.82812 9.85938 477 416246303 468 0
4.7e-09 infty 2.48438 9.84375 2030 143595288 2038 34545631
4.7e-09 24.7344 2.78125 10.0469 2226 394003403 2146 85363675
4.7e-09 24.125 2.79688 10.0781 1159 315921780 1146 167351030
4.7e-09 infty 2.78125 10.0625 2088 238624614 2131 0
4.7e-09 24.5938 2.5625 9.95312 1906 427647837 1730 12294283
4.7e-09 24.1719 3.42188 9.98438 1312 63743267 1259 386470387
4.7e-09 24.6094 2.40625 9.98438 1750 342326844 1731 83356126
4.7e-09 23.0312 2.39062 9.95312 423 76704600 429 334104045
4.7e-09 infty 3.03125 9.90625 1862 0 1871 47780094
4.7e-09 25.0156 2.54688 9.9375 2343 347703828 2349 74907412
4.7e-09 24.0469 2.35938 9.90625 1036 201523331 1035 206222050
4.7e-09 infty 2.39062 9.96875 2318 97190012 2378 68963507
4.7e-09 infty 2.42188 10.0156 2336 0 2239 194689603
4.7e-09 25.0781 2.48438 9.84375 2010 190101324 2030 103421185
4.7e-09 23.7969 2.8125 10.1562 892 426067933 808 7251177
4.7e-09 25.1406 2.89062 9.9375 2373 356873272 2319 0
4.7e-09 24.0469 2.34375 9.875 1059 123681975 1094 281297595
4.7e-09 infty 2.39062 9.95312 2345 0 2346 55365538
4.7e-09 24.875 2.375 9.92188 1786 273043294 1829 119808450
4.7e-09 24.875 2.51562 9.875 1931 59771845 1938 332402856
4.7e-09 25.2656 2.9375 10.0312 2215 152002220 2198 141866918
4.7e-09 24.8906 2.35938 9.90625 1814 9093057 1824 370198315
4.7e-09 infty 2.85938 9.89062 1866 149118320 1857 0
4.7e-09 23.4531 2.5625 9.96875 552 163447728 533 239613908
4.7e-09 infty 2.34375 9.875 1909 0 1947 0
4.7e-09 24.6875 2.5625 9.95312 2303 509864356 2328 0
4.7e-09 23.2031 2.96875 10.125 484 125772728 487 306250893
4.7e-09 25.3594 2.79688 10.0938 2052 31866949 2091 223482840
4.7e-09 25.2188 2.39062 9.96875 2320 227490710 2324 89392607
4.7e-09 22.9688 3.4375 10.0312 400 198935397 391 254566935
4.7e-09 24.7031 2.5625 9.95312 2331 393589229 2305 110120794
4.7e-09 25.2031 2.40625 9.96875 2313 10024767 2259 311485837
4.7e-09 25.0938 2.84375 9.875 1872 283460282 1917 0
4.7e-09 infty 3.04688 9.9375 2386 0 2460 111259076
4.7e-09 23.625 3.28125 10.0625 713 418720912 695 1838790
4.7e-09 infty 2.39062 9.95312 2410 0 2344 3095577
4.7e-09 25.125 2.46875 10.1094 2050 120739717 2114 239723553
4.7e-09 24.0781 2.46875 10.1562 874 105093658 864 283042245
4.7e-09 24.0312 2.35938 9.89062 1035 67764218 1071 348424324
4.7e-09 23.0781 3.39062 9.9375 410 381455934 437 8267784
4.7e-09 24.6719 2.76562 10.0156 1765 307076446 1634 80223665
4.7e-09 infty 3.45312 10.0469 2072 140048944 2167 40918237
4.7e-09 25.0156 3.03125 9.90625 1839 247250911 1818 69048245
4.7e-09 infty 2.42188 10 2264 0 2250 186194158
4.7e-09 25.0781 2.76562 10.0312 2270 158491430 2171 230775660
4.7e-09 infty 2.98438 10.1719 1954 0 2108 0
4.7e-09 24.5625 2.85938 9.89062 1821 0 1888 457228091
4.7e-09 23.4844 3.04688 9.92188 563 250834171 536 137900683
4.7e-09 infty 2.85938 9.89062 1861 0 1872 2193122
4.7e-09 24.1875 3.29688 10.0781 1274 0 1153 438285475
4.7e-09 24.5469 2.40625 9.96875 1686 113824275 1707 353394708
4.7e-09 23.5469 2.9375 10.0156 712 189894643 711 273470488
4.7e-09 24.6094 2.5625 9.95312 1795 420815299 1775 6868578
4.7e-09 infty 2.95312 10.0625 2095 28853239 2227 62060531
4.7e-09 infty 2.5625 9.95312 2334 0 2286 11370907
4.7e-09 24.4375 2.48438 9.84375 1598 403756124 1530 11078709
4.7e-09 23.625 2.96875 10.125 628 46932579 604 369457828
4.7e-09 infty 2.45312 10.0781 2114 0 2065 77976101
4.7e-09 23.8438 3.3125 10.1875 926 350594917 830 55308999
4.7e-09 22.5312 2.79688 10.1094 286 481805645 277 0
4.7e-09 24.5938 2.53125 9.90625 1818 204625839 1854 231140671
4.7e-09 25.0781 2.75 10 2255 382774222 2217 0
4.7e-09 infty 2.40625 9.96875 2204 120213908 2296 0
4.7e-09 23.25 3.45312 10.0625 517 368226377 540 35550148
4.7e-09 infty 2.95312 10.0781 2087 39816075 2127 190608216
4.7e-09 24.7344 2.95312 10.0781 2073 457692315 2136 13777541
4.7e-09 23.8906 3.01562 9.89062 1145 202436210 1061 307915167
4.7e-09 24.7969 2.98438 9.84375 2012 61566759 1994 370935675
4.7e-09 infty 3.39062 9.92188 1853 0 1825 0
4.7e-09 infty 3.32812 9.85938 1957 45738988 2047 0
4.7e-09 infty 2.4375 10.0469 2066 0 2134 0
4.7e-09 25.3438 2.79688 10.0781 2085 162761125 2095 101908630
4.7e-09 infty 2.45312 10.0938 2133 0 2091 90063251
4.7e-09 24 3.26562 10.0156 924 151937228 894 282584162
4.7e-09 23.0938 2.4375 10.0312 509 377405771 508 126284553
4.7e-09 25.0469 2.35938 9.89062 1915 243226145 1815 62136703
4.7e-09 24 3.45312 10.0312 935 350737390 913 85456459
4.7e-09 25 2.90625 9.96875 2331 0 2346 430163369
4.7e-09 infty 2.85938 9.90625 1820 196948117 1801 4190477
4.7e-09 infty 3 9.85938 1919 190789446 1975 0
4.7e-09 infty 2.34375 9.89062 1892 75920193 1848 0
4.7e-09 infty 2.42188 10.0156 2244 113960759 2183 34945985
4.7e-09 23.625 3.26562 10.0156 698 319349368 722 98712170
4.7e-09 24.4375 2.53125 9.90625 1353 25548309 1337 384503412
4.7e-09 23.3906 2.39062 9.95312 569 135438603 549 304987924
4.7e-09 25.1719 3.45312 10.0625 2210 272335344 2145 65830337
4.7e-09 infty 3.0625 9.9375 2396 214651292 2383 0
4.7e-09 24.4219 3 9.85938 1456 0 1519 424131994
4.7e-09 infty 2.4375 10.0469 2149 64343939 2147 16755832
4.7e-09 23.5625 3.26562 10 754 305247882 712 156829926
4.7e-09 infty 2.53125 9.90625 1882 0 1764 0
4.7e-09 25 3.32812 9.84375 2017 174247047 1963 153768329
4.7e-09 infty 3.34375 9.85938 1920 108771680 1936 20288404
4.7e-09 25.2031 2.45312 10.0781 2172 314722027 2075 7617111
4.7e-09 infty 2.34375 9.875 1917 0 1995 185108152
4.7e-09 24.8906 2.82812 9.84375 1945 261508799 1972 121469275
4.7e-09 25.1719 3.4375 10.0156 2187 332232871 2211 5607936
4.7e-09 24 3.04688 9.92188 1095 181626294 978 247466344
4.7e-09 24.2188 2.45312 10.0625 1191 273024617 1230 146324860
4.7e-09 25.1719 3.3125 10.1562 2051 262419873 2089 72753671
4.7e-09 24.9219 2.53125 9.92188 1806 50190498 1855 311962482
4.7e-09 24.6719 2.54688 9.9375 1866 44679254 1798 343041345
4.7e-09 24.1406 2.35938 9.90625 1345 0 1400 476387911
4.7e-09 24.8438 2.32812 9.85938 1914 0 1922 404950840
4.7e-09 23.6562 2.9375 10.0469 711 397845417 674 0
4.7e-09 25 2.84375 9.89062 1809 297615477 1872 26847973
4.7e-09 25 2.875 9.92188 1830 200767859 1814 123568182
4.7e-09 25.375 3.01562 9.89062 1908 197073184 1922 54973251
4.7e-09 25.3281 2.4375 10.0312 2103 38826578 2160 228317557
4.7e-09 infty 2.40625 9.96875 2277 0 2293 0
4.7e-09 25.0156 2.5 9.875 1903 159189175 1839 157376218
4.7e-09 25 2.54688 9.92188 1742 0 1881 327996693
4.7e-09 23.75 2.79688 10.0781 909 278085446 847 186607806
4.7e-09 infty 2.54688 9.9375 2349 0 2354 25555571
4.7e-09 24.8281 2.84375 9.85938 1925 0 1942 411776228
4.7e-09 24.2344 2.76562 10.0156 1177 371609572 1264 39765948
4.7e-09 infty 2.34375 9.875 1903 195467442 1803 0
4.7e-09 24.6875 2.8125 10.1406 1524 290168031 1539 96141145
4.7e-09 25.0156 3.0625 9.9375 2361 0 2355 421610437
4.7e-09 25.1719 2.78125 10.0469 2153 0 2170 341194362
4.7e-09 24 2.54688 9.9375 1038 310573657 1011 125296061
4.7e-09 infty 2.53125 9.92188 1772 66046168 1845 0
4.7e-09 23.5781 2.78125 10.0781 627 199941949 648 249346447
4.7e-09 23.9844 3.45312 10.0469 929 101464302 894 341373225
4.7e-09 infty 2.35938 9.90625 1885 113864849 1794 0
4.7e-09 infty 2.46875 10.1719 2006 118404367 1947 108644415
4.7e-09 23.0625 2.96875 10.125 388 224174121 347 173818095
4.7e-09 24.1094 2.39062 9.95312 1314 240104234 1270 254095420
4.7e-09 23.6562 3.4375 10.0156 717 122941858 706 279775848
4.7e-09 24.4844 2.51562 9.89062 1428 176946354 1435 208373277
4.7e-09 24.0156 2.42188 10.0156 917 162276773 931 261970794
4.7e-09 infty 3.28125 10.0312 2143 0 2157 64681389
4.7e-09 infty 2.9375 10.0156 2231 0 2223 190799499
4.7e-09 infty 2.5 9.875 1924 74635601 1884 140727607
4.7e-09 24.4531 2.89062 9.95312 1375 201604811 1379 196359337
4.7e-09 24.4531 2.98438 9.84375 1575 231251984 1422 174041318
4.7e-09 24.0625 3.40625 9.95312 1073 393670899 986 4874116
4.7e-09 infty 3.26562 10.0156 2124 13233921 2186 188716699
4.7e-09 infty 2.8125 10.1875 2058 0 2008 132158388
4.7e-09 23.1719 2.45312 10.0781 503 451620700 487 0
4.7e-09 25.0156 3.45312 10.0625 2187 172889368 2177 252461703
4.7e-09 25.0625 2.5625 9.96875 2252 296881297 2309 100642075
4.7e-09 23.5312 2.34375 9.89062 768 275494090 809 200989077
4.7e-09 25.125 3.03125 9.90625 1891 0 1906 270096121
4.7e-09 infty 2.32812 9.85938 1940 21568185 2031 0
4.7e-09 23.8125 2.51562 9.875 779 0 795 428632593
4.7e-09 infty 3.4375 10.0156 2188 0 2195 182475011
4.7e-09 24.375 2.35938 9.90625 1341 196678001 1407 248348199
4.7e-09 infty 2.9375 10.0156 2202 68912204 2183 124896988
4.7e-09 23.5938 2.95312 10.0781 672 0 680 437709007
4.7e-09 infty 2.375 9.92188 1803 25650215 1741 208893747
4.7e-09 24.9375 3.0625 9.95312 2411 259292931 2281 211508244
4.7e-09 infty 2.39062 9.95312 2359 153515146 2319 0
4.7e-09 23.8906 3.04688 9.9375 1066 264864453 990 245515309
4.7e-09 24.25 2.45312 10.0625 1194 88778278 1190 311852696
4.7e-09 24.5938 3.42188 9.98438 1727 29046068 1648 412085654
4.7e-09 infty 2.35938 9.92188 1820 61835664 1898 0
4.7e-09 infty 3.45312 10.0312 2153 62142344 2133 64189631
4.7e-09 24.5781 2.8125 10.1406 1512 365409541 1593 86511527
4.7e-09 23.1094 2.45312 10.0781 489 263483535 473 227832399
4.7e-09 24.7656 3.28125 10.0469 2132 123790901 2123 328089215
4.7e-09 infty 2.78125 10.0625 2136 147567277 2094 62544785
4.7e-09 24.0938 2.4375 10.0312 1265 161933507 1161 340736660
4.7e-09 24.6094 2.875 9.90625 1725 424942551 1830 0
4.7e-09 infty 2.89062 9.95312 2382 64504276 2323 170084210
4.7e-09 infty 2.40625 9.96875 2315 0 2350 89569201
4.7e-09 23.75 2.8125 10.1562 894 44256342 861 426424900
4.7e-09 24.1719 2.76562 10.0312 1269 0 1217 456153831
4.7e-09 infty 2.8125 10.3438 2106 42129307 2008 150269462
4.7e-09 infty 2.89062 9.9375 2454 0 2424 206078227
4.7e-09 infty 2.35938 9.90625 1824 0 1855 104422314
4.7e-09 25.0469 2.42188 10 2245 215069642 2248 189797406
4.7e-09 24.0625 2.82812 9.85938 1024 396264503 1082 0
4.7e-09 infty 3.01562 9.875 1858 92981713 1925 22248290
4.7e-09 infty 2.79688 10.0781 2139 0 2161 11716598
4.7e-09 24.3125 3.01562 9.875 1417 44712310 1535 449671739
4.7e-09 25.0312 2.54688 9.9375 2420 410090712 2386 0
4.7e-09 22.875 2.48438 9.84375 366 50026689 383 339126692
4.7e-09 24.0469 2.875 9.90625 1016 84226742 988 317168034
4.7e-09 25.1875 2.39062 9.9375 2422 0 2398 330224691
4.7e-09 24.5 2.53125 9.90625 1732 0 1846 502604798
4.7e-09 24.5156 2.42188 10 1638 404253308 1650 84750325
4.7e-09 24.9219 3.0625 9.9375 2359 382041281 2313 105059751
4.7e-09 infty 2.85938 9.90625 1897 39690242 1894 66331479
4.7e-09 25.2656 3.25 9.98438 2341 96583270 2301 201425537
4.7e-09 23.6562 2.40625 9.96875 677 0 760 402269123
4.7e-09 infty 3.45312 10.0312 2123 0 2195 0
4.7e-09 23.4375 2.51562 9.89062 609 121286975 608 287576984
4.7e-09 24.1562 3.3125 10.125 1130 212924834 1160 247990731
4.7e-09 24.7969 2.48438 9.84375 1945 55840517 1956 375421316
4.7e-09 22.9062 2.375 9.92188 417 483307134 407 16277522
4.7e-09 24.0469 2.5 9.85938 1109 409837652 1097 0
4.7e-09 infty 3.28125 10.0625 2091 107913894 2150 0
4.7e-09 24.6719 2.92188 9.98438 1696 291632296 1725 94884256
4.7e-09 23.3125 2.98438 9.84375 638 2574585 629 488695753
4.7e-09 23.6719 2.40625 9.96875 712 32946369 710 362495940
4.7e-09 24.3906 3.39062 9.9375 1346 139066643 1302 300547028
4.7e-09 24 2.5 9.85938 1108 404340950 1052 31047801
4.7e-09 22.7344 3.3125 10.125 360 0 383 473801296
4.7e-09 24.4688 2.39062 9.9375 1326 60706638 1246 329850042
4.7e-09 24.9062 2.375 9.92188 1843 351804193 1874 20897992
4.7e-09 infty 2.34375 9.875 1859 0 1976 114261558
4.7e-09 infty 2.84375 9.875 1880 108407128 1919 0
4.7e-09 23.2188 2.76562 10.0312 566 385033197 518 42121911
4.7e-09 25.0469 2.98438 9.84375 2036 4572492 1957 300527775
4.7e-09 24.2344 2.45312 10.0781 1152 389226966 1204 19821259
4.7e-09 23.9531 2.90625 9.98438 949 51003639 923 411760971
4.7e-09 24.4531 2.53125 9.90625 1455 404975738 1435 0
4.7e-09 24.1562 3.28125 10.0469 1204 238506302 1190 223302921
4.7e-09 24.1094 2.53125 9.90625 1352 49887435 1349 443483708
4.7e-09 24.9844 2.35938 9.90625 1892 157665227 1787 175452360
4.7e-09 infty 3.40625 9.95312 2304 0 2312 171752666
4.7e-09 infty 2.46875 10.1094 2082 0 2120 162232278
4.7e-09 23.875 2.875 9.92188 789 86618323 774 301615531
4.7e-09 23.8906 3.35938 9.89062 1056 493360039 976 16829651
4.7e-09 24.9531 2.34375 9.875 1904 265985054 1895 78969572
4.7e-09 23.3594 2.8125 9.84375 677 169206994 606 295131125
4.7e-09 infty 2.4375 10.0312 2230 0 2224 173391697
4.7e-09 24.6719 2.45312 10.0625 1587 147642452 1538 245627908
4.7e-09 24.1719 3.07812 9.96875 1291 348252730 1275 108226542
4.7e-09 infty 2.95312 10.0625 2073 0 2126 118915003
4.7e-09 infty 3.32812 9.84375 1943 188398090 1987 31461812
4.7e-09 25.375 3.0625 9.95312 2318 240845306 2399 13727294
4.7e-09 infty 3.26562 10.0156 2272 0 2231 199126930
4.7e-09 24.25 2.8125 10.1406 1143 141756213 1094 259178097
4.7e-09 infty 2.76562 10.0156 2244 25055154 2181 223710989
4.7e-09 24.5312 3.26562 10.0156 1644 258699150 1641 217463095
4.7e-09 infty 3.29688 10.0781 2137 36211935 2102 158518025
4.7e-09 24.7188 2.45312 10.0938 2169 333764411 2062 154681884
4.7e-09 25.125 3.46875 10.0938 2058 359683656 2090 0
4.7e-09 24.0469 2.79688 10.1094 890 376472504 894 30538329
4.7e-09 23.5156 3.40625 9.95312 712 279691279 695 211563031
4.7e-09 infty 2.75 10 2223 10966150 2232 82726841
4.7e-09 24.0156 2.5 9.85938 1062 235557303 1132 186721557
4.7e-09 25.375 2.34375 9.875 1991 63890749 1932 188643724
4.7e-09 infty 2.85938 9.90625 1831 36591732 1841 0
4.7e-09 25.0625 3 9.875 1944 0 1943 296640847
4.7e-09 24.6562 2.45312 10.0781 1548 289474641 1632 114041699
4.7e-09 23.5625 2.53125 9.90625 766 447429884 796 8939999
4.7e-09 25.1875 3.28125 10.0469 2081 333647013 2146 0
4.7e-09 24.2656 2.96875 10.0938 1143 59188997 1160 331802972
4.7e-09 24.4375 2.48438 9.84375 1466 234598733 1515 179405714
4.7e-09 25.0781 3.45312 10.0469 2129 292320259 2104 93295468
4.7e-09 25.0625 3.34375 9.85938 1937 299808047 1862 0
4.7e-09 23.5781 2.375 9.9375 706 298020163 771 153647533
4.7e-09 infty 2.5 9.875 1910 67895615 1929 41284116
4.7e-09 24.6562 2.46875 10.125 1551 249605472 1519 150368007
4.7e-09 23.6875 2.40625 9.98438 766 255731434 702 129879029
4.7e-09 22.625 2.90625 9.98438 287 10454380 291 410681509
4.7e-09 24.0156 2.40625 9.96875 1008 298854698 933 123277176
4.7e-09 infty 2.42188 10 2216 0 2291 196976715
4.7e-09 23.9219 2.85938 9.89062 1015 64017174 1085 415944355
4.7e-09 23.3906 3.39062 9.9375 558 442391760 535 0
4.7e-09 24.0938 2.40625 9.96875 1309 476907688 1354 24440970
4.7e-09 infty 2.35938 9.89062 1885 0 1862 0
4.7e-09 24.6406 2.53125 9.90625 1887 3126921 1824 405669722
4.7e-09 24 2.75 10 975 267969400 899 169421022
4.7e-09 23.3438 2.875 9.90625 603 5977384 626 459828641
4.7e-09 24.1562 2.4375 10.0312 1239 435714763 1289 24497502
4.7e-09 24.4844 3.40625 9.96875 1321 51134171 1240 334046573
4.7e-09 infty 3.28125 10.0312 2123 0 2133 0
4.7e-09 25.3281 2.5625 9.95312 2337 152688218 2377 117315029
4.7e-09 infty 3.32812 9.84375 2035 63775268 1995 9823932
4.7e-09 infty 2.875 9.92188 1775 0 1772 31614105
4.7e-09 23.9688 2.82812 9.85938 1079 250990864 1073 197815943
4.7e-09 infty 2.75 10 2274 47929237 2266 166914802
4.7e-09 25 2.75 10 2274 433968233 2182 0
4.7e-09 23.5312 2.84375 9.875 795 138456403 829 336303024
4.7e-09 24.0469 2.4375 10.0469 927 83049334 907 325249773
4.7e-09 22.375 2.39062 9.9375 214 51557964 246 398399004
4.7e-09 24.875 2.34375 9.89062 1886 169469613 1877 220269106
4.7e-09 24.8906 3.03125 9.90625 1854 220774227 1857 156319946
4.7e-09 infty 2.375 9.9375 2504 0 2376 0
4.7e-09 23.875 2.48438 9.84375 821 29846220 903 362441428
4.7e-09 24.4375 2.5625 9.95312 1319 175940191 1272 230689004
4.7e-09 24.6094 2.40625 9.98438 1573 0 1700 424109866
4.7e-09 23.7969 2.48438 9.84375 822 337351771 820 97836242
4.7e-09 infty 2.79688 10.0938 2129 0 2057 0
4.7e-09 25.0625 3.29688 10.0938 2092 0 2076 398898110
4.7e-09 23.9219 2.89062 9.95312 979 482254571 1020 0
4.7e-09 25 2.53125 9.92188 1865 104597022 1902 220388859
4.7e-09 24.6094 3.40625 9.95312 1778 258629391 1815 172133446
4.7e-09 24.6094 3.39062 9.9375 1798 350750593 1865 73887989
4.7e-09 24.25 3.3125 10.125 1177 322415057 1158 85104044
4.7e-09 23.1719 3.29688 10.0781 501 96142126 494 355791248
4.7e-09 25.0781 2.46875 10.125 2064 385308334 2071 0
4.7e-09 24.5781 2.375 9.9375 1674 449483430 1758 0
4.7e-09 23.0625 3.01562 9.875 435 125340817 492 269977801
4.7e-09 25.0625 2.32812 9.85938 1862 3447019 1961 290959639
4.7e-09 24.8906 2.98438 10.1562 1998 256471509 2113 120586869
4.7e-09 infty 3.34375 9.85938 1965 0 1911 0
4.7e-09 infty 2.32812 9.85938 1936 77294347 1928 0
4.7e-09 24.2031 2.46875 10.1406 1113 333742520 1129 94268838
4.7e-09 infty 2.34375 9.875 1936 28038930 1811 54422671
4.7e-09 infty 2.34375 9.89062 1851 0 1900 205391160
4.7e-09 24.9844 3.45312 10.0312 2210 0 2221 446410274
4.7e-09 25.2656 2.42188 10.0156 2175 294211646 2121 0
4.7e-09 24.0312 2.95312 10.0625 897 301346593 928 109945610
4.7e-09 25.125 2.54688 9.9375 2365 246975302 2501 110966068
4.7e-09 25 3.0625 9.95312 2281 135366332 2282 302050491
4.7e-09 24.4844 2.51562 9.875 1394 143210976 1433 242742825
4.7e-09 infty 2.92188 10 2229 87179818 2261 98635466
4.7e-09 24.5938 3.4375 10.0156 1704 215482908 1630 222500474
4.7e-09 23.5625 2.54688 9.9375 732 84706905 712 372839583
4.7e-09 23.5156 2.76562 10.0156 697 4808910 700 482865537
4.7e-09 infty 3.01562 9.875 1970 0 1912 77900476
4.7e-09 24.5 2.39062 9.95312 1715 0 1687 499256841
4.7e-09 24.5625 2.375 9.92188 1927 452428047 1854 0
4.7e-09 25.0781 2.79688 10.0938 2129 0 2051 390238448
4.7e-09 25.0938 2.95312 10.0625 2137 48835596 2162 333075423
4.7e-09 infty 2.46875 10.1094 2145 156369651 2129 27856665
4.7e-09 24.2188 2.78125 10.0625 1181 92902817 1225 328708058
4.7e-09 infty 2.54688 9.92188 1787 0 1770 180695017
4.7e-09 25.1406 3.34375 9.875 1909 267583314 1871 0
4.7e-09 24.1094 3.46875 10.0625 1159 0 1184 498424623
4.7e-09 24.5781 2.34375 9.89062 1874 442397006 1825 0
4.7e-09 23.7969 2.8125 10.1562 884 432789889 832 0
4.7e-09 24.4844 2.84375 9.875 1973 440822252 1953 66706096
4.7e-09 25.3438 2.39062 9.95312 2295 235400393 2363 29616784
4.7e-09 24.8906 2.5 9.875 1929 381981938 1897 0
4.7e-09 24.0312 2.34375 9.875 1048 201439910 1077 212817881
4.7e-09 infty 2.82812 9.85938 1935 54807253 1899 0
4.7e-09 infty 2.95312 10.0469 2181 0 2137 0
4.7e-09 25.1406 2.89062 9.9375 2355 190105551 2342 166400532
4.7e-09 infty 2.96875 10.0938 2049 87091426 2011 0
4.7e-09 24.1562 2.96875 10.1094 1211 293951551 1165 171274822
4.7e-09 24.625 2.42188 10 1743 26008362 1710 388067909
4.7e-09 24.0469 3.375 9.92188 971 307239861 1004 98470185
4.7e-09 23.625 2.45312 10.0938 626 353877542 653 68661227
4.7e-09 24.5781 3.3125 10.1094 1476 443267165 1533 0
4.7e-09 24.1094 2.45312 10.0625 1193 0 1142 495219251
4.7e-09 23.2812 3.01562 9.875 443 277766887 425 107519817
4.7e-09 23.8906 2.40625 9.96875 951 280172182 945 224848638
4.7e-09 24.8594 2.79688 10.125 2079 115924763 1984 280530887
4.7e-09 infty 3.35938 9.89062 1819 0 1928 0
4.7e-09 infty 3.26562 10.0156 2184 53036160 2248 82129228
4.7e-09 24.9844 2.89062 9.9375 2341 401214465 2289 41511183
4.7e-09 24.9219 3.34375 9.85938 1903 101481310 1906 263525910
4.7e-09 infty 2.5 9.875 1974 114650694 1972 0
4.7e-09 24.4375 2.98438 9.84375 1536 260657342 1488 145900136
4.7e-09 infty 3 9.85938 1946 74297630 1961 139328293
4.7e-09 infty 2.75 10 2200 68866678 2259 30838118
4.7e-09 infty 2.42188 10 2303 116765321 2202 83050060
4.7e-09 infty 2.375 9.92188 1816 4513958 1779 108804042
4.7e-09 23.9531 2.51562 9.89062 1095 387250472 1116 73283793
4.7e-09 22.7812 2.79688 10.1094 392 371766092 369 79239973
4.7e-09 24.5156 2.35938 9.90625 1768 0 1823 486740247
4.7e-09 25 3.375 9.92188 1812 254251721 1915 69543149
4.7e-09 23.875 2.82812 9.85938 781 378122247 802 8503374
4.7e-09 24.7344 3.29688 10.0781 2212 44976236 2092 429787541
4.7e-09 23.5469 2.73438 9.96875 713 397918922 737 74077191
4.7e-09 24.5469 3.07812 9.96875 1735 464548739 1668 0
4.7e-09 infty 2.54688 9.9375 2347 8647443 2460 0
4.7e-09 infty 2.35938 9.90625 1819 89426300 1794 14271560
4.7e-09 25.2969 2.78125 10.0625 2200 0 2171 283890388
4.7e-09 24.6562 3.4375 10 1696 384262452 1682 11576115
4.7e-09 22.8906 2.51562 9.875 332 278052898 342 106954881
4.7e-09 24.5312 2.40625 9.98438 1729 0 1601 475110910
4.7e-09 24.0156 2.54688 9.92188 1048 87661378 1030 339028351
4.7e-09 24.1562 2.42188 10.0156 1209 152681167 1270 312192712
4.7e-09 infty 2.8125 10.1406 2118 0 2077 58492870
4.7e-09 infty 3.0625 9.95312 2273 0 2327 20784922
4.7e-09 infty 3 9.85938 2019 91870285 1950 0
4.7e-09 infty 3.3125 9.84375 2103 0 1952 0
4.7e-09 24.0625 3.01562 9.875 1129 322494019 1069 72315098
4.7e-09 24.1562 2.39062 9.95312 1307 329432425 1254 136572369
4.7e-09 infty 3.39062 9.9375 2303 0 2391 23917353
4.7e-09 24.1094 2.45312 10.0781 1196 466712748 1145 25239791
4.7e-09 24.5938 2.40625 9.98438 1763 434854884 1747 0
4.7e-09 24.5156 3.42188 10 1679 491854526 1632 0
4.7e-09 infty 2.82812 9.84375 2045 0 2011 0
4.7e-09 infty 3.45312 10.0469 2118 0 2161 217371362
4.7e-09 23.6094 3.39062 9.92188 799 331690648 803 98730576
4.7e-09 infty 2.39062 9.95312 2373 0 2398 88672984
4.7e-09 infty 3.46875 10.0781 2100 14692086 2090 0
4.7e-09 25.0938 2.48438 9.85938 1945 0 2001 281621038
4.7e-09 25.3438 2.92188 10.0156 2254 0 2208 264633507
4.7e-09 infty 3.01562 9.875 1872 91923800 1873 0
4.7e-09 infty 2.79688 10.1094 2126 0 2076 0
4.7e-09 24.2656 2.45312 10.0625 1202 308482028 1181 83534747
4.7e-09 22.9062 2.34375 9.875 487 454947528 461 44443475
4.7e-09 infty 2.89062 9.9375 2378 0 2394 204216388
4.7e-09 infty 2.375 9.92188 1741 32768901 1758 172246119
4.7e-09 infty 2.39062 9.95312 2407 154118313 2324 6152006
4.7e-09 infty 2.45312 10.0625 2091 0 2197 58992500
4.7e-09 infty 3.07812 9.96875 2192 142778900 2324 33708632
4.7e-09 24.0469 3.4375 10.0312 927 59714373 938 345220318
4.7e-09 infty 3.07812 9.98438 2222 0 2215 7333946
4.7e-09 23.5781 2.53125 9.90625 754 450149892 787 0
4.7e-09 24.9375 2.54688 9.92188 1831 209272318 1782 146503431
4.7e-09 24.9375 2.39062 9.95312 2456 84922661 2361 390580177
4.7e-09 infty 2.5625 9.95312 2222 0 2397 117435664
4.7e-09 25.1094 2.5625 9.95312 2340 77107612 2295 293903364
4.7e-09 24.6562 2.76562 10.0312 1582 200381235 1645 202104876
4.7e-09 24.2031 2.95312 10.0469 1177 335775219 1236 94140266
4.7e-09 24.5 2.5 9.85938 1933 481483378 1993 20776141
4.7e-09 23.6094 2.92188 10 697 383915455 679 42519645
4.7e-09 infty 2.76562 10.0156 2187 62894239 2244 0
4.7e-09 infty 2.5625 9.96875 2255 60744761 2305 17054881
4.7e-09 22.7188 3.29688 10.0625 402 102535162 378 385892055
4.7e-09 25.1094 2.9375 10.0312 2182 367363462 2212 0
4.7e-09 23.7969 2.82812 9.85938 857 340830644 826 93518318
4.7e-09 23.9219 3.03125 9.90625 1012 150812817 1045 337141700
4.7e-09 infty 2.34375 9.89062 1938 0 1934 208051624
4.7e-09 24.7969 3.29688 10.0781 2110 7433436 2042 426688857
4.7e-09 23.375 2.35938 9.90625 569 46719669 580 405404830
4.7e-09 24.5312 2.39062 9.9375 1800 230603407 1869 246446900
4.7e-09 24.5938 2.34375 9.89062 1888 392930590 1889 42035612
4.7e-09 infty 2.76562 10.0312 2129 0 2206 88044442
4.7e-09 24.5312 2.98438 9.84375 2040 211196617 1966 271365483
4.7e-09 infty 2.48438 9.84375 2063 0 2003 29758689
4.7e-09 24.75 2.45312 10.0781 2140 137031897 2187 327679291
4.7e-09 24.4844 2.51562 9.875 1491 47542082 1403 338684506
4.7e-09 24.5938 2.34375 9.89062 1908 204700072 1878 234370234
4.7e-09 24.0625 3.4375 10 914 366308630 919 31027520
4.7e-09 24.5938 3.34375 9.875 1917 0 1974 440919029
4.7e-09 infty 2.89062 9.95312 2423 87902620 2397 141445747
4.7e-09 infty 3.3125 10.1875 2018 0 2027 0
4.7e-09 24.5312 2.95312 10.0625 1583 0 1587 481360048
4.7e-09 infty 2.95312 10.0469 2154 244862526 2219 0
4.7e-09 24.5156 3.42188 9.98438 1685 223353685 1684 267124366
4.7e-09 24.5781 2.34375 9.875 1954 223134385 1926 224980328
4.7e-09 24.4531 2.82812 9.85938 1528 404445149 1457 0
4.7e-09 24.0625 2.78125 10.0469 916 261019434 909 133660430
4.7e-09 infty 3.07812 9.98438 2298 4865866 2237 82577112
4.7e-09 25.2656 2.78125 10.0781 2107 281633293 2067 16181755
4.7e-09 25.3281 2.4375 10.0312 2109 267143609 2222 0
4.7e-09 25.0469 2.48438 9.84375 2038 33500419 1943 268702062
4.7e-09 25.3281 3.07812 9.98438 2292 25511120 2276 244450942
4.7e-09 infty 3.28125 10.0469 2040 0 2134 171669163
4.7e-09 infty 2.40625 9.96875 2281 58133663 2257 180137719
4.7e-09 25.125 2.40625 9.96875 2278 11484361 2323 348239245
4.7e-09 infty 2.34375 9.875 1889 0 1892 239486478
4.7e-09 22.875 3.03125 9.90625 309 0 323 391285740
4.7e-09 24.1094 2.75 9.98438 1278 1097484 1329 494748553
4.7e-09 24.9844 2.4375 10.0312 2164 0 2150 442783950
4.7e-09 infty 2.375 9.92188 1789 0 1733 48190787
4.7e-09 25.125 2.54688 9.9375 2399 90928894 2375 267651814
4.7e-09 25.3281 2.5 9.85938 1953 138850515 1961 132187016
4.7e-09 infty 2.40625 9.96875 2346 122733897 2272 38509155
4.7e-09 24.4688 2.85938 9.89062 1482 313001285 1447 80114097
4.7e-09 23.9375 2.5625 9.95312 1023 470835510 951 0
4.7e-09 infty 2.4375 10.0625 2163 18216574 2152 0
4.7e-09 23.0312 3.26562 10.0156 379 19995416 407 394285580
4.7e-09 infty 3.39062 9.92188 1803 55698546 1865 153952446
4.7e-09 23.9531 2.85938 9.90625 1073 237800426 947 225199323
4.7e-09 23.3594 2.85938 9.90625 611 206804265 587 248277562
4.7e-09 infty 2.53125 9.90625 1885 93782951 1873 0
4.7e-09 23.5312 2.4375 10.0469 670 360783076 681 121819981
4.7e-09 22.8125 3.32812 9.84375 330 418473808 361 11913796
4.7e-09 infty 3.29688 10.0938 2057 69951363 2116 150908043
4.7e-09 infty 3.375 9.90625 1892 175844048 1802 0
4.7e-09 25.0781 2.32812 9.875 1869 0 1969 291201455
4.7e-09 23.9688 2.34375 9.875 1063 11226699 1038 439491526
4.7e-09 24.8906 2.85938 9.89062 1841 378095447 1842 0
4.7e-09 infty 2.42188 10.0156 2153 0 2270 51023825
4.7e-09 24.0938 2.35938 9.90625 1012 26240175 1066 356855709
4.7e-09 infty 2.5 9.875 1982 82548263 1958 839460
4.7e-09 infty 2.95312 10.0625 2166 0 2178 0
4.7e-09 24.875 2.5 9.875 1920 215940768 1998 169603155
4.7e-09 24.5938 2.4375 10.0312 1704 93697080 1704 347421722
4.7e-09 25.1406 2.45312 10.0781 2158 146662388 2097 206418808
4.7e-09 24.0312 2.82812 9.85938 1176 324589687 1081 92571764
4.7e-09 22.9844 2.78125 10.0469 375 113495866 394 326053181
4.7e-09 25.125 2.42188 10 2200 149547232 2197 211325630
4.7e-09 23.8906 3.39062 9.92188 1054 175856806 1042 326571623
4.7e-09 infty 2.40625 9.96875 2244 61005982 2289 0
4.7e-09 23.9844 2.5 9.875 1083 439635684 1082 0
4.7e-09 24.0781 2.375 9.92188 989 17377957 986 367993088
4.7e-09 24.6875 2.8125 10.1406 2014 504759824 2139 0
4.7e-09 infty 2.45312 10.0938 2047 19998810 2128 6141795
4.7e-09 infty 2.90625 9.96875 2345 144429932 2336 24228780
4.7e-09 infty 3.4375 10 2218 1563629 2328 214215387
4.7e-09 24.8125 2.48438 9.84375 1997 387376106 2016 37158736
4.7e-09 infty 2.85938 9.89062 1825 0 1809 140111642
4.7e-09 25.0469 2.82812 9.84375 2024 117410657 1992 184667907
4.7e-09 24.2812 2.48438 9.84375 1132 0 1094 387277714
4.7e-09 infty 2.53125 9.90625 1866 200719984 1864 0
4.7e-09 infty 2.39062 9.9375 2342 0 2317 44382498
4.7e-09 infty 2.48438 9.84375 2044 56792071 1961 0
4.7e-09 25.1719 2.45312 10.0781 2088 0 2190 341445581
4.7e-09 23.6562 2.96875 10.0938 697 241951338 642 160290232
4.7e-09 24.6719 3.39062 9.95312 1787 0 1769 388739575
4.7e-09 23.9375 2.5 9.875 1035 147122782 1145 329388947
4.7e-09 21.8438 2.84375 9.875 142 382674151 151 27458202
4.7e-09 24.9531 2.39062 9.9375 2345 400410644 2309 60078750
4.7e-09 infty 3 9.85938 2040 72250027 1919 0
4.7e-09 infty 2.35938 9.90625 1809 66874292 1863 87873371
4.7e-09 infty 2.76562 10 2219 92205161 2237 145766904
4.7e-09 infty 2.34375 9.89062 1829 138708334 1918 0
4.7e-09 24.6094 2.79688 10.0938 1575 59959979 1582 362871863
4.7e-09 infty 3.01562 9.875 1884 144393621 1929 1048579
4.7e-09 infty 2.5 9.875 1979 0 1889 53155362
4.7e-09 infty 2.92188 9.98438 2281 45220254 2348 109466079
4.7e-09 23.4531 2.85938 9.89062 601 165338804 553 236743259
4.7e-09 24.6719 2.39062 9.9375 1805 311866631 1716 78376179
4.7e-09 24.2969 2.48438 9.84375 1516 15516407 1498 490193795
4.7e-09 24.5625 2.4375 10.0469 1600 43710379 1606 413136583
4.7e-09 24.0156 2.53125 9.92188 1065 274077040 1081 147871091
4.7e-09 infty 2.84375 9.875 1926 0 1882 115877096
4.7e-09 24.4844 2.54688 9.9375 1307 321205609 1306 64678729
4.7e-09 24.9219 2.98438 10.1875 2077 0 2085 362701291
4.7e-09 infty 3.0625 9.9375 2294 152094249 2347 0
4.7e-09 24.4688 2.375 9.92188 1393 30648128 1365 362139610
4.7e-09 infty 2.82812 9.85938 1944 106449638 1902 30340912
4.7e-09 24.6875 2.75 10 2160 203052658 2291 306103033
4.7e-09 23.9375 2.54688 9.9375 1025 421471007 1016 57103744
4.7e-09 25.1094 3.28125 10.0625 2080 176934462 2062 192717548
4.7e-09 25.3594 2.34375 9.89062 1903 186071929 1841 74073758
4.7e-09 infty 3.4375 10.0156 2246 0 2155 179829636
4.7e-09 23.5156 2.34375 9.89062 829 289864100 765 199701808
4.7e-09 24.625 2.53125 9.90625 1903 163068155 1870 252194878
4.7e-09 25.0625 2.40625 9.98438 2207 394945729 2227 0
4.7e-09 23.6562 2.9375 10.0312 704 366443500 668 30051713
4.7e-09 infty 3.0625 9.95312 2282 50790246 2211 96693983
4.7e-09 24.4688 2.98438 9.84375 1503 171843091 1568 217727108
4.7e-09 24.4844 3.375 9.92188 1362 279521494 1350 108015699
4.7e-09 infty 2.53125 9.90625 1836 88917332 1888 85823870
4.7e-09 25.3594 3 9.85938 1977 74471800 1994 183460471
4.7e-09 23.8281 2.96875 10.1406 844 19324162 879 396298331
4.7e-09 infty 3.42188 10 2236 55011978 2244 114652559
4.7e-09 24.5625 2.79688 10.0938 1620 0 1512 457151308
4.7e-09 24.0312 2.34375 9.89062 1070 211500862 1093 198834319
4.7e-09 infty 2.90625 9.96875 2262 0 2298 15143716
4.7e-09 24.0781 2.45312 10.0938 887 277922877 885 111895824
4.7e-09 23.5938 3.07812 9.96875 756 0 728 433640361
4.7e-09 24.3594 2.34375 9.89062 1429 380551046 1403 77158588
4.7e-09 infty 2.53125 9.90625 1894 0 1858 844619
4.7e-09 24.5625 2.5 9.875 1912 451410613 1927 5115199
4.7e-09 25.3594 3.45312 10.0469 2212 238569999 2033 18992046
4.7e-09 23.5312 2.39062 9.95312 739 284438845 718 197456466
4.7e-09 23.9062 2.34375 9.89062 1059 260098985 1078 237920189
4.7e-09 24.9531 3.26562 10 2248 460237666 2277 0
4.7e-09 infty 2.39062 9.95312 2325 0 2293 153190313
4.7e-09 24.6875 2.89062 9.95312 2393 177365616 2352 328696055
4.7e-09 24.2812 2.48438 9.84375 1158 345579072 1132 40365473
4.7e-09 infty 3.07812 9.96875 2338 0 2431 91416219
4.7e-09 23.8281 2.32812 9.85938 798 403088804 833 12421359
4.7e-09 23.4688 2.82812 9.85938 648 210483556 608 179763522
4.7e-09 24.9531 2.85938 9.89062 1871 311475409 1940 37589292
4.7e-09 21.8906 3.4375 10.0312 165 59664423 160 445728978
4.7e-09 infty 3.34375 9.85938 2058 0 1948 60462088
4.7e-09 24.4375 2.82812 9.85938 1500 28577793 1443 382839481
4.7e-09 24.5625 2.76562 10.0312 1662 90019977 1622 362874373
4.7e-09 23.5312 2.42188 9.98438 729 43320449 707 439492781
4.7e-09 24.0938 2.85938 9.90625 1369 278432232 1362 226345124
4.7e-09 25.1406 2.875 9.92188 1859 0 1734 268198376
4.7e-09 infty 2.35938 9.90625 1806 65229439 1871 160358885
4.7e-09 24.2969 2.96875 10.0938 1582 0 1613 505568275
4.7e-09 infty 2.875 9.92188 1833 0 1891 0
4.7e-09 infty 2.42188 9.98438 2299 105313792 2184 95882452
4.7e-09 infty 2.35938 9.90625 1872 0 1833 41963889
4.7e-09 24.6719 2.5625 9.95312 1758 258328110 1775 131274080
4.7e-09 23.5 2.95312 10.0625 672 0 678 502146532
4.7e-09 infty 3.29688 10.0625 2113 0 2140 0
4.7e-09 25.0781 2.35938 9.90625 1948 35368981 1932 251818792
4.7e-09 25.2812 2.76562 10.0156 2171 0 2214 290277090
4.7e-09 infty 2.75 9.98438 2202 0 2292 4462937
4.7e-09 infty 2.8125 10.1562 2004 8465387 2054 115763465
4.7e-09 24.4844 2.5 9.875 1437 195797245 1470 191551624
4.7e-09 24.0938 2.76562 10.0156 956 98195968 911 284837784
4.7e-09 infty 2.51562 9.89062 1862 0 1907 0
4.7e-09 25.0156 3 9.85938 1990 201052992 1961 116392067
4.7e-09 infty 2.82812 9.84375 1884 219358397 2027 16153562
4.7e-09 24.125 2.40625 9.98438 1275 37801818 1261 447286391
4.7e-09 23.9688 2.85938 9.89062 1069 319439832 1139 129738114
4.7e-09 24.5625 2.39062 9.9375 1794 335196109 1732 118512896
4.7e-09 24.3906 2.51562 9.89062 1431 188445528 1400 253079038
4.7e-09 24.9375 2.39062 9.95312 2283 352218164 2386 122741446
4.7e-09 23.9062 3.375 9.90625 1004 373895161 995 120570313
4.7e-09 25.1406 2.34375 9.89062 1841 28170607 1915 238907511
4.7e-09 infty 2.34375 9.875 1860 0 1863 153576703
4.7e-09 24.1719 2.95312 10.0625 1206 0 1245 448260049
4.7e-09 infty 3.29688 10.0625 2059 0 2159 170421172
4.7e-09 infty 2.85938 9.89062 1894 72418126 1880 162108229
4.7e-09 infty 2.45312 10.0781 2103 148759558 2112 0
4.7e-09 24.5625 2.34375 9.89062 1867 354394124 1882 99342711
4.7e-09 23.4688 3.3125 9.84375 663 30568690 624 361249281
4.7e-09 24.0781 2.4375 10.0312 914 31609184 919 356959873
4.7e-09 infty 3.01562 9.875 1923 231464731 1906 13140075
4.7e-09 24.3125 2.84375 9.875 1351 444996148 1384 45095411
4.7e-09 infty 2.34375 9.875 1961 220002642 1881 0
4.7e-09 infty 2.79688 10.0938 2174 0 2001 31568459
4.7e-09 24.2188 2.42188 10.0156 1239 0 1167 425697812
4.7e-09 24.6875 2.79688 10.1094 1567 0 1507 385886725
4.7e-09 infty 2.79688 10.1094 2079 64380659 2034 78373274
4.7e-09 24.7188 2.40625 9.98438 2235 483983045 2236 0
4.7e-09 infty 3.0625 9.9375 2349 207038163 2324 0
4.7e-09 infty 2.875 9.90625 1741 0 1867 0
4.7e-09 23.7656 2.96875 10.1094 876 195975008 866 263343026
4.7e-09 23.5312 2.5625 9.96875 730 405733479 720 68029146
4.7e-09 infty 2.48438 9.84375 1986 0 2034 99386355
4.7e-09 24.0469 2.34375 9.875 1069 278759922 1127 129648676
4.7e-09 23.6406 2.42188 10 675 266894203 746 143489256
4.7e-09 24.6562 2.42188 10 1640 282399679 1664 116140318
4.7e-09 infty 3.34375 9.85938 1852 51563160 1973 0
4.7e-09 infty 2.51562 9.89062 1895 17774346 1884 84974583
4.7e-09 infty 3.35938 9.875 1917 0 1914 48670414
4.7e-09 23.4219 2.5 9.85938 651 184332118 625 231706406
4.7e-09 24.5 2.95312 10.0625 1562 444511859 1623 60566293
4.7e-09 23.4219 2.98438 9.84375 641 418849354 642 0
4.7e-09 infty 2.5 9.85938 2007 206375281 1947 0
4.7e-09 23.5156 3.46875 10.0938 673 360529428 670 133385949
4.7e-09 24.3281 3.32812 9.84375 1453 189066544 1478 291960168
4.7e-09 infty 3.42188 9.98438 2232 16498362 2274 111509643
4.7e-09 24.0156 2.9375 10.0156 903 153799172 972 273233405
4.7e-09 24.3125 3.34375 9.875 1466 488088715 1370 8621571
4.7e-09 24.0469 2.40625 9.98438 958 136898619 941 271496726
4.7e-09 25.1719 3.39062 9.9375 2422 0 2305 341719959
4.7e-09 25.2031 3.29688 10.0781 2118 120537675 2145 201946708
4.7e-09 24.2344 2.78125 10.0312 1244 110384197 1248 305116408
4.7e-09 infty 2.875 9.92188 1802 109622602 1734 0
4.7e-09 infty 3.45312 10.0469 2202 0 2244 86618665
4.7e-09 24.4844 3.45312 10.0469 1166 246213670 1195 137413382
4.7e-09 25.3594 2.46875 10.1562 2013 0 2030 255583521
4.7e-09 25.3438 2.8125 9.84375 2007 0 1975 264921069
4.7e-09 24.5156 2.98438 9.84375 1990 0 2004 487894561
4.7e-09 25.0469 2.35938 9.89062 1865 6462553 1845 295446560
4.7e-09 infty 2.95312 10.0469 2243 0 2173 189781712
4.7e-09 25.0781 2.79688 10.1094 2108 0 2098 384378961
4.7e-09 infty 2.32812 9.85938 1989 44392942 1933 0
4.7e-09 25.3281 2.45312 10.0625 2118 139551149 2082 127857180
