3.2e-09 2.09375 2.51562 0 261187744 35 260967712 6
3.2e-09 1.79688 2.375 0 245795736 7 246053316 4
3.2e-09 1.73438 2.3125 0 204579094 1 204699520 0
3.2e-09 2.39062 2.96875 0 210282505 3 210181015 3
3.2e-09 1.79688 2.375 0 245467902 24 245654909 0
3.2e-09 2.14062 2.5625 0 239795976 0 239798522 14
3.2e-09 2.07812 2.5 0 200490657 13 200447457 1
3.2e-09 2.79688 3.39062 0 243513262 4 243183622 2
3.2e-09 1.71875 2.3125 0 205626676 16 205448522 1
3.2e-09 2.25 2.84375 0 262209633 0 262318877 3
3.2e-09 1.85938 2.45312 0 217210920 4 217130752 2
3.2e-09 2.0625 2.48438 0 204243449 5 204126583 6
3.2e-09 1.79688 2.375 0 245919865 3 245691820 23
3.2e-09 2.71875 3.3125 0 211136897 0 211117245 0
3.2e-09 2.15625 2.75 0 230396992 5 230589778 3
3.2e-09 2.29688 2.875 0 247308310 1 247339367 8
3.2e-09 2.76562 3.35938 0 259201076 9 259045461 1
3.2e-09 1.75 2.34375 0 261313206 2 261313127 7
3.2e-09 2.79688 3.375 0 249122700 3 249187091 0
3.2e-09 2.375 2.95312 0 216541577 9 216483929 1
3.2e-09 2.375 2.96875 0 211629106 19 211859355 6
3.2e-09 2.29688 2.89062 0 241550541 0 241324331 0
3.2e-09 1.71875 2.29688 0 209649138 1 209737866 0
3.2e-09 2.07812 2.5 0 199684520 5 199740596 2
3.2e-09 1.84375 2.4375 0 223574536 2 223377877 0
3.2e-09 2.28125 2.875 0 249065919 1 249251570 9
3.2e-09 1.78125 2.375 0 249612437 1 249892882 2
3.2e-09 2.75 3.34375 0 199540263 2 199610616 0
3.2e-09 1.85938 2.45312 0 217819892 4 217712390 2
3.2e-09 2.75 3.34375 0 198522778 0 198560265 7
3.2e-09 1.8125 2.40625 0 233195912 1 233384012 9
3.2e-09 1.70312 2.28125 0 215804788 8 215834932 15
3.2e-09 1.76562 2.35938 0 254918857 0 255063329 3
3.2e-09 1.76562 2.34375 0 258257517 22 258300107 9
3.2e-09 1.73438 2.32812 0 202872550 2 202922466 2
3.2e-09 1.76562 2.35938 0 255853307 0 255744977 7
3.2e-09 2.10938 2.53125 0 254813208 5 254931210 0
3.2e-09 1.75 2.32812 0 264368209 2 264381173 22
3.2e-09 1.6875 2.26562 0 221112363 3 221004907 7
3.2e-09 1.6875 2.26562 0 220531196 14 220582274 0
3.2e-09 1.73438 2.3125 0 204661300 2 204636560 7
3.2e-09 2.07812 2.5 0 200160638 4 200176640 8
3.2e-09 1.78125 2.35938 0 251738982 11 251952901 21
3.2e-09 2.35938 2.9375 0 222508116 0 222505259 7
3.2e-09 2.15625 2.75 0 230400105 49 230437049 7
3.2e-09 2.59375 3.01562 0 263197522 11 263231176 4
3.2e-09 2.28125 2.875 0 248815236 2 248992768 6
3.2e-09 2.73438 3.3125 0 206724349 1 206842053 3
3.2e-09 1.71875 2.3125 0 207516050 9 207360536 10
3.2e-09 1.73438 2.32812 0 200174398 15 200188949 9
3.2e-09 2.57812 3 0 199731531 6 199810231 0
3.2e-09 2.75 3.34375 0 264259476 8 264282898 0
3.2e-09 2.23438 2.8125 0 205540983 7 205755042 0
3.2e-09 2.14062 2.5625 0 240599661 23 240555816 7
3.2e-09 2.21875 2.8125 0 207603995 3 207539301 22
3.2e-09 2.60938 3.03125 0 256110220 3 256455386 35
3.2e-09 1.6875 2.28125 0 218031152 22 217963726 10
3.2e-09 1.71875 2.3125 0 208569749 4 208511943 1
3.2e-09 2.78125 3.375 0 249562708 37 249938403 3
3.2e-09 2.10938 2.53125 0 253653045 14 254035819 0
3.2e-09 2.0625 2.48438 0 203497298 22 203648417 0
3.2e-09 1.79688 2.375 0 245124284 0 244963188 3
3.2e-09 1.82812 2.42188 0 229673084 4 229880454 5
3.2e-09 2.78125 3.375 0 253793224 0 253632088 0
3.2e-09 1.78125 2.375 0 246454421 3 246637341 2
3.2e-09 1.8125 2.40625 0 233479080 4 233327710 0
3.2e-09 2.35938 2.9375 0 222221818 28 222154633 0
3.2e-09 2.15625 2.75 0 230776843 0 230659962 0
3.2e-09 1.73438 2.32812 0 202859035 1 202892666 1
3.2e-09 2.60938 3.03125 0 255667536 0 255722082 7
3.2e-09 2.1875 2.76562 0 223753687 5 223744925 23
3.2e-09 2.35938 2.95312 0 220224506 9 220147307 4
3.2e-09 1.82812 2.42188 0 227376943 8 227503385 5
3.2e-09 2.26562 2.85938 0 255371986 2 255434106 5
3.2e-09 1.75 2.34375 0 262332837 2 262240144 1
3.2e-09 2.34375 2.9375 0 225836890 11 226025813 3
3.2e-09 2.23438 2.82812 0 202571613 0 202598575 9
3.2e-09 1.6875 2.28125 0 217943315 0 217832172 8
3.2e-09 2.125 2.54688 0 243008932 6 243039860 20
3.2e-09 1.85938 2.4375 0 220510862 2 220280485 1
3.2e-09 1.70312 2.29688 0 211844763 0 211796935 0
3.2e-09 2.26562 2.85938 0 254859266 6 254875181 1
3.2e-09 2.26562 2.85938 0 255865133 13 255975922 13
3.2e-09 2.32812 2.92188 0 232442464 5 232404123 3
3.2e-09 1.75 2.34375 0 260267175 25 260135159 8
3.2e-09 1.70312 2.28125 0 214839893 0 214713214 5
3.2e-09 2.73438 3.32812 0 204579225 4 204873146 0
3.2e-09 1.73438 2.3125 0 205287632 18 205215899 6
3.2e-09 1.6875 2.28125 0 218673979 10 218641076 3
3.2e-09 1.85938 2.4375 0 219196133 3 219177365 12
3.2e-09 2.14062 2.5625 0 241929398 2 242160221 19
3.2e-09 1.67188 2.26562 0 222690913 0 222877439 2
3.2e-09 1.85938 2.45312 0 217552901 4 217214588 2
3.2e-09 1.875 2.46875 0 210828107 7 210869557 4
3.2e-09 1.6875 2.26562 0 220562295 3 220686993 1
3.2e-09 1.875 2.46875 0 209733069 0 209767055 4
3.2e-09 2.26562 2.84375 0 260113385 0 260130944 8
3.2e-09 1.76562 2.35938 0 256119333 4 255905510 8
3.2e-09 2.0625 2.48438 0 205708372 7 205664120 4
3.2e-09 1.75 2.34375 0 262829806 6 262801149 15
3.2e-09 2.57812 3 0 201670156 3 201969441 0
3.2e-09 2.20312 2.79688 0 212717647 4 212760147 19
3.2e-09 2.34375 2.92188 0 227816197 51 227502750 0
3.2e-09 1.78125 2.35938 0 251023626 0 251032171 2
3.2e-09 2.21875 2.79688 0 210736947 1 210648472 0
3.2e-09 1.84375 2.42188 0 226460479 2 226483034 6
3.2e-09 2.25 2.82812 0 200825594 0 200965357 0
3.2e-09 1.6875 2.26562 0 222122220 2 222358122 15
3.2e-09 2.64062 3.0625 0 243890585 8 243770814 0
3.2e-09 1.8125 2.40625 0 236791051 32 236886235 7
3.2e-09 2.625 3.04688 0 247034248 5 247229601 1
3.2e-09 2.73438 3.3125 0 207355170 7 207358804 0
3.2e-09 2.07812 2.5 0 199228905 0 199317208 1
3.2e-09 2.15625 2.75 0 230678370 6 230650474 0
3.2e-09 1.71875 2.29688 0 209404254 0 209412100 5
3.2e-09 2.67188 3.25 0 229971771 4 229891646 3
3.2e-09 2.09375 2.51562 0 260706683 2 260566775 2
3.2e-09 2.10938 2.53125 0 253071238 32 253120468 12
3.2e-09 1.8125 2.40625 0 234982232 6 234902974 0
3.2e-09 1.6875 2.26562 0 220993949 0 221094295 10
3.2e-09 1.78125 2.375 0 246734238 0 246557638 3
3.2e-09 2.75 3.34375 0 198364336 6 198363799 3
3.2e-09 2.79688 3.375 0 247272223 3 247202899 8
3.2e-09 1.85938 2.45312 0 219018550 2 218945452 1
3.2e-09 2.3125 2.90625 0 238298056 4 238193132 2
3.2e-09 2.25 2.84375 0 261794693 25 261739037 3
3.2e-09 2.59375 3.01562 0 263737619 16 263487765 0
3.2e-09 2.67188 3.25 0 229980504 5 230064433 15
3.2e-09 1.82812 2.40625 0 232394030 10 232281878 0
3.2e-09 2.23438 2.82812 0 201977698 7 202033187 0
3.2e-09 2.10938 2.53125 0 249517285 14 249572315 4
3.2e-09 2.35938 2.9375 0 221395355 0 221374264 32
3.2e-09 2.57812 3 0 202812933 10 202957045 1
3.2e-09 2.17188 2.76562 0 227561598 28 227477368 7
3.2e-09 1.76562 2.35938 0 255432734 9 255427259 0
3.2e-09 2.07812 2.5 0 200122449 0 199988310 12
3.2e-09 2.09375 2.51562 0 257181883 2 257092086 5
3.2e-09 1.6875 2.26562 0 222265709 0 222328827 0
3.2e-09 2.60938 3.03125 0 254897445 13 254988221 6
3.2e-09 2.28125 2.875 0 249362589 14 249308469 21
3.2e-09 2.75 3.32812 0 202188774 4 202296344 23
3.2e-09 1.6875 2.28125 0 218305420 23 218193120 0
3.2e-09 2.34375 2.9375 0 225947227 0 225747252 5
3.2e-09 2.10938 2.53125 0 249995066 0 249758039 2
3.2e-09 2.75 3.34375 0 263624547 4 263795164 14
3.2e-09 1.73438 2.32812 0 202946520 8 202904152 0
3.2e-09 2.21875 2.8125 0 210332779 0 210131549 2
3.2e-09 1.75 2.32812 0 199354260 8 199403822 2
3.2e-09 2.8125 3.40625 0 239367507 9 239338819 9
3.2e-09 2.28125 2.875 0 252022428 19 252158085 8
3.2e-09 2.20312 2.79688 0 213621969 3 213611421 4
3.2e-09 1.84375 2.42188 0 225785517 27 225718176 8
3.2e-09 2.34375 2.92188 0 228701000 16 228484847 8
3.2e-09 1.78125 2.375 0 246777641 1 246873363 9
3.2e-09 1.84375 2.4375 0 222444500 1 222502448 6
3.2e-09 2.67188 3.25 0 229652128 0 229833060 3
3.2e-09 1.73438 2.32812 0 203331779 7 203398194 0
3.2e-09 2.17188 2.76562 0 225281284 20 225113192 3
3.2e-09 2.21875 2.79688 0 211798112 1 211658963 1
3.2e-09 1.875 2.46875 0 210382365 3 210230827 6
3.2e-09 2.76562 3.34375 0 262829400 5 262831822 3
3.2e-09 2.57812 3 0 202545492 5 202571899 0
3.2e-09 1.78125 2.35938 0 250729258 40 250518201 1
3.2e-09 1.71875 2.3125 0 206027641 5 205995096 1
3.2e-09 2.09375 2.51562 0 258130505 14 257958095 0
3.2e-09 2.07812 2.48438 0 202237293 16 202267579 11
3.2e-09 2.15625 2.75 0 230278820 2 230390308 15
3.2e-09 2.57812 3 0 203145293 5 203140753 0
3.2e-09 1.85938 2.4375 0 220925847 0 220737689 29
3.2e-09 1.875 2.46875 0 210180289 39 210216822 26
3.2e-09 2.3125 2.90625 0 238481131 3 238538570 15
3.2e-09 2.20312 2.78125 0 216854882 1 216716666 14
3.2e-09 2.32812 2.92188 0 231122359 4 230820470 7
3.2e-09 1.79688 2.39062 0 242332164 1 242489088 1
3.2e-09 1.71875 2.3125 0 206629656 0 206616097 1
3.2e-09 2.73438 3.32812 0 203316432 0 203361179 2
3.2e-09 2.32812 2.92188 0 229021604 6 228717838 7
3.2e-09 1.70312 2.29688 0 212291174 17 212327677 4
3.2e-09 2.8125 3.40625 0 236791598 15 236980416 4
3.2e-09 2.71875 3.3125 0 210714581 11 210920154 0
3.2e-09 2.125 2.54688 0 245559494 1 245587384 35
3.2e-09 2.10938 2.53125 0 251831445 11 251910142 0
3.2e-09 1.78125 2.35938 0 252274061 10 252242843 0
3.2e-09 2.23438 2.82812 0 203150297 4 203248371 6
3.2e-09 2.79688 3.375 0 248347296 0 248673412 0
3.2e-09 1.70312 2.29688 0 211074553 0 210969128 2
3.2e-09 2.15625 2.75 0 231557313 0 231632694 0
3.2e-09 1.70312 2.28125 0 215851601 2 215920071 0
3.2e-09 2.79688 3.39062 0 244024609 20 243856972 1
3.2e-09 1.71875 2.3125 0 207668799 0 207659523 0
3.2e-09 2.15625 2.75 0 233533756 1 233676166 1
3.2e-09 2.40625 2.98438 0 204609568 2 204593916 4
3.2e-09 2.21875 2.8125 0 210005780 2 209932947 3
3.2e-09 2.57812 3 0 199132098 1 199172000 9
3.2e-09 2.625 3.04688 0 250041912 0 250201979 11
3.2e-09 1.75 2.34375 0 261157265 23 261126437 0
3.2e-09 1.70312 2.29688 0 214263536 1 214152031 6
3.2e-09 2.64062 3.04688 0 244180966 1 244258220 12
3.2e-09 2.39062 2.98438 0 208806570 11 208910303 3
3.2e-09 2.3125 2.90625 0 236097679 1 236254342 4
3.2e-09 2.64062 3.0625 0 239189711 10 238822650 11
3.2e-09 2.65625 3.07812 0 232482231 2 232600428 0
3.2e-09 2.6875 3.28125 0 220638757 0 220714762 0
3.2e-09 2.10938 2.53125 0 249803820 0 249650617 0
3.2e-09 1.70312 2.29688 0 214597304 7 214476383 0
3.2e-09 2.78125 3.375 0 252402693 7 252736312 1
3.2e-09 2.34375 2.9375 0 223778384 12 223756337 0
3.2e-09 2.15625 2.75 0 232636845 1 232557809 16
3.2e-09 2.28125 2.875 0 250514442 26 250524293 12
3.2e-09 2.59375 3 0 198540878 1 198580265 6
3.2e-09 2.71875 3.3125 0 211648102 0 211952176 2
3.2e-09 1.85938 2.4375 0 220589165 2 220723528 3
3.2e-09 2.26562 2.85938 0 255406737 0 255492661 2
3.2e-09 1.6875 2.26562 0 221757115 1 221708272 1
3.2e-09 1.70312 2.29688 0 214510587 3 214460735 0
3.2e-09 1.875 2.45312 0 214836499 0 214723479 57
3.2e-09 1.6875 2.26562 0 222443306 9 222300542 9
3.2e-09 1.71875 2.3125 0 208631116 5 208615228 12
3.2e-09 2.15625 2.73438 0 234580145 4 234474991 68
3.2e-09 2.71875 3.29688 0 213389989 4 213140984 0
3.2e-09 1.85938 2.4375 0 220677666 0 220631224 14
3.2e-09 1.78125 2.375 0 249184694 11 249046768 3
3.2e-09 1.70312 2.29688 0 212593163 1 212701591 3
3.2e-09 1.73438 2.3125 0 205326843 0 205264941 3
3.2e-09 2.125 2.53125 0 248847731 0 248947463 1
3.2e-09 1.71875 2.3125 0 207115165 2 207044787 1
3.2e-09 2.21875 2.8125 0 207022323 1 206919394 1
3.2e-09 1.73438 2.32812 0 203491947 11 203469356 1
3.2e-09 2.25 2.82812 0 200621944 10 200515429 4
3.2e-09 1.84375 2.4375 0 222704763 0 222502668 2
3.2e-09 2.6875 3.26562 0 224273447 3 224068820 3
3.2e-09 1.70312 2.29688 0 214036384 0 214064343 0
3.2e-09 1.78125 2.375 0 248116244 4 247839327 1
3.2e-09 1.75 2.32812 0 198552551 0 198691379 2
3.2e-09 2.35938 2.9375 0 220909869 9 221050524 1
3.2e-09 1.71875 2.3125 0 206241479 8 206135772 3
3.2e-09 1.8125 2.40625 0 234449193 3 234424380 12
3.2e-09 2.14062 2.5625 0 239601560 10 239714420 3
3.2e-09 2.07812 2.48438 0 202161960 19 202351157 6
3.2e-09 2.21875 2.79688 0 210578308 26 210789221 1
3.2e-09 2.0625 2.48438 0 206437283 1 206447016 1
3.2e-09 2.09375 2.51562 0 257660444 22 257756756 9
3.2e-09 1.71875 2.29688 0 210759029 7 210691254 2
3.2e-09 2.07812 2.5 0 200840571 17 200862936 37
3.2e-09 2.09375 2.51562 0 260156641 3 260082877 6
3.2e-09 1.8125 2.39062 0 239501803 2 239569938 48
3.2e-09 2.0625 2.48438 0 206307017 1 206338753 8
3.2e-09 1.71875 2.29688 0 210480544 12 210269912 14
3.2e-09 2.23438 2.8125 0 206550355 0 206476351 10
3.2e-09 2.23438 2.82812 0 204135081 46 203940907 0
3.2e-09 2.21875 2.79688 0 211633780 0 211702959 10
3.2e-09 2.21875 2.8125 0 207740381 4 207680026 1
3.2e-09 1.70312 2.29688 0 213838038 1 213877386 0
3.2e-09 1.78125 2.375 0 246618915 12 246590856 6
3.2e-09 2.73438 3.32812 0 203258708 16 203327804 5
3.2e-09 2.29688 2.89062 0 243946921 0 243642759 7
3.2e-09 1.79688 2.375 0 245343335 9 245472622 0
3.2e-09 2.57812 3 0 198809283 1 198848953 1
3.2e-09 1.71875 2.3125 0 206850293 0 206880742 0
3.2e-09 1.8125 2.39062 0 239186681 5 239117160 2
3.2e-09 1.8125 2.40625 0 235285085 0 235311378 0
3.2e-09 2.28125 2.875 0 252045679 12 251980419 6
3.2e-09 2.35938 2.95312 0 218013846 1 218124892 18
3.2e-09 2.0625 2.48438 0 205075541 0 204890434 6
3.2e-09 2.34375 2.9375 0 224631571 5 224403853 0
3.2e-09 2.28125 2.875 0 250379895 3 250445538 5
3.2e-09 1.82812 2.42188 0 228827149 3 228701220 15
3.2e-09 1.875 2.46875 0 211371025 4 211605838 1
3.2e-09 2.17188 2.76562 0 224232985 6 224265467 28
3.2e-09 2.15625 2.73438 0 235078465 1 235062484 6
3.2e-09 2.8125 3.39062 0 241247035 1 241159024 1
3.2e-09 1.84375 2.42188 0 226765579 3 226746272 5
3.2e-09 1.76562 2.35938 0 256445027 0 256530955 7
3.2e-09 1.875 2.46875 0 210759666 0 210813915 7
3.2e-09 1.73438 2.32812 0 203526413 0 203629975 0
3.2e-09 2.09375 2.51562 0 259436549 9 259316293 1
3.2e-09 1.70312 2.28125 0 216378671 5 216253186 2
3.2e-09 2.14062 2.5625 0 238969731 8 238657247 3
3.2e-09 2.8125 3.39062 0 241021861 1 240973240 3
3.2e-09 1.70312 2.28125 0 215144490 0 215365445 3
3.2e-09 1.875 2.46875 0 211879948 1 211808116 0
3.2e-09 2.59375 3.01562 0 259423994 4 258976404 8
3.2e-09 1.84375 2.42188 0 226909226 0 226961099 12
3.2e-09 2.125 2.54688 0 244926565 2 245088090 4
3.2e-09 2.125 2.54688 0 248988673 3 248712663 2
3.2e-09 1.76562 2.35938 0 253042567 4 252948018 0
3.2e-09 1.78125 2.375 0 248505800 5 248527512 5
3.2e-09 2.35938 2.9375 0 222050301 16 222013869 2
3.2e-09 1.6875 2.26562 0 222452377 11 222538529 0
3.2e-09 2.70312 3.29688 0 216297991 18 216085071 4
3.2e-09 1.70312 2.28125 0 215782983 0 215878834 9
3.2e-09 1.76562 2.35938 0 254641962 7 254698187 6
3.2e-09 2.26562 2.85938 0 256120890 0 256392421 0
3.2e-09 2.23438 2.82812 0 203575247 26 203675934 0
3.2e-09 2.17188 2.76562 0 224903452 0 225060102 2
3.2e-09 2.125 2.54688 0 246226301 1 246227826 0
3.2e-09 1.8125 2.40625 0 234034603 18 233813627 0
3.2e-09 1.70312 2.29688 0 211941853 1 211878397 0
3.2e-09 1.75 2.34375 0 260155656 5 260081768 5
3.2e-09 1.79688 2.39062 0 243392601 3 243385158 22
3.2e-09 1.73438 2.3125 0 204968681 6 204973760 0
3.2e-09 2.21875 2.79688 0 212074523 3 212068932 1
3.2e-09 1.6875 2.26562 0 221333739 0 221556863 0
3.2e-09 2.60938 3.03125 0 254108187 0 254061899 0
3.2e-09 1.8125 2.40625 0 237085263 14 237085272 3
3.2e-09 2.3125 2.90625 0 237086055 27 237274391 8
3.2e-09 1.84375 2.4375 0 222437468 2 222473094 1
3.2e-09 2.15625 2.75 0 230654875 0 230579033 5
3.2e-09 1.71875 2.3125 0 207669605 0 207624800 2
3.2e-09 2.14062 2.54688 0 242616750 2 242568857 2
3.2e-09 1.76562 2.34375 0 258718417 18 258874806 0
3.2e-09 1.8125 2.39062 0 238192011 10 238112390 6
3.2e-09 2.09375 2.51562 0 258301238 10 258258232 15
3.2e-09 1.70312 2.29688 0 212560767 3 212630563 1
3.2e-09 2.65625 3.07812 0 236215795 0 236000206 6
3.2e-09 2.1875 2.78125 0 221549535 5 221405948 0
3.2e-09 2.65625 3.07812 0 233444166 23 233587627 8
3.2e-09 1.82812 2.42188 0 229605603 0 229798904 11
3.2e-09 1.78125 2.375 0 247656819 1 247553532 1
3.2e-09 2.59375 3.01562 0 259039280 14 259420068 3
3.2e-09 2.8125 3.40625 0 237790663 1 237610191 1
3.2e-09 2.0625 2.48438 0 204799513 1 204821328 0
3.2e-09 1.71875 2.29688 0 209258518 3 209211058 2
3.2e-09 2.57812 3 0 200609329 4 200787535 1
3.2e-09 2.8125 3.40625 0 239189445 5 238707098 6
3.2e-09 1.84375 2.42188 0 225648675 4 225618313 5
3.2e-09 1.82812 2.40625 0 231646435 5 231424739 5
3.2e-09 2.625 3.04688 0 248151583 3 248329437 4
3.2e-09 2.07812 2.5 0 199235886 2 199174585 8
3.2e-09 2.1875 2.76562 0 223188935 0 223294910 1
3.2e-09 2.8125 3.40625 0 239632663 12 239492050 3
3.2e-09 1.78125 2.375 0 247114075 7 247294979 0
3.2e-09 2.09375 2.51562 0 258584545 18 258766672 4
3.2e-09 1.84375 2.4375 0 222119165 5 222195074 0
3.2e-09 2.29688 2.875 0 246460920 5 246517462 0
3.2e-09 1.79688 2.375 0 245975885 0 245986173 0
3.2e-09 2.75 3.32812 0 201156982 3 200988145 0
3.2e-09 2.10938 2.53125 0 251821599 8 251869351 2
3.2e-09 1.78125 2.375 0 247985825 1 247909337 1
3.2e-09 1.6875 2.26562 0 220995677 12 220903650 5
3.2e-09 1.75 2.34375 0 262166999 2 261888627 0
3.2e-09 2.23438 2.8125 0 205751219 14 205621606 3
3.2e-09 1.85938 2.45312 0 216298980 0 216338403 12
3.2e-09 2.71875 3.3125 0 208493148 1 208470066 0
3.2e-09 2.65625 3.07812 0 233283009 0 233391248 7
3.2e-09 1.875 2.45312 0 213411378 10 213554833 2
3.2e-09 1.85938 2.4375 0 219755210 22 219726019 0
3.2e-09 2.39062 2.98438 0 205651429 8 205496146 4
3.2e-09 2.28125 2.875 0 247916788 0 248110575 11
3.2e-09 1.84375 2.4375 0 223610598 0 223610144 2
3.2e-09 1.84375 2.4375 0 222100263 2 222153203 0
3.2e-09 1.76562 2.35938 0 256667394 11 256695372 1
3.2e-09 2.07812 2.5 0 201608315 0 201704219 2
3.2e-09 1.73438 2.3125 0 204934273 3 204999845 2
3.2e-09 1.75 2.32812 0 199231364 5 199240962 25
3.2e-09 2.0625 2.48438 0 204449750 1 204658743 0
3.2e-09 1.70312 2.29688 0 212646403 17 212619572 0
3.2e-09 2.6875 3.28125 0 221601101 1 221384474 52
3.2e-09 1.79688 2.39062 0 243837551 1 243687295 3
3.2e-09 2.59375 3.01562 0 260016494 13 259811814 0
3.2e-09 2.07812 2.48438 0 202597040 1 202770423 2
3.2e-09 1.82812 2.40625 0 231681994 0 231786951 9
3.2e-09 1.89062 2.46875 0 209228720 6 209338474 21
3.2e-09 2.71875 3.3125 0 208997297 2 208814851 3
3.2e-09 2.0625 2.48438 0 202860629 3 202881477 12
3.2e-09 2.20312 2.78125 0 218082921 11 218090521 0
3.2e-09 2.3125 2.89062 0 239464669 2 239487243 3
3.2e-09 1.71875 2.3125 0 207996226 5 208002213 1
3.2e-09 1.76562 2.35938 0 254147773 13 254239018 15
3.2e-09 2.8125 3.39062 0 241988025 0 242102398 22
3.2e-09 1.6875 2.28125 0 220091754 3 220016693 6
3.2e-09 1.85938 2.4375 0 219444966 4 219437121 0
3.2e-09 2.125 2.54688 0 247409023 0 247664364 38
3.2e-09 2.59375 3.01562 0 262072904 0 261786689 14
3.2e-09 2.07812 2.5 0 201964724 0 202058844 10
3.2e-09 2.64062 3.04688 0 243741412 16 244119779 15
3.2e-09 2.78125 3.375 0 252116217 6 252264039 4
3.2e-09 2.73438 3.3125 0 207980002 1 207979172 8
3.2e-09 2.23438 2.8125 0 206816002 7 206756473 0
3.2e-09 1.71875 2.29688 0 209391068 5 209532471 8
3.2e-09 1.73438 2.3125 0 203949338 0 203964766 1
3.2e-09 1.70312 2.29688 0 212903759 0 212957563 7
3.2e-09 1.71875 2.3125 0 207143828 5 207088726 0
3.2e-09 1.76562 2.34375 0 259224764 3 259282718 11
3.2e-09 1.76562 2.34375 0 259158047 4 259100362 6
3.2e-09 2.28125 2.875 0 250574744 9 250774709 5
3.2e-09 1.75 2.32812 0 199390505 22 199447075 0
3.2e-09 1.70312 2.28125 0 216504585 4 216416235 20
3.2e-09 2.07812 2.48438 0 202253545 1 202338502 1
3.2e-09 2.20312 2.79688 0 213918271 0 213971563 6
3.2e-09 1.79688 2.375 0 245505790 25 245387502 5
3.2e-09 1.6875 2.26562 0 222093642 1 222033614 1
3.2e-09 2.375 2.96875 0 211315785 1 211259734 3
3.2e-09 1.82812 2.42188 0 230511111 3 230487901 10
3.2e-09 2.17188 2.75 0 228183881 2 228212785 0
3.2e-09 2.125 2.54688 0 243234040 13 243269006 1
3.2e-09 2.64062 3.0625 0 239860556 10 239662185 9
3.2e-09 1.6875 2.28125 0 216710895 3 216821584 1
3.2e-09 1.76562 2.35938 0 254001436 9 254132666 2
3.2e-09 2.25 2.82812 0 199854439 0 199668559 19
3.2e-09 2.76562 3.35938 0 258480803 10 258621567 6
3.2e-09 2.8125 3.39062 0 242142482 2 241716893 0
3.2e-09 1.82812 2.42188 0 230415869 5 230316956 3
3.2e-09 1.6875 2.28125 0 217413278 4 217293467 0
3.2e-09 1.71875 2.3125 0 205854802 1 205860819 0
3.2e-09 1.78125 2.35938 0 250753456 0 250865721 3
3.2e-09 2.625 3.04688 0 245552388 9 245288411 0
3.2e-09 2.59375 3.01562 0 261444885 0 261254831 0
3.2e-09 2.28125 2.875 0 251804614 1 251679117 4
3.2e-09 2.21875 2.79688 0 210475882 0 210553260 0
3.2e-09 2.59375 3.01562 0 262564194 4 262823690 1
3.2e-09 1.89062 2.46875 0 209287166 1 209306584 0
3.2e-09 2.14062 2.5625 0 236972418 5 237099827 6
3.2e-09 2.07812 2.5 0 199859689 21 200077184 0
3.2e-09 1.89062 2.46875 0 209150704 0 208939476 4
3.2e-09 2.10938 2.53125 0 249431256 5 249732385 1
3.2e-09 2.29688 2.89062 0 243547313 14 243679857 49
3.2e-09 2.15625 2.75 0 233003395 1 232959940 14
3.2e-09 1.71875 2.3125 0 206570322 16 206702596 2
3.2e-09 1.75 2.32812 0 199239938 1 199134484 16
3.2e-09 2.10938 2.53125 0 250184118 2 250160787 6
3.2e-09 1.79688 2.39062 0 243235609 1 243251055 7
3.2e-09 2.40625 2.98438 0 205360061 4 205253472 1
3.2e-09 1.875 2.45312 0 213854110 6 213669846 1
3.2e-09 2.79688 3.375 0 247270120 6 247443703 30
3.2e-09 2.35938 2.95312 0 218566609 0 218698479 1
3.2e-09 2.125 2.54688 0 243913455 49 244068139 5
3.2e-09 2.14062 2.5625 0 237418086 1 237263003 15
3.2e-09 2.60938 3.03125 0 253388916 5 253534293 2
3.2e-09 2.59375 3 0 198437269 0 198469433 1
3.2e-09 2.59375 3.01562 0 258343099 0 258268665 3
3.2e-09 2.15625 2.75 0 231845805 0 231928953 7
3.2e-09 1.71875 2.29688 0 209602104 1 209818109 7
3.2e-09 1.84375 2.4375 0 222662105 2 222800953 1
3.2e-09 2.125 2.54688 0 243073368 2 243248024 2
3.2e-09 2.09375 2.51562 0 262225592 5 262092375 24
3.2e-09 1.75 2.34375 0 262680126 8 262387997 7
3.2e-09 2.57812 2.98438 0 204100921 3 204070274 2
3.2e-09 1.75 2.34375 0 261623055 6 261651343 16
3.2e-09 2.25 2.84375 0 261806708 2 261990499 5
3.2e-09 1.82812 2.40625 0 232689285 1 232667913 3
3.2e-09 1.76562 2.35938 0 253938207 10 253885126 0
3.2e-09 2.17188 2.76562 0 226121958 0 226117396 10
3.2e-09 1.84375 2.4375 0 221667915 2 221551425 10
3.2e-09 2.78125 3.375 0 253443491 5 253573164 29
3.2e-09 2.71875 3.3125 0 209775299 3 209651160 0
3.2e-09 1.84375 2.42188 0 226334293 4 226390935 13
3.2e-09 2.25 2.84375 0 198652610 6 198696396 23
3.2e-09 1.73438 2.32812 0 200237194 7 200478465 5
3.2e-09 2.32812 2.92188 0 232820397 3 232599061 29
3.2e-09 1.78125 2.375 0 248909591 7 248848284 0
3.2e-09 2.26562 2.85938 0 256742618 3 256613552 11
3.2e-09 2.23438 2.82812 0 202581143 9 202582887 8
3.2e-09 2.32812 2.92188 0 232004425 3 231874819 11
3.2e-09 1.79688 2.39062 0 242500650 5 242631299 1
3.2e-09 2.26562 2.84375 0 259574886 4 259629059 0
3.2e-09 1.73438 2.32812 0 200588033 1 200534990 0
3.2e-09 2.39062 2.98438 0 207956619 22 207773474 3
3.2e-09 1.75 2.34375 0 264006810 1 264357166 2
3.2e-09 1.8125 2.39062 0 239081668 0 238997992 3
3.2e-09 2.29688 2.89062 0 242257974 2 242437738 13
3.2e-09 2.625 3.04688 0 245115280 3 245368760 0
3.2e-09 2.59375 3.01562 0 261126310 10 261271649 4
3.2e-09 1.71875 2.29688 0 209744168 1 209630674 13
3.2e-09 2.26562 2.85938 0 255025853 13 254896417 1
3.2e-09 1.70312 2.29688 0 211281574 1 211157674 0
3.2e-09 2.35938 2.95312 0 219578787 0 219747756 0
3.2e-09 1.73438 2.32812 0 201476659 3 201397104 1
3.2e-09 1.82812 2.42188 0 229009547 3 228949974 56
3.2e-09 2.20312 2.79688 0 212652783 5 212771207 12
3.2e-09 1.73438 2.3125 0 205263125 12 205347937 0
3.2e-09 2.78125 3.375 0 253271882 7 253229807 0
3.2e-09 2.64062 3.04688 0 244182487 0 244047795 5
3.2e-09 2.34375 2.9375 0 223587488 21 223318523 1
3.2e-09 2.0625 2.46875 0 207840250 4 207939272 0
3.2e-09 1.8125 2.40625 0 235049436 0 235057140 2
3.2e-09 1.8125 2.40625 0 236837361 6 236713048 8
3.2e-09 2.67188 3.26562 0 229280848 1 229103930 5
3.2e-09 2.09375 2.51562 0 260144498 4 260091307 2
3.2e-09 2.70312 3.29688 0 216529897 14 216767017 0
3.2e-09 2.59375 3.01562 0 259379476 8 259571894 5
3.2e-09 1.71875 2.3125 0 207384943 0 207296162 2
3.2e-09 1.79688 2.39062 0 241472141 2 241453309 3
3.2e-09 2.625 3.03125 0 250723483 9 250785558 2
3.2e-09 2.26562 2.85938 0 254908344 0 255005181 3
3.2e-09 2.59375 3.01562 0 261787136 1 261908031 27
3.2e-09 1.70312 2.29688 0 211871856 4 211721264 7
3.2e-09 1.875 2.46875 0 210460424 2 210447381 0
3.2e-09 2.3125 2.90625 0 235529965 0 235638235 4
3.2e-09 2.21875 2.8125 0 207193583 1 207209809 9
3.2e-09 2.125 2.54688 0 246316915 8 246268659 0
3.2e-09 1.78125 2.375 0 246658762 1 246783776 2
3.2e-09 2.78125 3.35938 0 255160626 0 255037871 1
3.2e-09 2.29688 2.89062 0 244490755 0 244413804 7
3.2e-09 2.3125 2.89062 0 240305409 3 240324848 1
3.2e-09 1.875 2.46875 0 210410946 2 210413835 7
3.2e-09 2.75 3.34375 0 264054997 15 263829028 5
3.2e-09 2.17188 2.76562 0 224558780 2 224478981 1
3.2e-09 2.76562 3.35938 0 259743937 0 259818306 0
3.2e-09 2.14062 2.5625 0 241301821 2 241149101 13
3.2e-09 2.32812 2.92188 0 228965462 0 228980855 1
3.2e-09 1.79688 2.39062 0 243065522 2 243062505 2
3.2e-09 2.28125 2.875 0 252193304 3 252079339 18
3.2e-09 2.70312 3.28125 0 217610356 0 217858506 3
3.2e-09 1.8125 2.40625 0 236411630 2 236409376 0
3.2e-09 2.23438 2.82812 0 203050853 2 203233432 10
3.2e-09 2.71875 3.29688 0 213250426 1 213159068 4
3.2e-09 1.85938 2.45312 0 216482567 18 216539662 0
3.2e-09 2.26562 2.85938 0 258295717 12 258270434 11
3.2e-09 1.82812 2.40625 0 231439658 2 231412024 15
3.2e-09 1.6875 2.28125 0 219699315 6 219676600 13
3.2e-09 2.21875 2.8125 0 208608675 4 208443487 4
3.2e-09 2.09375 2.51562 0 256200577 0 256121311 0
3.2e-09 1.84375 2.42188 0 226138415 6 226213899 5
3.2e-09 2.6875 3.28125 0 223315902 15 223211165 36
3.2e-09 1.71875 2.3125 0 207504286 2 207433650 9
3.2e-09 2.26562 2.85938 0 258346324 5 258363287 0
3.2e-09 2.34375 2.9375 0 224519823 2 224527346 0
3.2e-09 2.20312 2.79688 0 214289588 5 214370001 1
3.2e-09 1.85938 2.45312 0 216223138 5 216221424 3
3.2e-09 1.76562 2.35938 0 252752434 3 252763227 17
3.2e-09 1.84375 2.42188 0 226583627 2 226582157 1
3.2e-09 2.26562 2.85938 0 257345146 3 257572001 2
3.2e-09 1.76562 2.35938 0 255643343 7 255605849 5
3.2e-09 2.34375 2.9375 0 225086511 33 225123694 0
3.2e-09 1.8125 2.39062 0 238301811 1 238355480 0
3.2e-09 2.10938 2.53125 0 249938343 5 249960596 0
3.2e-09 1.76562 2.35938 0 253575563 8 253671781 2
3.2e-09 1.79688 2.39062 0 241983133 3 241901678 10
3.2e-09 2.71875 3.3125 0 208583712 1 208835351 1
3.2e-09 2.76562 3.35938 0 259470187 9 259251184 2
3.2e-09 1.85938 2.45312 0 217855283 2 217976565 7
3.2e-09 1.79688 2.39062 0 240986164 0 241188373 11
3.2e-09 2.57812 3 0 199540866 3 199531474 39
3.2e-09 2.375 2.96875 0 214193057 4 214083051 8
3.2e-09 2.73438 3.3125 0 207570395 15 207561064 1
3.2e-09 1.6875 2.28125 0 219042692 14 219106845 29
3.2e-09 1.73438 2.32812 0 202032066 10 202039221 7
3.2e-09 1.73438 2.32812 0 200129841 7 200478933 3
3.2e-09 2.35938 2.95312 0 220359472 1 220322262 0
3.2e-09 1.82812 2.42188 0 230724971 7 230852850 2
3.2e-09 1.78125 2.375 0 248068901 13 248101701 16
3.2e-09 2.67188 3.26562 0 226773249 29 226913194 0
3.2e-09 1.75 2.34375 0 263078761 2 263337877 4
3.2e-09 1.79688 2.39062 0 239853468 8 239686522 0
3.2e-09 1.6875 2.26562 0 222097462 3 221987334 0
3.2e-09 1.76562 2.35938 0 254870193 20 254754923 0
3.2e-09 2.17188 2.75 0 229286840 0 229335748 10
3.2e-09 1.82812 2.40625 0 231378482 7 231418235 0
3.2e-09 1.875 2.46875 0 210844595 15 210897923 9
3.2e-09 1.85938 2.4375 0 219065086 2 219179012 17
3.2e-09 1.73438 2.32812 0 203382865 0 203443422 0
3.2e-09 2.14062 2.5625 0 240519512 0 240590848 1
3.2e-09 1.73438 2.32812 0 200434562 0 200350321 2
3.2e-09 2.28125 2.875 0 247902139 6 248005283 1
3.2e-09 1.73438 2.32812 0 201322727 1 201145459 0
3.2e-09 2.09375 2.51562 0 261372301 1 261516529 41
3.2e-09 2.09375 2.51562 0 258142440 16 258142202 5
3.2e-09 2.23438 2.82812 0 203808446 13 203572550 2
3.2e-09 1.8125 2.40625 0 235018752 16 234881824 0
3.2e-09 1.85938 2.45312 0 219028455 3 218950224 7
3.2e-09 2.26562 2.85938 0 256136620 59 256080139 0
3.2e-09 2.3125 2.90625 0 238617314 1 238467339 4
3.2e-09 2.6875 3.26562 0 223838782 0 223749407 0
3.2e-09 1.71875 2.3125 0 207578721 3 207690305 0
3.2e-09 2.35938 2.9375 0 222164118 0 222059046 0
3.2e-09 2.17188 2.76562 0 227719485 0 227663661 11
3.2e-09 2.375 2.95312 0 214778122 12 214915368 0
3.2e-09 1.6875 2.26562 0 222133122 0 222247788 2
3.2e-09 1.73438 2.32812 0 202311176 2 202248892 1
3.2e-09 1.76562 2.35938 0 253488477 0 253640279 25
3.2e-09 1.76562 2.35938 0 256907469 21 256814458 1
3.2e-09 1.71875 2.3125 0 206614246 10 206458150 15
3.2e-09 2.07812 2.48438 0 202541514 1 202349024 0
3.2e-09 1.70312 2.29688 0 213205188 8 213319493 10
3.2e-09 1.73438 2.32812 0 202603453 1 202694512 1
3.2e-09 2.29688 2.89062 0 243238571 3 243120578 0
3.2e-09 2.78125 3.35938 0 254136395 4 254429643 12
3.2e-09 1.75 2.34375 0 260150795 0 260014552 21
3.2e-09 2.375 2.96875 0 213025851 8 213116992 1
3.2e-09 1.8125 2.39062 0 238168716 19 238334977 4
3.2e-09 2.78125 3.35938 0 254966956 15 255171718 1
3.2e-09 2.125 2.54688 0 244413289 0 244523476 0
3.2e-09 1.71875 2.3125 0 207719481 1 207610757 3
3.2e-09 2.20312 2.79688 0 215006333 3 214912169 0
3.2e-09 2.23438 2.82812 0 203487287 0 203438770 11
3.2e-09 1.71875 2.29688 0 210830099 8 210935219 7
3.2e-09 2.23438 2.8125 0 206525119 3 206756013 70
3.2e-09 2.39062 2.96875 0 210716218 33 210616052 28
3.2e-09 2.39062 2.96875 0 209447192 6 209671297 7
3.2e-09 2.76562 3.35938 0 256833094 27 256649376 1
3.2e-09 1.75 2.34375 0 261775835 18 261891018 0
3.2e-09 2.125 2.54688 0 244547550 0 244517356 0
3.2e-09 2.625 3.04688 0 246745645 3 246641201 1
3.2e-09 1.84375 2.42188 0 226220380 5 226087525 0
3.2e-09 1.73438 2.32812 0 200149320 3 200093705 4
3.2e-09 1.82812 2.42188 0 230977915 2 231018886 4
3.2e-09 2.375 2.95312 0 216685477 1 216763486 11
3.2e-09 2.07812 2.5 0 263353544 1 263071775 16
3.2e-09 1.76562 2.34375 0 257348629 1 257200747 78
3.2e-09 2.35938 2.95312 0 219757404 5 219710445 4
3.2e-09 2.3125 2.90625 0 238296945 12 238205046 2
3.2e-09 2.09375 2.51562 0 258578333 1 258386139 1
3.2e-09 2.65625 3.07812 0 233464127 4 233530458 8
3.2e-09 2.375 2.95312 0 215771430 0 215858117 3
3.2e-09 2.15625 2.75 0 230424843 48 230429915 8
3.2e-09 2.20312 2.78125 0 218193110 0 217965577 1
3.2e-09 1.84375 2.4375 0 223032057 27 223014590 21
3.2e-09 2.10938 2.53125 0 253372855 0 253167861 3
3.2e-09 1.78125 2.375 0 248193868 1 248317429 0
3.2e-09 2.35938 2.95312 0 217054500 16 217039259 0
3.2e-09 2.125 2.54688 0 247201968 15 247026511 0
3.2e-09 1.8125 2.40625 0 233535517 4 233511959 0
3.2e-09 1.6875 2.28125 0 217765343 40 217585005 0
3.2e-09 2.59375 3.01562 0 260459221 25 260305980 2
3.2e-09 2.32812 2.92188 0 229630875 4 229445689 0
3.2e-09 1.79688 2.39062 0 242381438 4 242425340 25
3.2e-09 2.1875 2.78125 0 219179564 27 219334434 5
3.2e-09 1.79688 2.375 0 245070201 1 245336633 2
3.2e-09 2.09375 2.51562 0 257416884 29 257494912 3
3.2e-09 2.34375 2.9375 0 223628759 12 223732728 3
3.2e-09 2.67188 3.26562 0 229371254 18 228996191 6
3.2e-09 1.6875 2.28125 0 218868579 0 218823765 1
3.2e-09 2.21875 2.79688 0 210684041 14 210823672 4
3.2e-09 1.85938 2.45312 0 218839847 4 218711839 3
3.2e-09 2.10938 2.53125 0 252380860 3 252397927 0
3.2e-09 2.57812 3 0 200069754 0 200087443 8
3.2e-09 2.23438 2.82812 0 202336134 2 202251326 10
3.2e-09 1.85938 2.45312 0 216662453 2 216661998 2
3.2e-09 2.6875 3.28125 0 221416975 0 221678014 2
3.2e-09 2.75 3.34375 0 198830326 1 198814271 5
3.2e-09 2.26562 2.85938 0 256320941 6 256277712 0
3.2e-09 2.23438 2.82812 0 202765180 3 202444714 8
3.2e-09 2.23438 2.82812 0 203958558 33 203868241 12
3.2e-09 2.125 2.54688 0 248379881 12 248463115 1
3.2e-09 1.78125 2.375 0 248132331 0 248239493 2
3.2e-09 2.09375 2.51562 0 259095136 1 259206536 15
3.2e-09 2.6875 3.28125 0 223196457 3 223371778 0
3.2e-09 2.1875 2.78125 0 220849902 3 221128114 5
3.2e-09 2.39062 2.96875 0 210128503 4 210128115 6
3.2e-09 2.125 2.54688 0 246383207 10 246428683 2
3.2e-09 2.35938 2.95312 0 218310394 4 218296121 8
3.2e-09 1.84375 2.4375 0 223189275 1 223130945 2
3.2e-09 1.70312 2.28125 0 214721159 11 214758096 4
3.2e-09 2.21875 2.8125 0 209077982 9 209152561 0
3.2e-09 2.10938 2.53125 0 252893992 1 252973080 1
3.2e-09 2.17188 2.76562 0 226431626 1 226260652 5
3.2e-09 1.85938 2.45312 0 217239087 27 217212775 1
3.2e-09 1.82812 2.42188 0 227968019 4 228108792 17
3.2e-09 1.8125 2.40625 0 235281185 4 235163011 1
3.2e-09 2.39062 2.98438 0 207361650 0 207553798 4
3.2e-09 1.79688 2.39062 0 241275536 6 241505919 5
3.2e-09 2.1875 2.76562 0 223714624 5 223687643 10
3.2e-09 2.09375 2.51562 0 259533637 2 259524115 2
3.2e-09 2.71875 3.3125 0 210337367 12 210458256 2
3.2e-09 2.10938 2.53125 0 250148129 12 250385392 3
3.2e-09 1.84375 2.4375 0 222749458 9 222641348 4
3.2e-09 2.23438 2.82812 0 203084275 1 203284092 3
3.2e-09 1.70312 2.28125 0 215443184 7 215282552 4
3.2e-09 2.625 3.04688 0 245760825 0 245923629 5
3.2e-09 2.75 3.34375 0 199526766 10 199388662 24
3.2e-09 2.59375 3.01562 0 262764772 8 262588434 10
3.2e-09 2.78125 3.375 0 253257270 2 252944226 0
3.2e-09 2.10938 2.53125 0 253144002 4 253332573 29
3.2e-09 2.20312 2.79688 0 214863973 0 214802111 11
3.2e-09 1.875 2.46875 0 211897672 7 212037890 1
3.2e-09 2.70312 3.29688 0 215145137 6 214670245 0
3.2e-09 1.75 2.32812 0 199703911 7 199500038 2
3.2e-09 2.76562 3.34375 0 263147436 9 263134291 33
3.2e-09 1.79688 2.39062 0 240184299 3 240320733 4
3.2e-09 1.8125 2.39062 0 237866418 5 237902777 3
3.2e-09 2.35938 2.95312 0 217379367 2 217439370 4
3.2e-09 2.1875 2.78125 0 221881809 7 221856937 0
3.2e-09 1.78125 2.375 0 250325876 9 250138025 2
3.2e-09 2.67188 3.26562 0 228386689 1 228540643 1
3.2e-09 2.09375 2.51562 0 256923099 3 256778420 22
3.2e-09 2.20312 2.79688 0 214276724 0 214224940 2
3.2e-09 1.82812 2.40625 0 232841248 21 232763148 11
3.2e-09 2.39062 2.98438 0 208901031 21 209051734 8
3.2e-09 1.84375 2.4375 0 222313405 0 222326769 8
3.2e-09 2.0625 2.48438 0 204722361 3 204576846 1
3.2e-09 2.21875 2.8125 0 209714879 21 209825583 26
3.2e-09 2.78125 3.35938 0 256214596 16 256086422 3
3.2e-09 1.79688 2.39062 0 241291018 0 241310552 11
3.2e-09 2.21875 2.8125 0 209636961 0 209434126 1
3.2e-09 1.75 2.32812 0 264338689 2 264181167 22
3.2e-09 2.79688 3.39062 0 245233070 15 244962039 6
3.2e-09 2.26562 2.84375 0 260837651 3 260806602 8
3.2e-09 2.15625 2.73438 0 235023215 3 234957800 2
3.2e-09 1.82812 2.42188 0 230538574 4 230750828 31
3.2e-09 2.3125 2.89062 0 240765777 7 240602083 4
3.2e-09 2.75 3.34375 0 264165755 1 263974689 0
3.2e-09 2.57812 3 0 202657738 1 202689309 0
3.2e-09 2.15625 2.75 0 233114744 10 233251071 21
3.2e-09 1.73438 2.32812 0 201260706 0 201322920 5
3.2e-09 1.79688 2.39062 0 240568694 0 240489739 15
3.2e-09 2.09375 2.51562 0 256539197 6 256213173 3
3.2e-09 2.34375 2.9375 0 224416022 9 224466217 9
3.2e-09 1.75 2.34375 0 263132047 4 262988366 0
3.2e-09 1.71875 2.29688 0 209111526 39 209201959 0
3.2e-09 1.79688 2.375 0 245279826 3 245315929 0
3.2e-09 2.59375 3 0 198366621 1 198455544 0
3.2e-09 1.76562 2.34375 0 258432137 15 258490598 3
3.2e-09 2.0625 2.46875 0 208088230 3 208151306 3
3.2e-09 1.75 2.32812 0 200021644 0 199877105 2
3.2e-09 2.75 3.32812 0 202643034 2 202620150 7
3.2e-09 1.82812 2.42188 0 229435991 4 229485687 0
3.2e-09 2.09375 2.51562 0 260152162 7 260183855 4
3.2e-09 2.76562 3.34375 0 261280269 15 261703654 5
3.2e-09 2.09375 2.51562 0 256328549 1 256550930 8
3.2e-09 2.28125 2.875 0 250481140 10 250450714 22
3.2e-09 2.28125 2.85938 0 253330571 1 253286935 17
3.2e-09 2.57812 3 0 203374615 0 203187095 2
3.2e-09 2.375 2.95312 0 216338056 0 216271310 4
3.2e-09 2.20312 2.78125 0 217201234 1 217313553 2
3.2e-09 2.78125 3.375 0 249751132 0 249574279 0
3.2e-09 2.35938 2.95312 0 217422251 2 217591233 0
3.2e-09 2.15625 2.73438 0 234318341 12 234350718 13
3.2e-09 1.71875 2.3125 0 206964688 6 206959007 17
3.2e-09 1.85938 2.4375 0 219217157 14 219150616 18
3.2e-09 2.57812 3 0 199219600 0 198966741 2
3.2e-09 1.78125 2.375 0 249043625 6 249120470 0
3.2e-09 1.85938 2.45312 0 218567789 0 218538748 12
3.2e-09 1.6875 2.28125 0 216825978 2 216738532 5
3.2e-09 1.82812 2.40625 0 231515218 5 231296426 0
3.2e-09 2.3125 2.90625 0 238677399 2 238849639 1
3.2e-09 2.26562 2.84375 0 260902557 10 260861071 6
3.2e-09 1.76562 2.35938 0 253444485 6 253374695 0
3.2e-09 1.79688 2.375 0 244563893 2 244784788 1
3.2e-09 1.84375 2.42188 0 227035330 1 226944545 5
3.2e-09 1.75 2.34375 0 261691149 19 261801619 6
3.2e-09 2.17188 2.75 0 230138357 2 230137066 1
3.2e-09 2.40625 2.98438 0 204614195 4 204425299 0
3.2e-09 1.6875 2.26562 0 220993804 1 221069480 1
3.2e-09 2.23438 2.8125 0 206266877 0 206400570 1
3.2e-09 1.82812 2.40625 0 232795845 1 232781170 4
3.2e-09 2.75 3.34375 0 198965474 2 198944539 0
3.2e-09 2.29688 2.89062 0 243040293 6 243001905 32
3.2e-09 1.875 2.45312 0 213805096 6 213728905 1
3.2e-09 1.73438 2.32812 0 200030782 1 200125960 0
3.2e-09 1.82812 2.40625 0 231874114 12 231997383 2
3.2e-09 2.3125 2.90625 0 234904963 10 234965407 2
3.2e-09 2.09375 2.51562 0 260650987 7 260676801 11
3.2e-09 2.64062 3.0625 0 241280415 0 241570298 1
3.2e-09 2.3125 2.89062 0 239437777 4 239459203 5
3.2e-09 2.6875 3.26562 0 223911564 0 223960845 1
3.2e-09 2.625 3.04688 0 247661977 0 247884629 4
3.2e-09 1.71875 2.3125 0 206935019 2 206867491 0
3.2e-09 1.6875 2.26562 0 220749517 2 220862115 0
3.2e-09 1.70312 2.28125 0 215365323 4 215273530 0
3.2e-09 1.6875 2.26562 0 222452665 0 222299940 2
3.2e-09 1.6875 2.28125 0 218289869 9 218375940 8
3.2e-09 2.17188 2.76562 0 225902425 15 225713607 0
3.2e-09 2.07812 2.5 0 201554152 9 201608593 1
3.2e-09 2.23438 2.82812 0 201460374 20 201475513 0
3.2e-09 2.32812 2.90625 0 234837281 2 234815647 10
3.2e-09 1.78125 2.375 0 247078710 4 247156665 9
3.2e-09 2.07812 2.5 0 200779992 15 200832855 2
3.2e-09 2.76562 3.34375 0 263097634 11 263222311 5
3.2e-09 2.6875 3.26562 0 225673182 0 225530939 14
3.2e-09 2.0625 2.48438 0 204229934 48 204101820 6
3.2e-09 2.20312 2.79688 0 213935519 1 213962291 17
3.2e-09 2.28125 2.85938 0 254070966 31 254184827 6
3.2e-09 2.57812 3 0 200512853 9 200265298 13
3.2e-09 1.85938 2.4375 0 219937480 6 219787396 0
3.2e-09 1.84375 2.4375 0 224931685 3 224873016 4
3.2e-09 2.29688 2.89062 0 241402007 3 241199703 5
3.2e-09 2.07812 2.5 0 264193485 3 263970103 1
3.2e-09 1.85938 2.45312 0 218276970 36 218396252 4
3.2e-09 2.28125 2.85938 0 253602038 0 253575825 5
3.2e-09 2.29688 2.89062 0 245381627 4 245253027 6
3.2e-09 1.75 2.34375 0 260838055 6 260529699 1
3.2e-09 1.84375 2.42188 0 227049632 14 226984829 13
3.2e-09 2.21875 2.8125 0 207588594 2 207720125 18
3.2e-09 1.84375 2.4375 0 223558477 1 223395315 7
3.2e-09 2.39062 2.98438 0 206689480 6 206330555 2
3.2e-09 1.78125 2.375 0 246955809 1 246842684 2
3.2e-09 2.29688 2.89062 0 243178542 17 242969066 4
3.2e-09 1.73438 2.32812 0 201247662 9 201403548 4
3.2e-09 2.1875 2.76562 0 223007202 0 223196052 1
3.2e-09 2.14062 2.5625 0 240378551 3 240526905 30
3.2e-09 2.10938 2.53125 0 253850596 15 253978371 18
3.2e-09 1.71875 2.3125 0 208509709 2 208488796 0
3.2e-09 1.70312 2.29688 0 212457283 4 212336168 4
3.2e-09 1.6875 2.26562 0 221281091 11 221427232 2
3.2e-09 2.57812 3 0 199131187 7 199317148 0
3.2e-09 2.09375 2.51562 0 260250649 8 260367637 10
3.2e-09 2.64062 3.0625 0 240526041 17 240708603 2
3.2e-09 2.0625 2.48438 0 204798608 1 204825561 1
3.2e-09 2.32812 2.90625 0 234081208 8 234378180 5
3.2e-09 1.6875 2.26562 0 221488798 3 221369550 5
3.2e-09 2.20312 2.78125 0 217974282 0 217542031 0
3.2e-09 1.78125 2.375 0 249484962 4 249377920 3
3.2e-09 2.3125 2.89062 0 239267808 2 239347817 7
3.2e-09 2.125 2.54688 0 247284764 8 247181215 2
3.2e-09 2.125 2.54688 0 242895083 0 242880929 7
3.2e-09 2.59375 3 0 198383110 8 198627497 0
3.2e-09 2.64062 3.0625 0 239871016 1 239497702 2
3.2e-09 2.65625 3.0625 0 237816519 4 237866448 8
3.2e-09 2.1875 2.78125 0 219265485 1 219222931 3
3.2e-09 1.8125 2.40625 0 234381701 3 234349068 3
3.2e-09 2.20312 2.79688 0 216051699 25 216073492 1
3.2e-09 2.17188 2.75 0 230093044 0 229994970 0
3.2e-09 2.29688 2.89062 0 244427862 2 244631666 0
3.2e-09 2.14062 2.5625 0 239982239 4 239984289 5
3.2e-09 2.1875 2.78125 0 221146906 15 221225423 14
3.2e-09 2.60938 3.03125 0 252071784 11 251766217 0
3.2e-09 1.75 2.34375 0 260615309 1 260609347 4
3.2e-09 2.32812 2.92188 0 230525653 36 230712462 15
3.2e-09 1.8125 2.40625 0 236033947 1 235865427 11
3.2e-09 1.73438 2.32812 0 202180961 1 202144879 3
3.2e-09 2.59375 3.01562 0 260074352 0 259960735 0
3.2e-09 2.28125 2.875 0 249284712 0 249508271 1
3.2e-09 2.125 2.54688 0 247468052 1 247393090 21
3.2e-09 1.73438 2.3125 0 205065806 4 204978028 0
3.2e-09 2.09375 2.51562 0 257315669 1 257420640 0
3.2e-09 2.10938 2.53125 0 249890741 7 249835055 36
3.2e-09 1.73438 2.32812 0 202743056 3 202665802 2
3.2e-09 2.34375 2.9375 0 223840689 0 223658477 20
3.2e-09 2.39062 2.98438 0 206201825 0 206244554 0
3.2e-09 2.1875 2.78125 0 221227735 3 221009450 3
3.2e-09 1.78125 2.35938 0 251706252 1 251811402 1
3.2e-09 2.67188 3.26562 0 229282292 5 229229252 2
3.2e-09 2.1875 2.78125 0 219578961 1 219669574 15
3.2e-09 2.0625 2.48438 0 205967313 7 205851709 1
3.2e-09 1.82812 2.42188 0 227673375 31 227688729 7
3.2e-09 2.14062 2.5625 0 237065402 14 237025227 0
3.2e-09 1.6875 2.28125 0 218901153 10 219041082 3
3.2e-09 1.71875 2.3125 0 208370082 4 208409282 4
3.2e-09 1.6875 2.26562 0 221229858 1 221323684 1
3.2e-09 2.07812 2.5 0 198290228 5 198568934 2
3.2e-09 1.8125 2.40625 0 233318099 9 233461114 3
3.2e-09 2.67188 3.25 0 230375870 19 230274660 8
3.2e-09 1.85938 2.4375 0 219347149 6 219319222 3
3.2e-09 2.59375 3.01562 0 260643795 1 260856439 5
3.2e-09 2.1875 2.78125 0 218754858 5 218600752 0
3.2e-09 2.20312 2.79688 0 212599722 7 212417650 2
3.2e-09 1.79688 2.39062 0 241841023 3 242047012 3
3.2e-09 2.57812 3 0 202917559 11 202640874 3
3.2e-09 2.75 3.32812 0 201310481 2 201333420 7
3.2e-09 2.79688 3.39062 0 242919106 0 242844273 2
3.2e-09 2.125 2.54688 0 248310092 4 248211670 0
3.2e-09 1.6875 2.28125 0 217876476 14 218140628 2
3.2e-09 2.3125 2.90625 0 235246232 0 235447129 16
3.2e-09 1.73438 2.32812 0 200882344 1 200890971 3
3.2e-09 2.35938 2.9375 0 221648244 1 221964284 1
3.2e-09 2.6875 3.26562 0 224398232 1 224373325 1
3.2e-09 1.6875 2.28125 0 217502509 18 217538376 8
3.2e-09 1.75 2.34375 0 261681018 7 261280226 3
3.2e-09 2.82812 3.40625 0 235186422 0 235411536 3
3.2e-09 2.15625 2.75 0 233348217 20 233428077 14
3.2e-09 1.84375 2.4375 0 221747011 10 221635362 9
3.2e-09 2.6875 3.28125 0 221765083 35 221700938 2
3.2e-09 1.75 2.32812 0 199900361 5 199895439 1
3.2e-09 2.07812 2.5 0 200259109 0 200172294 0
3.2e-09 2.14062 2.5625 0 237517757 0 237633530 28
3.2e-09 2.35938 2.95312 0 216821517 1 216793069 1
3.2e-09 1.79688 2.39062 0 240505094 4 240469934 13
3.2e-09 1.75 2.32812 0 199735580 13 199744710 3
3.2e-09 2.23438 2.82812 0 202429553 0 202167576 8
3.2e-09 1.89062 2.46875 0 208486473 0 208493182 19
3.2e-09 2.14062 2.5625 0 239780416 1 239556422 0
3.2e-09 2.59375 3.01562 0 262404029 11 262456126 4
3.2e-09 2.09375 2.51562 0 262465655 11 262355321 5
3.2e-09 2.34375 2.9375 0 223429084 1 223491078 10
3.2e-09 1.8125 2.40625 0 236731518 10 236583746 1
3.2e-09 2.59375 3.01562 0 261499490 5 260936873 26
3.2e-09 2.34375 2.9375 0 224645308 10 224856099 1
3.2e-09 2.375 2.95312 0 216704691 0 216645995 0
3.2e-09 2.1875 2.78125 0 220973211 0 220922918 1
3.2e-09 2.1875 2.76562 0 223975630 2 223854754 4
3.2e-09 2.64062 3.0625 0 241428236 6 241285969 1
3.2e-09 1.8125 2.39062 0 237354866 3 237438520 7
3.2e-09 1.76562 2.34375 0 259409883 0 259491849 4
3.2e-09 1.82812 2.42188 0 227045345 5 227165335 1
3.2e-09 2.07812 2.5 0 200179418 12 200252977 1
3.2e-09 1.8125 2.40625 0 236429414 5 236539282 6
3.2e-09 1.75 2.34375 0 260400266 3 260821172 2
3.2e-09 2.3125 2.90625 0 238728878 33 239000485 58
3.2e-09 2.35938 2.95312 0 216978988 0 216924173 15
3.2e-09 2.17188 2.76562 0 225149207 12 225306540 0
3.2e-09 1.78125 2.35938 0 251981972 9 252064165 6
3.2e-09 2.59375 3.01562 0 260124706 0 260433574 0
3.2e-09 2.09375 2.51562 0 261505487 10 261707458 5
3.2e-09 2.67188 3.26562 0 226298866 2 226243225 2
3.2e-09 1.79688 2.39062 0 240256208 6 240167946 0
3.2e-09 2.09375 2.51562 0 260912633 0 261065218 2
3.2e-09 2.09375 2.51562 0 259210506 9 259380167 0
3.2e-09 2.78125 3.375 0 250018225 40 249987447 16
3.2e-09 1.71875 2.3125 0 206305983 0 206453464 10
3.2e-09 1.875 2.45312 0 213856834 15 213852554 3
3.2e-09 1.76562 2.35938 0 252595089 5 252860132 0
3.2e-09 1.875 2.46875 0 211950154 2 211985511 0
3.2e-09 1.6875 2.28125 0 218198418 22 218395237 7
3.2e-09 2.40625 2.98438 0 204623077 5 204653365 4
3.2e-09 1.71875 2.29688 0 209811898 0 209657952 7
3.2e-09 2.375 2.96875 0 214028627 8 213724490 2
3.2e-09 2.0625 2.48438 0 205692253 0 205661546 0
3.2e-09 1.79688 2.39062 0 243659560 1 243715798 3
3.2e-09 1.78125 2.35938 0 250538403 1 250541146 2
3.2e-09 1.78125 2.35938 0 250531231 11 250583248 5
3.2e-09 2.65625 3.0625 0 237613760 4 237786736 1
3.2e-09 2.32812 2.92188 0 231899761 0 232037238 8
3.2e-09 2.59375 3.01562 0 260692109 10 260999469 10
3.2e-09 1.76562 2.35938 0 256420531 0 256170767 0
3.2e-09 2.20312 2.78125 0 217423481 4 217501271 1
3.2e-09 1.84375 2.42188 0 226699111 0 226921251 10
3.2e-09 1.67188 2.26562 0 222992762 27 223009167 1
3.2e-09 1.73438 2.3125 0 204285833 1 204338404 0
3.2e-09 1.85938 2.45312 0 216188887 13 216492622 17
3.2e-09 2.09375 2.51562 0 261481612 1 261479659 7
3.2e-09 2.60938 3.03125 0 252307196 3 252722433 6
3.2e-09 2.75 3.34375 0 199586443 2 199388510 1
3.2e-09 2.60938 3.03125 0 251610524 5 251324425 3
3.2e-09 1.85938 2.45312 0 216065331 0 216190879 2
3.2e-09 2.375 2.96875 0 212920040 1 212979171 0
3.2e-09 1.79688 2.39062 0 240022147 15 239964112 0
3.2e-09 2.0625 2.48438 0 207127393 4 207065424 8
3.2e-09 1.89062 2.46875 0 208883696 3 208785170 3
3.2e-09 2.21875 2.8125 0 209632306 0 209711842 0
3.2e-09 1.70312 2.29688 0 212482220 5 212307364 0
3.2e-09 2.29688 2.89062 0 244188984 0 244121539 1
3.2e-09 2.71875 3.3125 0 208622080 2 208562994 5
3.2e-09 1.73438 2.3125 0 203847980 2 203893395 0
3.2e-09 1.73438 2.32812 0 202411744 1 202556602 10
3.2e-09 1.78125 2.35938 0 252055989 6 252173226 3
3.2e-09 2.25 2.82812 0 201016254 3 201110091 1
3.2e-09 2.60938 3.03125 0 256114315 9 255774050 0
3.2e-09 2.09375 2.51562 0 260355839 8 260319661 0
3.2e-09 2.70312 3.29688 0 216471195 1 216663259 41
3.2e-09 2.59375 3.01562 0 261867305 0 261896028 2
3.2e-09 2.1875 2.76562 0 222987458 0 222961041 6
3.2e-09 1.6875 2.26562 0 220627067 6 220655533 6
3.2e-09 1.78125 2.375 0 248354477 0 248244216 2
3.2e-09 1.71875 2.29688 0 209374113 14 209121106 0
3.2e-09 1.73438 2.32812 0 202732286 3 202736753 10
3.2e-09 1.6875 2.28125 0 218008168 2 218057753 5
3.2e-09 1.82812 2.40625 0 231303618 1 231347849 1
3.2e-09 2.3125 2.90625 0 237765746 1 237953600 1
3.2e-09 1.82812 2.42188 0 227787564 2 227606550 0
3.2e-09 2.1875 2.76562 0 222344331 4 222275272 3
3.2e-09 1.73438 2.32812 0 202359450 0 202173935 5
3.2e-09 2.375 2.96875 0 214158432 2 214054542 10
3.2e-09 2.14062 2.5625 0 242106589 8 242254158 0
3.2e-09 1.84375 2.4375 0 223500441 30 223574514 9
3.2e-09 2.8125 3.39062 0 242492520 10 242777267 1
3.2e-09 2.29688 2.875 0 246172125 7 246240587 0
3.2e-09 1.70312 2.29688 0 213834382 0 213932193 3
3.2e-09 2.60938 3.01562 0 257855075 2 257649771 2
3.2e-09 1.76562 2.35938 0 256365356 19 256395911 0
3.2e-09 1.84375 2.42188 0 226532485 2 226499785 16
3.2e-09 2.625 3.04688 0 246066989 1 246187196 0
3.2e-09 2.35938 2.95312 0 218264641 0 218288437 1
3.2e-09 2.60938 3.03125 0 252988097 7 253075747 88
3.2e-09 2.29688 2.89062 0 243375883 30 243381067 9
3.2e-09 1.875 2.45312 0 213277348 2 213356201 4
3.2e-09 2.10938 2.53125 0 253294353 1 253409505 4
3.2e-09 2.21875 2.8125 0 207622550 1 207673022 3
3.2e-09 2.76562 3.34375 0 261570099 5 261102422 5
3.2e-09 2.07812 2.5 0 202052333 14 202045506 7
3.2e-09 2.59375 3.01562 0 263639299 1 263666354 0
3.2e-09 2.32812 2.90625 0 233783169 12 233954494 0
3.2e-09 2.10938 2.53125 0 254229398 2 254502309 0
3.2e-09 2.375 2.95312 0 215756614 6 216025311 10
3.2e-09 1.78125 2.375 0 247588597 0 247689473 9
3.2e-09 2.75 3.32812 0 202472989 1 202772307 51
3.2e-09 2.29688 2.89062 0 245019380 0 245195502 3
3.2e-09 2.8125 3.40625 0 239203055 4 239301573 14
3.2e-09 2.65625 3.07812 0 232427895 12 232276053 3
3.2e-09 1.78125 2.35938 0 250958508 0 251043838 1
3.2e-09 2.1875 2.76562 0 223291204 4 223421428 0
3.2e-09 2.07812 2.5 0 201307953 0 201436336 0
3.2e-09 1.71875 2.3125 0 209080592 6 208919340 1
3.2e-09 2.10938 2.53125 0 250010601 53 249786534 2
3.2e-09 1.8125 2.40625 0 234501853 5 234729880 16
3.2e-09 2.25 2.84375 0 261459559 18 261786738 11
3.2e-09 2.60938 3.03125 0 256944562 10 257081593 7
3.2e-09 1.875 2.45312 0 213734106 0 213733604 0
3.2e-09 2.3125 2.90625 0 234976271 0 234876463 22
3.2e-09 2.60938 3.03125 0 251771370 14 251584483 5
3.2e-09 2.67188 3.26562 0 227208056 0 227180687 1
3.2e-09 2.76562 3.34375 0 261470321 0 261493835 1
3.2e-09 2.59375 3.01562 0 259692244 1 259867417 1
3.2e-09 1.79688 2.39062 0 239812701 3 239603897 32
3.2e-09 2.21875 2.8125 0 208798087 0 208711121 0
3.2e-09 2.64062 3.0625 0 239189271 16 238823909 4
3.2e-09 2.21875 2.8125 0 210381308 7 210246621 0
3.2e-09 2.34375 2.92188 0 228558443 2 228463306 3
3.2e-09 1.75 2.32812 0 198970723 6 199018935 5
3.2e-09 1.73438 2.32812 0 201857244 2 201591952 10
3.2e-09 2.15625 2.73438 0 234674436 0 234622481 0
3.2e-09 1.6875 2.28125 0 219901948 1 219746335 20
3.2e-09 2.57812 3 0 201547515 2 201413577 2
3.2e-09 1.73438 2.32812 0 202751431 6 202836558 1
3.2e-09 2.20312 2.79688 0 212591998 3 212598137 19
3.2e-09 1.73438 2.32812 0 200519722 5 200683165 1
3.2e-09 1.71875 2.3125 0 206254784 0 206095302 2
3.2e-09 2.1875 2.78125 0 219415348 11 219486817 4
3.2e-09 2.39062 2.96875 0 209130748 0 209394839 15
3.2e-09 2.17188 2.75 0 229688882 0 229640303 21
